Altitude [km], Dust number density [cm^-3]
5.000000000000000104e-03 4.163177477546762617e+01
2.000000000000000042e-02 4.173312107016339922e+01
5.000000000000000278e-02 4.176236415097993415e+01
1.000000000000000056e-01 4.169309959973426061e+01
2.000000000000000111e-01 4.148264038677952215e+01
4.000000000000000222e-01 4.099778336558156155e+01
8.000000000000000444e-01 3.994121843319128828e+01
1.500000000000000000e+00 3.789885107383171459e+01
2.500000000000000000e+00 3.362041632281605530e+01
3.500000000000000000e+00 3.100791395256618799e+01
4.500000000000000000e+00 2.877795124536001481e+01
6.000000000000000000e+00 2.585401222353934614e+01
8.000000000000000000e+00 2.290603235698373297e+01
1.000000000000000000e+01 1.826575479188354834e+01
1.200000000000000000e+01 1.342189800347564876e+01
1.400000000000000000e+01 1.367685158405979351e+01
1.600000000000000000e+01 1.656723830557671917e+01
1.800000000000000000e+01 1.709450141504701293e+01
2.100000000000000000e+01 1.150015193873268871e+01
2.400000000000000000e+01 5.244682685825607926e+00
2.700000000000000000e+01 3.275171420483643292e+00
3.100000000000000000e+01 1.825410983337497406e+00
3.600000000000000000e+01 8.661183354094378339e-01
4.100000000000000000e+01 2.802792158675608269e-01
4.700000000000000000e+01 3.036384457444294416e-01
5.500000000000000000e+01 3.122825713135405495e-02
6.500000000000000000e+01 1.939074142395287779e-07
7.500000000000000000e+01 6.484330561881924683e-07
