Altitude [km], Dust number density [cm^-3]
5.000000000000000104e-03 5.168656083271913104e+01
2.000000000000000042e-02 5.189049488472137028e+01
5.000000000000000278e-02 5.200437295035570884e+01
1.000000000000000056e-01 5.200783231468944479e+01
2.000000000000000111e-01 5.184399390497245008e+01
4.000000000000000222e-01 5.115327216940279698e+01
8.000000000000000444e-01 4.907198042574487573e+01
1.500000000000000000e+00 4.339748036941140441e+01
2.500000000000000000e+00 2.393090701382085683e+01
3.500000000000000000e+00 1.723447551333066130e+01
4.500000000000000000e+00 1.459298665592460864e+01
6.000000000000000000e+00 1.226942370367944335e+01
8.000000000000000000e+00 1.001399146919771965e+01
1.000000000000000000e+01 7.777903868103632767e+00
1.200000000000000000e+01 6.874036421780241213e+00
1.400000000000000000e+01 6.331475427899416530e+00
1.600000000000000000e+01 6.421564994990451858e+00
1.800000000000000000e+01 6.662706400705454612e+00
2.100000000000000000e+01 6.213481138949095595e+00
2.400000000000000000e+01 5.187657515114545426e+00
2.700000000000000000e+01 4.085119000218110585e+00
3.100000000000000000e+01 1.564895352426811437e+00
3.600000000000000000e+01 8.464483140228199476e-01
4.100000000000000000e+01 4.875046662003209019e-01
4.700000000000000000e+01 2.883689822077896703e-01
5.500000000000000000e+01 9.896921591952850816e-02
6.500000000000000000e+01 3.007470142101737950e-02
7.500000000000000000e+01 2.335114697401549817e-03
