Altitude [km], Dust number density [cm^-3]
5.000000000000000104e-03 8.006589467972865748e+01
2.000000000000000042e-02 8.038180198844023039e+01
5.000000000000000278e-02 8.055820662946324262e+01
1.000000000000000056e-01 8.056356541317687459e+01
2.000000000000000111e-01 8.030976890117155165e+01
4.000000000000000222e-01 7.923979533662920005e+01
8.000000000000000444e-01 7.601573703480434574e+01
1.500000000000000000e+00 6.722556186062438144e+01
2.500000000000000000e+00 3.707055469912488377e+01
3.500000000000000000e+00 2.669734025787959553e+01
4.500000000000000000e+00 2.260549964694716252e+01
6.000000000000000000e+00 1.900614725013586082e+01
8.000000000000000000e+00 1.551233383260694154e+01
1.000000000000000000e+01 1.204848652917962326e+01
1.200000000000000000e+01 1.064833618843665164e+01
1.400000000000000000e+01 9.807873393204747714e+00
1.600000000000000000e+01 9.947428079650185495e+00
1.800000000000000000e+01 1.032097203540661390e+01
2.100000000000000000e+01 9.625092450543817790e+00
2.400000000000000000e+01 8.036023940225721418e+00
2.700000000000000000e+01 6.328118999524749100e+00
3.100000000000000000e+01 2.424126203283516467e+00
3.600000000000000000e+01 1.311204314439190277e+00
4.100000000000000000e+01 7.551769092588267451e-01
4.700000000000000000e+01 4.467025893456952890e-01
5.500000000000000000e+01 1.533098486470031996e-01
6.500000000000000000e+01 4.658769780200106014e-02
7.500000000000000000e+01 3.617246812616051448e-03
