Altitude [km], Dust number density [cm^-3]
5.000000000000000104e-03 3.747174283829347985e+01
2.000000000000000042e-02 3.758788529726508187e+01
5.000000000000000278e-02 3.764077360983050369e+01
1.000000000000000056e-01 3.759362610782923753e+01
2.000000000000000111e-01 3.742049699998976564e+01
4.000000000000000222e-01 3.702797619153216857e+01
8.000000000000000444e-01 3.619751662660637237e+01
1.500000000000000000e+00 3.478857122132019697e+01
2.500000000000000000e+00 3.285992383846902243e+01
3.500000000000000000e+00 3.186658984329080013e+01
4.500000000000000000e+00 3.158171838575488266e+01
6.000000000000000000e+00 3.075982804927463476e+01
8.000000000000000000e+00 2.928158389907649095e+01
1.000000000000000000e+01 2.480049534599661243e+01
1.200000000000000000e+01 1.801617156170628320e+01
1.400000000000000000e+01 1.195684030590990510e+01
1.600000000000000000e+01 8.095120578223715668e+00
1.800000000000000000e+01 6.209478786092880398e+00
2.100000000000000000e+01 4.802324209001034738e+00
2.400000000000000000e+01 3.636033637761598492e+00
2.700000000000000000e+01 2.578867412337824572e+00
3.100000000000000000e+01 1.463951430116839925e+00
3.600000000000000000e+01 3.124806968897287929e-01
4.100000000000000000e+01 1.390467909961269621e-02
4.700000000000000000e+01 6.094658837696623199e-03
5.500000000000000000e+01 3.171121205854354991e-04
6.500000000000000000e+01 3.622425566314851096e-14
7.500000000000000000e+01 2.298770600801021481e-13
