Altitude [km], Dust number density [cm^-3]
5.000000000000000104e-03 5.591839212512591217e+01
2.000000000000000042e-02 5.607710397641768196e+01
5.000000000000000278e-02 5.612615692588130401e+01
1.000000000000000056e-01 5.603378580443814627e+01
2.000000000000000111e-01 5.574296742367655355e+01
4.000000000000000222e-01 5.507693623264862737e+01
8.000000000000000444e-01 5.365263895807487415e+01
1.500000000000000000e+00 5.098142917426787335e+01
2.500000000000000000e+00 4.699783081480742197e+01
3.500000000000000000e+00 3.835342281467858783e+01
4.500000000000000000e+00 3.577730224001206949e+01
6.000000000000000000e+00 3.407460372882057698e+01
8.000000000000000000e+00 2.761817467399473003e+01
1.000000000000000000e+01 2.142716445853748297e+01
1.200000000000000000e+01 1.664110287284444567e+01
1.400000000000000000e+01 1.310006707511805502e+01
1.600000000000000000e+01 1.011432815938506735e+01
1.800000000000000000e+01 7.308172552397343757e+00
2.100000000000000000e+01 3.766736395462483955e+00
2.400000000000000000e+01 1.952352294808308075e+00
2.700000000000000000e+01 1.170219870345710067e+00
3.100000000000000000e+01 4.347509409282220849e-01
3.600000000000000000e+01 4.454226600822995541e-02
4.100000000000000000e+01 2.467122878258216218e-02
4.700000000000000000e+01 1.168971433795394279e-05
5.500000000000000000e+01 1.105513567029840573e-13
6.500000000000000000e+01 3.494230787836599134e-11
7.500000000000000000e+01 6.297537153207833288e-12
