Altitude [km], Dust number density [cm^-3]
5.000000000000000104e-03 3.888697430435443891e+01
2.000000000000000042e-02 3.898163879509333896e+01
5.000000000000000278e-02 3.900895386725698444e+01
1.000000000000000056e-01 3.894425595709054022e+01
2.000000000000000111e-01 3.874767240881701014e+01
4.000000000000000222e-01 3.829478221553797823e+01
8.000000000000000444e-01 3.730787705479634297e+01
1.500000000000000000e+00 3.540016383690420554e+01
2.500000000000000000e+00 3.140380809365486314e+01
3.500000000000000000e+00 2.896354910662178739e+01
4.500000000000000000e+00 2.688060878129377684e+01
6.000000000000000000e+00 2.414944629249107777e+01
8.000000000000000000e+00 2.139582798198716773e+01
1.000000000000000000e+01 1.706148587401018801e+01
1.200000000000000000e+01 1.253698660678731791e+01
1.400000000000000000e+01 1.277513099026483978e+01
1.600000000000000000e+01 1.547495329607509085e+01
1.800000000000000000e+01 1.596745372633989568e+01
2.100000000000000000e+01 1.074194207067999685e+01
2.400000000000000000e+01 4.898898544156581991e+00
2.700000000000000000e+01 3.059237987272977133e+00
3.100000000000000000e+01 1.705060867252789381e+00
3.600000000000000000e+01 8.090147882295929405e-01
4.100000000000000000e+01 2.618002889444202008e-01
4.700000000000000000e+01 2.836194349426487959e-01
5.500000000000000000e+01 2.916936496669203516e-02
6.500000000000000000e+01 1.811230166291096127e-07
7.500000000000000000e+01 6.056815912864485521e-07
