Altitude [km], Dust number density [cm^-3]
5.000000000000000104e-03 4.089068499174507565e+01
2.000000000000000042e-02 4.101742435170676515e+01
5.000000000000000278e-02 4.107513822261451253e+01
1.000000000000000056e-01 4.102368895694247897e+01
2.000000000000000111e-01 4.083476345534208463e+01
4.000000000000000222e-01 4.040642883528960994e+01
8.000000000000000444e-01 3.950019768894805594e+01
1.500000000000000000e+00 3.796269934021239578e+01
2.500000000000000000e+00 3.585808112342296994e+01
3.500000000000000000e+00 3.477411479541659389e+01
4.500000000000000000e+00 3.446325151148798227e+01
6.000000000000000000e+00 3.356637145464609517e+01
8.000000000000000000e+00 3.195325150590247176e+01
1.000000000000000000e+01 2.706330600123672525e+01
1.200000000000000000e+01 1.965997683283945463e+01
1.400000000000000000e+01 1.304778890470814900e+01
1.600000000000000000e+01 8.833723773212522445e+00
1.800000000000000000e+01 6.776035000581013712e+00
2.100000000000000000e+01 5.240490876176060908e+00
2.400000000000000000e+01 3.967787320240628191e+00
2.700000000000000000e+01 2.814164674657688714e+00
3.100000000000000000e+01 1.597523153125071094e+00
3.600000000000000000e+01 3.409916052653179097e-01
4.100000000000000000e+01 1.517334956709096364e-02
4.700000000000000000e+01 6.650738817777322211e-03
5.500000000000000000e+01 3.460456025726145923e-04
6.500000000000000000e+01 3.952937640969626337e-14
7.500000000000000000e+01 2.508511678020470847e-13
