Altitude [km], Dust number density [cm^-3]
5.000000000000000104e-03 4.275218480135816179e+01
2.000000000000000042e-02 4.287352731745569656e+01
5.000000000000000278e-02 4.291103055531395682e+01
1.000000000000000056e-01 4.284040858096587812e+01
2.000000000000000111e-01 4.261806454199332705e+01
4.000000000000000222e-01 4.210885303786819378e+01
8.000000000000000444e-01 4.101991220855405373e+01
1.500000000000000000e+00 3.897764936836056648e+01
2.500000000000000000e+00 3.593200505053126648e+01
3.500000000000000000e+00 2.932295721716574377e+01
4.500000000000000000e+00 2.735339445448329343e+01
6.000000000000000000e+00 2.605160306447750784e+01
8.000000000000000000e+00 2.111536585130582466e+01
1.000000000000000000e+01 1.638205355852629808e+01
1.200000000000000000e+01 1.272288916545194759e+01
1.400000000000000000e+01 1.001560429799953589e+01
1.600000000000000000e+01 7.732869458120840811e+00
1.800000000000000000e+01 5.587434324312683387e+00
2.100000000000000000e+01 2.879843363816162238e+00
2.400000000000000000e+01 1.492663199582520583e+00
2.700000000000000000e+01 8.946869581531003979e-01
3.100000000000000000e+01 3.323871066882154723e-01
3.600000000000000000e+01 3.405461272194641037e-02
4.100000000000000000e+01 1.886229006423106175e-02
4.700000000000000000e+01 8.937324709426590908e-06
5.500000000000000000e+01 8.452160107234480351e-14
6.500000000000000000e+01 2.671500282874938594e-11
7.500000000000000000e+01 4.814757040311699065e-12
