Longitude[deg], Latitude[deg], Dust optical depth
-4.200000000000000000e+01 -1.800000000000000000e+01 4.805205012017564670e+00
-4.200000000000000000e+01 -1.700000000000000000e+01 4.976603095049970449e+00
-4.200000000000000000e+01 -1.600000000000000000e+01 5.130692036250045440e+00
-4.200000000000000000e+01 -1.500000000000000000e+01 5.061636221158165583e+00
-4.200000000000000000e+01 -1.400000000000000000e+01 4.458719733737225965e+00
-4.200000000000000000e+01 -1.300000000000000000e+01 3.602448700604222509e+00
-4.200000000000000000e+01 -1.200000000000000000e+01 3.101893604525281400e+00
-4.200000000000000000e+01 -1.100000000000000000e+01 2.528129224693266952e+00
3.180000000000000000e+02 -1.000000000000000000e+01 nan
3.180000000000000000e+02 -9.000000000000000000e+00 nan
3.180000000000000000e+02 -8.000000000000000000e+00 nan
3.180000000000000000e+02 -7.000000000000000000e+00 nan
3.180000000000000000e+02 -6.000000000000000000e+00 nan
3.180000000000000000e+02 -5.000000000000000000e+00 nan
3.180000000000000000e+02 -4.000000000000000000e+00 nan
3.180000000000000000e+02 -3.000000000000000000e+00 nan
3.180000000000000000e+02 -2.000000000000000000e+00 nan
3.180000000000000000e+02 -1.000000000000000000e+00 nan
3.180000000000000000e+02 0.000000000000000000e+00 nan
3.180000000000000000e+02 1.000000000000000000e+00 nan
3.180000000000000000e+02 2.000000000000000000e+00 nan
3.180000000000000000e+02 3.000000000000000000e+00 nan
3.180000000000000000e+02 4.000000000000000000e+00 nan
3.180000000000000000e+02 5.000000000000000000e+00 nan
3.180000000000000000e+02 6.000000000000000000e+00 nan
3.180000000000000000e+02 7.000000000000000000e+00 nan
3.180000000000000000e+02 8.000000000000000000e+00 nan
-4.100000000000000000e+01 -1.800000000000000000e+01 4.830515743728208022e+00
-4.100000000000000000e+01 -1.700000000000000000e+01 4.955829315166520033e+00
-4.100000000000000000e+01 -1.600000000000000000e+01 5.076005586515893953e+00
-4.100000000000000000e+01 -1.500000000000000000e+01 4.909662206127687334e+00
-4.100000000000000000e+01 -1.400000000000000000e+01 4.450850006509848633e+00
-4.100000000000000000e+01 -1.300000000000000000e+01 3.730327608857147315e+00
-4.100000000000000000e+01 -1.200000000000000000e+01 3.139073800556947624e+00
-4.100000000000000000e+01 -1.100000000000000000e+01 2.676177926448903843e+00
-4.100000000000000000e+01 -1.000000000000000000e+01 2.422205889918718658e+00
-4.100000000000000000e+01 -9.000000000000000000e+00 2.519765283523385691e+00
-4.100000000000000000e+01 -8.000000000000000000e+00 2.523321527628767491e+00
-4.100000000000000000e+01 -7.000000000000000000e+00 2.111998312842021441e+00
-4.100000000000000000e+01 -6.000000000000000000e+00 1.742020470592432480e+00
-4.100000000000000000e+01 -5.000000000000000000e+00 1.796565964131365156e+00
-4.100000000000000000e+01 -4.000000000000000000e+00 2.009324998727734624e+00
-4.100000000000000000e+01 -3.000000000000000000e+00 2.053112315872673399e+00
-4.100000000000000000e+01 -2.000000000000000000e+00 2.137466558502792324e+00
-4.100000000000000000e+01 -1.000000000000000000e+00 1.929855869522726142e+00
-4.100000000000000000e+01 0.000000000000000000e+00 1.860986435782768789e+00
-4.100000000000000000e+01 1.000000000000000000e+00 1.672430140288662548e+00
-4.100000000000000000e+01 2.000000000000000000e+00 1.724920792999679264e+00
-4.100000000000000000e+01 3.000000000000000000e+00 1.720209182798019931e+00
-4.100000000000000000e+01 4.000000000000000000e+00 1.798857272980968203e+00
-4.100000000000000000e+01 5.000000000000000000e+00 1.793990089308716840e+00
-4.100000000000000000e+01 6.000000000000000000e+00 1.807747134095136099e+00
-4.100000000000000000e+01 7.000000000000000000e+00 1.867484890735452874e+00
-4.100000000000000000e+01 8.000000000000000000e+00 1.892661618198010709e+00
-4.000000000000000000e+01 -1.800000000000000000e+01 4.838840733488194878e+00
-4.000000000000000000e+01 -1.700000000000000000e+01 4.949056318890503015e+00
-4.000000000000000000e+01 -1.600000000000000000e+01 5.057016017716744471e+00
-4.000000000000000000e+01 -1.500000000000000000e+01 4.876885697523579033e+00
-4.000000000000000000e+01 -1.400000000000000000e+01 4.449203055239583371e+00
-4.000000000000000000e+01 -1.300000000000000000e+01 3.745469027995342870e+00
-4.000000000000000000e+01 -1.200000000000000000e+01 3.141735296725914672e+00
-4.000000000000000000e+01 -1.100000000000000000e+01 2.680172444823755384e+00
-4.000000000000000000e+01 -1.000000000000000000e+01 2.421227594154340856e+00
-4.000000000000000000e+01 -9.000000000000000000e+00 2.519765283523385691e+00
-4.000000000000000000e+01 -8.000000000000000000e+00 2.523321527628767491e+00
-4.000000000000000000e+01 -7.000000000000000000e+00 2.111998312842021441e+00
-4.000000000000000000e+01 -6.000000000000000000e+00 1.742020470592432480e+00
-4.000000000000000000e+01 -5.000000000000000000e+00 1.796565964131365156e+00
-4.000000000000000000e+01 -4.000000000000000000e+00 2.009324998727734624e+00
-4.000000000000000000e+01 -3.000000000000000000e+00 2.053112315872673399e+00
-4.000000000000000000e+01 -2.000000000000000000e+00 2.137466558502792324e+00
-4.000000000000000000e+01 -1.000000000000000000e+00 1.929855869522726142e+00
-4.000000000000000000e+01 0.000000000000000000e+00 1.860986435782768789e+00
-4.000000000000000000e+01 1.000000000000000000e+00 1.672430140288662548e+00
-4.000000000000000000e+01 2.000000000000000000e+00 1.724920792999679264e+00
-4.000000000000000000e+01 3.000000000000000000e+00 1.720209182798019931e+00
-4.000000000000000000e+01 4.000000000000000000e+00 1.798857272980968203e+00
-4.000000000000000000e+01 5.000000000000000000e+00 1.793990089308716840e+00
-4.000000000000000000e+01 6.000000000000000000e+00 1.807747134095136099e+00
-4.000000000000000000e+01 7.000000000000000000e+00 1.867484890735452874e+00
3.200000000000000000e+02 8.000000000000000000e+00 nan
