Longitude[deg], Latitude[deg], Dust optical depth
-8.000000000000000000e+00 -2.100000000000000000e+01 4.102818164929332712e-01
-8.000000000000000000e+00 -2.000000000000000000e+01 4.189701632733783265e-01
-8.000000000000000000e+00 -1.900000000000000000e+01 4.184883929142100834e-01
-8.000000000000000000e+00 -1.800000000000000000e+01 4.168677846574398993e-01
-8.000000000000000000e+00 -1.700000000000000000e+01 4.861341328114429650e-01
-8.000000000000000000e+00 -1.600000000000000000e+01 4.641124251797129063e-01
-8.000000000000000000e+00 -1.500000000000000000e+01 4.563176105638900304e-01
-8.000000000000000000e+00 -1.400000000000000000e+01 4.548814212079912433e-01
-8.000000000000000000e+00 -1.300000000000000000e+01 4.280787138452598617e-01
-8.000000000000000000e+00 -1.200000000000000000e+01 5.067075333065090836e-01
-8.000000000000000000e+00 -1.100000000000000000e+01 6.035663383452700703e-01
-8.000000000000000000e+00 -1.000000000000000000e+01 6.104137979085290100e-01
-8.000000000000000000e+00 -9.000000000000000000e+00 5.922489737797528297e-01
-8.000000000000000000e+00 -8.000000000000000000e+00 5.730345331363178030e-01
-8.000000000000000000e+00 -7.000000000000000000e+00 4.826787495247209514e-01
-8.000000000000000000e+00 -6.000000000000000000e+00 4.778627591686685494e-01
-8.000000000000000000e+00 -5.000000000000000000e+00 4.428001323116778076e-01
-8.000000000000000000e+00 -4.000000000000000000e+00 4.523467601796359872e-01
-8.000000000000000000e+00 -3.000000000000000000e+00 4.767892669432225450e-01
-8.000000000000000000e+00 -2.000000000000000000e+00 3.634526625062197147e-01
-8.000000000000000000e+00 -1.000000000000000000e+00 3.212844315585463018e-01
-8.000000000000000000e+00 0.000000000000000000e+00 2.714416099189574938e-01
-8.000000000000000000e+00 1.000000000000000000e+00 2.548308452566163673e-01
-8.000000000000000000e+00 2.000000000000000000e+00 2.656744418155213006e-01
-8.000000000000000000e+00 3.000000000000000000e+00 2.949546390307720145e-01
-8.000000000000000000e+00 4.000000000000000000e+00 2.835710144423449486e-01
-8.000000000000000000e+00 5.000000000000000000e+00 2.849215335030507723e-01
-7.000000000000000000e+00 -2.100000000000000000e+01 4.119423770161748100e-01
-7.000000000000000000e+00 -2.000000000000000000e+01 4.184355460966124318e-01
-7.000000000000000000e+00 -1.900000000000000000e+01 4.169302222829165405e-01
-7.000000000000000000e+00 -1.800000000000000000e+01 4.158806334158665075e-01
-7.000000000000000000e+00 -1.700000000000000000e+01 4.722724194765938188e-01
-7.000000000000000000e+00 -1.600000000000000000e+01 4.581709004707536503e-01
-7.000000000000000000e+00 -1.500000000000000000e+01 4.546102725818939594e-01
-7.000000000000000000e+00 -1.400000000000000000e+01 4.529338190730854974e-01
-7.000000000000000000e+00 -1.300000000000000000e+01 4.275613920261473466e-01
-7.000000000000000000e+00 -1.200000000000000000e+01 4.932371775932961611e-01
-7.000000000000000000e+00 -1.100000000000000000e+01 5.970428738191159157e-01
-7.000000000000000000e+00 -1.000000000000000000e+01 6.093292860213223028e-01
-7.000000000000000000e+00 -9.000000000000000000e+00 5.919440293481755822e-01
-7.000000000000000000e+00 -8.000000000000000000e+00 5.727090917204037401e-01
-7.000000000000000000e+00 -7.000000000000000000e+00 4.852352863304656427e-01
-7.000000000000000000e+00 -6.000000000000000000e+00 4.774439836541321536e-01
-7.000000000000000000e+00 -5.000000000000000000e+00 4.506135636201287209e-01
-7.000000000000000000e+00 -4.000000000000000000e+00 4.541936473948874342e-01
-7.000000000000000000e+00 -3.000000000000000000e+00 4.553850818611867579e-01
-7.000000000000000000e+00 -2.000000000000000000e+00 3.508870380153908952e-01
-7.000000000000000000e+00 -1.000000000000000000e+00 3.198712615813936178e-01
-7.000000000000000000e+00 0.000000000000000000e+00 2.825398694005436528e-01
-7.000000000000000000e+00 1.000000000000000000e+00 2.523408098421394685e-01
-7.000000000000000000e+00 2.000000000000000000e+00 2.543792010892697020e-01
-7.000000000000000000e+00 3.000000000000000000e+00 2.845733980847113820e-01
-7.000000000000000000e+00 4.000000000000000000e+00 2.893289642431887687e-01
-7.000000000000000000e+00 5.000000000000000000e+00 2.938808682201403122e-01
-6.000000000000000000e+00 -2.100000000000000000e+01 4.291898236046933213e-01
-6.000000000000000000e+00 -2.000000000000000000e+01 4.103564430778750549e-01
-6.000000000000000000e+00 -1.900000000000000000e+01 3.983150637784725334e-01
-6.000000000000000000e+00 -1.800000000000000000e+01 4.027454307615238593e-01
-6.000000000000000000e+00 -1.700000000000000000e+01 3.767249662738919591e-01
-6.000000000000000000e+00 -1.600000000000000000e+01 4.077706347086740291e-01
-6.000000000000000000e+00 -1.500000000000000000e+01 4.391959912941246214e-01
-6.000000000000000000e+00 -1.400000000000000000e+01 4.373687376185990683e-01
-6.000000000000000000e+00 -1.300000000000000000e+01 4.238609007563362008e-01
-6.000000000000000000e+00 -1.200000000000000000e+01 4.699228768641067200e-01
-6.000000000000000000e+00 -1.100000000000000000e+01 5.463902704796425036e-01
-6.000000000000000000e+00 -1.000000000000000000e+01 6.062158908843130467e-01
-6.000000000000000000e+00 -9.000000000000000000e+00 5.908660528518558941e-01
-6.000000000000000000e+00 -8.000000000000000000e+00 5.717444544343395219e-01
-6.000000000000000000e+00 -7.000000000000000000e+00 4.889429217006064921e-01
-6.000000000000000000e+00 -6.000000000000000000e+00 4.765654233804574869e-01
-6.000000000000000000e+00 -5.000000000000000000e+00 4.592444213939810282e-01
-6.000000000000000000e+00 -4.000000000000000000e+00 4.565211134716206098e-01
-6.000000000000000000e+00 -3.000000000000000000e+00 4.262545934936521341e-01
-6.000000000000000000e+00 -2.000000000000000000e+00 3.401456924903952794e-01
-6.000000000000000000e+00 -1.000000000000000000e+00 3.191032975252144910e-01
-6.000000000000000000e+00 0.000000000000000000e+00 2.977005307139001244e-01
-6.000000000000000000e+00 1.000000000000000000e+00 2.479736953567024671e-01
-6.000000000000000000e+00 2.000000000000000000e+00 2.431817636769926516e-01
-6.000000000000000000e+00 3.000000000000000000e+00 2.803932630813000260e-01
-6.000000000000000000e+00 4.000000000000000000e+00 2.924441083758966275e-01
3.540000000000000000e+02 5.000000000000000000e+00 nan
