Longitude[deg], Latitude[deg], Dust optical depth
1.200000000000000000e+01 5.200000000000000000e+01 nan
1.200000000000000000e+01 5.300000000000000000e+01 nan
1.200000000000000000e+01 5.400000000000000000e+01 nan
1.200000000000000000e+01 5.500000000000000000e+01 nan
1.200000000000000000e+01 5.600000000000000000e+01 nan
1.200000000000000000e+01 5.700000000000000000e+01 nan
1.200000000000000000e+01 5.800000000000000000e+01 nan
1.200000000000000000e+01 5.900000000000000000e+01 nan
1.200000000000000000e+01 6.000000000000000000e+01 nan
1.200000000000000000e+01 6.100000000000000000e+01 nan
1.200000000000000000e+01 6.200000000000000000e+01 nan
1.200000000000000000e+01 6.300000000000000000e+01 nan
1.200000000000000000e+01 6.400000000000000000e+01 nan
1.200000000000000000e+01 6.500000000000000000e+01 nan
1.200000000000000000e+01 6.600000000000000000e+01 nan
1.200000000000000000e+01 6.700000000000000000e+01 nan
1.200000000000000000e+01 6.800000000000000000e+01 nan
1.200000000000000000e+01 6.900000000000000000e+01 nan
1.200000000000000000e+01 7.000000000000000000e+01 nan
1.200000000000000000e+01 7.100000000000000000e+01 nan
1.200000000000000000e+01 7.200000000000000000e+01 nan
1.200000000000000000e+01 7.300000000000000000e+01 nan
1.200000000000000000e+01 7.400000000000000000e+01 nan
1.200000000000000000e+01 7.500000000000000000e+01 nan
1.200000000000000000e+01 7.600000000000000000e+01 nan
1.200000000000000000e+01 7.700000000000000000e+01 nan
1.200000000000000000e+01 7.800000000000000000e+01 nan
1.300000000000000000e+01 5.200000000000000000e+01 nan
1.300000000000000000e+01 5.300000000000000000e+01 nan
1.300000000000000000e+01 5.400000000000000000e+01 nan
1.300000000000000000e+01 5.500000000000000000e+01 nan
1.300000000000000000e+01 5.600000000000000000e+01 nan
1.300000000000000000e+01 5.700000000000000000e+01 nan
1.300000000000000000e+01 5.800000000000000000e+01 nan
1.300000000000000000e+01 5.900000000000000000e+01 nan
1.300000000000000000e+01 6.000000000000000000e+01 nan
1.300000000000000000e+01 6.100000000000000000e+01 nan
1.300000000000000000e+01 6.200000000000000000e+01 nan
1.300000000000000000e+01 6.300000000000000000e+01 nan
1.300000000000000000e+01 6.400000000000000000e+01 nan
1.300000000000000000e+01 6.500000000000000000e+01 nan
1.300000000000000000e+01 6.600000000000000000e+01 nan
1.300000000000000000e+01 6.700000000000000000e+01 nan
1.300000000000000000e+01 6.800000000000000000e+01 nan
1.300000000000000000e+01 6.900000000000000000e+01 nan
1.300000000000000000e+01 7.000000000000000000e+01 nan
1.300000000000000000e+01 7.100000000000000000e+01 nan
1.300000000000000000e+01 7.200000000000000000e+01 nan
1.300000000000000000e+01 7.300000000000000000e+01 nan
1.300000000000000000e+01 7.400000000000000000e+01 nan
1.300000000000000000e+01 7.500000000000000000e+01 nan
1.300000000000000000e+01 7.600000000000000000e+01 nan
1.300000000000000000e+01 7.700000000000000000e+01 nan
1.300000000000000000e+01 7.800000000000000000e+01 nan
1.400000000000000000e+01 5.200000000000000000e+01 nan
1.400000000000000000e+01 5.300000000000000000e+01 nan
1.400000000000000000e+01 5.400000000000000000e+01 nan
1.400000000000000000e+01 5.500000000000000000e+01 nan
1.400000000000000000e+01 5.600000000000000000e+01 nan
1.400000000000000000e+01 5.700000000000000000e+01 nan
1.400000000000000000e+01 5.800000000000000000e+01 nan
1.400000000000000000e+01 5.900000000000000000e+01 nan
1.400000000000000000e+01 6.000000000000000000e+01 nan
1.400000000000000000e+01 6.100000000000000000e+01 nan
1.400000000000000000e+01 6.200000000000000000e+01 nan
1.400000000000000000e+01 6.300000000000000000e+01 nan
1.400000000000000000e+01 6.400000000000000000e+01 nan
1.400000000000000000e+01 6.500000000000000000e+01 nan
1.400000000000000000e+01 6.600000000000000000e+01 nan
1.400000000000000000e+01 6.700000000000000000e+01 nan
1.400000000000000000e+01 6.800000000000000000e+01 nan
1.400000000000000000e+01 6.900000000000000000e+01 nan
1.400000000000000000e+01 7.000000000000000000e+01 nan
1.400000000000000000e+01 7.100000000000000000e+01 nan
1.400000000000000000e+01 7.200000000000000000e+01 nan
1.400000000000000000e+01 7.300000000000000000e+01 nan
1.400000000000000000e+01 7.400000000000000000e+01 nan
1.400000000000000000e+01 7.500000000000000000e+01 nan
1.400000000000000000e+01 7.600000000000000000e+01 nan
1.400000000000000000e+01 7.700000000000000000e+01 nan
1.400000000000000000e+01 7.800000000000000000e+01 nan
1.500000000000000000e+01 5.200000000000000000e+01 nan
1.500000000000000000e+01 5.300000000000000000e+01 nan
1.500000000000000000e+01 5.400000000000000000e+01 nan
1.500000000000000000e+01 5.500000000000000000e+01 nan
1.500000000000000000e+01 5.600000000000000000e+01 nan
1.500000000000000000e+01 5.700000000000000000e+01 nan
1.500000000000000000e+01 5.800000000000000000e+01 nan
1.500000000000000000e+01 5.900000000000000000e+01 nan
1.500000000000000000e+01 6.000000000000000000e+01 nan
1.500000000000000000e+01 6.100000000000000000e+01 nan
1.500000000000000000e+01 6.200000000000000000e+01 nan
1.500000000000000000e+01 6.300000000000000000e+01 nan
1.500000000000000000e+01 6.400000000000000000e+01 nan
1.500000000000000000e+01 6.500000000000000000e+01 nan
1.500000000000000000e+01 6.600000000000000000e+01 nan
1.500000000000000000e+01 6.700000000000000000e+01 nan
1.500000000000000000e+01 6.800000000000000000e+01 nan
1.500000000000000000e+01 6.900000000000000000e+01 nan
1.500000000000000000e+01 7.000000000000000000e+01 nan
1.500000000000000000e+01 7.100000000000000000e+01 nan
1.500000000000000000e+01 7.200000000000000000e+01 nan
1.500000000000000000e+01 7.300000000000000000e+01 nan
1.500000000000000000e+01 7.400000000000000000e+01 nan
1.500000000000000000e+01 7.500000000000000000e+01 nan
1.500000000000000000e+01 7.600000000000000000e+01 nan
1.500000000000000000e+01 7.700000000000000000e+01 nan
1.500000000000000000e+01 7.800000000000000000e+01 nan
1.600000000000000000e+01 5.200000000000000000e+01 nan
1.600000000000000000e+01 5.300000000000000000e+01 nan
1.600000000000000000e+01 5.400000000000000000e+01 nan
1.600000000000000000e+01 5.500000000000000000e+01 nan
1.600000000000000000e+01 5.600000000000000000e+01 nan
1.600000000000000000e+01 5.700000000000000000e+01 nan
1.600000000000000000e+01 5.800000000000000000e+01 nan
1.600000000000000000e+01 5.900000000000000000e+01 nan
1.600000000000000000e+01 6.000000000000000000e+01 nan
1.600000000000000000e+01 6.100000000000000000e+01 nan
1.600000000000000000e+01 6.200000000000000000e+01 nan
1.600000000000000000e+01 6.300000000000000000e+01 nan
1.600000000000000000e+01 6.400000000000000000e+01 nan
1.600000000000000000e+01 6.500000000000000000e+01 nan
1.600000000000000000e+01 6.600000000000000000e+01 nan
1.600000000000000000e+01 6.700000000000000000e+01 nan
1.600000000000000000e+01 6.800000000000000000e+01 nan
1.600000000000000000e+01 6.900000000000000000e+01 nan
1.600000000000000000e+01 7.000000000000000000e+01 nan
1.600000000000000000e+01 7.100000000000000000e+01 nan
1.600000000000000000e+01 7.200000000000000000e+01 nan
1.600000000000000000e+01 7.300000000000000000e+01 nan
1.600000000000000000e+01 7.400000000000000000e+01 nan
1.600000000000000000e+01 7.500000000000000000e+01 nan
1.600000000000000000e+01 7.600000000000000000e+01 nan
1.600000000000000000e+01 7.700000000000000000e+01 nan
1.600000000000000000e+01 7.800000000000000000e+01 nan
1.700000000000000000e+01 5.200000000000000000e+01 nan
1.700000000000000000e+01 5.300000000000000000e+01 nan
1.700000000000000000e+01 5.400000000000000000e+01 nan
1.700000000000000000e+01 5.500000000000000000e+01 nan
1.700000000000000000e+01 5.600000000000000000e+01 nan
1.700000000000000000e+01 5.700000000000000000e+01 nan
1.700000000000000000e+01 5.800000000000000000e+01 nan
1.700000000000000000e+01 5.900000000000000000e+01 nan
1.700000000000000000e+01 6.000000000000000000e+01 nan
1.700000000000000000e+01 6.100000000000000000e+01 nan
1.700000000000000000e+01 6.200000000000000000e+01 nan
1.700000000000000000e+01 6.300000000000000000e+01 nan
1.700000000000000000e+01 6.400000000000000000e+01 nan
1.700000000000000000e+01 6.500000000000000000e+01 nan
1.700000000000000000e+01 6.600000000000000000e+01 nan
1.700000000000000000e+01 6.700000000000000000e+01 nan
1.700000000000000000e+01 6.800000000000000000e+01 nan
1.700000000000000000e+01 6.900000000000000000e+01 nan
1.700000000000000000e+01 7.000000000000000000e+01 nan
1.700000000000000000e+01 7.100000000000000000e+01 nan
1.700000000000000000e+01 7.200000000000000000e+01 nan
1.700000000000000000e+01 7.300000000000000000e+01 nan
1.700000000000000000e+01 7.400000000000000000e+01 nan
1.700000000000000000e+01 7.500000000000000000e+01 nan
1.700000000000000000e+01 7.600000000000000000e+01 nan
1.700000000000000000e+01 7.700000000000000000e+01 nan
1.700000000000000000e+01 7.800000000000000000e+01 nan
1.800000000000000000e+01 5.200000000000000000e+01 nan
1.800000000000000000e+01 5.300000000000000000e+01 nan
1.800000000000000000e+01 5.400000000000000000e+01 nan
1.800000000000000000e+01 5.500000000000000000e+01 nan
1.800000000000000000e+01 5.600000000000000000e+01 nan
1.800000000000000000e+01 5.700000000000000000e+01 nan
1.800000000000000000e+01 5.800000000000000000e+01 nan
1.800000000000000000e+01 5.900000000000000000e+01 nan
1.800000000000000000e+01 6.000000000000000000e+01 nan
1.800000000000000000e+01 6.100000000000000000e+01 nan
1.800000000000000000e+01 6.200000000000000000e+01 nan
1.800000000000000000e+01 6.300000000000000000e+01 nan
1.800000000000000000e+01 6.400000000000000000e+01 nan
1.800000000000000000e+01 6.500000000000000000e+01 nan
1.800000000000000000e+01 6.600000000000000000e+01 nan
1.800000000000000000e+01 6.700000000000000000e+01 nan
1.800000000000000000e+01 6.800000000000000000e+01 nan
1.800000000000000000e+01 6.900000000000000000e+01 nan
1.800000000000000000e+01 7.000000000000000000e+01 nan
1.800000000000000000e+01 7.100000000000000000e+01 nan
1.800000000000000000e+01 7.200000000000000000e+01 nan
1.800000000000000000e+01 7.300000000000000000e+01 nan
1.800000000000000000e+01 7.400000000000000000e+01 nan
1.800000000000000000e+01 7.500000000000000000e+01 nan
1.800000000000000000e+01 7.600000000000000000e+01 nan
1.800000000000000000e+01 7.700000000000000000e+01 nan
1.800000000000000000e+01 7.800000000000000000e+01 nan
1.900000000000000000e+01 5.200000000000000000e+01 nan
1.900000000000000000e+01 5.300000000000000000e+01 nan
1.900000000000000000e+01 5.400000000000000000e+01 nan
1.900000000000000000e+01 5.500000000000000000e+01 nan
1.900000000000000000e+01 5.600000000000000000e+01 nan
1.900000000000000000e+01 5.700000000000000000e+01 nan
1.900000000000000000e+01 5.800000000000000000e+01 nan
1.900000000000000000e+01 5.900000000000000000e+01 nan
1.900000000000000000e+01 6.000000000000000000e+01 nan
1.900000000000000000e+01 6.100000000000000000e+01 nan
1.900000000000000000e+01 6.200000000000000000e+01 nan
1.900000000000000000e+01 6.300000000000000000e+01 nan
1.900000000000000000e+01 6.400000000000000000e+01 nan
1.900000000000000000e+01 6.500000000000000000e+01 nan
1.900000000000000000e+01 6.600000000000000000e+01 nan
1.900000000000000000e+01 6.700000000000000000e+01 nan
1.900000000000000000e+01 6.800000000000000000e+01 nan
1.900000000000000000e+01 6.900000000000000000e+01 nan
1.900000000000000000e+01 7.000000000000000000e+01 nan
1.900000000000000000e+01 7.100000000000000000e+01 nan
1.900000000000000000e+01 7.200000000000000000e+01 nan
1.900000000000000000e+01 7.300000000000000000e+01 nan
1.900000000000000000e+01 7.400000000000000000e+01 nan
1.900000000000000000e+01 7.500000000000000000e+01 nan
1.900000000000000000e+01 7.600000000000000000e+01 nan
1.900000000000000000e+01 7.700000000000000000e+01 nan
1.900000000000000000e+01 7.800000000000000000e+01 nan
2.000000000000000000e+01 5.200000000000000000e+01 nan
2.000000000000000000e+01 5.300000000000000000e+01 nan
2.000000000000000000e+01 5.400000000000000000e+01 nan
2.000000000000000000e+01 5.500000000000000000e+01 nan
2.000000000000000000e+01 5.600000000000000000e+01 nan
2.000000000000000000e+01 5.700000000000000000e+01 nan
2.000000000000000000e+01 5.800000000000000000e+01 nan
2.000000000000000000e+01 5.900000000000000000e+01 nan
2.000000000000000000e+01 6.000000000000000000e+01 nan
2.000000000000000000e+01 6.100000000000000000e+01 nan
2.000000000000000000e+01 6.200000000000000000e+01 nan
2.000000000000000000e+01 6.300000000000000000e+01 nan
2.000000000000000000e+01 6.400000000000000000e+01 nan
2.000000000000000000e+01 6.500000000000000000e+01 nan
2.000000000000000000e+01 6.600000000000000000e+01 nan
2.000000000000000000e+01 6.700000000000000000e+01 nan
2.000000000000000000e+01 6.800000000000000000e+01 nan
2.000000000000000000e+01 6.900000000000000000e+01 nan
2.000000000000000000e+01 7.000000000000000000e+01 nan
2.000000000000000000e+01 7.100000000000000000e+01 nan
2.000000000000000000e+01 7.200000000000000000e+01 nan
2.000000000000000000e+01 7.300000000000000000e+01 nan
2.000000000000000000e+01 7.400000000000000000e+01 nan
2.000000000000000000e+01 7.500000000000000000e+01 nan
2.000000000000000000e+01 7.600000000000000000e+01 nan
2.000000000000000000e+01 7.700000000000000000e+01 nan
2.000000000000000000e+01 7.800000000000000000e+01 nan
2.100000000000000000e+01 5.200000000000000000e+01 nan
2.100000000000000000e+01 5.300000000000000000e+01 nan
2.100000000000000000e+01 5.400000000000000000e+01 nan
2.100000000000000000e+01 5.500000000000000000e+01 nan
2.100000000000000000e+01 5.600000000000000000e+01 nan
2.100000000000000000e+01 5.700000000000000000e+01 nan
2.100000000000000000e+01 5.800000000000000000e+01 nan
2.100000000000000000e+01 5.900000000000000000e+01 nan
2.100000000000000000e+01 6.000000000000000000e+01 nan
2.100000000000000000e+01 6.100000000000000000e+01 nan
2.100000000000000000e+01 6.200000000000000000e+01 nan
2.100000000000000000e+01 6.300000000000000000e+01 nan
2.100000000000000000e+01 6.400000000000000000e+01 nan
2.100000000000000000e+01 6.500000000000000000e+01 nan
2.100000000000000000e+01 6.600000000000000000e+01 nan
2.100000000000000000e+01 6.700000000000000000e+01 nan
2.100000000000000000e+01 6.800000000000000000e+01 nan
2.100000000000000000e+01 6.900000000000000000e+01 nan
2.100000000000000000e+01 7.000000000000000000e+01 nan
2.100000000000000000e+01 7.100000000000000000e+01 nan
2.100000000000000000e+01 7.200000000000000000e+01 nan
2.100000000000000000e+01 7.300000000000000000e+01 nan
2.100000000000000000e+01 7.400000000000000000e+01 nan
2.100000000000000000e+01 7.500000000000000000e+01 nan
2.100000000000000000e+01 7.600000000000000000e+01 nan
2.100000000000000000e+01 7.700000000000000000e+01 nan
2.100000000000000000e+01 7.800000000000000000e+01 nan
2.200000000000000000e+01 5.200000000000000000e+01 nan
2.200000000000000000e+01 5.300000000000000000e+01 nan
2.200000000000000000e+01 5.400000000000000000e+01 nan
2.200000000000000000e+01 5.500000000000000000e+01 nan
2.200000000000000000e+01 5.600000000000000000e+01 nan
2.200000000000000000e+01 5.700000000000000000e+01 2.880354860619520618e-01
2.200000000000000000e+01 5.800000000000000000e+01 2.999382937451961495e-01
2.200000000000000000e+01 5.900000000000000000e+01 4.419745535343104215e-01
2.200000000000000000e+01 6.000000000000000000e+01 4.435734294921895304e-01
2.200000000000000000e+01 6.100000000000000000e+01 nan
2.200000000000000000e+01 6.200000000000000000e+01 nan
2.200000000000000000e+01 6.300000000000000000e+01 nan
2.200000000000000000e+01 6.400000000000000000e+01 nan
2.200000000000000000e+01 6.500000000000000000e+01 nan
2.200000000000000000e+01 6.600000000000000000e+01 nan
2.200000000000000000e+01 6.700000000000000000e+01 nan
2.200000000000000000e+01 6.800000000000000000e+01 nan
2.200000000000000000e+01 6.900000000000000000e+01 nan
2.200000000000000000e+01 7.000000000000000000e+01 nan
2.200000000000000000e+01 7.100000000000000000e+01 nan
2.200000000000000000e+01 7.200000000000000000e+01 nan
2.200000000000000000e+01 7.300000000000000000e+01 nan
2.200000000000000000e+01 7.400000000000000000e+01 nan
2.200000000000000000e+01 7.500000000000000000e+01 nan
2.200000000000000000e+01 7.600000000000000000e+01 nan
2.200000000000000000e+01 7.700000000000000000e+01 nan
2.200000000000000000e+01 7.800000000000000000e+01 nan
2.300000000000000000e+01 5.200000000000000000e+01 3.998298603239073268e-01
2.300000000000000000e+01 5.300000000000000000e+01 2.230339209542875345e-01
2.300000000000000000e+01 5.400000000000000000e+01 2.236654956411523731e-01
2.300000000000000000e+01 5.500000000000000000e+01 1.519749422110017456e-01
2.300000000000000000e+01 5.600000000000000000e+01 2.998420578609680143e-01
2.300000000000000000e+01 5.700000000000000000e+01 3.116310116746242587e-01
2.300000000000000000e+01 5.800000000000000000e+01 2.895018971693412713e-01
2.300000000000000000e+01 5.900000000000000000e+01 4.398763438816066240e-01
2.300000000000000000e+01 6.000000000000000000e+01 4.433056454452406481e-01
2.300000000000000000e+01 6.100000000000000000e+01 nan
2.300000000000000000e+01 6.200000000000000000e+01 nan
2.300000000000000000e+01 6.300000000000000000e+01 nan
2.300000000000000000e+01 6.400000000000000000e+01 nan
2.300000000000000000e+01 6.500000000000000000e+01 nan
2.300000000000000000e+01 6.600000000000000000e+01 nan
2.300000000000000000e+01 6.700000000000000000e+01 nan
2.300000000000000000e+01 6.800000000000000000e+01 nan
2.300000000000000000e+01 6.900000000000000000e+01 nan
2.300000000000000000e+01 7.000000000000000000e+01 nan
2.300000000000000000e+01 7.100000000000000000e+01 nan
2.300000000000000000e+01 7.200000000000000000e+01 nan
2.300000000000000000e+01 7.300000000000000000e+01 nan
2.300000000000000000e+01 7.400000000000000000e+01 nan
2.300000000000000000e+01 7.500000000000000000e+01 nan
2.300000000000000000e+01 7.600000000000000000e+01 nan
2.300000000000000000e+01 7.700000000000000000e+01 nan
2.300000000000000000e+01 7.800000000000000000e+01 nan
2.400000000000000000e+01 5.200000000000000000e+01 4.004378593240713879e-01
2.400000000000000000e+01 5.300000000000000000e+01 2.245124154940450201e-01
2.400000000000000000e+01 5.400000000000000000e+01 2.236654956411523731e-01
2.400000000000000000e+01 5.500000000000000000e+01 1.519749422110017456e-01
2.400000000000000000e+01 5.600000000000000000e+01 2.998570627876458450e-01
2.400000000000000000e+01 5.700000000000000000e+01 3.222981390851085148e-01
2.400000000000000000e+01 5.800000000000000000e+01 2.867415759593167079e-01
2.400000000000000000e+01 5.900000000000000000e+01 4.361295475970309310e-01
2.400000000000000000e+01 6.000000000000000000e+01 4.418396469325520659e-01
2.400000000000000000e+01 6.100000000000000000e+01 nan
2.400000000000000000e+01 6.200000000000000000e+01 nan
2.400000000000000000e+01 6.300000000000000000e+01 nan
2.400000000000000000e+01 6.400000000000000000e+01 nan
2.400000000000000000e+01 6.500000000000000000e+01 nan
2.400000000000000000e+01 6.600000000000000000e+01 nan
2.400000000000000000e+01 6.700000000000000000e+01 nan
2.400000000000000000e+01 6.800000000000000000e+01 nan
2.400000000000000000e+01 6.900000000000000000e+01 nan
2.400000000000000000e+01 7.000000000000000000e+01 nan
2.400000000000000000e+01 7.100000000000000000e+01 nan
2.400000000000000000e+01 7.200000000000000000e+01 nan
2.400000000000000000e+01 7.300000000000000000e+01 nan
2.400000000000000000e+01 7.400000000000000000e+01 nan
2.400000000000000000e+01 7.500000000000000000e+01 nan
2.400000000000000000e+01 7.600000000000000000e+01 nan
2.400000000000000000e+01 7.700000000000000000e+01 nan
2.400000000000000000e+01 7.800000000000000000e+01 nan
2.500000000000000000e+01 5.200000000000000000e+01 nan
2.500000000000000000e+01 5.300000000000000000e+01 nan
2.500000000000000000e+01 5.400000000000000000e+01 nan
2.500000000000000000e+01 5.500000000000000000e+01 nan
2.500000000000000000e+01 5.600000000000000000e+01 nan
2.500000000000000000e+01 5.700000000000000000e+01 nan
2.500000000000000000e+01 5.800000000000000000e+01 nan
2.500000000000000000e+01 5.900000000000000000e+01 nan
2.500000000000000000e+01 6.000000000000000000e+01 nan
2.500000000000000000e+01 6.100000000000000000e+01 nan
2.500000000000000000e+01 6.200000000000000000e+01 nan
2.500000000000000000e+01 6.300000000000000000e+01 nan
2.500000000000000000e+01 6.400000000000000000e+01 nan
2.500000000000000000e+01 6.500000000000000000e+01 nan
2.500000000000000000e+01 6.600000000000000000e+01 nan
2.500000000000000000e+01 6.700000000000000000e+01 nan
2.500000000000000000e+01 6.800000000000000000e+01 nan
2.500000000000000000e+01 6.900000000000000000e+01 nan
2.500000000000000000e+01 7.000000000000000000e+01 nan
2.500000000000000000e+01 7.100000000000000000e+01 nan
2.500000000000000000e+01 7.200000000000000000e+01 nan
2.500000000000000000e+01 7.300000000000000000e+01 nan
2.500000000000000000e+01 7.400000000000000000e+01 nan
2.500000000000000000e+01 7.500000000000000000e+01 nan
2.500000000000000000e+01 7.600000000000000000e+01 nan
2.500000000000000000e+01 7.700000000000000000e+01 nan
2.500000000000000000e+01 7.800000000000000000e+01 nan
