Longitude[deg], Latitude[deg], Dust optical depth
2.830000000000000000e+02 -3.200000000000000000e+01 nan
2.830000000000000000e+02 -3.100000000000000000e+01 nan
2.830000000000000000e+02 -3.000000000000000000e+01 nan
2.830000000000000000e+02 -2.900000000000000000e+01 nan
-7.700000000000000000e+01 -2.800000000000000000e+01 1.954454274833059002e-01
-7.700000000000000000e+01 -2.700000000000000000e+01 1.585274278448089158e-01
-7.700000000000000000e+01 -2.600000000000000000e+01 1.228657836663055863e-01
-7.700000000000000000e+01 -2.500000000000000000e+01 1.770947707583328257e-01
-7.700000000000000000e+01 -2.400000000000000000e+01 1.782291103728258219e-01
-7.700000000000000000e+01 -2.300000000000000000e+01 2.661716886532407567e-01
-7.700000000000000000e+01 -2.200000000000000000e+01 2.591179306197712862e-01
-7.700000000000000000e+01 -2.100000000000000000e+01 2.387014550502555288e-01
-7.700000000000000000e+01 -2.000000000000000000e+01 2.035132531304367498e-01
-7.700000000000000000e+01 -1.900000000000000000e+01 1.419449716062591849e-01
2.830000000000000000e+02 -1.800000000000000000e+01 nan
2.830000000000000000e+02 -1.700000000000000000e+01 nan
2.830000000000000000e+02 -1.600000000000000000e+01 nan
2.840000000000000000e+02 -3.200000000000000000e+01 nan
2.840000000000000000e+02 -3.100000000000000000e+01 nan
2.840000000000000000e+02 -3.000000000000000000e+01 nan
2.840000000000000000e+02 -2.900000000000000000e+01 nan
-7.600000000000000000e+01 -2.800000000000000000e+01 1.910834890526190988e-01
-7.600000000000000000e+01 -2.700000000000000000e+01 1.420171540718619396e-01
-7.600000000000000000e+01 -2.600000000000000000e+01 1.280154251556268608e-01
-7.600000000000000000e+01 -2.500000000000000000e+01 1.706932988225829395e-01
-7.600000000000000000e+01 -2.400000000000000000e+01 1.514417164835133722e-01
-7.600000000000000000e+01 -2.300000000000000000e+01 1.281884808790159924e-01
-7.600000000000000000e+01 -2.200000000000000000e+01 2.518066520618609250e-01
-7.600000000000000000e+01 -2.100000000000000000e+01 2.443149042510602276e-01
-7.600000000000000000e+01 -2.000000000000000000e+01 1.818001489531592130e-01
-7.600000000000000000e+01 -1.900000000000000000e+01 1.268525286089514925e-01
2.840000000000000000e+02 -1.800000000000000000e+01 nan
2.840000000000000000e+02 -1.700000000000000000e+01 nan
2.840000000000000000e+02 -1.600000000000000000e+01 nan
2.850000000000000000e+02 -3.200000000000000000e+01 nan
2.850000000000000000e+02 -3.100000000000000000e+01 nan
2.850000000000000000e+02 -3.000000000000000000e+01 nan
2.850000000000000000e+02 -2.900000000000000000e+01 nan
2.850000000000000000e+02 -2.800000000000000000e+01 nan
-7.500000000000000000e+01 -2.700000000000000000e+01 1.308803100739733272e-01
-7.500000000000000000e+01 -2.600000000000000000e+01 1.396543965373789886e-01
-7.500000000000000000e+01 -2.500000000000000000e+01 1.719012467612523465e-01
-7.500000000000000000e+01 -2.400000000000000000e+01 1.423784908076514977e-01
-7.500000000000000000e+01 -2.300000000000000000e+01 1.127419677861025704e-01
-7.500000000000000000e+01 -2.200000000000000000e+01 2.481460372867927422e-01
-7.500000000000000000e+01 -2.100000000000000000e+01 2.477885107233112616e-01
-7.500000000000000000e+01 -2.000000000000000000e+01 1.912871021006113392e-01
-7.500000000000000000e+01 -1.900000000000000000e+01 1.192226255826884240e-01
2.850000000000000000e+02 -1.800000000000000000e+01 nan
2.850000000000000000e+02 -1.700000000000000000e+01 nan
2.850000000000000000e+02 -1.600000000000000000e+01 nan
2.860000000000000000e+02 -3.200000000000000000e+01 nan
2.860000000000000000e+02 -3.100000000000000000e+01 nan
2.860000000000000000e+02 -3.000000000000000000e+01 nan
2.860000000000000000e+02 -2.900000000000000000e+01 nan
2.860000000000000000e+02 -2.800000000000000000e+01 nan
2.860000000000000000e+02 -2.700000000000000000e+01 nan
2.860000000000000000e+02 -2.600000000000000000e+01 nan
2.860000000000000000e+02 -2.500000000000000000e+01 nan
2.860000000000000000e+02 -2.400000000000000000e+01 nan
-7.400000000000000000e+01 -2.300000000000000000e+01 1.049933982867819748e-01
-7.400000000000000000e+01 -2.200000000000000000e+01 2.316042139992869897e-01
-7.400000000000000000e+01 -2.100000000000000000e+01 2.492549957097034419e-01
2.860000000000000000e+02 -2.000000000000000000e+01 nan
2.860000000000000000e+02 -1.900000000000000000e+01 nan
2.860000000000000000e+02 -1.800000000000000000e+01 nan
2.860000000000000000e+02 -1.700000000000000000e+01 nan
2.860000000000000000e+02 -1.600000000000000000e+01 nan
