Longitude[deg], Latitude[deg], Dust optical depth
-4.100000000000000000e+01 8.000000000000000000e+00 1.929713329908208985e+00
-4.100000000000000000e+01 9.000000000000000000e+00 1.871070499719297953e+00
-4.100000000000000000e+01 1.000000000000000000e+01 1.865930608617805353e+00
-4.100000000000000000e+01 1.100000000000000000e+01 1.690664724664432406e+00
-4.100000000000000000e+01 1.200000000000000000e+01 1.759012638468749223e+00
-4.100000000000000000e+01 1.300000000000000000e+01 1.769714309396047236e+00
-4.100000000000000000e+01 1.400000000000000000e+01 1.711992064066912400e+00
-4.100000000000000000e+01 1.500000000000000000e+01 1.711613358071448321e+00
-4.100000000000000000e+01 1.600000000000000000e+01 1.615220413522616250e+00
-4.100000000000000000e+01 1.700000000000000000e+01 1.581933289077597893e+00
-4.100000000000000000e+01 1.800000000000000000e+01 1.574093176008556361e+00
-4.100000000000000000e+01 1.900000000000000000e+01 1.468477804485234461e+00
-4.100000000000000000e+01 2.000000000000000000e+01 1.640395350267256136e+00
-4.100000000000000000e+01 2.100000000000000000e+01 1.805961105996571892e+00
-4.100000000000000000e+01 2.200000000000000000e+01 1.828448861756410082e+00
-4.100000000000000000e+01 2.300000000000000000e+01 1.822020019884275532e+00
-4.100000000000000000e+01 2.400000000000000000e+01 1.536114313703002665e+00
-4.100000000000000000e+01 2.500000000000000000e+01 1.535808990797764562e+00
-4.100000000000000000e+01 2.600000000000000000e+01 1.544104029513964749e+00
-4.100000000000000000e+01 2.700000000000000000e+01 1.301248297867679149e+00
-4.100000000000000000e+01 2.800000000000000000e+01 1.274468273652349826e+00
-4.100000000000000000e+01 2.900000000000000000e+01 1.030554903095241004e+00
-4.100000000000000000e+01 3.000000000000000000e+01 9.013259831437887559e-01
-4.100000000000000000e+01 3.100000000000000000e+01 8.919576993273906629e-01
-4.100000000000000000e+01 3.200000000000000000e+01 8.913975771225166600e-01
-4.100000000000000000e+01 3.300000000000000000e+01 7.589785391128022196e-01
-4.100000000000000000e+01 3.400000000000000000e+01 7.269064531235998050e-01
-4.100000000000000000e+01 3.500000000000000000e+01 8.922676473875931213e-01
-4.100000000000000000e+01 3.600000000000000000e+01 8.039835939424511135e-01
-4.100000000000000000e+01 3.700000000000000000e+01 5.757266588408093133e-01
3.190000000000000000e+02 3.800000000000000000e+01 nan
-4.000000000000000000e+01 8.000000000000000000e+00 1.929713329908208985e+00
-4.000000000000000000e+01 9.000000000000000000e+00 1.871070499719297953e+00
-4.000000000000000000e+01 1.000000000000000000e+01 1.865930608617805353e+00
-4.000000000000000000e+01 1.100000000000000000e+01 1.690664724664432406e+00
-4.000000000000000000e+01 1.200000000000000000e+01 1.759012638468749223e+00
-4.000000000000000000e+01 1.300000000000000000e+01 1.769714309396047236e+00
-4.000000000000000000e+01 1.400000000000000000e+01 1.711992064066912400e+00
-4.000000000000000000e+01 1.500000000000000000e+01 1.711613358071448321e+00
-4.000000000000000000e+01 1.600000000000000000e+01 1.615220413522616250e+00
-4.000000000000000000e+01 1.700000000000000000e+01 1.581933289077597893e+00
-4.000000000000000000e+01 1.800000000000000000e+01 1.574093176008556361e+00
-4.000000000000000000e+01 1.900000000000000000e+01 1.468477804485234461e+00
-4.000000000000000000e+01 2.000000000000000000e+01 1.640395350267256136e+00
-4.000000000000000000e+01 2.100000000000000000e+01 1.805961105996571892e+00
-4.000000000000000000e+01 2.200000000000000000e+01 1.828448861756410082e+00
-4.000000000000000000e+01 2.300000000000000000e+01 1.822020019884275532e+00
-4.000000000000000000e+01 2.400000000000000000e+01 1.536114313703002665e+00
-4.000000000000000000e+01 2.500000000000000000e+01 1.535808990797764562e+00
-4.000000000000000000e+01 2.600000000000000000e+01 1.544104029513964749e+00
-4.000000000000000000e+01 2.700000000000000000e+01 1.301248297867679149e+00
-4.000000000000000000e+01 2.800000000000000000e+01 1.274468273652349826e+00
-4.000000000000000000e+01 2.900000000000000000e+01 1.030554903095241004e+00
-4.000000000000000000e+01 3.000000000000000000e+01 9.013259831437887559e-01
-4.000000000000000000e+01 3.100000000000000000e+01 8.919576993273906629e-01
-4.000000000000000000e+01 3.200000000000000000e+01 8.913975771225166600e-01
-4.000000000000000000e+01 3.300000000000000000e+01 7.589785391128022196e-01
-4.000000000000000000e+01 3.400000000000000000e+01 7.269064531235998050e-01
-4.000000000000000000e+01 3.500000000000000000e+01 8.922676473875931213e-01
-4.000000000000000000e+01 3.600000000000000000e+01 8.039835939424511135e-01
-4.000000000000000000e+01 3.700000000000000000e+01 5.757266588408093133e-01
3.200000000000000000e+02 3.800000000000000000e+01 nan
