Longitude[deg], Latitude[deg], Dust optical depth
2.850000000000000000e+02 -3.600000000000000000e+01 nan
2.850000000000000000e+02 -3.500000000000000000e+01 nan
2.850000000000000000e+02 -3.400000000000000000e+01 nan
2.850000000000000000e+02 -3.300000000000000000e+01 nan
2.850000000000000000e+02 -3.200000000000000000e+01 nan
2.850000000000000000e+02 -3.100000000000000000e+01 nan
2.850000000000000000e+02 -3.000000000000000000e+01 nan
2.850000000000000000e+02 -2.900000000000000000e+01 nan
2.850000000000000000e+02 -2.800000000000000000e+01 nan
2.850000000000000000e+02 -2.700000000000000000e+01 nan
2.850000000000000000e+02 -2.600000000000000000e+01 nan
2.850000000000000000e+02 -2.500000000000000000e+01 nan
-7.500000000000000000e+01 -2.400000000000000000e+01 2.771782524218185717e+00
-7.500000000000000000e+01 -2.300000000000000000e+01 2.957892143515588934e+00
2.850000000000000000e+02 -2.200000000000000000e+01 nan
2.850000000000000000e+02 -2.100000000000000000e+01 nan
2.850000000000000000e+02 -2.000000000000000000e+01 nan
2.850000000000000000e+02 -1.900000000000000000e+01 nan
2.860000000000000000e+02 -3.600000000000000000e+01 nan
2.860000000000000000e+02 -3.500000000000000000e+01 nan
2.860000000000000000e+02 -3.400000000000000000e+01 nan
2.860000000000000000e+02 -3.300000000000000000e+01 nan
2.860000000000000000e+02 -3.200000000000000000e+01 nan
2.860000000000000000e+02 -3.100000000000000000e+01 nan
2.860000000000000000e+02 -3.000000000000000000e+01 nan
2.860000000000000000e+02 -2.900000000000000000e+01 nan
2.860000000000000000e+02 -2.800000000000000000e+01 nan
2.860000000000000000e+02 -2.700000000000000000e+01 nan
2.860000000000000000e+02 -2.600000000000000000e+01 nan
-7.400000000000000000e+01 -2.500000000000000000e+01 2.741209558919478262e+00
-7.400000000000000000e+01 -2.400000000000000000e+01 2.738112364403862742e+00
-7.400000000000000000e+01 -2.300000000000000000e+01 2.980437727191639574e+00
-7.400000000000000000e+01 -2.200000000000000000e+01 3.316428038492033714e+00
-7.400000000000000000e+01 -2.100000000000000000e+01 3.638701030076010312e+00
2.860000000000000000e+02 -2.000000000000000000e+01 nan
2.860000000000000000e+02 -1.900000000000000000e+01 nan
-7.300000000000000000e+01 -3.600000000000000000e+01 6.139957583030417609e-01
2.870000000000000000e+02 -3.500000000000000000e+01 nan
2.870000000000000000e+02 -3.400000000000000000e+01 nan
2.870000000000000000e+02 -3.300000000000000000e+01 nan
2.870000000000000000e+02 -3.200000000000000000e+01 nan
2.870000000000000000e+02 -3.100000000000000000e+01 nan
2.870000000000000000e+02 -3.000000000000000000e+01 nan
2.870000000000000000e+02 -2.900000000000000000e+01 nan
2.870000000000000000e+02 -2.800000000000000000e+01 nan
2.870000000000000000e+02 -2.700000000000000000e+01 nan
2.870000000000000000e+02 -2.600000000000000000e+01 nan
-7.300000000000000000e+01 -2.500000000000000000e+01 2.738649988560924786e+00
-7.300000000000000000e+01 -2.400000000000000000e+01 2.731129766044465779e+00
-7.300000000000000000e+01 -2.300000000000000000e+01 2.981561726415683733e+00
-7.300000000000000000e+01 -2.200000000000000000e+01 3.316877017766479696e+00
-7.300000000000000000e+01 -2.100000000000000000e+01 3.637968097601386397e+00
2.870000000000000000e+02 -2.000000000000000000e+01 nan
2.870000000000000000e+02 -1.900000000000000000e+01 nan
-7.200000000000000000e+01 -3.600000000000000000e+01 6.139957583030417609e-01
2.880000000000000000e+02 -3.500000000000000000e+01 nan
2.880000000000000000e+02 -3.400000000000000000e+01 nan
2.880000000000000000e+02 -3.300000000000000000e+01 nan
2.880000000000000000e+02 -3.200000000000000000e+01 nan
2.880000000000000000e+02 -3.100000000000000000e+01 nan
2.880000000000000000e+02 -3.000000000000000000e+01 nan
2.880000000000000000e+02 -2.900000000000000000e+01 nan
2.880000000000000000e+02 -2.800000000000000000e+01 nan
2.880000000000000000e+02 -2.700000000000000000e+01 nan
2.880000000000000000e+02 -2.600000000000000000e+01 nan
2.880000000000000000e+02 -2.500000000000000000e+01 nan
2.880000000000000000e+02 -2.400000000000000000e+01 nan
2.880000000000000000e+02 -2.300000000000000000e+01 nan
2.880000000000000000e+02 -2.200000000000000000e+01 nan
2.880000000000000000e+02 -2.100000000000000000e+01 nan
2.880000000000000000e+02 -2.000000000000000000e+01 nan
2.880000000000000000e+02 -1.900000000000000000e+01 nan
