Longitude[deg], Latitude[deg], Dust optical depth
1.200000000000000000e+02 7.000000000000000000e+00 nan
1.200000000000000000e+02 8.000000000000000000e+00 nan
1.200000000000000000e+02 9.000000000000000000e+00 nan
1.200000000000000000e+02 1.000000000000000000e+01 nan
1.200000000000000000e+02 1.100000000000000000e+01 nan
1.200000000000000000e+02 1.200000000000000000e+01 nan
1.200000000000000000e+02 1.300000000000000000e+01 nan
1.200000000000000000e+02 1.400000000000000000e+01 nan
1.200000000000000000e+02 1.500000000000000000e+01 nan
1.200000000000000000e+02 1.600000000000000000e+01 nan
1.200000000000000000e+02 1.700000000000000000e+01 nan
1.200000000000000000e+02 1.800000000000000000e+01 nan
1.200000000000000000e+02 1.900000000000000000e+01 nan
1.200000000000000000e+02 2.000000000000000000e+01 nan
1.200000000000000000e+02 2.100000000000000000e+01 nan
1.200000000000000000e+02 2.200000000000000000e+01 nan
1.200000000000000000e+02 2.300000000000000000e+01 nan
1.200000000000000000e+02 2.400000000000000000e+01 nan
1.200000000000000000e+02 2.500000000000000000e+01 nan
1.200000000000000000e+02 2.600000000000000000e+01 nan
1.200000000000000000e+02 2.700000000000000000e+01 nan
1.200000000000000000e+02 2.800000000000000000e+01 nan
1.200000000000000000e+02 2.900000000000000000e+01 nan
1.200000000000000000e+02 3.000000000000000000e+01 nan
1.200000000000000000e+02 3.100000000000000000e+01 nan
1.200000000000000000e+02 3.200000000000000000e+01 nan
1.200000000000000000e+02 3.300000000000000000e+01 nan
1.200000000000000000e+02 3.400000000000000000e+01 nan
1.200000000000000000e+02 3.500000000000000000e+01 nan
1.200000000000000000e+02 3.600000000000000000e+01 nan
1.200000000000000000e+02 3.700000000000000000e+01 nan
1.200000000000000000e+02 3.800000000000000000e+01 nan
1.200000000000000000e+02 3.900000000000000000e+01 nan
1.200000000000000000e+02 4.000000000000000000e+01 nan
1.200000000000000000e+02 4.100000000000000000e+01 nan
1.200000000000000000e+02 4.200000000000000000e+01 nan
1.200000000000000000e+02 4.300000000000000000e+01 nan
1.200000000000000000e+02 4.400000000000000000e+01 nan
1.200000000000000000e+02 4.500000000000000000e+01 nan
1.200000000000000000e+02 4.600000000000000000e+01 9.093069384489735896e-01
1.200000000000000000e+02 4.700000000000000000e+01 6.345841281553806779e-01
1.200000000000000000e+02 4.800000000000000000e+01 6.382425894658879661e-01
1.200000000000000000e+02 4.900000000000000000e+01 6.401341344182741588e-01
1.200000000000000000e+02 5.000000000000000000e+01 6.417911851634744425e-01
1.200000000000000000e+02 5.100000000000000000e+01 nan
1.210000000000000000e+02 7.000000000000000000e+00 nan
1.210000000000000000e+02 8.000000000000000000e+00 nan
1.210000000000000000e+02 9.000000000000000000e+00 nan
1.210000000000000000e+02 1.000000000000000000e+01 nan
1.210000000000000000e+02 1.100000000000000000e+01 nan
1.210000000000000000e+02 1.200000000000000000e+01 nan
1.210000000000000000e+02 1.300000000000000000e+01 nan
1.210000000000000000e+02 1.400000000000000000e+01 nan
1.210000000000000000e+02 1.500000000000000000e+01 nan
1.210000000000000000e+02 1.600000000000000000e+01 nan
1.210000000000000000e+02 1.700000000000000000e+01 nan
1.210000000000000000e+02 1.800000000000000000e+01 nan
1.210000000000000000e+02 1.900000000000000000e+01 nan
1.210000000000000000e+02 2.000000000000000000e+01 nan
1.210000000000000000e+02 2.100000000000000000e+01 nan
1.210000000000000000e+02 2.200000000000000000e+01 nan
1.210000000000000000e+02 2.300000000000000000e+01 nan
1.210000000000000000e+02 2.400000000000000000e+01 nan
1.210000000000000000e+02 2.500000000000000000e+01 nan
1.210000000000000000e+02 2.600000000000000000e+01 nan
1.210000000000000000e+02 2.700000000000000000e+01 nan
1.210000000000000000e+02 2.800000000000000000e+01 nan
1.210000000000000000e+02 2.900000000000000000e+01 nan
1.210000000000000000e+02 3.000000000000000000e+01 nan
1.210000000000000000e+02 3.100000000000000000e+01 nan
1.210000000000000000e+02 3.200000000000000000e+01 9.919192150353616233e-01
1.210000000000000000e+02 3.300000000000000000e+01 1.017359958220218852e+00
1.210000000000000000e+02 3.400000000000000000e+01 1.278392896285925895e+00
1.210000000000000000e+02 3.500000000000000000e+01 1.123221154349042461e+00
1.210000000000000000e+02 3.600000000000000000e+01 1.117318998203463032e+00
1.210000000000000000e+02 3.700000000000000000e+01 1.103407712233336779e+00
1.210000000000000000e+02 3.800000000000000000e+01 1.225292574213598273e+00
1.210000000000000000e+02 3.900000000000000000e+01 1.338878947061085345e+00
1.210000000000000000e+02 4.000000000000000000e+01 1.378140315562524476e+00
1.210000000000000000e+02 4.100000000000000000e+01 1.371921769316339246e+00
1.210000000000000000e+02 4.200000000000000000e+01 1.455357365888162224e+00
1.210000000000000000e+02 4.300000000000000000e+01 1.324552662272265646e+00
1.210000000000000000e+02 4.400000000000000000e+01 1.378487803721372584e+00
1.210000000000000000e+02 4.500000000000000000e+01 1.387643550186400621e+00
1.210000000000000000e+02 4.600000000000000000e+01 1.112946729913107946e+00
1.210000000000000000e+02 4.700000000000000000e+01 9.073777489491045012e-01
1.210000000000000000e+02 4.800000000000000000e+01 6.382425894658879661e-01
1.210000000000000000e+02 4.900000000000000000e+01 6.401341344182741588e-01
1.210000000000000000e+02 5.000000000000000000e+01 6.417911851634744425e-01
1.210000000000000000e+02 5.100000000000000000e+01 nan
1.220000000000000000e+02 7.000000000000000000e+00 1.058724171173471618e+00
1.220000000000000000e+02 8.000000000000000000e+00 1.123795585667759944e+00
1.220000000000000000e+02 9.000000000000000000e+00 1.206174353732091253e+00
1.220000000000000000e+02 1.000000000000000000e+01 1.237610948952694967e+00
1.220000000000000000e+02 1.100000000000000000e+01 1.281174582845702181e+00
1.220000000000000000e+02 1.200000000000000000e+01 1.390327744594018089e+00
1.220000000000000000e+02 1.300000000000000000e+01 1.392643359144262849e+00
1.220000000000000000e+02 1.400000000000000000e+01 1.396907927309039676e+00
1.220000000000000000e+02 1.500000000000000000e+01 1.441958466772284453e+00
1.220000000000000000e+02 1.600000000000000000e+01 1.245771774613494864e+00
1.220000000000000000e+02 1.700000000000000000e+01 1.356285324605761788e+00
1.220000000000000000e+02 1.800000000000000000e+01 1.411681263809333897e+00
1.220000000000000000e+02 1.900000000000000000e+01 1.434113289672446223e+00
1.220000000000000000e+02 2.000000000000000000e+01 1.306004219475246142e+00
1.220000000000000000e+02 2.100000000000000000e+01 1.283538306335206602e+00
1.220000000000000000e+02 2.200000000000000000e+01 1.252306299544786006e+00
1.220000000000000000e+02 2.300000000000000000e+01 1.282546974531097783e+00
1.220000000000000000e+02 2.400000000000000000e+01 1.348510400118706043e+00
1.220000000000000000e+02 2.500000000000000000e+01 1.361460149503952000e+00
1.220000000000000000e+02 2.600000000000000000e+01 1.352865833853049260e+00
1.220000000000000000e+02 2.700000000000000000e+01 1.371917361967702087e+00
1.220000000000000000e+02 2.800000000000000000e+01 1.363993461680816921e+00
1.220000000000000000e+02 2.900000000000000000e+01 1.286033393944899350e+00
1.220000000000000000e+02 3.000000000000000000e+01 1.290869979183652205e+00
1.220000000000000000e+02 3.100000000000000000e+01 1.263061640485235060e+00
1.220000000000000000e+02 3.200000000000000000e+01 1.026568911302986331e+00
1.220000000000000000e+02 3.300000000000000000e+01 1.006790690562167523e+00
1.220000000000000000e+02 3.400000000000000000e+01 1.272752690989741531e+00
1.220000000000000000e+02 3.500000000000000000e+01 1.123221154349042461e+00
1.220000000000000000e+02 3.600000000000000000e+01 1.117318998203463032e+00
1.220000000000000000e+02 3.700000000000000000e+01 1.103407712233336779e+00
1.220000000000000000e+02 3.800000000000000000e+01 1.225292574213598273e+00
1.220000000000000000e+02 3.900000000000000000e+01 1.338878947061085345e+00
1.220000000000000000e+02 4.000000000000000000e+01 1.378140315562524476e+00
1.220000000000000000e+02 4.100000000000000000e+01 1.371921769316339246e+00
1.220000000000000000e+02 4.200000000000000000e+01 1.455357365888162224e+00
1.220000000000000000e+02 4.300000000000000000e+01 1.324552662272265646e+00
1.220000000000000000e+02 4.400000000000000000e+01 1.378487803721372584e+00
1.220000000000000000e+02 4.500000000000000000e+01 1.387643550186400621e+00
1.220000000000000000e+02 4.600000000000000000e+01 1.121772273781170171e+00
1.220000000000000000e+02 4.700000000000000000e+01 9.138565266383685826e-01
1.220000000000000000e+02 4.800000000000000000e+01 6.382647818089923764e-01
1.220000000000000000e+02 4.900000000000000000e+01 nan
1.220000000000000000e+02 5.000000000000000000e+01 nan
1.220000000000000000e+02 5.100000000000000000e+01 nan
1.230000000000000000e+02 7.000000000000000000e+00 1.058724171173471618e+00
1.230000000000000000e+02 8.000000000000000000e+00 1.123795585667759944e+00
1.230000000000000000e+02 9.000000000000000000e+00 1.206174353732091253e+00
1.230000000000000000e+02 1.000000000000000000e+01 1.237610948952694967e+00
1.230000000000000000e+02 1.100000000000000000e+01 1.281174582845702181e+00
1.230000000000000000e+02 1.200000000000000000e+01 1.390327744594018089e+00
1.230000000000000000e+02 1.300000000000000000e+01 1.392643359144262849e+00
1.230000000000000000e+02 1.400000000000000000e+01 1.396907927309039676e+00
1.230000000000000000e+02 1.500000000000000000e+01 1.441958466772284453e+00
1.230000000000000000e+02 1.600000000000000000e+01 1.245771774613494864e+00
1.230000000000000000e+02 1.700000000000000000e+01 1.356285324605761788e+00
1.230000000000000000e+02 1.800000000000000000e+01 1.411681263809333897e+00
1.230000000000000000e+02 1.900000000000000000e+01 1.434113289672446223e+00
1.230000000000000000e+02 2.000000000000000000e+01 1.306004219475246142e+00
1.230000000000000000e+02 2.100000000000000000e+01 1.283538306335206602e+00
1.230000000000000000e+02 2.200000000000000000e+01 1.252306299544786006e+00
1.230000000000000000e+02 2.300000000000000000e+01 1.282546974531097783e+00
1.230000000000000000e+02 2.400000000000000000e+01 1.348510400118706043e+00
1.230000000000000000e+02 2.500000000000000000e+01 1.361460149503952000e+00
1.230000000000000000e+02 2.600000000000000000e+01 1.352865833853049260e+00
1.230000000000000000e+02 2.700000000000000000e+01 1.371917361967702087e+00
1.230000000000000000e+02 2.800000000000000000e+01 1.363993461680816921e+00
1.230000000000000000e+02 2.900000000000000000e+01 1.286033393944899350e+00
1.230000000000000000e+02 3.000000000000000000e+01 1.290869979183652205e+00
1.230000000000000000e+02 3.100000000000000000e+01 1.263659259262161605e+00
1.230000000000000000e+02 3.200000000000000000e+01 1.231490827713644487e+00
1.230000000000000000e+02 3.300000000000000000e+01 9.998995405043582529e-01
1.230000000000000000e+02 3.400000000000000000e+01 9.861994805500897687e-01
1.230000000000000000e+02 3.500000000000000000e+01 nan
1.230000000000000000e+02 3.600000000000000000e+01 nan
1.230000000000000000e+02 3.700000000000000000e+01 nan
1.230000000000000000e+02 3.800000000000000000e+01 nan
1.230000000000000000e+02 3.900000000000000000e+01 nan
1.230000000000000000e+02 4.000000000000000000e+01 nan
1.230000000000000000e+02 4.100000000000000000e+01 nan
1.230000000000000000e+02 4.200000000000000000e+01 nan
1.230000000000000000e+02 4.300000000000000000e+01 nan
1.230000000000000000e+02 4.400000000000000000e+01 nan
1.230000000000000000e+02 4.500000000000000000e+01 nan
1.230000000000000000e+02 4.600000000000000000e+01 nan
1.230000000000000000e+02 4.700000000000000000e+01 nan
1.230000000000000000e+02 4.800000000000000000e+01 nan
1.230000000000000000e+02 4.900000000000000000e+01 nan
1.230000000000000000e+02 5.000000000000000000e+01 nan
1.230000000000000000e+02 5.100000000000000000e+01 nan
