Longitude[deg], Latitude[deg], Dust optical depth
1.550000000000000000e+02 -3.700000000000000000e+01 2.612765276665902081e-01
1.550000000000000000e+02 -3.600000000000000000e+01 2.391742777060252567e-01
1.550000000000000000e+02 -3.500000000000000000e+01 3.301148941804368242e-01
1.550000000000000000e+02 -3.400000000000000000e+01 1.845888362797287463e-01
1.550000000000000000e+02 -3.300000000000000000e+01 1.441056422358968081e-01
1.550000000000000000e+02 -3.200000000000000000e+01 9.137286808567039731e-02
1.550000000000000000e+02 -3.100000000000000000e+01 9.281400426533355230e-02
1.550000000000000000e+02 -3.000000000000000000e+01 nan
1.550000000000000000e+02 -2.900000000000000000e+01 nan
1.550000000000000000e+02 -2.800000000000000000e+01 nan
1.550000000000000000e+02 -2.700000000000000000e+01 nan
1.550000000000000000e+02 -2.600000000000000000e+01 nan
1.550000000000000000e+02 -2.500000000000000000e+01 nan
1.550000000000000000e+02 -2.400000000000000000e+01 nan
1.550000000000000000e+02 -2.300000000000000000e+01 nan
1.550000000000000000e+02 -2.200000000000000000e+01 nan
1.550000000000000000e+02 -2.100000000000000000e+01 nan
1.550000000000000000e+02 -2.000000000000000000e+01 nan
1.560000000000000000e+02 -3.700000000000000000e+01 2.701841279809283347e-01
1.560000000000000000e+02 -3.600000000000000000e+01 2.626029827498160829e-01
1.560000000000000000e+02 -3.500000000000000000e+01 3.152234657746892932e-01
1.560000000000000000e+02 -3.400000000000000000e+01 1.845888362797287463e-01
1.560000000000000000e+02 -3.300000000000000000e+01 1.629496315139638551e-01
1.560000000000000000e+02 -3.200000000000000000e+01 1.028445828894406777e-01
1.560000000000000000e+02 -3.100000000000000000e+01 9.121234028431803031e-02
1.560000000000000000e+02 -3.000000000000000000e+01 1.168925661125188309e-01
1.560000000000000000e+02 -2.900000000000000000e+01 1.378751804954043425e-01
1.560000000000000000e+02 -2.800000000000000000e+01 1.676477990445325306e-01
1.560000000000000000e+02 -2.700000000000000000e+01 1.806598384577356720e-01
1.560000000000000000e+02 -2.600000000000000000e+01 1.591783454316669510e-01
1.560000000000000000e+02 -2.500000000000000000e+01 1.747318636616390086e-01
1.560000000000000000e+02 -2.400000000000000000e+01 2.038927933228374123e-01
1.560000000000000000e+02 -2.300000000000000000e+01 2.310821801546922016e-01
1.560000000000000000e+02 -2.200000000000000000e+01 2.405103184774821101e-01
1.560000000000000000e+02 -2.100000000000000000e+01 nan
1.560000000000000000e+02 -2.000000000000000000e+01 nan
1.570000000000000000e+02 -3.700000000000000000e+01 2.658089805372283454e-01
1.570000000000000000e+02 -3.600000000000000000e+01 2.861098719890050601e-01
1.570000000000000000e+02 -3.500000000000000000e+01 3.276683887622972580e-01
1.570000000000000000e+02 -3.400000000000000000e+01 1.834707251830727248e-01
1.570000000000000000e+02 -3.300000000000000000e+01 1.922921017080175543e-01
1.570000000000000000e+02 -3.200000000000000000e+01 1.141062841053859245e-01
1.570000000000000000e+02 -3.100000000000000000e+01 1.034945066652269707e-01
1.570000000000000000e+02 -3.000000000000000000e+01 1.241602284111143206e-01
1.570000000000000000e+02 -2.900000000000000000e+01 1.324218363446929558e-01
1.570000000000000000e+02 -2.800000000000000000e+01 1.545993891856909386e-01
1.570000000000000000e+02 -2.700000000000000000e+01 1.715570797233675338e-01
1.570000000000000000e+02 -2.600000000000000000e+01 1.691185230915465965e-01
1.570000000000000000e+02 -2.500000000000000000e+01 1.773614722319326320e-01
1.570000000000000000e+02 -2.400000000000000000e+01 1.998802598811441622e-01
1.570000000000000000e+02 -2.300000000000000000e+01 2.248034270598095741e-01
1.570000000000000000e+02 -2.200000000000000000e+01 2.326446638962213764e-01
1.570000000000000000e+02 -2.100000000000000000e+01 nan
1.570000000000000000e+02 -2.000000000000000000e+01 nan
1.580000000000000000e+02 -3.700000000000000000e+01 2.522301890521521650e-01
1.580000000000000000e+02 -3.600000000000000000e+01 3.076176962546186555e-01
1.580000000000000000e+02 -3.500000000000000000e+01 3.436830116363783771e-01
1.580000000000000000e+02 -3.400000000000000000e+01 1.762342487496335597e-01
1.580000000000000000e+02 -3.300000000000000000e+01 2.186078811506716735e-01
1.580000000000000000e+02 -3.200000000000000000e+01 2.135922308137997438e-01
1.580000000000000000e+02 -3.100000000000000000e+01 1.719270633813339000e-01
1.580000000000000000e+02 -3.000000000000000000e+01 1.656771788379824417e-01
1.580000000000000000e+02 -2.900000000000000000e+01 nan
1.580000000000000000e+02 -2.800000000000000000e+01 nan
1.580000000000000000e+02 -2.700000000000000000e+01 nan
1.580000000000000000e+02 -2.600000000000000000e+01 1.953675362599324172e-01
1.580000000000000000e+02 -2.500000000000000000e+01 1.853292019208989949e-01
1.580000000000000000e+02 -2.400000000000000000e+01 1.712651757679484188e-01
1.580000000000000000e+02 -2.300000000000000000e+01 2.033645306503578387e-01
1.580000000000000000e+02 -2.200000000000000000e+01 1.968580192017116148e-01
1.580000000000000000e+02 -2.100000000000000000e+01 nan
1.580000000000000000e+02 -2.000000000000000000e+01 nan
