Longitude[deg], Latitude[deg], Dust optical depth
1.060000000000000000e+02 5.200000000000000000e+01 nan
1.060000000000000000e+02 5.300000000000000000e+01 nan
1.060000000000000000e+02 5.400000000000000000e+01 nan
1.060000000000000000e+02 5.500000000000000000e+01 nan
1.060000000000000000e+02 5.600000000000000000e+01 nan
1.060000000000000000e+02 5.700000000000000000e+01 nan
1.060000000000000000e+02 5.800000000000000000e+01 nan
1.060000000000000000e+02 5.900000000000000000e+01 nan
1.060000000000000000e+02 6.000000000000000000e+01 nan
1.060000000000000000e+02 6.100000000000000000e+01 nan
1.060000000000000000e+02 6.200000000000000000e+01 nan
1.060000000000000000e+02 6.300000000000000000e+01 nan
1.060000000000000000e+02 6.400000000000000000e+01 nan
1.060000000000000000e+02 6.500000000000000000e+01 nan
1.060000000000000000e+02 6.600000000000000000e+01 nan
1.060000000000000000e+02 6.700000000000000000e+01 nan
1.060000000000000000e+02 6.800000000000000000e+01 nan
1.060000000000000000e+02 6.900000000000000000e+01 nan
1.060000000000000000e+02 7.000000000000000000e+01 nan
1.060000000000000000e+02 7.100000000000000000e+01 nan
1.060000000000000000e+02 7.200000000000000000e+01 nan
1.060000000000000000e+02 7.300000000000000000e+01 nan
1.060000000000000000e+02 7.400000000000000000e+01 nan
1.060000000000000000e+02 7.500000000000000000e+01 nan
1.060000000000000000e+02 7.600000000000000000e+01 nan
1.060000000000000000e+02 7.700000000000000000e+01 nan
1.070000000000000000e+02 5.200000000000000000e+01 nan
1.070000000000000000e+02 5.300000000000000000e+01 nan
1.070000000000000000e+02 5.400000000000000000e+01 nan
1.070000000000000000e+02 5.500000000000000000e+01 nan
1.070000000000000000e+02 5.600000000000000000e+01 nan
1.070000000000000000e+02 5.700000000000000000e+01 nan
1.070000000000000000e+02 5.800000000000000000e+01 nan
1.070000000000000000e+02 5.900000000000000000e+01 nan
1.070000000000000000e+02 6.000000000000000000e+01 nan
1.070000000000000000e+02 6.100000000000000000e+01 nan
1.070000000000000000e+02 6.200000000000000000e+01 nan
1.070000000000000000e+02 6.300000000000000000e+01 nan
1.070000000000000000e+02 6.400000000000000000e+01 nan
1.070000000000000000e+02 6.500000000000000000e+01 nan
1.070000000000000000e+02 6.600000000000000000e+01 nan
1.070000000000000000e+02 6.700000000000000000e+01 nan
1.070000000000000000e+02 6.800000000000000000e+01 nan
1.070000000000000000e+02 6.900000000000000000e+01 nan
1.070000000000000000e+02 7.000000000000000000e+01 nan
1.070000000000000000e+02 7.100000000000000000e+01 nan
1.070000000000000000e+02 7.200000000000000000e+01 nan
1.070000000000000000e+02 7.300000000000000000e+01 nan
1.070000000000000000e+02 7.400000000000000000e+01 nan
1.070000000000000000e+02 7.500000000000000000e+01 nan
1.070000000000000000e+02 7.600000000000000000e+01 nan
1.070000000000000000e+02 7.700000000000000000e+01 nan
1.080000000000000000e+02 5.200000000000000000e+01 nan
1.080000000000000000e+02 5.300000000000000000e+01 nan
1.080000000000000000e+02 5.400000000000000000e+01 nan
1.080000000000000000e+02 5.500000000000000000e+01 nan
1.080000000000000000e+02 5.600000000000000000e+01 nan
1.080000000000000000e+02 5.700000000000000000e+01 nan
1.080000000000000000e+02 5.800000000000000000e+01 nan
1.080000000000000000e+02 5.900000000000000000e+01 nan
1.080000000000000000e+02 6.000000000000000000e+01 nan
1.080000000000000000e+02 6.100000000000000000e+01 nan
1.080000000000000000e+02 6.200000000000000000e+01 nan
1.080000000000000000e+02 6.300000000000000000e+01 nan
1.080000000000000000e+02 6.400000000000000000e+01 nan
1.080000000000000000e+02 6.500000000000000000e+01 nan
1.080000000000000000e+02 6.600000000000000000e+01 nan
1.080000000000000000e+02 6.700000000000000000e+01 nan
1.080000000000000000e+02 6.800000000000000000e+01 nan
1.080000000000000000e+02 6.900000000000000000e+01 nan
1.080000000000000000e+02 7.000000000000000000e+01 nan
1.080000000000000000e+02 7.100000000000000000e+01 nan
1.080000000000000000e+02 7.200000000000000000e+01 nan
1.080000000000000000e+02 7.300000000000000000e+01 nan
1.080000000000000000e+02 7.400000000000000000e+01 nan
1.080000000000000000e+02 7.500000000000000000e+01 nan
1.080000000000000000e+02 7.600000000000000000e+01 nan
1.080000000000000000e+02 7.700000000000000000e+01 nan
1.090000000000000000e+02 5.200000000000000000e+01 nan
1.090000000000000000e+02 5.300000000000000000e+01 nan
1.090000000000000000e+02 5.400000000000000000e+01 nan
1.090000000000000000e+02 5.500000000000000000e+01 nan
1.090000000000000000e+02 5.600000000000000000e+01 nan
1.090000000000000000e+02 5.700000000000000000e+01 nan
1.090000000000000000e+02 5.800000000000000000e+01 nan
1.090000000000000000e+02 5.900000000000000000e+01 nan
1.090000000000000000e+02 6.000000000000000000e+01 nan
1.090000000000000000e+02 6.100000000000000000e+01 nan
1.090000000000000000e+02 6.200000000000000000e+01 nan
1.090000000000000000e+02 6.300000000000000000e+01 nan
1.090000000000000000e+02 6.400000000000000000e+01 nan
1.090000000000000000e+02 6.500000000000000000e+01 nan
1.090000000000000000e+02 6.600000000000000000e+01 nan
1.090000000000000000e+02 6.700000000000000000e+01 nan
1.090000000000000000e+02 6.800000000000000000e+01 nan
1.090000000000000000e+02 6.900000000000000000e+01 nan
1.090000000000000000e+02 7.000000000000000000e+01 nan
1.090000000000000000e+02 7.100000000000000000e+01 nan
1.090000000000000000e+02 7.200000000000000000e+01 nan
1.090000000000000000e+02 7.300000000000000000e+01 nan
1.090000000000000000e+02 7.400000000000000000e+01 nan
1.090000000000000000e+02 7.500000000000000000e+01 nan
1.090000000000000000e+02 7.600000000000000000e+01 nan
1.090000000000000000e+02 7.700000000000000000e+01 nan
1.100000000000000000e+02 5.200000000000000000e+01 nan
1.100000000000000000e+02 5.300000000000000000e+01 nan
1.100000000000000000e+02 5.400000000000000000e+01 nan
1.100000000000000000e+02 5.500000000000000000e+01 nan
1.100000000000000000e+02 5.600000000000000000e+01 nan
1.100000000000000000e+02 5.700000000000000000e+01 nan
1.100000000000000000e+02 5.800000000000000000e+01 nan
1.100000000000000000e+02 5.900000000000000000e+01 nan
1.100000000000000000e+02 6.000000000000000000e+01 nan
1.100000000000000000e+02 6.100000000000000000e+01 nan
1.100000000000000000e+02 6.200000000000000000e+01 nan
1.100000000000000000e+02 6.300000000000000000e+01 nan
1.100000000000000000e+02 6.400000000000000000e+01 nan
1.100000000000000000e+02 6.500000000000000000e+01 nan
1.100000000000000000e+02 6.600000000000000000e+01 nan
1.100000000000000000e+02 6.700000000000000000e+01 nan
1.100000000000000000e+02 6.800000000000000000e+01 nan
1.100000000000000000e+02 6.900000000000000000e+01 nan
1.100000000000000000e+02 7.000000000000000000e+01 nan
1.100000000000000000e+02 7.100000000000000000e+01 nan
1.100000000000000000e+02 7.200000000000000000e+01 nan
1.100000000000000000e+02 7.300000000000000000e+01 nan
1.100000000000000000e+02 7.400000000000000000e+01 nan
1.100000000000000000e+02 7.500000000000000000e+01 nan
1.100000000000000000e+02 7.600000000000000000e+01 nan
1.100000000000000000e+02 7.700000000000000000e+01 nan
1.110000000000000000e+02 5.200000000000000000e+01 nan
1.110000000000000000e+02 5.300000000000000000e+01 nan
1.110000000000000000e+02 5.400000000000000000e+01 nan
1.110000000000000000e+02 5.500000000000000000e+01 nan
1.110000000000000000e+02 5.600000000000000000e+01 nan
1.110000000000000000e+02 5.700000000000000000e+01 nan
1.110000000000000000e+02 5.800000000000000000e+01 nan
1.110000000000000000e+02 5.900000000000000000e+01 nan
1.110000000000000000e+02 6.000000000000000000e+01 nan
1.110000000000000000e+02 6.100000000000000000e+01 nan
1.110000000000000000e+02 6.200000000000000000e+01 nan
1.110000000000000000e+02 6.300000000000000000e+01 nan
1.110000000000000000e+02 6.400000000000000000e+01 nan
1.110000000000000000e+02 6.500000000000000000e+01 nan
1.110000000000000000e+02 6.600000000000000000e+01 nan
1.110000000000000000e+02 6.700000000000000000e+01 nan
1.110000000000000000e+02 6.800000000000000000e+01 nan
1.110000000000000000e+02 6.900000000000000000e+01 nan
1.110000000000000000e+02 7.000000000000000000e+01 nan
1.110000000000000000e+02 7.100000000000000000e+01 nan
1.110000000000000000e+02 7.200000000000000000e+01 nan
1.110000000000000000e+02 7.300000000000000000e+01 nan
1.110000000000000000e+02 7.400000000000000000e+01 nan
1.110000000000000000e+02 7.500000000000000000e+01 nan
1.110000000000000000e+02 7.600000000000000000e+01 nan
1.110000000000000000e+02 7.700000000000000000e+01 nan
1.120000000000000000e+02 5.200000000000000000e+01 nan
1.120000000000000000e+02 5.300000000000000000e+01 nan
1.120000000000000000e+02 5.400000000000000000e+01 nan
1.120000000000000000e+02 5.500000000000000000e+01 nan
1.120000000000000000e+02 5.600000000000000000e+01 nan
1.120000000000000000e+02 5.700000000000000000e+01 nan
1.120000000000000000e+02 5.800000000000000000e+01 nan
1.120000000000000000e+02 5.900000000000000000e+01 nan
1.120000000000000000e+02 6.000000000000000000e+01 nan
1.120000000000000000e+02 6.100000000000000000e+01 nan
1.120000000000000000e+02 6.200000000000000000e+01 nan
1.120000000000000000e+02 6.300000000000000000e+01 nan
1.120000000000000000e+02 6.400000000000000000e+01 nan
1.120000000000000000e+02 6.500000000000000000e+01 nan
1.120000000000000000e+02 6.600000000000000000e+01 nan
1.120000000000000000e+02 6.700000000000000000e+01 nan
1.120000000000000000e+02 6.800000000000000000e+01 nan
1.120000000000000000e+02 6.900000000000000000e+01 nan
1.120000000000000000e+02 7.000000000000000000e+01 nan
1.120000000000000000e+02 7.100000000000000000e+01 nan
1.120000000000000000e+02 7.200000000000000000e+01 nan
1.120000000000000000e+02 7.300000000000000000e+01 nan
1.120000000000000000e+02 7.400000000000000000e+01 nan
1.120000000000000000e+02 7.500000000000000000e+01 nan
1.120000000000000000e+02 7.600000000000000000e+01 nan
1.120000000000000000e+02 7.700000000000000000e+01 nan
1.130000000000000000e+02 5.200000000000000000e+01 nan
1.130000000000000000e+02 5.300000000000000000e+01 nan
1.130000000000000000e+02 5.400000000000000000e+01 nan
1.130000000000000000e+02 5.500000000000000000e+01 nan
1.130000000000000000e+02 5.600000000000000000e+01 nan
1.130000000000000000e+02 5.700000000000000000e+01 nan
1.130000000000000000e+02 5.800000000000000000e+01 nan
1.130000000000000000e+02 5.900000000000000000e+01 nan
1.130000000000000000e+02 6.000000000000000000e+01 nan
1.130000000000000000e+02 6.100000000000000000e+01 nan
1.130000000000000000e+02 6.200000000000000000e+01 nan
1.130000000000000000e+02 6.300000000000000000e+01 nan
1.130000000000000000e+02 6.400000000000000000e+01 nan
1.130000000000000000e+02 6.500000000000000000e+01 nan
1.130000000000000000e+02 6.600000000000000000e+01 nan
1.130000000000000000e+02 6.700000000000000000e+01 nan
1.130000000000000000e+02 6.800000000000000000e+01 nan
1.130000000000000000e+02 6.900000000000000000e+01 nan
1.130000000000000000e+02 7.000000000000000000e+01 nan
1.130000000000000000e+02 7.100000000000000000e+01 nan
1.130000000000000000e+02 7.200000000000000000e+01 nan
1.130000000000000000e+02 7.300000000000000000e+01 nan
1.130000000000000000e+02 7.400000000000000000e+01 nan
1.130000000000000000e+02 7.500000000000000000e+01 nan
1.130000000000000000e+02 7.600000000000000000e+01 nan
1.130000000000000000e+02 7.700000000000000000e+01 nan
1.140000000000000000e+02 5.200000000000000000e+01 nan
1.140000000000000000e+02 5.300000000000000000e+01 nan
1.140000000000000000e+02 5.400000000000000000e+01 nan
1.140000000000000000e+02 5.500000000000000000e+01 nan
1.140000000000000000e+02 5.600000000000000000e+01 nan
1.140000000000000000e+02 5.700000000000000000e+01 nan
1.140000000000000000e+02 5.800000000000000000e+01 nan
1.140000000000000000e+02 5.900000000000000000e+01 nan
1.140000000000000000e+02 6.000000000000000000e+01 nan
1.140000000000000000e+02 6.100000000000000000e+01 nan
1.140000000000000000e+02 6.200000000000000000e+01 nan
1.140000000000000000e+02 6.300000000000000000e+01 nan
1.140000000000000000e+02 6.400000000000000000e+01 nan
1.140000000000000000e+02 6.500000000000000000e+01 nan
1.140000000000000000e+02 6.600000000000000000e+01 nan
1.140000000000000000e+02 6.700000000000000000e+01 nan
1.140000000000000000e+02 6.800000000000000000e+01 nan
1.140000000000000000e+02 6.900000000000000000e+01 nan
1.140000000000000000e+02 7.000000000000000000e+01 nan
1.140000000000000000e+02 7.100000000000000000e+01 nan
1.140000000000000000e+02 7.200000000000000000e+01 nan
1.140000000000000000e+02 7.300000000000000000e+01 nan
1.140000000000000000e+02 7.400000000000000000e+01 nan
1.140000000000000000e+02 7.500000000000000000e+01 nan
1.140000000000000000e+02 7.600000000000000000e+01 nan
1.140000000000000000e+02 7.700000000000000000e+01 nan
1.150000000000000000e+02 5.200000000000000000e+01 nan
1.150000000000000000e+02 5.300000000000000000e+01 nan
1.150000000000000000e+02 5.400000000000000000e+01 nan
1.150000000000000000e+02 5.500000000000000000e+01 nan
1.150000000000000000e+02 5.600000000000000000e+01 nan
1.150000000000000000e+02 5.700000000000000000e+01 nan
1.150000000000000000e+02 5.800000000000000000e+01 nan
1.150000000000000000e+02 5.900000000000000000e+01 nan
1.150000000000000000e+02 6.000000000000000000e+01 nan
1.150000000000000000e+02 6.100000000000000000e+01 nan
1.150000000000000000e+02 6.200000000000000000e+01 nan
1.150000000000000000e+02 6.300000000000000000e+01 nan
1.150000000000000000e+02 6.400000000000000000e+01 nan
1.150000000000000000e+02 6.500000000000000000e+01 nan
1.150000000000000000e+02 6.600000000000000000e+01 nan
1.150000000000000000e+02 6.700000000000000000e+01 nan
1.150000000000000000e+02 6.800000000000000000e+01 nan
1.150000000000000000e+02 6.900000000000000000e+01 nan
1.150000000000000000e+02 7.000000000000000000e+01 nan
1.150000000000000000e+02 7.100000000000000000e+01 nan
1.150000000000000000e+02 7.200000000000000000e+01 nan
1.150000000000000000e+02 7.300000000000000000e+01 nan
1.150000000000000000e+02 7.400000000000000000e+01 nan
1.150000000000000000e+02 7.500000000000000000e+01 nan
1.150000000000000000e+02 7.600000000000000000e+01 nan
1.150000000000000000e+02 7.700000000000000000e+01 nan
1.160000000000000000e+02 5.200000000000000000e+01 nan
1.160000000000000000e+02 5.300000000000000000e+01 nan
1.160000000000000000e+02 5.400000000000000000e+01 nan
1.160000000000000000e+02 5.500000000000000000e+01 nan
1.160000000000000000e+02 5.600000000000000000e+01 nan
1.160000000000000000e+02 5.700000000000000000e+01 nan
1.160000000000000000e+02 5.800000000000000000e+01 nan
1.160000000000000000e+02 5.900000000000000000e+01 nan
1.160000000000000000e+02 6.000000000000000000e+01 nan
1.160000000000000000e+02 6.100000000000000000e+01 nan
1.160000000000000000e+02 6.200000000000000000e+01 nan
1.160000000000000000e+02 6.300000000000000000e+01 nan
1.160000000000000000e+02 6.400000000000000000e+01 nan
1.160000000000000000e+02 6.500000000000000000e+01 nan
1.160000000000000000e+02 6.600000000000000000e+01 nan
1.160000000000000000e+02 6.700000000000000000e+01 nan
1.160000000000000000e+02 6.800000000000000000e+01 nan
1.160000000000000000e+02 6.900000000000000000e+01 nan
1.160000000000000000e+02 7.000000000000000000e+01 nan
1.160000000000000000e+02 7.100000000000000000e+01 nan
1.160000000000000000e+02 7.200000000000000000e+01 nan
1.160000000000000000e+02 7.300000000000000000e+01 nan
1.160000000000000000e+02 7.400000000000000000e+01 nan
1.160000000000000000e+02 7.500000000000000000e+01 nan
1.160000000000000000e+02 7.600000000000000000e+01 nan
1.160000000000000000e+02 7.700000000000000000e+01 nan
1.170000000000000000e+02 5.200000000000000000e+01 nan
1.170000000000000000e+02 5.300000000000000000e+01 nan
1.170000000000000000e+02 5.400000000000000000e+01 nan
1.170000000000000000e+02 5.500000000000000000e+01 nan
1.170000000000000000e+02 5.600000000000000000e+01 nan
1.170000000000000000e+02 5.700000000000000000e+01 nan
1.170000000000000000e+02 5.800000000000000000e+01 nan
1.170000000000000000e+02 5.900000000000000000e+01 nan
1.170000000000000000e+02 6.000000000000000000e+01 nan
1.170000000000000000e+02 6.100000000000000000e+01 nan
1.170000000000000000e+02 6.200000000000000000e+01 nan
1.170000000000000000e+02 6.300000000000000000e+01 nan
1.170000000000000000e+02 6.400000000000000000e+01 nan
1.170000000000000000e+02 6.500000000000000000e+01 nan
1.170000000000000000e+02 6.600000000000000000e+01 nan
1.170000000000000000e+02 6.700000000000000000e+01 nan
1.170000000000000000e+02 6.800000000000000000e+01 nan
1.170000000000000000e+02 6.900000000000000000e+01 nan
1.170000000000000000e+02 7.000000000000000000e+01 nan
1.170000000000000000e+02 7.100000000000000000e+01 nan
1.170000000000000000e+02 7.200000000000000000e+01 nan
1.170000000000000000e+02 7.300000000000000000e+01 nan
1.170000000000000000e+02 7.400000000000000000e+01 nan
1.170000000000000000e+02 7.500000000000000000e+01 nan
1.170000000000000000e+02 7.600000000000000000e+01 nan
1.170000000000000000e+02 7.700000000000000000e+01 nan
1.180000000000000000e+02 5.200000000000000000e+01 nan
1.180000000000000000e+02 5.300000000000000000e+01 nan
1.180000000000000000e+02 5.400000000000000000e+01 nan
1.180000000000000000e+02 5.500000000000000000e+01 nan
1.180000000000000000e+02 5.600000000000000000e+01 nan
1.180000000000000000e+02 5.700000000000000000e+01 nan
1.180000000000000000e+02 5.800000000000000000e+01 nan
1.180000000000000000e+02 5.900000000000000000e+01 3.078266612162916527e-02
1.180000000000000000e+02 6.000000000000000000e+01 2.839865639866403016e-02
1.180000000000000000e+02 6.100000000000000000e+01 nan
1.180000000000000000e+02 6.200000000000000000e+01 nan
1.180000000000000000e+02 6.300000000000000000e+01 nan
1.180000000000000000e+02 6.400000000000000000e+01 nan
1.180000000000000000e+02 6.500000000000000000e+01 nan
1.180000000000000000e+02 6.600000000000000000e+01 nan
1.180000000000000000e+02 6.700000000000000000e+01 nan
1.180000000000000000e+02 6.800000000000000000e+01 nan
1.180000000000000000e+02 6.900000000000000000e+01 nan
1.180000000000000000e+02 7.000000000000000000e+01 nan
1.180000000000000000e+02 7.100000000000000000e+01 nan
1.180000000000000000e+02 7.200000000000000000e+01 nan
1.180000000000000000e+02 7.300000000000000000e+01 nan
1.180000000000000000e+02 7.400000000000000000e+01 nan
1.180000000000000000e+02 7.500000000000000000e+01 nan
1.180000000000000000e+02 7.600000000000000000e+01 nan
1.180000000000000000e+02 7.700000000000000000e+01 nan
1.190000000000000000e+02 5.200000000000000000e+01 nan
1.190000000000000000e+02 5.300000000000000000e+01 nan
1.190000000000000000e+02 5.400000000000000000e+01 3.424211099824846921e-02
1.190000000000000000e+02 5.500000000000000000e+01 6.270033690638611434e-02
1.190000000000000000e+02 5.600000000000000000e+01 6.735277665927824620e-02
1.190000000000000000e+02 5.700000000000000000e+01 8.007387268348054032e-02
1.190000000000000000e+02 5.800000000000000000e+01 8.514681317319100495e-02
1.190000000000000000e+02 5.900000000000000000e+01 6.089904925086464527e-02
1.190000000000000000e+02 6.000000000000000000e+01 3.353674113805161366e-02
1.190000000000000000e+02 6.100000000000000000e+01 nan
1.190000000000000000e+02 6.200000000000000000e+01 nan
1.190000000000000000e+02 6.300000000000000000e+01 nan
1.190000000000000000e+02 6.400000000000000000e+01 nan
1.190000000000000000e+02 6.500000000000000000e+01 nan
1.190000000000000000e+02 6.600000000000000000e+01 nan
1.190000000000000000e+02 6.700000000000000000e+01 nan
1.190000000000000000e+02 6.800000000000000000e+01 nan
1.190000000000000000e+02 6.900000000000000000e+01 nan
1.190000000000000000e+02 7.000000000000000000e+01 nan
1.190000000000000000e+02 7.100000000000000000e+01 nan
1.190000000000000000e+02 7.200000000000000000e+01 nan
1.190000000000000000e+02 7.300000000000000000e+01 nan
1.190000000000000000e+02 7.400000000000000000e+01 nan
1.190000000000000000e+02 7.500000000000000000e+01 nan
1.190000000000000000e+02 7.600000000000000000e+01 nan
1.190000000000000000e+02 7.700000000000000000e+01 nan
1.200000000000000000e+02 5.200000000000000000e+01 3.221966685703371858e-01
1.200000000000000000e+02 5.300000000000000000e+01 3.373451484083575536e-01
1.200000000000000000e+02 5.400000000000000000e+01 3.435454734051804349e-02
1.200000000000000000e+02 5.500000000000000000e+01 6.197034225910277166e-02
1.200000000000000000e+02 5.600000000000000000e+01 6.769701692487310740e-02
1.200000000000000000e+02 5.700000000000000000e+01 8.005324426311564989e-02
1.200000000000000000e+02 5.800000000000000000e+01 8.514681317319100495e-02
1.200000000000000000e+02 5.900000000000000000e+01 8.109499357762002536e-02
1.200000000000000000e+02 6.000000000000000000e+01 3.715284504222780837e-02
1.200000000000000000e+02 6.100000000000000000e+01 nan
1.200000000000000000e+02 6.200000000000000000e+01 nan
1.200000000000000000e+02 6.300000000000000000e+01 nan
1.200000000000000000e+02 6.400000000000000000e+01 nan
1.200000000000000000e+02 6.500000000000000000e+01 nan
1.200000000000000000e+02 6.600000000000000000e+01 nan
1.200000000000000000e+02 6.700000000000000000e+01 nan
1.200000000000000000e+02 6.800000000000000000e+01 nan
1.200000000000000000e+02 6.900000000000000000e+01 nan
1.200000000000000000e+02 7.000000000000000000e+01 nan
1.200000000000000000e+02 7.100000000000000000e+01 nan
1.200000000000000000e+02 7.200000000000000000e+01 nan
1.200000000000000000e+02 7.300000000000000000e+01 nan
1.200000000000000000e+02 7.400000000000000000e+01 nan
1.200000000000000000e+02 7.500000000000000000e+01 nan
1.200000000000000000e+02 7.600000000000000000e+01 nan
1.200000000000000000e+02 7.700000000000000000e+01 nan
1.210000000000000000e+02 5.200000000000000000e+01 3.221966685703371858e-01
1.210000000000000000e+02 5.300000000000000000e+01 3.358407969855183306e-01
1.210000000000000000e+02 5.400000000000000000e+01 5.952719995233819034e-02
1.210000000000000000e+02 5.500000000000000000e+01 6.003828339494091809e-02
1.210000000000000000e+02 5.600000000000000000e+01 6.900363752517560401e-02
1.210000000000000000e+02 5.700000000000000000e+01 nan
1.210000000000000000e+02 5.800000000000000000e+01 nan
1.210000000000000000e+02 5.900000000000000000e+01 nan
1.210000000000000000e+02 6.000000000000000000e+01 nan
1.210000000000000000e+02 6.100000000000000000e+01 nan
1.210000000000000000e+02 6.200000000000000000e+01 nan
1.210000000000000000e+02 6.300000000000000000e+01 nan
1.210000000000000000e+02 6.400000000000000000e+01 nan
1.210000000000000000e+02 6.500000000000000000e+01 nan
1.210000000000000000e+02 6.600000000000000000e+01 nan
1.210000000000000000e+02 6.700000000000000000e+01 nan
1.210000000000000000e+02 6.800000000000000000e+01 nan
1.210000000000000000e+02 6.900000000000000000e+01 nan
1.210000000000000000e+02 7.000000000000000000e+01 nan
1.210000000000000000e+02 7.100000000000000000e+01 nan
1.210000000000000000e+02 7.200000000000000000e+01 nan
1.210000000000000000e+02 7.300000000000000000e+01 nan
1.210000000000000000e+02 7.400000000000000000e+01 nan
1.210000000000000000e+02 7.500000000000000000e+01 nan
1.210000000000000000e+02 7.600000000000000000e+01 nan
1.210000000000000000e+02 7.700000000000000000e+01 nan
