Longitude[deg], Latitude[deg], Dust optical depth
2.470000000000000000e+02 -5.000000000000000000e+01 nan
2.470000000000000000e+02 -4.900000000000000000e+01 nan
2.470000000000000000e+02 -4.800000000000000000e+01 nan
2.470000000000000000e+02 -4.700000000000000000e+01 nan
2.470000000000000000e+02 -4.600000000000000000e+01 nan
2.470000000000000000e+02 -4.500000000000000000e+01 nan
2.470000000000000000e+02 -4.400000000000000000e+01 nan
2.470000000000000000e+02 -4.300000000000000000e+01 nan
2.470000000000000000e+02 -4.200000000000000000e+01 nan
2.470000000000000000e+02 -4.100000000000000000e+01 nan
2.470000000000000000e+02 -4.000000000000000000e+01 nan
2.470000000000000000e+02 -3.900000000000000000e+01 nan
2.470000000000000000e+02 -3.800000000000000000e+01 nan
2.470000000000000000e+02 -3.700000000000000000e+01 nan
2.470000000000000000e+02 -3.600000000000000000e+01 nan
2.470000000000000000e+02 -3.500000000000000000e+01 nan
2.470000000000000000e+02 -3.400000000000000000e+01 nan
2.470000000000000000e+02 -3.300000000000000000e+01 nan
-1.120000000000000000e+02 -5.000000000000000000e+01 8.687016621545154971e-01
2.480000000000000000e+02 -4.900000000000000000e+01 nan
2.480000000000000000e+02 -4.800000000000000000e+01 nan
-1.120000000000000000e+02 -4.700000000000000000e+01 9.266722015083947994e-01
-1.120000000000000000e+02 -4.600000000000000000e+01 8.388512440253715896e-01
-1.120000000000000000e+02 -4.500000000000000000e+01 7.989753937703355513e-01
2.480000000000000000e+02 -4.400000000000000000e+01 nan
2.480000000000000000e+02 -4.300000000000000000e+01 nan
2.480000000000000000e+02 -4.200000000000000000e+01 nan
2.480000000000000000e+02 -4.100000000000000000e+01 nan
2.480000000000000000e+02 -4.000000000000000000e+01 nan
2.480000000000000000e+02 -3.900000000000000000e+01 nan
2.480000000000000000e+02 -3.800000000000000000e+01 nan
2.480000000000000000e+02 -3.700000000000000000e+01 nan
2.480000000000000000e+02 -3.600000000000000000e+01 nan
2.480000000000000000e+02 -3.500000000000000000e+01 nan
2.480000000000000000e+02 -3.400000000000000000e+01 nan
2.480000000000000000e+02 -3.300000000000000000e+01 nan
-1.110000000000000000e+02 -5.000000000000000000e+01 8.818360914552870744e-01
2.490000000000000000e+02 -4.900000000000000000e+01 nan
2.490000000000000000e+02 -4.800000000000000000e+01 nan
-1.110000000000000000e+02 -4.700000000000000000e+01 8.487572674407324325e-01
-1.110000000000000000e+02 -4.600000000000000000e+01 8.330798762887497988e-01
-1.110000000000000000e+02 -4.500000000000000000e+01 7.949503555896215712e-01
-1.110000000000000000e+02 -4.400000000000000000e+01 7.926089522552745015e-01
-1.110000000000000000e+02 -4.300000000000000000e+01 6.431981913536944928e-01
-1.110000000000000000e+02 -4.200000000000000000e+01 7.625722549006788142e-01
-1.110000000000000000e+02 -4.100000000000000000e+01 1.205550777248531880e+00
2.490000000000000000e+02 -4.000000000000000000e+01 nan
2.490000000000000000e+02 -3.900000000000000000e+01 nan
2.490000000000000000e+02 -3.800000000000000000e+01 nan
2.490000000000000000e+02 -3.700000000000000000e+01 nan
2.490000000000000000e+02 -3.600000000000000000e+01 nan
2.490000000000000000e+02 -3.500000000000000000e+01 nan
2.490000000000000000e+02 -3.400000000000000000e+01 nan
2.490000000000000000e+02 -3.300000000000000000e+01 nan
-1.100000000000000000e+02 -5.000000000000000000e+01 9.290358702401237956e-01
-1.100000000000000000e+02 -4.900000000000000000e+01 1.002196710295329529e+00
2.500000000000000000e+02 -4.800000000000000000e+01 nan
-1.100000000000000000e+02 -4.700000000000000000e+01 8.431344580288400170e-01
-1.100000000000000000e+02 -4.600000000000000000e+01 8.210221897393624735e-01
-1.100000000000000000e+02 -4.500000000000000000e+01 8.049978383179799968e-01
-1.100000000000000000e+02 -4.400000000000000000e+01 7.969046342397719807e-01
-1.100000000000000000e+02 -4.300000000000000000e+01 6.451396632326298342e-01
-1.100000000000000000e+02 -4.200000000000000000e+01 7.660181236672329863e-01
-1.100000000000000000e+02 -4.100000000000000000e+01 9.984149678746888634e-01
-1.100000000000000000e+02 -4.000000000000000000e+01 1.023708325034323519e+00
2.500000000000000000e+02 -3.900000000000000000e+01 nan
2.500000000000000000e+02 -3.800000000000000000e+01 nan
2.500000000000000000e+02 -3.700000000000000000e+01 nan
2.500000000000000000e+02 -3.600000000000000000e+01 nan
2.500000000000000000e+02 -3.500000000000000000e+01 nan
2.500000000000000000e+02 -3.400000000000000000e+01 nan
2.500000000000000000e+02 -3.300000000000000000e+01 nan
-1.090000000000000000e+02 -5.000000000000000000e+01 8.953670426428241846e-01
-1.090000000000000000e+02 -4.900000000000000000e+01 9.834964898733381533e-01
-1.090000000000000000e+02 -4.800000000000000000e+01 9.223704600040307788e-01
-1.090000000000000000e+02 -4.700000000000000000e+01 8.536087225030639658e-01
-1.090000000000000000e+02 -4.600000000000000000e+01 8.188558936355885276e-01
-1.090000000000000000e+02 -4.500000000000000000e+01 8.253056630060128240e-01
-1.090000000000000000e+02 -4.400000000000000000e+01 8.139875445038997626e-01
-1.090000000000000000e+02 -4.300000000000000000e+01 6.492230437995687442e-01
-1.090000000000000000e+02 -4.200000000000000000e+01 7.797141705096256592e-01
-1.090000000000000000e+02 -4.100000000000000000e+01 9.279103701836516338e-01
-1.090000000000000000e+02 -4.000000000000000000e+01 1.019189098122554649e+00
-1.090000000000000000e+02 -3.900000000000000000e+01 1.053433153464571559e+00
-1.090000000000000000e+02 -3.800000000000000000e+01 1.062850736302187737e+00
-1.090000000000000000e+02 -3.700000000000000000e+01 9.464822466605631313e-01
2.510000000000000000e+02 -3.600000000000000000e+01 nan
2.510000000000000000e+02 -3.500000000000000000e+01 nan
2.510000000000000000e+02 -3.400000000000000000e+01 nan
2.510000000000000000e+02 -3.300000000000000000e+01 nan
-1.080000000000000000e+02 -5.000000000000000000e+01 8.185808924590746161e-01
2.520000000000000000e+02 -4.900000000000000000e+01 nan
-1.080000000000000000e+02 -4.800000000000000000e+01 8.790622854381405782e-01
-1.080000000000000000e+02 -4.700000000000000000e+01 8.785501373734690977e-01
-1.080000000000000000e+02 -4.600000000000000000e+01 8.440979803382530067e-01
-1.080000000000000000e+02 -4.500000000000000000e+01 8.379778657626302252e-01
-1.080000000000000000e+02 -4.400000000000000000e+01 8.231166429643538285e-01
-1.080000000000000000e+02 -4.300000000000000000e+01 6.440320161178961778e-01
-1.080000000000000000e+02 -4.200000000000000000e+01 7.822805906741634452e-01
-1.080000000000000000e+02 -4.100000000000000000e+01 9.501138858079238858e-01
-1.080000000000000000e+02 -4.000000000000000000e+01 1.028323497423252242e+00
-1.080000000000000000e+02 -3.900000000000000000e+01 1.047714611497915227e+00
-1.080000000000000000e+02 -3.800000000000000000e+01 1.047778935570510939e+00
-1.080000000000000000e+02 -3.700000000000000000e+01 9.528782834151776626e-01
2.520000000000000000e+02 -3.600000000000000000e+01 nan
2.520000000000000000e+02 -3.500000000000000000e+01 nan
2.520000000000000000e+02 -3.400000000000000000e+01 nan
2.520000000000000000e+02 -3.300000000000000000e+01 nan
-1.070000000000000000e+02 -5.000000000000000000e+01 8.204765890628666902e-01
2.530000000000000000e+02 -4.900000000000000000e+01 nan
-1.070000000000000000e+02 -4.800000000000000000e+01 8.639194189182322070e-01
-1.070000000000000000e+02 -4.700000000000000000e+01 8.814628124936592091e-01
-1.070000000000000000e+02 -4.600000000000000000e+01 8.753045646998230955e-01
-1.070000000000000000e+02 -4.500000000000000000e+01 8.400640735623986499e-01
-1.070000000000000000e+02 -4.400000000000000000e+01 8.225071973488273791e-01
-1.070000000000000000e+02 -4.300000000000000000e+01 6.335002882363307553e-01
-1.070000000000000000e+02 -4.200000000000000000e+01 7.717478927106226072e-01
-1.070000000000000000e+02 -4.100000000000000000e+01 9.127018081785488457e-01
-1.070000000000000000e+02 -4.000000000000000000e+01 1.008271942572105617e+00
-1.070000000000000000e+02 -3.900000000000000000e+01 1.041058752648659436e+00
-1.070000000000000000e+02 -3.800000000000000000e+01 1.048671620776541857e+00
-1.070000000000000000e+02 -3.700000000000000000e+01 9.678915963647938270e-01
2.530000000000000000e+02 -3.600000000000000000e+01 nan
2.530000000000000000e+02 -3.500000000000000000e+01 nan
2.530000000000000000e+02 -3.400000000000000000e+01 nan
2.530000000000000000e+02 -3.300000000000000000e+01 nan
-1.060000000000000000e+02 -5.000000000000000000e+01 7.609377820210958543e-01
-1.060000000000000000e+02 -4.900000000000000000e+01 8.334859749343458413e-01
-1.060000000000000000e+02 -4.800000000000000000e+01 8.388267639212656501e-01
-1.060000000000000000e+02 -4.700000000000000000e+01 8.416693399275457788e-01
-1.060000000000000000e+02 -4.600000000000000000e+01 8.082189971011952689e-01
-1.060000000000000000e+02 -4.500000000000000000e+01 8.148396576552003889e-01
-1.060000000000000000e+02 -4.400000000000000000e+01 8.282637215532000496e-01
-1.060000000000000000e+02 -4.300000000000000000e+01 6.463476282402186301e-01
-1.060000000000000000e+02 -4.200000000000000000e+01 7.083575646205746423e-01
-1.060000000000000000e+02 -4.100000000000000000e+01 8.472044511974995418e-01
-1.060000000000000000e+02 -4.000000000000000000e+01 8.818983521275427506e-01
-1.060000000000000000e+02 -3.900000000000000000e+01 1.010083899517637773e+00
-1.060000000000000000e+02 -3.800000000000000000e+01 1.101498063021036922e+00
2.540000000000000000e+02 -3.700000000000000000e+01 nan
2.540000000000000000e+02 -3.600000000000000000e+01 nan
2.540000000000000000e+02 -3.500000000000000000e+01 nan
2.540000000000000000e+02 -3.400000000000000000e+01 nan
2.540000000000000000e+02 -3.300000000000000000e+01 nan
-1.050000000000000000e+02 -5.000000000000000000e+01 7.827874307176301283e-01
-1.050000000000000000e+02 -4.900000000000000000e+01 7.968320662145903510e-01
-1.050000000000000000e+02 -4.800000000000000000e+01 8.408873414178480443e-01
-1.050000000000000000e+02 -4.700000000000000000e+01 8.496213448434090099e-01
-1.050000000000000000e+02 -4.600000000000000000e+01 8.147451216939776142e-01
-1.050000000000000000e+02 -4.500000000000000000e+01 8.142079639444217420e-01
-1.050000000000000000e+02 -4.400000000000000000e+01 8.325421622669884059e-01
-1.050000000000000000e+02 -4.300000000000000000e+01 6.523752206221126171e-01
-1.050000000000000000e+02 -4.200000000000000000e+01 7.139775367115571703e-01
-1.050000000000000000e+02 -4.100000000000000000e+01 8.540963558052782068e-01
-1.050000000000000000e+02 -4.000000000000000000e+01 8.903370730318900250e-01
-1.050000000000000000e+02 -3.900000000000000000e+01 1.058110192932149696e+00
-1.050000000000000000e+02 -3.800000000000000000e+01 1.099266560753082267e+00
2.550000000000000000e+02 -3.700000000000000000e+01 nan
2.550000000000000000e+02 -3.600000000000000000e+01 nan
2.550000000000000000e+02 -3.500000000000000000e+01 nan
2.550000000000000000e+02 -3.400000000000000000e+01 nan
2.550000000000000000e+02 -3.300000000000000000e+01 nan
-1.040000000000000000e+02 -5.000000000000000000e+01 8.199544662508488901e-01
-1.040000000000000000e+02 -4.900000000000000000e+01 7.945467030799721053e-01
-1.040000000000000000e+02 -4.800000000000000000e+01 8.397881766043586715e-01
-1.040000000000000000e+02 -4.700000000000000000e+01 8.551406411588466927e-01
-1.040000000000000000e+02 -4.600000000000000000e+01 8.479547166182259677e-01
-1.040000000000000000e+02 -4.500000000000000000e+01 8.149915119264589114e-01
-1.040000000000000000e+02 -4.400000000000000000e+01 8.385902871579075102e-01
-1.040000000000000000e+02 -4.300000000000000000e+01 8.058687392289297646e-01
-1.040000000000000000e+02 -4.200000000000000000e+01 7.817741676933559480e-01
-1.040000000000000000e+02 -4.100000000000000000e+01 8.683742373627854061e-01
2.560000000000000000e+02 -4.000000000000000000e+01 nan
2.560000000000000000e+02 -3.900000000000000000e+01 nan
2.560000000000000000e+02 -3.800000000000000000e+01 nan
2.560000000000000000e+02 -3.700000000000000000e+01 nan
2.560000000000000000e+02 -3.600000000000000000e+01 nan
2.560000000000000000e+02 -3.500000000000000000e+01 nan
2.560000000000000000e+02 -3.400000000000000000e+01 nan
2.560000000000000000e+02 -3.300000000000000000e+01 nan
-1.030000000000000000e+02 -5.000000000000000000e+01 8.240160387567176947e-01
-1.030000000000000000e+02 -4.900000000000000000e+01 7.881399921997638280e-01
2.570000000000000000e+02 -4.800000000000000000e+01 nan
2.570000000000000000e+02 -4.700000000000000000e+01 nan
2.570000000000000000e+02 -4.600000000000000000e+01 nan
2.570000000000000000e+02 -4.500000000000000000e+01 nan
2.570000000000000000e+02 -4.400000000000000000e+01 nan
2.570000000000000000e+02 -4.300000000000000000e+01 nan
2.570000000000000000e+02 -4.200000000000000000e+01 nan
2.570000000000000000e+02 -4.100000000000000000e+01 nan
2.570000000000000000e+02 -4.000000000000000000e+01 nan
2.570000000000000000e+02 -3.900000000000000000e+01 nan
2.570000000000000000e+02 -3.800000000000000000e+01 nan
2.570000000000000000e+02 -3.700000000000000000e+01 nan
2.570000000000000000e+02 -3.600000000000000000e+01 nan
2.570000000000000000e+02 -3.500000000000000000e+01 nan
2.570000000000000000e+02 -3.400000000000000000e+01 nan
2.570000000000000000e+02 -3.300000000000000000e+01 nan
