Longitude[deg], Latitude[deg], Dust optical depth
2.300000000000000000e+01 -3.600000000000000000e+01 nan
2.300000000000000000e+01 -3.500000000000000000e+01 nan
2.300000000000000000e+01 -3.400000000000000000e+01 nan
2.300000000000000000e+01 -3.300000000000000000e+01 nan
2.300000000000000000e+01 -3.200000000000000000e+01 nan
2.300000000000000000e+01 -3.100000000000000000e+01 nan
2.300000000000000000e+01 -3.000000000000000000e+01 nan
2.300000000000000000e+01 -2.900000000000000000e+01 nan
2.300000000000000000e+01 -2.800000000000000000e+01 nan
2.300000000000000000e+01 -2.700000000000000000e+01 nan
2.300000000000000000e+01 -2.600000000000000000e+01 nan
2.300000000000000000e+01 -2.500000000000000000e+01 nan
2.300000000000000000e+01 -2.400000000000000000e+01 nan
2.300000000000000000e+01 -2.300000000000000000e+01 nan
2.300000000000000000e+01 -2.200000000000000000e+01 nan
2.300000000000000000e+01 -2.100000000000000000e+01 nan
2.300000000000000000e+01 -2.000000000000000000e+01 nan
2.300000000000000000e+01 -1.900000000000000000e+01 nan
2.300000000000000000e+01 -1.800000000000000000e+01 nan
2.300000000000000000e+01 -1.700000000000000000e+01 nan
2.300000000000000000e+01 -1.600000000000000000e+01 nan
2.300000000000000000e+01 -1.500000000000000000e+01 nan
2.300000000000000000e+01 -1.400000000000000000e+01 nan
2.300000000000000000e+01 -1.300000000000000000e+01 nan
2.300000000000000000e+01 -1.200000000000000000e+01 nan
2.300000000000000000e+01 -1.100000000000000000e+01 nan
2.300000000000000000e+01 -1.000000000000000000e+01 nan
2.300000000000000000e+01 -9.000000000000000000e+00 nan
2.300000000000000000e+01 -8.000000000000000000e+00 nan
2.300000000000000000e+01 -7.000000000000000000e+00 nan
2.300000000000000000e+01 -6.000000000000000000e+00 nan
2.300000000000000000e+01 -5.000000000000000000e+00 nan
2.300000000000000000e+01 -4.000000000000000000e+00 nan
2.300000000000000000e+01 -3.000000000000000000e+00 nan
2.300000000000000000e+01 -2.000000000000000000e+00 nan
2.300000000000000000e+01 -1.000000000000000000e+00 nan
2.300000000000000000e+01 0.000000000000000000e+00 nan
2.300000000000000000e+01 1.000000000000000000e+00 nan
2.300000000000000000e+01 2.000000000000000000e+00 nan
2.300000000000000000e+01 3.000000000000000000e+00 nan
2.300000000000000000e+01 4.000000000000000000e+00 nan
2.300000000000000000e+01 5.000000000000000000e+00 nan
2.300000000000000000e+01 6.000000000000000000e+00 nan
2.300000000000000000e+01 7.000000000000000000e+00 nan
2.400000000000000000e+01 -3.600000000000000000e+01 9.714263532776276078e-01
2.400000000000000000e+01 -3.500000000000000000e+01 8.341463307106991021e-01
2.400000000000000000e+01 -3.400000000000000000e+01 8.354061345836443220e-01
2.400000000000000000e+01 -3.300000000000000000e+01 9.144710090670898905e-01
2.400000000000000000e+01 -3.200000000000000000e+01 9.529032045513059490e-01
2.400000000000000000e+01 -3.100000000000000000e+01 9.482207446022485886e-01
2.400000000000000000e+01 -3.000000000000000000e+01 9.193143438514292942e-01
2.400000000000000000e+01 -2.900000000000000000e+01 6.550804851240837889e-01
2.400000000000000000e+01 -2.800000000000000000e+01 6.645606756523925185e-01
2.400000000000000000e+01 -2.700000000000000000e+01 6.803758973532820775e-01
2.400000000000000000e+01 -2.600000000000000000e+01 6.945057367638922674e-01
2.400000000000000000e+01 -2.500000000000000000e+01 7.088586511473665697e-01
2.400000000000000000e+01 -2.400000000000000000e+01 7.701328495098607174e-01
2.400000000000000000e+01 -2.300000000000000000e+01 7.280655358124227261e-01
2.400000000000000000e+01 -2.200000000000000000e+01 6.398774803899490715e-01
2.400000000000000000e+01 -2.100000000000000000e+01 5.105163879863791054e-01
2.400000000000000000e+01 -2.000000000000000000e+01 5.724498444024533894e-01
2.400000000000000000e+01 -1.900000000000000000e+01 5.766409299864119209e-01
2.400000000000000000e+01 -1.800000000000000000e+01 5.840789380180414492e-01
2.400000000000000000e+01 -1.700000000000000000e+01 5.947757148353072232e-01
2.400000000000000000e+01 -1.600000000000000000e+01 5.801670882076438440e-01
2.400000000000000000e+01 -1.500000000000000000e+01 4.013011587448265804e-01
2.400000000000000000e+01 -1.400000000000000000e+01 3.041478793667946601e-01
2.400000000000000000e+01 -1.300000000000000000e+01 3.015557677840021711e-01
2.400000000000000000e+01 -1.200000000000000000e+01 3.564672001507614429e-01
2.400000000000000000e+01 -1.100000000000000000e+01 3.247906488539066272e-01
2.400000000000000000e+01 -1.000000000000000000e+01 3.218532053540078541e-01
2.400000000000000000e+01 -9.000000000000000000e+00 3.600746201222008724e-01
2.400000000000000000e+01 -8.000000000000000000e+00 3.849075315021815435e-01
2.400000000000000000e+01 -7.000000000000000000e+00 4.036664569979573902e-01
2.400000000000000000e+01 -6.000000000000000000e+00 3.151545329659084516e-01
2.400000000000000000e+01 -5.000000000000000000e+00 1.263353853376128211e-01
2.400000000000000000e+01 -4.000000000000000000e+00 nan
2.400000000000000000e+01 -3.000000000000000000e+00 nan
2.400000000000000000e+01 -2.000000000000000000e+00 nan
2.400000000000000000e+01 -1.000000000000000000e+00 nan
2.400000000000000000e+01 0.000000000000000000e+00 nan
2.400000000000000000e+01 1.000000000000000000e+00 nan
2.400000000000000000e+01 2.000000000000000000e+00 nan
2.400000000000000000e+01 3.000000000000000000e+00 nan
2.400000000000000000e+01 4.000000000000000000e+00 nan
2.400000000000000000e+01 5.000000000000000000e+00 nan
2.400000000000000000e+01 6.000000000000000000e+00 nan
2.400000000000000000e+01 7.000000000000000000e+00 nan
2.500000000000000000e+01 -3.600000000000000000e+01 9.657689301130736315e-01
2.500000000000000000e+01 -3.500000000000000000e+01 8.335729320334269721e-01
2.500000000000000000e+01 -3.400000000000000000e+01 8.354061345836443220e-01
2.500000000000000000e+01 -3.300000000000000000e+01 9.144710090670898905e-01
2.500000000000000000e+01 -3.200000000000000000e+01 9.529032045513059490e-01
2.500000000000000000e+01 -3.100000000000000000e+01 9.482207446022485886e-01
2.500000000000000000e+01 -3.000000000000000000e+01 9.178926695770123212e-01
2.500000000000000000e+01 -2.900000000000000000e+01 6.551583483885053960e-01
2.500000000000000000e+01 -2.800000000000000000e+01 6.646981882523607110e-01
2.500000000000000000e+01 -2.700000000000000000e+01 6.809456390239647661e-01
2.500000000000000000e+01 -2.600000000000000000e+01 6.953808178027675035e-01
2.500000000000000000e+01 -2.500000000000000000e+01 7.091281825553609197e-01
2.500000000000000000e+01 -2.400000000000000000e+01 7.755821627645455019e-01
2.500000000000000000e+01 -2.300000000000000000e+01 7.255835453023298243e-01
2.500000000000000000e+01 -2.200000000000000000e+01 6.351997027777614990e-01
2.500000000000000000e+01 -2.100000000000000000e+01 5.091340674768538577e-01
2.500000000000000000e+01 -2.000000000000000000e+01 5.719607123397704163e-01
2.500000000000000000e+01 -1.900000000000000000e+01 5.681573405848582281e-01
2.500000000000000000e+01 -1.800000000000000000e+01 5.683087428442593625e-01
2.500000000000000000e+01 -1.700000000000000000e+01 5.916850329388199103e-01
2.500000000000000000e+01 -1.600000000000000000e+01 5.781804194288313603e-01
2.500000000000000000e+01 -1.500000000000000000e+01 3.986304486755849474e-01
2.500000000000000000e+01 -1.400000000000000000e+01 3.033982597333315101e-01
2.500000000000000000e+01 -1.300000000000000000e+01 3.057307995253244481e-01
2.500000000000000000e+01 -1.200000000000000000e+01 3.070748674202135597e-01
2.500000000000000000e+01 -1.100000000000000000e+01 2.584134526727581704e-01
2.500000000000000000e+01 -1.000000000000000000e+01 3.035658332676600124e-01
2.500000000000000000e+01 -9.000000000000000000e+00 3.576125113177732739e-01
2.500000000000000000e+01 -8.000000000000000000e+00 3.965462459738334222e-01
2.500000000000000000e+01 -7.000000000000000000e+00 4.119003493878174993e-01
2.500000000000000000e+01 -6.000000000000000000e+00 3.253273514582546433e-01
2.500000000000000000e+01 -5.000000000000000000e+00 1.263429921024241120e-01
2.500000000000000000e+01 -4.000000000000000000e+00 2.011480003087806057e-01
2.500000000000000000e+01 -3.000000000000000000e+00 2.570710039939780311e-01
2.500000000000000000e+01 -2.000000000000000000e+00 3.055029547873249207e-01
2.500000000000000000e+01 -1.000000000000000000e+00 3.112173722788558750e-01
2.500000000000000000e+01 0.000000000000000000e+00 2.600928982944754053e-01
2.500000000000000000e+01 1.000000000000000000e+00 1.046662937820314609e-01
2.500000000000000000e+01 2.000000000000000000e+00 2.454144542571403964e-01
2.500000000000000000e+01 3.000000000000000000e+00 3.697428336017603012e-01
2.500000000000000000e+01 4.000000000000000000e+00 4.242710312402535600e-01
2.500000000000000000e+01 5.000000000000000000e+00 3.221128376975526120e-01
2.500000000000000000e+01 6.000000000000000000e+00 2.800545501034114038e-01
2.500000000000000000e+01 7.000000000000000000e+00 nan
2.600000000000000000e+01 -3.600000000000000000e+01 nan
2.600000000000000000e+01 -3.500000000000000000e+01 nan
2.600000000000000000e+01 -3.400000000000000000e+01 nan
2.600000000000000000e+01 -3.300000000000000000e+01 nan
2.600000000000000000e+01 -3.200000000000000000e+01 nan
2.600000000000000000e+01 -3.100000000000000000e+01 nan
2.600000000000000000e+01 -3.000000000000000000e+01 nan
2.600000000000000000e+01 -2.900000000000000000e+01 6.869397094483069566e-01
2.600000000000000000e+01 -2.800000000000000000e+01 6.883050197985313146e-01
2.600000000000000000e+01 -2.700000000000000000e+01 7.025369548681890119e-01
2.600000000000000000e+01 -2.600000000000000000e+01 7.077296790410504412e-01
2.600000000000000000e+01 -2.500000000000000000e+01 7.139002144207724498e-01
2.600000000000000000e+01 -2.400000000000000000e+01 8.001247656166116107e-01
2.600000000000000000e+01 -2.300000000000000000e+01 6.992260027969178227e-01
2.600000000000000000e+01 -2.200000000000000000e+01 5.380398650802070692e-01
2.600000000000000000e+01 -2.100000000000000000e+01 4.966012676522385538e-01
2.600000000000000000e+01 -2.000000000000000000e+01 5.674382789141890759e-01
2.600000000000000000e+01 -1.900000000000000000e+01 4.612597979934526804e-01
2.600000000000000000e+01 -1.800000000000000000e+01 3.895622185693851103e-01
2.600000000000000000e+01 -1.700000000000000000e+01 5.848659191067941965e-01
2.600000000000000000e+01 -1.600000000000000000e+01 5.774982396220069703e-01
2.600000000000000000e+01 -1.500000000000000000e+01 3.722125061353760422e-01
2.600000000000000000e+01 -1.400000000000000000e+01 3.033982597333315101e-01
2.600000000000000000e+01 -1.300000000000000000e+01 3.646380376008888091e-01
2.600000000000000000e+01 -1.200000000000000000e+01 1.301710698266349275e-01
2.600000000000000000e+01 -1.100000000000000000e+01 2.108944860389966036e-01
2.600000000000000000e+01 -1.000000000000000000e+01 2.594331535342224715e-01
2.600000000000000000e+01 -9.000000000000000000e+00 3.558164184505399064e-01
2.600000000000000000e+01 -8.000000000000000000e+00 4.044303555114411863e-01
2.600000000000000000e+01 -7.000000000000000000e+00 4.160869248649388674e-01
2.600000000000000000e+01 -6.000000000000000000e+00 3.569687219083897411e-01
2.600000000000000000e+01 -5.000000000000000000e+00 1.284294867474963520e-01
2.600000000000000000e+01 -4.000000000000000000e+00 nan
2.600000000000000000e+01 -3.000000000000000000e+00 2.684672110931842215e-01
2.600000000000000000e+01 -2.000000000000000000e+00 3.184275554314594525e-01
2.600000000000000000e+01 -1.000000000000000000e+00 3.034439644141597725e-01
2.600000000000000000e+01 0.000000000000000000e+00 2.532137896024927448e-01
2.600000000000000000e+01 1.000000000000000000e+00 9.968340561386539178e-02
2.600000000000000000e+01 2.000000000000000000e+00 2.831784929648598070e-01
2.600000000000000000e+01 3.000000000000000000e+00 3.788043019903362674e-01
2.600000000000000000e+01 4.000000000000000000e+00 4.290594465168803828e-01
2.600000000000000000e+01 5.000000000000000000e+00 3.219436106310170076e-01
2.600000000000000000e+01 6.000000000000000000e+00 2.800545501034114038e-01
2.600000000000000000e+01 7.000000000000000000e+00 nan
