Longitude[deg], Latitude[deg], Dust optical depth
-7.400000000000000000e+01 -2.000000000000000000e+01 4.792969013343941320e+00
-7.400000000000000000e+01 -1.900000000000000000e+01 4.790690594157180904e+00
-7.400000000000000000e+01 -1.800000000000000000e+01 4.730721411644871921e+00
2.860000000000000000e+02 -1.700000000000000000e+01 nan
2.860000000000000000e+02 -1.600000000000000000e+01 nan
2.860000000000000000e+02 -1.500000000000000000e+01 nan
2.860000000000000000e+02 -1.400000000000000000e+01 nan
-7.400000000000000000e+01 -1.300000000000000000e+01 4.519441998658879633e+00
-7.400000000000000000e+01 -1.200000000000000000e+01 4.416964854340266200e+00
-7.400000000000000000e+01 -1.100000000000000000e+01 3.964514384491432786e+00
-7.400000000000000000e+01 -1.000000000000000000e+01 3.490031709360106316e+00
-7.400000000000000000e+01 -9.000000000000000000e+00 3.163203115933675758e+00
-7.400000000000000000e+01 -8.000000000000000000e+00 2.369073015470303023e+00
-7.400000000000000000e+01 -7.000000000000000000e+00 2.291831057505774094e+00
-7.400000000000000000e+01 -6.000000000000000000e+00 1.948288667421204767e+00
-7.400000000000000000e+01 -5.000000000000000000e+00 1.854296500556255944e+00
-7.400000000000000000e+01 -4.000000000000000000e+00 2.054455033482263993e+00
-7.400000000000000000e+01 -3.000000000000000000e+00 2.052684395503688641e+00
2.860000000000000000e+02 -2.000000000000000000e+00 nan
2.860000000000000000e+02 -1.000000000000000000e+00 nan
2.860000000000000000e+02 0.000000000000000000e+00 nan
2.860000000000000000e+02 1.000000000000000000e+00 nan
-7.400000000000000000e+01 2.000000000000000000e+00 1.149354327763191685e+00
-7.400000000000000000e+01 3.000000000000000000e+00 1.147845790678186484e+00
-7.400000000000000000e+01 4.000000000000000000e+00 1.244226316874629923e+00
-7.400000000000000000e+01 5.000000000000000000e+00 1.483629503007395156e+00
-7.400000000000000000e+01 6.000000000000000000e+00 1.541134101188262662e+00
-7.400000000000000000e+01 7.000000000000000000e+00 1.463658739406510589e+00
-7.300000000000000000e+01 -2.000000000000000000e+01 4.792969013343941320e+00
-7.300000000000000000e+01 -1.900000000000000000e+01 4.790690594157180904e+00
-7.300000000000000000e+01 -1.800000000000000000e+01 4.730721411644871921e+00
2.870000000000000000e+02 -1.700000000000000000e+01 nan
2.870000000000000000e+02 -1.600000000000000000e+01 nan
2.870000000000000000e+02 -1.500000000000000000e+01 nan
2.870000000000000000e+02 -1.400000000000000000e+01 nan
-7.300000000000000000e+01 -1.300000000000000000e+01 4.516102425589538782e+00
-7.300000000000000000e+01 -1.200000000000000000e+01 4.399566597204608520e+00
-7.300000000000000000e+01 -1.100000000000000000e+01 3.869727485203803052e+00
-7.300000000000000000e+01 -1.000000000000000000e+01 3.483972648419129570e+00
-7.300000000000000000e+01 -9.000000000000000000e+00 3.157381169619328354e+00
-7.300000000000000000e+01 -8.000000000000000000e+00 2.357607105469528008e+00
-7.300000000000000000e+01 -7.000000000000000000e+00 2.251395769503345523e+00
-7.300000000000000000e+01 -6.000000000000000000e+00 1.944046721781851783e+00
-7.300000000000000000e+01 -5.000000000000000000e+00 1.864673185132459610e+00
-7.300000000000000000e+01 -4.000000000000000000e+00 2.091482619785453689e+00
-7.300000000000000000e+01 -3.000000000000000000e+00 2.033898626808748666e+00
2.870000000000000000e+02 -2.000000000000000000e+00 nan
2.870000000000000000e+02 -1.000000000000000000e+00 nan
2.870000000000000000e+02 0.000000000000000000e+00 nan
2.870000000000000000e+02 1.000000000000000000e+00 nan
-7.300000000000000000e+01 2.000000000000000000e+00 1.153252376500807808e+00
-7.300000000000000000e+01 3.000000000000000000e+00 1.144837915371146764e+00
-7.300000000000000000e+01 4.000000000000000000e+00 1.249590609682745601e+00
-7.300000000000000000e+01 5.000000000000000000e+00 1.506173719155037727e+00
-7.300000000000000000e+01 6.000000000000000000e+00 1.559820523264524805e+00
-7.300000000000000000e+01 7.000000000000000000e+00 1.470093730329821380e+00
2.880000000000000000e+02 -2.000000000000000000e+01 nan
2.880000000000000000e+02 -1.900000000000000000e+01 nan
2.880000000000000000e+02 -1.800000000000000000e+01 nan
2.880000000000000000e+02 -1.700000000000000000e+01 nan
2.880000000000000000e+02 -1.600000000000000000e+01 nan
2.880000000000000000e+02 -1.500000000000000000e+01 nan
2.880000000000000000e+02 -1.400000000000000000e+01 nan
2.880000000000000000e+02 -1.300000000000000000e+01 nan
-7.200000000000000000e+01 -1.200000000000000000e+01 3.917296758882749419e+00
-7.200000000000000000e+01 -1.100000000000000000e+01 3.543598642731363046e+00
-7.200000000000000000e+01 -1.000000000000000000e+01 3.427939530515055733e+00
-7.200000000000000000e+01 -9.000000000000000000e+00 3.132117115505030025e+00
-7.200000000000000000e+01 -8.000000000000000000e+00 2.275580050329136128e+00
-7.200000000000000000e+01 -7.000000000000000000e+00 2.103121966947488541e+00
-7.200000000000000000e+01 -6.000000000000000000e+00 1.925472893762405047e+00
-7.200000000000000000e+01 -5.000000000000000000e+00 1.913198825790784374e+00
-7.200000000000000000e+01 -4.000000000000000000e+00 2.151248343729899926e+00
-7.200000000000000000e+01 -3.000000000000000000e+00 1.953126105987726735e+00
2.880000000000000000e+02 -2.000000000000000000e+00 nan
2.880000000000000000e+02 -1.000000000000000000e+00 nan
2.880000000000000000e+02 0.000000000000000000e+00 nan
2.880000000000000000e+02 1.000000000000000000e+00 nan
-7.200000000000000000e+01 2.000000000000000000e+00 1.154166344067611760e+00
-7.200000000000000000e+01 3.000000000000000000e+00 1.137150741125244613e+00
-7.200000000000000000e+01 4.000000000000000000e+00 1.253195361870977909e+00
-7.200000000000000000e+01 5.000000000000000000e+00 1.525340097129428196e+00
-7.200000000000000000e+01 6.000000000000000000e+00 1.578816565911250080e+00
2.880000000000000000e+02 7.000000000000000000e+00 nan
