Longitude[deg], Latitude[deg], Dust optical depth
-1.000000000000000000e+01 -3.600000000000000000e+01 3.030499013316748647e-01
-1.000000000000000000e+01 -3.500000000000000000e+01 3.761022397370661352e-01
-1.000000000000000000e+01 -3.400000000000000000e+01 5.544613170831057536e-01
-1.000000000000000000e+01 -3.300000000000000000e+01 6.425400564675164405e-01
-1.000000000000000000e+01 -3.200000000000000000e+01 7.601309287524814495e-01
-1.000000000000000000e+01 -3.100000000000000000e+01 1.469367157627048615e+00
-1.000000000000000000e+01 -3.000000000000000000e+01 1.886679289656688630e+00
-1.000000000000000000e+01 -2.900000000000000000e+01 2.121615518203386230e+00
-1.000000000000000000e+01 -2.800000000000000000e+01 2.304767990748581852e+00
-1.000000000000000000e+01 -2.700000000000000000e+01 2.512765230719869791e+00
-1.000000000000000000e+01 -2.600000000000000000e+01 2.643357083340814651e+00
-1.000000000000000000e+01 -2.500000000000000000e+01 2.640250205043464415e+00
-1.000000000000000000e+01 -2.400000000000000000e+01 2.481701987938871756e+00
-1.000000000000000000e+01 -2.300000000000000000e+01 2.327035687633400407e+00
-1.000000000000000000e+01 -2.200000000000000000e+01 2.271457789663262172e+00
3.500000000000000000e+02 -2.100000000000000000e+01 nan
3.500000000000000000e+02 -2.000000000000000000e+01 nan
3.500000000000000000e+02 -1.900000000000000000e+01 nan
-9.000000000000000000e+00 -3.600000000000000000e+01 3.545965253565614428e-01
-9.000000000000000000e+00 -3.500000000000000000e+01 3.845735346661248166e-01
-9.000000000000000000e+00 -3.400000000000000000e+01 5.415154652164815285e-01
-9.000000000000000000e+00 -3.300000000000000000e+01 6.339286851133693057e-01
-9.000000000000000000e+00 -3.200000000000000000e+01 7.051962623114185202e-01
-9.000000000000000000e+00 -3.100000000000000000e+01 1.337248491160510255e+00
-9.000000000000000000e+00 -3.000000000000000000e+01 1.822616861858781689e+00
-9.000000000000000000e+00 -2.900000000000000000e+01 2.022130875397268657e+00
-9.000000000000000000e+00 -2.800000000000000000e+01 2.208858643535892785e+00
-9.000000000000000000e+00 -2.700000000000000000e+01 2.456990984672140943e+00
-9.000000000000000000e+00 -2.600000000000000000e+01 2.603057782450260316e+00
-9.000000000000000000e+00 -2.500000000000000000e+01 2.537823547137823876e+00
-9.000000000000000000e+00 -2.400000000000000000e+01 2.390036206492304860e+00
-9.000000000000000000e+00 -2.300000000000000000e+01 2.245709218484198466e+00
-9.000000000000000000e+00 -2.200000000000000000e+01 2.067580096175256177e+00
-9.000000000000000000e+00 -2.100000000000000000e+01 1.855364461019296307e+00
-9.000000000000000000e+00 -2.000000000000000000e+01 1.706192437378413418e+00
3.510000000000000000e+02 -1.900000000000000000e+01 nan
-8.000000000000000000e+00 -3.600000000000000000e+01 3.755282005988330174e-01
-8.000000000000000000e+00 -3.500000000000000000e+01 3.903887256692579744e-01
-8.000000000000000000e+00 -3.400000000000000000e+01 5.213485623781767275e-01
-8.000000000000000000e+00 -3.300000000000000000e+01 6.169195055000270544e-01
-8.000000000000000000e+00 -3.200000000000000000e+01 6.792144555604734402e-01
-8.000000000000000000e+00 -3.100000000000000000e+01 1.302872300314398490e+00
-8.000000000000000000e+00 -3.000000000000000000e+01 1.801059177540602629e+00
-8.000000000000000000e+00 -2.900000000000000000e+01 1.996381677197113902e+00
-8.000000000000000000e+00 -2.800000000000000000e+01 2.169672252321399153e+00
-8.000000000000000000e+00 -2.700000000000000000e+01 2.430593355259237143e+00
-8.000000000000000000e+00 -2.600000000000000000e+01 2.583651740897598525e+00
-8.000000000000000000e+00 -2.500000000000000000e+01 2.435030944762126559e+00
-8.000000000000000000e+00 -2.400000000000000000e+01 2.356432095040986052e+00
-8.000000000000000000e+00 -2.300000000000000000e+01 2.216382069656568810e+00
-8.000000000000000000e+00 -2.200000000000000000e+01 2.041156562650412010e+00
-8.000000000000000000e+00 -2.100000000000000000e+01 1.848604664542217835e+00
-8.000000000000000000e+00 -2.000000000000000000e+01 1.712621812549360190e+00
3.520000000000000000e+02 -1.900000000000000000e+01 nan
-7.000000000000000000e+00 -3.600000000000000000e+01 3.561336862263811409e-01
-7.000000000000000000e+00 -3.500000000000000000e+01 3.752625835039622437e-01
-7.000000000000000000e+00 -3.400000000000000000e+01 5.055834794904326968e-01
-7.000000000000000000e+00 -3.300000000000000000e+01 5.572088796998353466e-01
-7.000000000000000000e+00 -3.200000000000000000e+01 6.458453817730180901e-01
-7.000000000000000000e+00 -3.100000000000000000e+01 1.275033877762522083e+00
-7.000000000000000000e+00 -3.000000000000000000e+01 1.811112450253749895e+00
-7.000000000000000000e+00 -2.900000000000000000e+01 1.985023068724610873e+00
-7.000000000000000000e+00 -2.800000000000000000e+01 2.063698095079287143e+00
-7.000000000000000000e+00 -2.700000000000000000e+01 2.395772626106058567e+00
-7.000000000000000000e+00 -2.600000000000000000e+01 2.451836687841275619e+00
-7.000000000000000000e+00 -2.500000000000000000e+01 2.372660158933782792e+00
-7.000000000000000000e+00 -2.400000000000000000e+01 2.224315840508893860e+00
-7.000000000000000000e+00 -2.300000000000000000e+01 2.063180426017138469e+00
-7.000000000000000000e+00 -2.200000000000000000e+01 1.938165726911751596e+00
-7.000000000000000000e+00 -2.100000000000000000e+01 1.833227380929254746e+00
-7.000000000000000000e+00 -2.000000000000000000e+01 1.741221568369426542e+00
3.530000000000000000e+02 -1.900000000000000000e+01 nan
