Longitude[deg], Latitude[deg], Dust optical depth
3.510000000000000000e+02 3.600000000000000000e+01 nan
3.510000000000000000e+02 3.700000000000000000e+01 nan
3.510000000000000000e+02 3.800000000000000000e+01 nan
3.510000000000000000e+02 3.900000000000000000e+01 nan
3.510000000000000000e+02 4.000000000000000000e+01 nan
3.510000000000000000e+02 4.100000000000000000e+01 nan
3.510000000000000000e+02 4.200000000000000000e+01 nan
3.510000000000000000e+02 4.300000000000000000e+01 nan
3.510000000000000000e+02 4.400000000000000000e+01 nan
3.510000000000000000e+02 4.500000000000000000e+01 nan
3.510000000000000000e+02 4.600000000000000000e+01 nan
3.510000000000000000e+02 4.700000000000000000e+01 nan
3.510000000000000000e+02 4.800000000000000000e+01 nan
-9.000000000000000000e+00 4.900000000000000000e+01 2.780597203079635538e-01
-9.000000000000000000e+00 5.000000000000000000e+01 2.780597203079635538e-01
3.510000000000000000e+02 5.100000000000000000e+01 nan
-8.000000000000000000e+00 3.600000000000000000e+01 5.279161392675955078e-01
-8.000000000000000000e+00 3.700000000000000000e+01 4.973602218257787699e-01
-8.000000000000000000e+00 3.800000000000000000e+01 4.962933903169094441e-01
-8.000000000000000000e+00 3.900000000000000000e+01 4.176518725973628610e-01
-8.000000000000000000e+00 4.000000000000000000e+01 3.013569809543612532e-01
-8.000000000000000000e+00 4.100000000000000000e+01 1.951989968480558335e-01
-8.000000000000000000e+00 4.200000000000000000e+01 1.915117130745420948e-01
-8.000000000000000000e+00 4.300000000000000000e+01 1.924084444294218155e-01
-8.000000000000000000e+00 4.400000000000000000e+01 2.494844982629486618e-01
-8.000000000000000000e+00 4.500000000000000000e+01 1.177226385302185124e-01
-8.000000000000000000e+00 4.600000000000000000e+01 1.164232662798082851e-01
-8.000000000000000000e+00 4.700000000000000000e+01 4.532116466956791906e-02
-8.000000000000000000e+00 4.800000000000000000e+01 6.336402177278752101e-02
-8.000000000000000000e+00 4.900000000000000000e+01 2.094961251754007825e-01
-8.000000000000000000e+00 5.000000000000000000e+01 2.805578764379876300e-01
3.520000000000000000e+02 5.100000000000000000e+01 nan
-7.000000000000000000e+00 3.600000000000000000e+01 5.279161392675955078e-01
-7.000000000000000000e+00 3.700000000000000000e+01 4.973602218257787699e-01
-7.000000000000000000e+00 3.800000000000000000e+01 4.962933903169094441e-01
-7.000000000000000000e+00 3.900000000000000000e+01 4.176518725973628610e-01
-7.000000000000000000e+00 4.000000000000000000e+01 3.013569809543612532e-01
-7.000000000000000000e+00 4.100000000000000000e+01 1.951989968480558335e-01
-7.000000000000000000e+00 4.200000000000000000e+01 1.915117130745420948e-01
-7.000000000000000000e+00 4.300000000000000000e+01 1.924084444294218155e-01
-7.000000000000000000e+00 4.400000000000000000e+01 2.494844982629486618e-01
-7.000000000000000000e+00 4.500000000000000000e+01 1.177226385302185124e-01
-7.000000000000000000e+00 4.600000000000000000e+01 1.164232662798082851e-01
-7.000000000000000000e+00 4.700000000000000000e+01 4.532116466956791906e-02
-7.000000000000000000e+00 4.800000000000000000e+01 6.336402177278752101e-02
-7.000000000000000000e+00 4.900000000000000000e+01 2.020581861041771121e-01
-7.000000000000000000e+00 5.000000000000000000e+01 2.806832411702802066e-01
3.530000000000000000e+02 5.100000000000000000e+01 nan
