Longitude[deg], Latitude[deg], Dust optical depth
-7.500000000000000000e+01 -1.800000000000000000e+01 1.746477631926631080e+00
-7.500000000000000000e+01 -1.700000000000000000e+01 1.707075556736320943e+00
2.850000000000000000e+02 -1.600000000000000000e+01 nan
2.850000000000000000e+02 -1.500000000000000000e+01 nan
2.850000000000000000e+02 -1.400000000000000000e+01 nan
-7.500000000000000000e+01 -1.300000000000000000e+01 2.353664535524311763e+00
-7.500000000000000000e+01 -1.200000000000000000e+01 2.415579287667107167e+00
-7.500000000000000000e+01 -1.100000000000000000e+01 2.308778754024288116e+00
-7.500000000000000000e+01 -1.000000000000000000e+01 2.556180355068801369e+00
-7.500000000000000000e+01 -9.000000000000000000e+00 2.493405283659158478e+00
-7.500000000000000000e+01 -8.000000000000000000e+00 1.946184078534420658e+00
-7.500000000000000000e+01 -7.000000000000000000e+00 1.900161373487252447e+00
-7.500000000000000000e+01 -6.000000000000000000e+00 1.878252245083450678e+00
-7.500000000000000000e+01 -5.000000000000000000e+00 1.681128365819238857e+00
-7.500000000000000000e+01 -4.000000000000000000e+00 1.852553509098386009e+00
-7.500000000000000000e+01 -3.000000000000000000e+00 2.189982011836919984e+00
-7.500000000000000000e+01 -2.000000000000000000e+00 2.473314379641829763e+00
-7.500000000000000000e+01 -1.000000000000000000e+00 2.473314379641829763e+00
2.850000000000000000e+02 0.000000000000000000e+00 nan
2.850000000000000000e+02 1.000000000000000000e+00 nan
-7.500000000000000000e+01 2.000000000000000000e+00 1.216439168468027132e+00
-7.500000000000000000e+01 3.000000000000000000e+00 1.144210899601683984e+00
-7.500000000000000000e+01 4.000000000000000000e+00 1.146415502276801890e+00
-7.500000000000000000e+01 5.000000000000000000e+00 8.456885288630809905e-01
-7.500000000000000000e+01 6.000000000000000000e+00 7.353239351646827515e-01
-7.500000000000000000e+01 7.000000000000000000e+00 8.966150426541956708e-01
-7.500000000000000000e+01 8.000000000000000000e+00 1.037734682151016274e+00
-7.400000000000000000e+01 -1.800000000000000000e+01 1.746477631926631080e+00
-7.400000000000000000e+01 -1.700000000000000000e+01 1.707075556736320943e+00
2.860000000000000000e+02 -1.600000000000000000e+01 nan
2.860000000000000000e+02 -1.500000000000000000e+01 nan
2.860000000000000000e+02 -1.400000000000000000e+01 nan
-7.400000000000000000e+01 -1.300000000000000000e+01 2.353664535524311763e+00
-7.400000000000000000e+01 -1.200000000000000000e+01 2.415579287667107167e+00
-7.400000000000000000e+01 -1.100000000000000000e+01 2.308778754024288116e+00
-7.400000000000000000e+01 -1.000000000000000000e+01 2.556180355068801369e+00
-7.400000000000000000e+01 -9.000000000000000000e+00 2.493405283659158478e+00
-7.400000000000000000e+01 -8.000000000000000000e+00 1.953122831901826562e+00
-7.400000000000000000e+01 -7.000000000000000000e+00 1.905368352735284931e+00
-7.400000000000000000e+01 -6.000000000000000000e+00 1.882485288455013617e+00
-7.400000000000000000e+01 -5.000000000000000000e+00 1.699165006204098383e+00
-7.400000000000000000e+01 -4.000000000000000000e+00 1.873880242858340317e+00
-7.400000000000000000e+01 -3.000000000000000000e+00 2.229357984479130916e+00
-7.400000000000000000e+01 -2.000000000000000000e+00 2.402407355565911562e+00
-7.400000000000000000e+01 -1.000000000000000000e+00 2.402407355565911562e+00
2.860000000000000000e+02 0.000000000000000000e+00 nan
2.860000000000000000e+02 1.000000000000000000e+00 nan
-7.400000000000000000e+01 2.000000000000000000e+00 1.219390903856506503e+00
-7.400000000000000000e+01 3.000000000000000000e+00 1.155850822318942095e+00
-7.400000000000000000e+01 4.000000000000000000e+00 1.158611155715776553e+00
-7.400000000000000000e+01 5.000000000000000000e+00 1.073091046492199441e+00
-7.400000000000000000e+01 6.000000000000000000e+00 7.452813921299950017e-01
-7.400000000000000000e+01 7.000000000000000000e+00 9.210494495331037479e-01
-7.400000000000000000e+01 8.000000000000000000e+00 1.075691148455534707e+00
2.870000000000000000e+02 -1.800000000000000000e+01 nan
2.870000000000000000e+02 -1.700000000000000000e+01 nan
2.870000000000000000e+02 -1.600000000000000000e+01 nan
2.870000000000000000e+02 -1.500000000000000000e+01 nan
2.870000000000000000e+02 -1.400000000000000000e+01 nan
2.870000000000000000e+02 -1.300000000000000000e+01 nan
2.870000000000000000e+02 -1.200000000000000000e+01 nan
2.870000000000000000e+02 -1.100000000000000000e+01 nan
2.870000000000000000e+02 -1.000000000000000000e+01 nan
2.870000000000000000e+02 -9.000000000000000000e+00 nan
2.870000000000000000e+02 -8.000000000000000000e+00 nan
-7.300000000000000000e+01 -7.000000000000000000e+00 2.000092999407435013e+00
-7.300000000000000000e+01 -6.000000000000000000e+00 1.954614407813660915e+00
-7.300000000000000000e+01 -5.000000000000000000e+00 1.824753503882574845e+00
-7.300000000000000000e+01 -4.000000000000000000e+00 2.255935512119926933e+00
-7.300000000000000000e+01 -3.000000000000000000e+00 2.542716113318083337e+00
-7.300000000000000000e+01 -2.000000000000000000e+00 1.950310751538086418e+00
-7.300000000000000000e+01 -1.000000000000000000e+00 1.950310751538086418e+00
2.870000000000000000e+02 0.000000000000000000e+00 nan
2.870000000000000000e+02 1.000000000000000000e+00 nan
-7.300000000000000000e+01 2.000000000000000000e+00 1.231817747562168330e+00
-7.300000000000000000e+01 3.000000000000000000e+00 1.164489815496665415e+00
-7.300000000000000000e+01 4.000000000000000000e+00 1.171718944883813007e+00
-7.300000000000000000e+01 5.000000000000000000e+00 1.162945620899067833e+00
-7.300000000000000000e+01 6.000000000000000000e+00 7.709221752806760808e-01
-7.300000000000000000e+01 7.000000000000000000e+00 9.756978000481923985e-01
2.870000000000000000e+02 8.000000000000000000e+00 nan
