Longitude[deg], Latitude[deg], Dust optical depth
2.830000000000000000e+02 1.100000000000000000e+01 nan
2.830000000000000000e+02 1.200000000000000000e+01 nan
2.830000000000000000e+02 1.300000000000000000e+01 nan
2.830000000000000000e+02 1.400000000000000000e+01 nan
2.830000000000000000e+02 1.500000000000000000e+01 nan
2.830000000000000000e+02 1.600000000000000000e+01 nan
2.830000000000000000e+02 1.700000000000000000e+01 nan
2.830000000000000000e+02 1.800000000000000000e+01 nan
2.830000000000000000e+02 1.900000000000000000e+01 nan
2.830000000000000000e+02 2.000000000000000000e+01 nan
2.830000000000000000e+02 2.100000000000000000e+01 nan
2.830000000000000000e+02 2.200000000000000000e+01 nan
2.830000000000000000e+02 2.300000000000000000e+01 nan
2.830000000000000000e+02 2.400000000000000000e+01 nan
2.830000000000000000e+02 2.500000000000000000e+01 nan
2.830000000000000000e+02 2.600000000000000000e+01 nan
2.830000000000000000e+02 2.700000000000000000e+01 nan
2.830000000000000000e+02 2.800000000000000000e+01 nan
2.830000000000000000e+02 2.900000000000000000e+01 nan
2.830000000000000000e+02 3.000000000000000000e+01 nan
2.830000000000000000e+02 3.100000000000000000e+01 nan
2.830000000000000000e+02 3.200000000000000000e+01 nan
2.830000000000000000e+02 3.300000000000000000e+01 nan
2.830000000000000000e+02 3.400000000000000000e+01 nan
2.830000000000000000e+02 3.500000000000000000e+01 nan
2.830000000000000000e+02 3.600000000000000000e+01 nan
2.830000000000000000e+02 3.700000000000000000e+01 nan
2.830000000000000000e+02 3.800000000000000000e+01 nan
2.830000000000000000e+02 3.900000000000000000e+01 nan
2.830000000000000000e+02 4.000000000000000000e+01 nan
2.830000000000000000e+02 4.100000000000000000e+01 nan
2.830000000000000000e+02 4.200000000000000000e+01 nan
2.830000000000000000e+02 4.300000000000000000e+01 nan
2.830000000000000000e+02 4.400000000000000000e+01 nan
2.830000000000000000e+02 4.500000000000000000e+01 nan
2.830000000000000000e+02 4.600000000000000000e+01 nan
2.830000000000000000e+02 4.700000000000000000e+01 nan
-7.700000000000000000e+01 4.800000000000000000e+01 9.437972392057257798e-01
-7.700000000000000000e+01 4.900000000000000000e+01 9.442591174676067123e-01
-7.700000000000000000e+01 5.000000000000000000e+01 9.441807375573124661e-01
-7.700000000000000000e+01 5.100000000000000000e+01 6.082042170798164227e-01
-7.700000000000000000e+01 5.200000000000000000e+01 6.107833888336392514e-01
-7.700000000000000000e+01 5.300000000000000000e+01 6.145891836198018598e-01
-7.700000000000000000e+01 5.400000000000000000e+01 6.186785774106072777e-01
2.830000000000000000e+02 5.500000000000000000e+01 nan
-7.600000000000000000e+01 1.100000000000000000e+01 1.769461964138129062e+00
-7.600000000000000000e+01 1.200000000000000000e+01 1.727478541695661507e+00
-7.600000000000000000e+01 1.300000000000000000e+01 1.673675577366460221e+00
-7.600000000000000000e+01 1.400000000000000000e+01 1.641584233454574715e+00
-7.600000000000000000e+01 1.500000000000000000e+01 1.648488228726503468e+00
-7.600000000000000000e+01 1.600000000000000000e+01 1.639230917335871895e+00
-7.600000000000000000e+01 1.700000000000000000e+01 1.622724722932208596e+00
-7.600000000000000000e+01 1.800000000000000000e+01 1.479556066082392540e+00
-7.600000000000000000e+01 1.900000000000000000e+01 1.456061523755167064e+00
-7.600000000000000000e+01 2.000000000000000000e+01 1.591155770518109192e+00
-7.600000000000000000e+01 2.100000000000000000e+01 1.743895050467185515e+00
-7.600000000000000000e+01 2.200000000000000000e+01 1.641975488286571361e+00
-7.600000000000000000e+01 2.300000000000000000e+01 1.612155992212303213e+00
-7.600000000000000000e+01 2.400000000000000000e+01 1.373313252373703053e+00
-7.600000000000000000e+01 2.500000000000000000e+01 1.390997697187808635e+00
-7.600000000000000000e+01 2.600000000000000000e+01 1.404619724061759944e+00
-7.600000000000000000e+01 2.700000000000000000e+01 1.391150792045001250e+00
-7.600000000000000000e+01 2.800000000000000000e+01 1.447327642095891820e+00
-7.600000000000000000e+01 2.900000000000000000e+01 1.345361329584628507e+00
-7.600000000000000000e+01 3.000000000000000000e+01 1.384007541864331614e+00
-7.600000000000000000e+01 3.100000000000000000e+01 1.388737763408247838e+00
-7.600000000000000000e+01 3.200000000000000000e+01 1.370009951751469446e+00
-7.600000000000000000e+01 3.300000000000000000e+01 1.343092032427156468e+00
-7.600000000000000000e+01 3.400000000000000000e+01 1.329410815240148258e+00
-7.600000000000000000e+01 3.500000000000000000e+01 1.299139944632840882e+00
-7.600000000000000000e+01 3.600000000000000000e+01 1.211870400850403762e+00
-7.600000000000000000e+01 3.700000000000000000e+01 1.194529518597355677e+00
-7.600000000000000000e+01 3.800000000000000000e+01 1.221154502714261403e+00
-7.600000000000000000e+01 3.900000000000000000e+01 1.153652862341082441e+00
-7.600000000000000000e+01 4.000000000000000000e+01 9.484390009831222823e-01
-7.600000000000000000e+01 4.100000000000000000e+01 9.387759185924876570e-01
-7.600000000000000000e+01 4.200000000000000000e+01 7.327276155504279798e-01
-7.600000000000000000e+01 4.300000000000000000e+01 6.908754144310020884e-01
-7.600000000000000000e+01 4.400000000000000000e+01 7.061845660886493237e-01
-7.600000000000000000e+01 4.500000000000000000e+01 8.855615180590212798e-01
-7.600000000000000000e+01 4.600000000000000000e+01 8.925606612597781764e-01
-7.600000000000000000e+01 4.700000000000000000e+01 8.967245492000927021e-01
-7.600000000000000000e+01 4.800000000000000000e+01 9.415865883433398587e-01
-7.600000000000000000e+01 4.900000000000000000e+01 9.427626137428787301e-01
-7.600000000000000000e+01 5.000000000000000000e+01 9.441988695764798045e-01
-7.600000000000000000e+01 5.100000000000000000e+01 6.082655468418655120e-01
-7.600000000000000000e+01 5.200000000000000000e+01 6.107833888336392514e-01
-7.600000000000000000e+01 5.300000000000000000e+01 6.145891836198018598e-01
-7.600000000000000000e+01 5.400000000000000000e+01 6.186785774106072777e-01
2.840000000000000000e+02 5.500000000000000000e+01 nan
-7.500000000000000000e+01 1.100000000000000000e+01 1.769461964138129062e+00
-7.500000000000000000e+01 1.200000000000000000e+01 1.727478541695661507e+00
-7.500000000000000000e+01 1.300000000000000000e+01 1.673675577366460221e+00
-7.500000000000000000e+01 1.400000000000000000e+01 1.641584233454574715e+00
-7.500000000000000000e+01 1.500000000000000000e+01 1.648488228726503468e+00
-7.500000000000000000e+01 1.600000000000000000e+01 1.639230917335871895e+00
-7.500000000000000000e+01 1.700000000000000000e+01 1.622724722932208596e+00
-7.500000000000000000e+01 1.800000000000000000e+01 1.479556066082392540e+00
-7.500000000000000000e+01 1.900000000000000000e+01 1.456061523755167064e+00
-7.500000000000000000e+01 2.000000000000000000e+01 1.591155770518109192e+00
-7.500000000000000000e+01 2.100000000000000000e+01 1.743895050467185515e+00
-7.500000000000000000e+01 2.200000000000000000e+01 1.641975488286571361e+00
-7.500000000000000000e+01 2.300000000000000000e+01 1.612155992212303213e+00
-7.500000000000000000e+01 2.400000000000000000e+01 1.373313252373703053e+00
-7.500000000000000000e+01 2.500000000000000000e+01 1.390997697187808635e+00
-7.500000000000000000e+01 2.600000000000000000e+01 1.404619724061759944e+00
-7.500000000000000000e+01 2.700000000000000000e+01 1.391150792045001250e+00
-7.500000000000000000e+01 2.800000000000000000e+01 1.447327642095891820e+00
-7.500000000000000000e+01 2.900000000000000000e+01 1.345361329584628507e+00
-7.500000000000000000e+01 3.000000000000000000e+01 1.384007541864331614e+00
-7.500000000000000000e+01 3.100000000000000000e+01 1.388737763408247838e+00
-7.500000000000000000e+01 3.200000000000000000e+01 1.370009951751469446e+00
-7.500000000000000000e+01 3.300000000000000000e+01 1.343092032427156468e+00
-7.500000000000000000e+01 3.400000000000000000e+01 1.329410815240148258e+00
-7.500000000000000000e+01 3.500000000000000000e+01 1.299139944632840882e+00
-7.500000000000000000e+01 3.600000000000000000e+01 1.211870400850403762e+00
-7.500000000000000000e+01 3.700000000000000000e+01 1.194529518597355677e+00
-7.500000000000000000e+01 3.800000000000000000e+01 1.221154502714261403e+00
-7.500000000000000000e+01 3.900000000000000000e+01 1.153652862341082441e+00
-7.500000000000000000e+01 4.000000000000000000e+01 9.484390009831222823e-01
-7.500000000000000000e+01 4.100000000000000000e+01 9.387759185924876570e-01
-7.500000000000000000e+01 4.200000000000000000e+01 7.327276155504279798e-01
-7.500000000000000000e+01 4.300000000000000000e+01 6.908754144310020884e-01
-7.500000000000000000e+01 4.400000000000000000e+01 7.061845660886493237e-01
-7.500000000000000000e+01 4.500000000000000000e+01 8.855615180590212798e-01
-7.500000000000000000e+01 4.600000000000000000e+01 8.925606612597781764e-01
-7.500000000000000000e+01 4.700000000000000000e+01 8.967245492000927021e-01
-7.500000000000000000e+01 4.800000000000000000e+01 9.413372619963227272e-01
-7.500000000000000000e+01 4.900000000000000000e+01 9.421899865774484573e-01
-7.500000000000000000e+01 5.000000000000000000e+01 9.442559579478483345e-01
2.850000000000000000e+02 5.100000000000000000e+01 nan
2.850000000000000000e+02 5.200000000000000000e+01 nan
2.850000000000000000e+02 5.300000000000000000e+01 nan
2.850000000000000000e+02 5.400000000000000000e+01 nan
2.850000000000000000e+02 5.500000000000000000e+01 nan
