Longitude[deg], Latitude[deg], Dust optical depth
3.140000000000000000e+02 -5.100000000000000000e+01 nan
3.140000000000000000e+02 -5.000000000000000000e+01 nan
-4.600000000000000000e+01 -4.900000000000000000e+01 1.233753389515188426e+00
3.140000000000000000e+02 -4.800000000000000000e+01 nan
3.140000000000000000e+02 -4.700000000000000000e+01 nan
3.140000000000000000e+02 -4.600000000000000000e+01 nan
3.140000000000000000e+02 -4.500000000000000000e+01 nan
3.140000000000000000e+02 -4.400000000000000000e+01 nan
3.140000000000000000e+02 -4.300000000000000000e+01 nan
3.140000000000000000e+02 -4.200000000000000000e+01 nan
3.140000000000000000e+02 -4.100000000000000000e+01 nan
3.140000000000000000e+02 -4.000000000000000000e+01 nan
3.140000000000000000e+02 -3.900000000000000000e+01 nan
3.140000000000000000e+02 -3.800000000000000000e+01 nan
3.140000000000000000e+02 -3.700000000000000000e+01 nan
3.140000000000000000e+02 -3.600000000000000000e+01 nan
3.140000000000000000e+02 -3.500000000000000000e+01 nan
3.150000000000000000e+02 -5.100000000000000000e+01 nan
-4.500000000000000000e+01 -5.000000000000000000e+01 1.229887819166123553e+00
-4.500000000000000000e+01 -4.900000000000000000e+01 1.238788637031397855e+00
-4.500000000000000000e+01 -4.800000000000000000e+01 1.243650120410873861e+00
-4.500000000000000000e+01 -4.700000000000000000e+01 1.294026894142641160e+00
-4.500000000000000000e+01 -4.600000000000000000e+01 1.424519428206078464e+00
-4.500000000000000000e+01 -4.500000000000000000e+01 1.682400225014599737e+00
-4.500000000000000000e+01 -4.400000000000000000e+01 1.897133100067617928e+00
-4.500000000000000000e+01 -4.300000000000000000e+01 2.094308820838550300e+00
-4.500000000000000000e+01 -4.200000000000000000e+01 2.183051148824015630e+00
3.150000000000000000e+02 -4.100000000000000000e+01 nan
3.150000000000000000e+02 -4.000000000000000000e+01 nan
3.150000000000000000e+02 -3.900000000000000000e+01 nan
3.150000000000000000e+02 -3.800000000000000000e+01 nan
3.150000000000000000e+02 -3.700000000000000000e+01 nan
3.150000000000000000e+02 -3.600000000000000000e+01 nan
3.150000000000000000e+02 -3.500000000000000000e+01 nan
3.160000000000000000e+02 -5.100000000000000000e+01 nan
-4.400000000000000000e+01 -5.000000000000000000e+01 1.283120534520337586e+00
-4.400000000000000000e+01 -4.900000000000000000e+01 1.261111589128000920e+00
-4.400000000000000000e+01 -4.800000000000000000e+01 1.248014803191045408e+00
-4.400000000000000000e+01 -4.700000000000000000e+01 1.288197226541648588e+00
-4.400000000000000000e+01 -4.600000000000000000e+01 1.439426266436291790e+00
-4.400000000000000000e+01 -4.500000000000000000e+01 1.689647681597580275e+00
-4.400000000000000000e+01 -4.400000000000000000e+01 1.950020863712220942e+00
-4.400000000000000000e+01 -4.300000000000000000e+01 2.131895997818690880e+00
-4.400000000000000000e+01 -4.200000000000000000e+01 2.286615196870898536e+00
-4.400000000000000000e+01 -4.100000000000000000e+01 2.476646760511636902e+00
-4.400000000000000000e+01 -4.000000000000000000e+01 2.476931354719583478e+00
-4.400000000000000000e+01 -3.900000000000000000e+01 2.373110097047932854e+00
-4.400000000000000000e+01 -3.800000000000000000e+01 2.360595473727507887e+00
-4.400000000000000000e+01 -3.700000000000000000e+01 2.307636845209474874e+00
-4.400000000000000000e+01 -3.600000000000000000e+01 2.194395885797347123e+00
3.160000000000000000e+02 -3.500000000000000000e+01 nan
3.170000000000000000e+02 -5.100000000000000000e+01 nan
-4.300000000000000000e+01 -5.000000000000000000e+01 1.297988031606698733e+00
-4.300000000000000000e+01 -4.900000000000000000e+01 1.265913493279204438e+00
-4.300000000000000000e+01 -4.800000000000000000e+01 1.269175951873640518e+00
-4.300000000000000000e+01 -4.700000000000000000e+01 1.309512689816971331e+00
-4.300000000000000000e+01 -4.600000000000000000e+01 1.464320966306600358e+00
-4.300000000000000000e+01 -4.500000000000000000e+01 1.712645242370564258e+00
-4.300000000000000000e+01 -4.400000000000000000e+01 1.971246687285490795e+00
-4.300000000000000000e+01 -4.300000000000000000e+01 2.183078498737548223e+00
-4.300000000000000000e+01 -4.200000000000000000e+01 2.330588126351847311e+00
-4.300000000000000000e+01 -4.100000000000000000e+01 2.487766543631394711e+00
-4.300000000000000000e+01 -4.000000000000000000e+01 2.484727101202840238e+00
-4.300000000000000000e+01 -3.900000000000000000e+01 2.383810796313512004e+00
-4.300000000000000000e+01 -3.800000000000000000e+01 2.327887913517820095e+00
-4.300000000000000000e+01 -3.700000000000000000e+01 2.266577286581494821e+00
-4.300000000000000000e+01 -3.600000000000000000e+01 2.172921219731773324e+00
3.170000000000000000e+02 -3.500000000000000000e+01 nan
3.180000000000000000e+02 -5.100000000000000000e+01 nan
-4.200000000000000000e+01 -5.000000000000000000e+01 1.297036215354250954e+00
-4.200000000000000000e+01 -4.900000000000000000e+01 1.275714601474163157e+00
-4.200000000000000000e+01 -4.800000000000000000e+01 1.292714341777866371e+00
-4.200000000000000000e+01 -4.700000000000000000e+01 1.343084054224552126e+00
-4.200000000000000000e+01 -4.600000000000000000e+01 1.508658249857750544e+00
-4.200000000000000000e+01 -4.500000000000000000e+01 1.748255297855899171e+00
-4.200000000000000000e+01 -4.400000000000000000e+01 1.981649402052188202e+00
-4.200000000000000000e+01 -4.300000000000000000e+01 2.294725428807431022e+00
-4.200000000000000000e+01 -4.200000000000000000e+01 2.459717100038961490e+00
-4.200000000000000000e+01 -4.100000000000000000e+01 2.490165921147508232e+00
-4.200000000000000000e+01 -4.000000000000000000e+01 2.483906315048467039e+00
-4.200000000000000000e+01 -3.900000000000000000e+01 2.433476348846619342e+00
-4.200000000000000000e+01 -3.800000000000000000e+01 2.310204023291719810e+00
-4.200000000000000000e+01 -3.700000000000000000e+01 2.213487578341111650e+00
-4.200000000000000000e+01 -3.600000000000000000e+01 2.189249865939701944e+00
3.180000000000000000e+02 -3.500000000000000000e+01 nan
3.190000000000000000e+02 -5.100000000000000000e+01 nan
-4.100000000000000000e+01 -5.000000000000000000e+01 1.282008386794279087e+00
-4.100000000000000000e+01 -4.900000000000000000e+01 1.289886392217648448e+00
-4.100000000000000000e+01 -4.800000000000000000e+01 1.307989039680287791e+00
-4.100000000000000000e+01 -4.700000000000000000e+01 1.328857483984612120e+00
-4.100000000000000000e+01 -4.600000000000000000e+01 1.513724832644459228e+00
-4.100000000000000000e+01 -4.500000000000000000e+01 1.750184434653458077e+00
-4.100000000000000000e+01 -4.400000000000000000e+01 1.980421691786409477e+00
-4.100000000000000000e+01 -4.300000000000000000e+01 2.336449499910925987e+00
-4.100000000000000000e+01 -4.200000000000000000e+01 2.479960848574812360e+00
-4.100000000000000000e+01 -4.100000000000000000e+01 2.493365391058580460e+00
-4.100000000000000000e+01 -4.000000000000000000e+01 2.476770541334808229e+00
-4.100000000000000000e+01 -3.900000000000000000e+01 2.450374006673815774e+00
-4.100000000000000000e+01 -3.800000000000000000e+01 2.318899899011224175e+00
-4.100000000000000000e+01 -3.700000000000000000e+01 2.220493098394355602e+00
-4.100000000000000000e+01 -3.600000000000000000e+01 2.242139486146530913e+00
3.190000000000000000e+02 -3.500000000000000000e+01 nan
3.200000000000000000e+02 -5.100000000000000000e+01 nan
-4.000000000000000000e+01 -5.000000000000000000e+01 1.092170879519136717e+00
-4.000000000000000000e+01 -4.900000000000000000e+01 1.262573782914501397e+00
-4.000000000000000000e+01 -4.800000000000000000e+01 1.285412896027947838e+00
-4.000000000000000000e+01 -4.700000000000000000e+01 1.294356720941608696e+00
-4.000000000000000000e+01 -4.600000000000000000e+01 1.493562542811325500e+00
-4.000000000000000000e+01 -4.500000000000000000e+01 1.734407821716759779e+00
-4.000000000000000000e+01 -4.400000000000000000e+01 2.056392877076686165e+00
-4.000000000000000000e+01 -4.300000000000000000e+01 2.404909955645686548e+00
-4.000000000000000000e+01 -4.200000000000000000e+01 2.478880445171220970e+00
-4.000000000000000000e+01 -4.100000000000000000e+01 2.463290267062455463e+00
-4.000000000000000000e+01 -4.000000000000000000e+01 2.388076500292918514e+00
-4.000000000000000000e+01 -3.900000000000000000e+01 2.310372026098996390e+00
-4.000000000000000000e+01 -3.800000000000000000e+01 2.258378606234832553e+00
-4.000000000000000000e+01 -3.700000000000000000e+01 2.157576683060722811e+00
-4.000000000000000000e+01 -3.600000000000000000e+01 2.098684056313906421e+00
3.200000000000000000e+02 -3.500000000000000000e+01 nan
3.210000000000000000e+02 -5.100000000000000000e+01 nan
-3.900000000000000000e+01 -5.000000000000000000e+01 8.860545536947919132e-01
-3.900000000000000000e+01 -4.900000000000000000e+01 1.141690391715180386e+00
-3.900000000000000000e+01 -4.800000000000000000e+01 1.240091994712824830e+00
-3.900000000000000000e+01 -4.700000000000000000e+01 1.385754630470286131e+00
-3.900000000000000000e+01 -4.600000000000000000e+01 1.564768644172138234e+00
-3.900000000000000000e+01 -4.500000000000000000e+01 1.709012475348569149e+00
-3.900000000000000000e+01 -4.400000000000000000e+01 2.057086474981355106e+00
-3.900000000000000000e+01 -4.300000000000000000e+01 2.443084010987514709e+00
-3.900000000000000000e+01 -4.200000000000000000e+01 2.476926849035955058e+00
-3.900000000000000000e+01 -4.100000000000000000e+01 2.465323771330952596e+00
-3.900000000000000000e+01 -4.000000000000000000e+01 2.350307792163754517e+00
-3.900000000000000000e+01 -3.900000000000000000e+01 2.281803242290332268e+00
-3.900000000000000000e+01 -3.800000000000000000e+01 2.244234466010531559e+00
-3.900000000000000000e+01 -3.700000000000000000e+01 2.116702794534419674e+00
-3.900000000000000000e+01 -3.600000000000000000e+01 2.031404249708032239e+00
3.210000000000000000e+02 -3.500000000000000000e+01 nan
3.220000000000000000e+02 -5.100000000000000000e+01 nan
-3.800000000000000000e+01 -5.000000000000000000e+01 9.082536438854698080e-01
-3.800000000000000000e+01 -4.900000000000000000e+01 1.041916513584011605e+00
-3.800000000000000000e+01 -4.800000000000000000e+01 1.232522221602613266e+00
-3.800000000000000000e+01 -4.700000000000000000e+01 1.394783487415754086e+00
-3.800000000000000000e+01 -4.600000000000000000e+01 1.565405185068010629e+00
-3.800000000000000000e+01 -4.500000000000000000e+01 1.700708257996444983e+00
-3.800000000000000000e+01 -4.400000000000000000e+01 2.036979978842245131e+00
-3.800000000000000000e+01 -4.300000000000000000e+01 2.445637824263593885e+00
-3.800000000000000000e+01 -4.200000000000000000e+01 2.482162159466495766e+00
-3.800000000000000000e+01 -4.100000000000000000e+01 2.549617822208304574e+00
-3.800000000000000000e+01 -4.000000000000000000e+01 2.441858884309616951e+00
-3.800000000000000000e+01 -3.900000000000000000e+01 2.306491457762859909e+00
-3.800000000000000000e+01 -3.800000000000000000e+01 2.263949075031528313e+00
-3.800000000000000000e+01 -3.700000000000000000e+01 2.190974241859727112e+00
3.220000000000000000e+02 -3.600000000000000000e+01 nan
3.220000000000000000e+02 -3.500000000000000000e+01 nan
3.230000000000000000e+02 -5.100000000000000000e+01 nan
-3.700000000000000000e+01 -5.000000000000000000e+01 9.765129111417006902e-01
-3.700000000000000000e+01 -4.900000000000000000e+01 1.013394837364221202e+00
-3.700000000000000000e+01 -4.800000000000000000e+01 1.211797194547558298e+00
-3.700000000000000000e+01 -4.700000000000000000e+01 1.396264357592556404e+00
-3.700000000000000000e+01 -4.600000000000000000e+01 1.452826323093616034e+00
3.230000000000000000e+02 -4.500000000000000000e+01 nan
3.230000000000000000e+02 -4.400000000000000000e+01 nan
3.230000000000000000e+02 -4.300000000000000000e+01 nan
3.230000000000000000e+02 -4.200000000000000000e+01 nan
3.230000000000000000e+02 -4.100000000000000000e+01 nan
3.230000000000000000e+02 -4.000000000000000000e+01 nan
3.230000000000000000e+02 -3.900000000000000000e+01 nan
3.230000000000000000e+02 -3.800000000000000000e+01 nan
3.230000000000000000e+02 -3.700000000000000000e+01 nan
3.230000000000000000e+02 -3.600000000000000000e+01 nan
3.230000000000000000e+02 -3.500000000000000000e+01 nan
3.240000000000000000e+02 -5.100000000000000000e+01 nan
3.240000000000000000e+02 -5.000000000000000000e+01 nan
3.240000000000000000e+02 -4.900000000000000000e+01 nan
3.240000000000000000e+02 -4.800000000000000000e+01 nan
3.240000000000000000e+02 -4.700000000000000000e+01 nan
3.240000000000000000e+02 -4.600000000000000000e+01 nan
3.240000000000000000e+02 -4.500000000000000000e+01 nan
3.240000000000000000e+02 -4.400000000000000000e+01 nan
3.240000000000000000e+02 -4.300000000000000000e+01 nan
3.240000000000000000e+02 -4.200000000000000000e+01 nan
3.240000000000000000e+02 -4.100000000000000000e+01 nan
3.240000000000000000e+02 -4.000000000000000000e+01 nan
3.240000000000000000e+02 -3.900000000000000000e+01 nan
3.240000000000000000e+02 -3.800000000000000000e+01 nan
3.240000000000000000e+02 -3.700000000000000000e+01 nan
3.240000000000000000e+02 -3.600000000000000000e+01 nan
3.240000000000000000e+02 -3.500000000000000000e+01 nan
