Longitude[deg], Latitude[deg], Dust optical depth
-9.000000000000000000e+00 8.000000000000000000e+00 6.676280495784021607e-01
-9.000000000000000000e+00 9.000000000000000000e+00 5.366043056331292194e-01
-9.000000000000000000e+00 1.000000000000000000e+01 3.680070501871915978e-01
-9.000000000000000000e+00 1.100000000000000000e+01 6.099611249748679853e-01
-9.000000000000000000e+00 1.200000000000000000e+01 6.099735280057093645e-01
-9.000000000000000000e+00 1.300000000000000000e+01 5.965348209582573835e-01
-9.000000000000000000e+00 1.400000000000000000e+01 5.523734572088663253e-01
-9.000000000000000000e+00 1.500000000000000000e+01 5.244290223138328155e-01
-9.000000000000000000e+00 1.600000000000000000e+01 5.079304395607490141e-01
-9.000000000000000000e+00 1.700000000000000000e+01 3.233936564245880052e-01
-9.000000000000000000e+00 1.800000000000000000e+01 3.517000061633053787e-01
-9.000000000000000000e+00 1.900000000000000000e+01 3.214650191398678025e-01
-9.000000000000000000e+00 2.000000000000000000e+01 2.329607095180311338e-01
-9.000000000000000000e+00 2.100000000000000000e+01 1.978676089837201613e-01
-9.000000000000000000e+00 2.200000000000000000e+01 4.956979895541746006e-01
-9.000000000000000000e+00 2.300000000000000000e+01 6.360770839655487396e-01
-9.000000000000000000e+00 2.400000000000000000e+01 5.935877002704214034e-01
-9.000000000000000000e+00 2.500000000000000000e+01 3.197278843741881982e-01
-9.000000000000000000e+00 2.600000000000000000e+01 3.234236315922208727e-01
-9.000000000000000000e+00 2.700000000000000000e+01 3.684278054812915038e-01
-9.000000000000000000e+00 2.800000000000000000e+01 4.170328536236270756e-01
-9.000000000000000000e+00 2.900000000000000000e+01 4.719221562414219195e-01
-9.000000000000000000e+00 3.000000000000000000e+01 1.075291215701781877e-01
-9.000000000000000000e+00 3.100000000000000000e+01 1.197798135158358590e-01
-9.000000000000000000e+00 3.200000000000000000e+01 5.321151905086078937e-01
-9.000000000000000000e+00 3.300000000000000000e+01 5.633077449296420847e-01
-9.000000000000000000e+00 3.400000000000000000e+01 2.969488438007124032e-01
-9.000000000000000000e+00 3.500000000000000000e+01 5.136320598100317936e-01
-9.000000000000000000e+00 3.600000000000000000e+01 5.856758992178107137e-01
-9.000000000000000000e+00 3.700000000000000000e+01 6.200768474189867208e-01
-8.000000000000000000e+00 8.000000000000000000e+00 6.801002902330607336e-01
-8.000000000000000000e+00 9.000000000000000000e+00 5.685437082022825050e-01
-8.000000000000000000e+00 1.000000000000000000e+01 4.125764221743830062e-01
-8.000000000000000000e+00 1.100000000000000000e+01 6.185232175070852767e-01
-8.000000000000000000e+00 1.200000000000000000e+01 6.144634353602934640e-01
-8.000000000000000000e+00 1.300000000000000000e+01 4.765621523590028996e-01
-8.000000000000000000e+00 1.400000000000000000e+01 5.458915218418678439e-01
-8.000000000000000000e+00 1.500000000000000000e+01 5.326883670352032807e-01
-8.000000000000000000e+00 1.600000000000000000e+01 5.325877592416394801e-01
-8.000000000000000000e+00 1.700000000000000000e+01 3.427820427452002439e-01
-8.000000000000000000e+00 1.800000000000000000e+01 4.535734700644974415e-01
-8.000000000000000000e+00 1.900000000000000000e+01 3.585735279463566627e-01
-8.000000000000000000e+00 2.000000000000000000e+01 2.359241846359177441e-01
-8.000000000000000000e+00 2.100000000000000000e+01 1.974807961064888595e-01
-8.000000000000000000e+00 2.200000000000000000e+01 5.025699420654776706e-01
-8.000000000000000000e+00 2.300000000000000000e+01 6.442504902689294433e-01
-8.000000000000000000e+00 2.400000000000000000e+01 5.755007236386788794e-01
-8.000000000000000000e+00 2.500000000000000000e+01 3.141494015165078868e-01
-8.000000000000000000e+00 2.600000000000000000e+01 3.104889591571459162e-01
-8.000000000000000000e+00 2.700000000000000000e+01 3.693729542849777392e-01
-8.000000000000000000e+00 2.800000000000000000e+01 4.167401450526517226e-01
-8.000000000000000000e+00 2.900000000000000000e+01 4.719221562414219195e-01
-8.000000000000000000e+00 3.000000000000000000e+01 1.075291215701781877e-01
-8.000000000000000000e+00 3.100000000000000000e+01 1.197798135158358590e-01
-8.000000000000000000e+00 3.200000000000000000e+01 5.321151905086078937e-01
-8.000000000000000000e+00 3.300000000000000000e+01 5.633077449296420847e-01
-8.000000000000000000e+00 3.400000000000000000e+01 2.969488438007124032e-01
-8.000000000000000000e+00 3.500000000000000000e+01 5.136320598100317936e-01
-8.000000000000000000e+00 3.600000000000000000e+01 5.856758992178107137e-01
-8.000000000000000000e+00 3.700000000000000000e+01 6.200768474189867208e-01
-7.000000000000000000e+00 8.000000000000000000e+00 6.823710221550627342e-01
-7.000000000000000000e+00 9.000000000000000000e+00 5.816547351935084098e-01
-7.000000000000000000e+00 1.000000000000000000e+01 4.923066463321238984e-01
-7.000000000000000000e+00 1.100000000000000000e+01 6.207148276973378787e-01
-7.000000000000000000e+00 1.200000000000000000e+01 6.150741841430825696e-01
-7.000000000000000000e+00 1.300000000000000000e+01 4.437606967589568518e-01
-7.000000000000000000e+00 1.400000000000000000e+01 5.380472536871282463e-01
-7.000000000000000000e+00 1.500000000000000000e+01 5.343130984706514486e-01
-7.000000000000000000e+00 1.600000000000000000e+01 5.349325296513453010e-01
-7.000000000000000000e+00 1.700000000000000000e+01 3.475555506733203348e-01
-7.000000000000000000e+00 1.800000000000000000e+01 4.644652489235067128e-01
-7.000000000000000000e+00 1.900000000000000000e+01 4.087074151335571837e-01
-7.000000000000000000e+00 2.000000000000000000e+01 2.376698032337689059e-01
-7.000000000000000000e+00 2.100000000000000000e+01 1.970819969163591090e-01
-7.000000000000000000e+00 2.200000000000000000e+01 5.070490171424437698e-01
-7.000000000000000000e+00 2.300000000000000000e+01 6.467378724629169184e-01
-7.000000000000000000e+00 2.400000000000000000e+01 5.604778328002960608e-01
-7.000000000000000000e+00 2.500000000000000000e+01 3.128288600206620695e-01
-7.000000000000000000e+00 2.600000000000000000e+01 1.703043358570992538e-01
3.530000000000000000e+02 2.700000000000000000e+01 nan
3.530000000000000000e+02 2.800000000000000000e+01 nan
3.530000000000000000e+02 2.900000000000000000e+01 nan
3.530000000000000000e+02 3.000000000000000000e+01 nan
3.530000000000000000e+02 3.100000000000000000e+01 nan
3.530000000000000000e+02 3.200000000000000000e+01 nan
3.530000000000000000e+02 3.300000000000000000e+01 nan
3.530000000000000000e+02 3.400000000000000000e+01 nan
3.530000000000000000e+02 3.500000000000000000e+01 nan
3.530000000000000000e+02 3.600000000000000000e+01 nan
3.530000000000000000e+02 3.700000000000000000e+01 nan
