Longitude[deg], Latitude[deg], Dust optical depth
1.560000000000000000e+02 6.000000000000000000e+00 nan
1.560000000000000000e+02 7.000000000000000000e+00 6.040958556561548676e-01
1.560000000000000000e+02 8.000000000000000000e+00 nan
1.560000000000000000e+02 9.000000000000000000e+00 nan
1.560000000000000000e+02 1.000000000000000000e+01 nan
1.560000000000000000e+02 1.100000000000000000e+01 nan
1.560000000000000000e+02 1.200000000000000000e+01 nan
1.560000000000000000e+02 1.300000000000000000e+01 nan
1.560000000000000000e+02 1.400000000000000000e+01 nan
1.560000000000000000e+02 1.500000000000000000e+01 nan
1.560000000000000000e+02 1.600000000000000000e+01 nan
1.560000000000000000e+02 1.700000000000000000e+01 nan
1.560000000000000000e+02 1.800000000000000000e+01 nan
1.560000000000000000e+02 1.900000000000000000e+01 nan
1.560000000000000000e+02 2.000000000000000000e+01 nan
1.560000000000000000e+02 2.100000000000000000e+01 nan
1.560000000000000000e+02 2.200000000000000000e+01 nan
1.560000000000000000e+02 2.300000000000000000e+01 nan
1.560000000000000000e+02 2.400000000000000000e+01 nan
1.560000000000000000e+02 2.500000000000000000e+01 nan
1.560000000000000000e+02 2.600000000000000000e+01 nan
1.560000000000000000e+02 2.700000000000000000e+01 nan
1.560000000000000000e+02 2.800000000000000000e+01 5.755267728592233789e-01
1.560000000000000000e+02 2.900000000000000000e+01 3.108827900382925002e-01
1.560000000000000000e+02 3.000000000000000000e+01 3.253519453815229001e-01
1.560000000000000000e+02 3.100000000000000000e+01 5.218773382553354434e-01
1.560000000000000000e+02 3.200000000000000000e+01 5.137688158183102427e-01
1.560000000000000000e+02 3.300000000000000000e+01 5.338399166783336369e-01
1.560000000000000000e+02 3.400000000000000000e+01 6.124519181136954815e-01
1.560000000000000000e+02 3.500000000000000000e+01 5.095640529429287247e-01
1.560000000000000000e+02 3.600000000000000000e+01 5.057621280520189222e-01
1.560000000000000000e+02 3.700000000000000000e+01 5.469546821448757479e-01
1.560000000000000000e+02 3.800000000000000000e+01 6.099987563406700231e-01
1.560000000000000000e+02 3.900000000000000000e+01 5.413368676170222660e-01
1.560000000000000000e+02 4.000000000000000000e+01 4.925078155314576711e-01
1.560000000000000000e+02 4.100000000000000000e+01 3.410210346333464315e-01
1.560000000000000000e+02 4.200000000000000000e+01 7.778453882938603237e-02
1.560000000000000000e+02 4.300000000000000000e+01 1.414410145337311464e-01
1.560000000000000000e+02 4.400000000000000000e+01 3.764493864871365503e-01
1.560000000000000000e+02 4.500000000000000000e+01 6.074026285082567700e-02
1.560000000000000000e+02 4.600000000000000000e+01 6.467033077238203143e-02
1.560000000000000000e+02 4.700000000000000000e+01 3.471959482923331342e-01
1.560000000000000000e+02 4.800000000000000000e+01 3.499667311493966371e-01
1.560000000000000000e+02 4.900000000000000000e+01 6.629015751158526815e-01
1.560000000000000000e+02 5.000000000000000000e+01 9.041408870771999728e-01
1.560000000000000000e+02 5.100000000000000000e+01 9.341498052637573490e-01
1.570000000000000000e+02 6.000000000000000000e+00 5.986573917475765949e-01
1.570000000000000000e+02 7.000000000000000000e+00 6.228141741949161370e-01
1.570000000000000000e+02 8.000000000000000000e+00 5.214226540962559886e-01
1.570000000000000000e+02 9.000000000000000000e+00 5.516151470396444267e-01
1.570000000000000000e+02 1.000000000000000000e+01 5.957372943053117487e-01
1.570000000000000000e+02 1.100000000000000000e+01 5.850777782316229914e-01
1.570000000000000000e+02 1.200000000000000000e+01 4.894132970205072319e-01
1.570000000000000000e+02 1.300000000000000000e+01 4.596217837912750515e-01
1.570000000000000000e+02 1.400000000000000000e+01 4.639496379385506519e-01
1.570000000000000000e+02 1.500000000000000000e+01 4.924998336797798970e-01
1.570000000000000000e+02 1.600000000000000000e+01 4.997363825115727076e-01
1.570000000000000000e+02 1.700000000000000000e+01 4.872611577718793385e-01
1.570000000000000000e+02 1.800000000000000000e+01 4.482420918940182575e-01
1.570000000000000000e+02 1.900000000000000000e+01 3.815118320904512528e-01
1.570000000000000000e+02 2.000000000000000000e+01 3.583981786648724466e-01
1.570000000000000000e+02 2.100000000000000000e+01 3.141402727667743644e-01
1.570000000000000000e+02 2.200000000000000000e+01 3.787464613854601980e-01
1.570000000000000000e+02 2.300000000000000000e+01 4.566584814776801227e-01
1.570000000000000000e+02 2.400000000000000000e+01 4.999098856540227787e-01
1.570000000000000000e+02 2.500000000000000000e+01 4.456853217160872127e-01
1.570000000000000000e+02 2.600000000000000000e+01 4.572400910311457678e-01
1.570000000000000000e+02 2.700000000000000000e+01 4.909633279903191649e-01
1.570000000000000000e+02 2.800000000000000000e+01 5.476484112163353402e-01
1.570000000000000000e+02 2.900000000000000000e+01 3.109648879282730927e-01
1.570000000000000000e+02 3.000000000000000000e+01 3.139303598744752621e-01
1.570000000000000000e+02 3.100000000000000000e+01 5.185375127532863004e-01
1.570000000000000000e+02 3.200000000000000000e+01 5.143379527847333765e-01
1.570000000000000000e+02 3.300000000000000000e+01 5.328023119803516616e-01
1.570000000000000000e+02 3.400000000000000000e+01 6.135111366797283416e-01
1.570000000000000000e+02 3.500000000000000000e+01 5.101021780267828154e-01
1.570000000000000000e+02 3.600000000000000000e+01 5.057621280520189222e-01
1.570000000000000000e+02 3.700000000000000000e+01 5.469546821448757479e-01
1.570000000000000000e+02 3.800000000000000000e+01 6.099987563406700231e-01
1.570000000000000000e+02 3.900000000000000000e+01 5.413368676170222660e-01
1.570000000000000000e+02 4.000000000000000000e+01 4.925078155314576711e-01
1.570000000000000000e+02 4.100000000000000000e+01 3.410210346333464315e-01
1.570000000000000000e+02 4.200000000000000000e+01 7.778453882938603237e-02
1.570000000000000000e+02 4.300000000000000000e+01 1.414410145337311464e-01
1.570000000000000000e+02 4.400000000000000000e+01 3.764493864871365503e-01
1.570000000000000000e+02 4.500000000000000000e+01 6.074026285082567700e-02
1.570000000000000000e+02 4.600000000000000000e+01 6.467033077238203143e-02
1.570000000000000000e+02 4.700000000000000000e+01 3.471959482923331342e-01
1.570000000000000000e+02 4.800000000000000000e+01 3.499667311493966371e-01
1.570000000000000000e+02 4.900000000000000000e+01 6.629015751158526815e-01
1.570000000000000000e+02 5.000000000000000000e+01 9.041408870771999728e-01
1.570000000000000000e+02 5.100000000000000000e+01 9.341498052637573490e-01
1.580000000000000000e+02 6.000000000000000000e+00 6.009627686348368858e-01
1.580000000000000000e+02 7.000000000000000000e+00 6.231646380397672935e-01
1.580000000000000000e+02 8.000000000000000000e+00 5.016987642668712111e-01
1.580000000000000000e+02 9.000000000000000000e+00 5.516151470396444267e-01
1.580000000000000000e+02 1.000000000000000000e+01 5.957372943053117487e-01
1.580000000000000000e+02 1.100000000000000000e+01 5.850777782316229914e-01
1.580000000000000000e+02 1.200000000000000000e+01 4.894132970205072319e-01
1.580000000000000000e+02 1.300000000000000000e+01 4.596217837912750515e-01
1.580000000000000000e+02 1.400000000000000000e+01 4.639496379385506519e-01
1.580000000000000000e+02 1.500000000000000000e+01 4.924998336797798970e-01
1.580000000000000000e+02 1.600000000000000000e+01 4.997363825115727076e-01
1.580000000000000000e+02 1.700000000000000000e+01 4.872611577718793385e-01
1.580000000000000000e+02 1.800000000000000000e+01 4.482420918940182575e-01
1.580000000000000000e+02 1.900000000000000000e+01 3.815118320904512528e-01
1.580000000000000000e+02 2.000000000000000000e+01 3.583981786648724466e-01
1.580000000000000000e+02 2.100000000000000000e+01 3.141402727667743644e-01
1.580000000000000000e+02 2.200000000000000000e+01 3.787464613854601980e-01
1.580000000000000000e+02 2.300000000000000000e+01 4.566584814776801227e-01
1.580000000000000000e+02 2.400000000000000000e+01 4.999098856540227787e-01
1.580000000000000000e+02 2.500000000000000000e+01 4.456853217160872127e-01
1.580000000000000000e+02 2.600000000000000000e+01 4.572400910311457678e-01
1.580000000000000000e+02 2.700000000000000000e+01 4.856519947795051029e-01
1.580000000000000000e+02 2.800000000000000000e+01 5.443127280100756860e-01
1.580000000000000000e+02 2.900000000000000000e+01 3.111888019505948955e-01
1.580000000000000000e+02 3.000000000000000000e+01 3.130873739755328233e-01
1.580000000000000000e+02 3.100000000000000000e+01 5.153022818234880287e-01
1.580000000000000000e+02 3.200000000000000000e+01 5.148551485682193452e-01
1.580000000000000000e+02 3.300000000000000000e+01 5.237995834747288804e-01
1.580000000000000000e+02 3.400000000000000000e+01 7.950372186256782214e-01
1.580000000000000000e+02 3.500000000000000000e+01 nan
1.580000000000000000e+02 3.600000000000000000e+01 nan
1.580000000000000000e+02 3.700000000000000000e+01 nan
1.580000000000000000e+02 3.800000000000000000e+01 nan
1.580000000000000000e+02 3.900000000000000000e+01 nan
1.580000000000000000e+02 4.000000000000000000e+01 nan
1.580000000000000000e+02 4.100000000000000000e+01 nan
1.580000000000000000e+02 4.200000000000000000e+01 nan
1.580000000000000000e+02 4.300000000000000000e+01 nan
1.580000000000000000e+02 4.400000000000000000e+01 nan
1.580000000000000000e+02 4.500000000000000000e+01 nan
1.580000000000000000e+02 4.600000000000000000e+01 nan
1.580000000000000000e+02 4.700000000000000000e+01 nan
1.580000000000000000e+02 4.800000000000000000e+01 nan
1.580000000000000000e+02 4.900000000000000000e+01 nan
1.580000000000000000e+02 5.000000000000000000e+01 nan
1.580000000000000000e+02 5.100000000000000000e+01 nan
