Longitude[deg], Latitude[deg], Dust optical depth
2.300000000000000000e+01 7.000000000000000000e+00 nan
2.300000000000000000e+01 8.000000000000000000e+00 nan
2.300000000000000000e+01 9.000000000000000000e+00 nan
2.300000000000000000e+01 1.000000000000000000e+01 nan
2.300000000000000000e+01 1.100000000000000000e+01 nan
2.300000000000000000e+01 1.200000000000000000e+01 nan
2.300000000000000000e+01 1.300000000000000000e+01 nan
2.300000000000000000e+01 1.400000000000000000e+01 nan
2.300000000000000000e+01 1.500000000000000000e+01 nan
2.300000000000000000e+01 1.600000000000000000e+01 nan
2.300000000000000000e+01 1.700000000000000000e+01 nan
2.300000000000000000e+01 1.800000000000000000e+01 nan
2.300000000000000000e+01 1.900000000000000000e+01 nan
2.300000000000000000e+01 2.000000000000000000e+01 nan
2.300000000000000000e+01 2.100000000000000000e+01 nan
2.300000000000000000e+01 2.200000000000000000e+01 nan
2.300000000000000000e+01 2.300000000000000000e+01 nan
2.300000000000000000e+01 2.400000000000000000e+01 nan
2.300000000000000000e+01 2.500000000000000000e+01 nan
2.300000000000000000e+01 2.600000000000000000e+01 nan
2.300000000000000000e+01 2.700000000000000000e+01 nan
2.300000000000000000e+01 2.800000000000000000e+01 nan
2.300000000000000000e+01 2.900000000000000000e+01 nan
2.300000000000000000e+01 3.000000000000000000e+01 nan
2.300000000000000000e+01 3.100000000000000000e+01 nan
2.300000000000000000e+01 3.200000000000000000e+01 nan
2.300000000000000000e+01 3.300000000000000000e+01 nan
2.300000000000000000e+01 3.400000000000000000e+01 nan
2.300000000000000000e+01 3.500000000000000000e+01 nan
2.300000000000000000e+01 3.600000000000000000e+01 nan
2.300000000000000000e+01 3.700000000000000000e+01 nan
2.300000000000000000e+01 3.800000000000000000e+01 nan
2.300000000000000000e+01 3.900000000000000000e+01 nan
2.300000000000000000e+01 4.000000000000000000e+01 nan
2.300000000000000000e+01 4.100000000000000000e+01 nan
2.300000000000000000e+01 4.200000000000000000e+01 nan
2.300000000000000000e+01 4.300000000000000000e+01 nan
2.300000000000000000e+01 4.400000000000000000e+01 nan
2.300000000000000000e+01 4.500000000000000000e+01 nan
2.300000000000000000e+01 4.600000000000000000e+01 nan
2.300000000000000000e+01 4.700000000000000000e+01 nan
2.300000000000000000e+01 4.800000000000000000e+01 nan
2.300000000000000000e+01 4.900000000000000000e+01 nan
2.300000000000000000e+01 5.000000000000000000e+01 2.350382375543473568e-01
2.300000000000000000e+01 5.100000000000000000e+01 2.575762025336372218e-01
2.300000000000000000e+01 5.200000000000000000e+01 nan
2.400000000000000000e+01 7.000000000000000000e+00 nan
2.400000000000000000e+01 8.000000000000000000e+00 nan
2.400000000000000000e+01 9.000000000000000000e+00 nan
2.400000000000000000e+01 1.000000000000000000e+01 nan
2.400000000000000000e+01 1.100000000000000000e+01 nan
2.400000000000000000e+01 1.200000000000000000e+01 nan
2.400000000000000000e+01 1.300000000000000000e+01 nan
2.400000000000000000e+01 1.400000000000000000e+01 nan
2.400000000000000000e+01 1.500000000000000000e+01 nan
2.400000000000000000e+01 1.600000000000000000e+01 nan
2.400000000000000000e+01 1.700000000000000000e+01 nan
2.400000000000000000e+01 1.800000000000000000e+01 nan
2.400000000000000000e+01 1.900000000000000000e+01 nan
2.400000000000000000e+01 2.000000000000000000e+01 nan
2.400000000000000000e+01 2.100000000000000000e+01 nan
2.400000000000000000e+01 2.200000000000000000e+01 nan
2.400000000000000000e+01 2.300000000000000000e+01 nan
2.400000000000000000e+01 2.400000000000000000e+01 nan
2.400000000000000000e+01 2.500000000000000000e+01 nan
2.400000000000000000e+01 2.600000000000000000e+01 nan
2.400000000000000000e+01 2.700000000000000000e+01 nan
2.400000000000000000e+01 2.800000000000000000e+01 4.290679740719151591e-01
2.400000000000000000e+01 2.900000000000000000e+01 5.692003621652917955e-01
2.400000000000000000e+01 3.000000000000000000e+01 5.937450592565576279e-01
2.400000000000000000e+01 3.100000000000000000e+01 5.387903541060669044e-01
2.400000000000000000e+01 3.200000000000000000e+01 5.693827308575910573e-01
2.400000000000000000e+01 3.300000000000000000e+01 5.047226452300516142e-01
2.400000000000000000e+01 3.400000000000000000e+01 4.783766480423458645e-01
2.400000000000000000e+01 3.500000000000000000e+01 5.039855209646608714e-01
2.400000000000000000e+01 3.600000000000000000e+01 5.498524707502353559e-01
2.400000000000000000e+01 3.700000000000000000e+01 5.671871807820285660e-01
2.400000000000000000e+01 3.800000000000000000e+01 4.878197596808223069e-01
2.400000000000000000e+01 3.900000000000000000e+01 2.443715731337223751e-01
2.400000000000000000e+01 4.000000000000000000e+01 4.574513051253943363e-01
2.400000000000000000e+01 4.100000000000000000e+01 6.349571306454115938e-01
2.400000000000000000e+01 4.200000000000000000e+01 3.165445759036679685e-01
2.400000000000000000e+01 4.300000000000000000e+01 1.544117200513769050e-01
2.400000000000000000e+01 4.400000000000000000e+01 1.472086033906060132e-01
2.400000000000000000e+01 4.500000000000000000e+01 4.240805468497295394e-02
2.400000000000000000e+01 4.600000000000000000e+01 1.258482581318826898e-01
2.400000000000000000e+01 4.700000000000000000e+01 1.366853908046269661e-01
2.400000000000000000e+01 4.800000000000000000e+01 1.520565580986084908e-01
2.400000000000000000e+01 4.900000000000000000e+01 3.510720107750663899e-01
2.400000000000000000e+01 5.000000000000000000e+01 2.503351777479389528e-01
2.400000000000000000e+01 5.100000000000000000e+01 2.576902405675035035e-01
2.400000000000000000e+01 5.200000000000000000e+01 nan
2.500000000000000000e+01 7.000000000000000000e+00 2.759015151432177015e-01
2.500000000000000000e+01 8.000000000000000000e+00 3.021259265817361483e-01
2.500000000000000000e+01 9.000000000000000000e+00 3.326217782917749166e-01
2.500000000000000000e+01 1.000000000000000000e+01 2.651032947484107671e-01
2.500000000000000000e+01 1.100000000000000000e+01 2.431032150779930678e-01
2.500000000000000000e+01 1.200000000000000000e+01 3.585002474873418277e-01
2.500000000000000000e+01 1.300000000000000000e+01 3.917822214740258602e-01
2.500000000000000000e+01 1.400000000000000000e+01 3.730718631697718668e-01
2.500000000000000000e+01 1.500000000000000000e+01 3.108161959310663525e-01
2.500000000000000000e+01 1.600000000000000000e+01 2.577843056222863249e-01
2.500000000000000000e+01 1.700000000000000000e+01 2.304944553951288611e-01
2.500000000000000000e+01 1.800000000000000000e+01 2.822529078079894505e-01
2.500000000000000000e+01 1.900000000000000000e+01 4.858595895320341751e-01
2.500000000000000000e+01 2.000000000000000000e+01 4.925074605689914176e-01
2.500000000000000000e+01 2.100000000000000000e+01 2.674076973697928072e-01
2.500000000000000000e+01 2.200000000000000000e+01 2.937493413455888325e-01
2.500000000000000000e+01 2.300000000000000000e+01 2.737446668584634923e-01
2.500000000000000000e+01 2.400000000000000000e+01 3.350390747877342035e-01
2.500000000000000000e+01 2.500000000000000000e+01 3.794320255436681166e-01
2.500000000000000000e+01 2.600000000000000000e+01 9.205165174201535017e-02
2.500000000000000000e+01 2.700000000000000000e+01 9.395708870143157365e-02
2.500000000000000000e+01 2.800000000000000000e+01 4.295700965166046048e-01
2.500000000000000000e+01 2.900000000000000000e+01 5.305996857425929747e-01
2.500000000000000000e+01 3.000000000000000000e+01 6.031220656875539987e-01
2.500000000000000000e+01 3.100000000000000000e+01 5.519559670904267135e-01
2.500000000000000000e+01 3.200000000000000000e+01 5.656075776387549103e-01
2.500000000000000000e+01 3.300000000000000000e+01 5.047762362724507179e-01
2.500000000000000000e+01 3.400000000000000000e+01 4.783766480423458645e-01
2.500000000000000000e+01 3.500000000000000000e+01 5.039855209646608714e-01
2.500000000000000000e+01 3.600000000000000000e+01 5.498524707502353559e-01
2.500000000000000000e+01 3.700000000000000000e+01 5.671871807820285660e-01
2.500000000000000000e+01 3.800000000000000000e+01 4.878197596808223069e-01
2.500000000000000000e+01 3.900000000000000000e+01 2.443715731337223751e-01
2.500000000000000000e+01 4.000000000000000000e+01 4.574513051253943363e-01
2.500000000000000000e+01 4.100000000000000000e+01 6.349571306454115938e-01
2.500000000000000000e+01 4.200000000000000000e+01 3.165445759036679685e-01
2.500000000000000000e+01 4.300000000000000000e+01 1.544117200513769050e-01
2.500000000000000000e+01 4.400000000000000000e+01 1.472086033906060132e-01
2.500000000000000000e+01 4.500000000000000000e+01 4.240805468497295394e-02
2.500000000000000000e+01 4.600000000000000000e+01 1.258482581318826898e-01
2.500000000000000000e+01 4.700000000000000000e+01 1.366853908046269661e-01
2.500000000000000000e+01 4.800000000000000000e+01 1.520565580986084908e-01
2.500000000000000000e+01 4.900000000000000000e+01 3.526457389304104573e-01
2.500000000000000000e+01 5.000000000000000000e+01 2.570872438193133047e-01
2.500000000000000000e+01 5.100000000000000000e+01 2.579644444046065299e-01
2.500000000000000000e+01 5.200000000000000000e+01 nan
2.600000000000000000e+01 7.000000000000000000e+00 2.759015151432177015e-01
2.600000000000000000e+01 8.000000000000000000e+00 3.021259265817361483e-01
2.600000000000000000e+01 9.000000000000000000e+00 3.326217782917749166e-01
2.600000000000000000e+01 1.000000000000000000e+01 2.651032947484107671e-01
2.600000000000000000e+01 1.100000000000000000e+01 2.431032150779930678e-01
2.600000000000000000e+01 1.200000000000000000e+01 3.585002474873418277e-01
2.600000000000000000e+01 1.300000000000000000e+01 3.917822214740258602e-01
2.600000000000000000e+01 1.400000000000000000e+01 3.730718631697718668e-01
2.600000000000000000e+01 1.500000000000000000e+01 3.108161959310663525e-01
2.600000000000000000e+01 1.600000000000000000e+01 2.577843056222863249e-01
2.600000000000000000e+01 1.700000000000000000e+01 2.304944553951288611e-01
2.600000000000000000e+01 1.800000000000000000e+01 2.822529078079894505e-01
2.600000000000000000e+01 1.900000000000000000e+01 4.858595895320341751e-01
2.600000000000000000e+01 2.000000000000000000e+01 4.925074605689914176e-01
2.600000000000000000e+01 2.100000000000000000e+01 2.674076973697928072e-01
2.600000000000000000e+01 2.200000000000000000e+01 2.937493413455888325e-01
2.600000000000000000e+01 2.300000000000000000e+01 2.737446668584634923e-01
2.600000000000000000e+01 2.400000000000000000e+01 3.350390747877342035e-01
2.600000000000000000e+01 2.500000000000000000e+01 3.794320255436681166e-01
2.600000000000000000e+01 2.600000000000000000e+01 9.205165174201535017e-02
2.600000000000000000e+01 2.700000000000000000e+01 9.239278656943797352e-02
2.600000000000000000e+01 2.800000000000000000e+01 4.301533684825126769e-01
2.600000000000000000e+01 2.900000000000000000e+01 4.640403638073301584e-01
2.600000000000000000e+01 3.000000000000000000e+01 6.109329121825777253e-01
2.600000000000000000e+01 3.100000000000000000e+01 5.910675069297859352e-01
2.600000000000000000e+01 3.200000000000000000e+01 5.519559670904267135e-01
2.600000000000000000e+01 3.300000000000000000e+01 nan
2.600000000000000000e+01 3.400000000000000000e+01 nan
2.600000000000000000e+01 3.500000000000000000e+01 nan
2.600000000000000000e+01 3.600000000000000000e+01 nan
2.600000000000000000e+01 3.700000000000000000e+01 nan
2.600000000000000000e+01 3.800000000000000000e+01 nan
2.600000000000000000e+01 3.900000000000000000e+01 nan
2.600000000000000000e+01 4.000000000000000000e+01 nan
2.600000000000000000e+01 4.100000000000000000e+01 nan
2.600000000000000000e+01 4.200000000000000000e+01 nan
2.600000000000000000e+01 4.300000000000000000e+01 nan
2.600000000000000000e+01 4.400000000000000000e+01 nan
2.600000000000000000e+01 4.500000000000000000e+01 nan
2.600000000000000000e+01 4.600000000000000000e+01 nan
2.600000000000000000e+01 4.700000000000000000e+01 nan
2.600000000000000000e+01 4.800000000000000000e+01 nan
2.600000000000000000e+01 4.900000000000000000e+01 nan
2.600000000000000000e+01 5.000000000000000000e+01 nan
2.600000000000000000e+01 5.100000000000000000e+01 nan
2.600000000000000000e+01 5.200000000000000000e+01 nan
