Longitude[deg], Latitude[deg], Dust optical depth
3.420000000000000000e+02 5.100000000000000000e+01 nan
3.420000000000000000e+02 5.200000000000000000e+01 nan
3.420000000000000000e+02 5.300000000000000000e+01 nan
3.420000000000000000e+02 5.400000000000000000e+01 nan
3.420000000000000000e+02 5.500000000000000000e+01 nan
3.420000000000000000e+02 5.600000000000000000e+01 nan
3.420000000000000000e+02 5.700000000000000000e+01 nan
3.420000000000000000e+02 5.800000000000000000e+01 nan
3.420000000000000000e+02 5.900000000000000000e+01 nan
3.420000000000000000e+02 6.000000000000000000e+01 nan
3.420000000000000000e+02 6.100000000000000000e+01 nan
3.420000000000000000e+02 6.200000000000000000e+01 nan
3.420000000000000000e+02 6.300000000000000000e+01 nan
3.420000000000000000e+02 6.400000000000000000e+01 nan
3.420000000000000000e+02 6.500000000000000000e+01 nan
3.420000000000000000e+02 6.600000000000000000e+01 nan
3.420000000000000000e+02 6.700000000000000000e+01 nan
3.420000000000000000e+02 6.800000000000000000e+01 nan
3.420000000000000000e+02 6.900000000000000000e+01 nan
3.420000000000000000e+02 7.000000000000000000e+01 nan
3.420000000000000000e+02 7.100000000000000000e+01 nan
3.420000000000000000e+02 7.200000000000000000e+01 nan
3.420000000000000000e+02 7.300000000000000000e+01 nan
3.420000000000000000e+02 7.400000000000000000e+01 nan
3.420000000000000000e+02 7.500000000000000000e+01 nan
3.420000000000000000e+02 7.600000000000000000e+01 nan
3.420000000000000000e+02 7.700000000000000000e+01 nan
3.430000000000000000e+02 5.100000000000000000e+01 nan
3.430000000000000000e+02 5.200000000000000000e+01 nan
3.430000000000000000e+02 5.300000000000000000e+01 nan
3.430000000000000000e+02 5.400000000000000000e+01 nan
3.430000000000000000e+02 5.500000000000000000e+01 nan
3.430000000000000000e+02 5.600000000000000000e+01 nan
3.430000000000000000e+02 5.700000000000000000e+01 nan
3.430000000000000000e+02 5.800000000000000000e+01 nan
3.430000000000000000e+02 5.900000000000000000e+01 nan
3.430000000000000000e+02 6.000000000000000000e+01 nan
3.430000000000000000e+02 6.100000000000000000e+01 nan
3.430000000000000000e+02 6.200000000000000000e+01 nan
3.430000000000000000e+02 6.300000000000000000e+01 nan
3.430000000000000000e+02 6.400000000000000000e+01 nan
3.430000000000000000e+02 6.500000000000000000e+01 nan
3.430000000000000000e+02 6.600000000000000000e+01 nan
3.430000000000000000e+02 6.700000000000000000e+01 nan
3.430000000000000000e+02 6.800000000000000000e+01 nan
3.430000000000000000e+02 6.900000000000000000e+01 nan
3.430000000000000000e+02 7.000000000000000000e+01 nan
3.430000000000000000e+02 7.100000000000000000e+01 nan
3.430000000000000000e+02 7.200000000000000000e+01 nan
3.430000000000000000e+02 7.300000000000000000e+01 nan
3.430000000000000000e+02 7.400000000000000000e+01 nan
3.430000000000000000e+02 7.500000000000000000e+01 nan
3.430000000000000000e+02 7.600000000000000000e+01 nan
3.430000000000000000e+02 7.700000000000000000e+01 nan
3.440000000000000000e+02 5.100000000000000000e+01 nan
3.440000000000000000e+02 5.200000000000000000e+01 nan
3.440000000000000000e+02 5.300000000000000000e+01 nan
3.440000000000000000e+02 5.400000000000000000e+01 nan
3.440000000000000000e+02 5.500000000000000000e+01 nan
3.440000000000000000e+02 5.600000000000000000e+01 nan
3.440000000000000000e+02 5.700000000000000000e+01 nan
3.440000000000000000e+02 5.800000000000000000e+01 nan
3.440000000000000000e+02 5.900000000000000000e+01 nan
3.440000000000000000e+02 6.000000000000000000e+01 nan
3.440000000000000000e+02 6.100000000000000000e+01 nan
3.440000000000000000e+02 6.200000000000000000e+01 nan
3.440000000000000000e+02 6.300000000000000000e+01 nan
3.440000000000000000e+02 6.400000000000000000e+01 nan
3.440000000000000000e+02 6.500000000000000000e+01 nan
3.440000000000000000e+02 6.600000000000000000e+01 nan
3.440000000000000000e+02 6.700000000000000000e+01 nan
3.440000000000000000e+02 6.800000000000000000e+01 nan
3.440000000000000000e+02 6.900000000000000000e+01 nan
3.440000000000000000e+02 7.000000000000000000e+01 nan
3.440000000000000000e+02 7.100000000000000000e+01 nan
3.440000000000000000e+02 7.200000000000000000e+01 nan
3.440000000000000000e+02 7.300000000000000000e+01 nan
3.440000000000000000e+02 7.400000000000000000e+01 nan
3.440000000000000000e+02 7.500000000000000000e+01 nan
3.440000000000000000e+02 7.600000000000000000e+01 nan
3.440000000000000000e+02 7.700000000000000000e+01 nan
3.450000000000000000e+02 5.100000000000000000e+01 nan
3.450000000000000000e+02 5.200000000000000000e+01 nan
3.450000000000000000e+02 5.300000000000000000e+01 nan
3.450000000000000000e+02 5.400000000000000000e+01 nan
3.450000000000000000e+02 5.500000000000000000e+01 nan
3.450000000000000000e+02 5.600000000000000000e+01 nan
3.450000000000000000e+02 5.700000000000000000e+01 nan
3.450000000000000000e+02 5.800000000000000000e+01 nan
3.450000000000000000e+02 5.900000000000000000e+01 nan
3.450000000000000000e+02 6.000000000000000000e+01 nan
3.450000000000000000e+02 6.100000000000000000e+01 nan
3.450000000000000000e+02 6.200000000000000000e+01 nan
3.450000000000000000e+02 6.300000000000000000e+01 nan
3.450000000000000000e+02 6.400000000000000000e+01 nan
3.450000000000000000e+02 6.500000000000000000e+01 nan
3.450000000000000000e+02 6.600000000000000000e+01 nan
3.450000000000000000e+02 6.700000000000000000e+01 nan
3.450000000000000000e+02 6.800000000000000000e+01 nan
3.450000000000000000e+02 6.900000000000000000e+01 nan
3.450000000000000000e+02 7.000000000000000000e+01 nan
3.450000000000000000e+02 7.100000000000000000e+01 nan
3.450000000000000000e+02 7.200000000000000000e+01 nan
3.450000000000000000e+02 7.300000000000000000e+01 nan
3.450000000000000000e+02 7.400000000000000000e+01 nan
3.450000000000000000e+02 7.500000000000000000e+01 nan
3.450000000000000000e+02 7.600000000000000000e+01 nan
3.450000000000000000e+02 7.700000000000000000e+01 nan
3.460000000000000000e+02 5.100000000000000000e+01 nan
3.460000000000000000e+02 5.200000000000000000e+01 nan
3.460000000000000000e+02 5.300000000000000000e+01 nan
3.460000000000000000e+02 5.400000000000000000e+01 nan
3.460000000000000000e+02 5.500000000000000000e+01 nan
3.460000000000000000e+02 5.600000000000000000e+01 nan
3.460000000000000000e+02 5.700000000000000000e+01 nan
3.460000000000000000e+02 5.800000000000000000e+01 nan
3.460000000000000000e+02 5.900000000000000000e+01 nan
3.460000000000000000e+02 6.000000000000000000e+01 nan
3.460000000000000000e+02 6.100000000000000000e+01 nan
3.460000000000000000e+02 6.200000000000000000e+01 nan
3.460000000000000000e+02 6.300000000000000000e+01 nan
3.460000000000000000e+02 6.400000000000000000e+01 nan
3.460000000000000000e+02 6.500000000000000000e+01 nan
3.460000000000000000e+02 6.600000000000000000e+01 nan
3.460000000000000000e+02 6.700000000000000000e+01 nan
3.460000000000000000e+02 6.800000000000000000e+01 nan
3.460000000000000000e+02 6.900000000000000000e+01 nan
3.460000000000000000e+02 7.000000000000000000e+01 nan
3.460000000000000000e+02 7.100000000000000000e+01 nan
3.460000000000000000e+02 7.200000000000000000e+01 nan
3.460000000000000000e+02 7.300000000000000000e+01 nan
3.460000000000000000e+02 7.400000000000000000e+01 nan
3.460000000000000000e+02 7.500000000000000000e+01 nan
3.460000000000000000e+02 7.600000000000000000e+01 nan
3.460000000000000000e+02 7.700000000000000000e+01 nan
3.470000000000000000e+02 5.100000000000000000e+01 nan
3.470000000000000000e+02 5.200000000000000000e+01 nan
3.470000000000000000e+02 5.300000000000000000e+01 nan
3.470000000000000000e+02 5.400000000000000000e+01 nan
3.470000000000000000e+02 5.500000000000000000e+01 nan
3.470000000000000000e+02 5.600000000000000000e+01 nan
3.470000000000000000e+02 5.700000000000000000e+01 nan
3.470000000000000000e+02 5.800000000000000000e+01 nan
3.470000000000000000e+02 5.900000000000000000e+01 nan
3.470000000000000000e+02 6.000000000000000000e+01 nan
3.470000000000000000e+02 6.100000000000000000e+01 nan
3.470000000000000000e+02 6.200000000000000000e+01 nan
3.470000000000000000e+02 6.300000000000000000e+01 nan
3.470000000000000000e+02 6.400000000000000000e+01 nan
3.470000000000000000e+02 6.500000000000000000e+01 nan
3.470000000000000000e+02 6.600000000000000000e+01 nan
3.470000000000000000e+02 6.700000000000000000e+01 nan
3.470000000000000000e+02 6.800000000000000000e+01 nan
3.470000000000000000e+02 6.900000000000000000e+01 nan
3.470000000000000000e+02 7.000000000000000000e+01 nan
3.470000000000000000e+02 7.100000000000000000e+01 nan
3.470000000000000000e+02 7.200000000000000000e+01 nan
3.470000000000000000e+02 7.300000000000000000e+01 nan
3.470000000000000000e+02 7.400000000000000000e+01 nan
3.470000000000000000e+02 7.500000000000000000e+01 nan
3.470000000000000000e+02 7.600000000000000000e+01 nan
3.470000000000000000e+02 7.700000000000000000e+01 nan
3.480000000000000000e+02 5.100000000000000000e+01 nan
3.480000000000000000e+02 5.200000000000000000e+01 nan
3.480000000000000000e+02 5.300000000000000000e+01 nan
3.480000000000000000e+02 5.400000000000000000e+01 nan
3.480000000000000000e+02 5.500000000000000000e+01 nan
3.480000000000000000e+02 5.600000000000000000e+01 nan
3.480000000000000000e+02 5.700000000000000000e+01 nan
3.480000000000000000e+02 5.800000000000000000e+01 nan
3.480000000000000000e+02 5.900000000000000000e+01 nan
3.480000000000000000e+02 6.000000000000000000e+01 nan
3.480000000000000000e+02 6.100000000000000000e+01 nan
3.480000000000000000e+02 6.200000000000000000e+01 nan
3.480000000000000000e+02 6.300000000000000000e+01 nan
3.480000000000000000e+02 6.400000000000000000e+01 nan
3.480000000000000000e+02 6.500000000000000000e+01 nan
3.480000000000000000e+02 6.600000000000000000e+01 nan
3.480000000000000000e+02 6.700000000000000000e+01 nan
3.480000000000000000e+02 6.800000000000000000e+01 nan
3.480000000000000000e+02 6.900000000000000000e+01 nan
3.480000000000000000e+02 7.000000000000000000e+01 nan
3.480000000000000000e+02 7.100000000000000000e+01 nan
3.480000000000000000e+02 7.200000000000000000e+01 nan
3.480000000000000000e+02 7.300000000000000000e+01 nan
3.480000000000000000e+02 7.400000000000000000e+01 nan
3.480000000000000000e+02 7.500000000000000000e+01 nan
3.480000000000000000e+02 7.600000000000000000e+01 nan
3.480000000000000000e+02 7.700000000000000000e+01 nan
3.490000000000000000e+02 5.100000000000000000e+01 nan
3.490000000000000000e+02 5.200000000000000000e+01 nan
3.490000000000000000e+02 5.300000000000000000e+01 nan
3.490000000000000000e+02 5.400000000000000000e+01 nan
3.490000000000000000e+02 5.500000000000000000e+01 nan
3.490000000000000000e+02 5.600000000000000000e+01 nan
3.490000000000000000e+02 5.700000000000000000e+01 nan
3.490000000000000000e+02 5.800000000000000000e+01 nan
3.490000000000000000e+02 5.900000000000000000e+01 nan
3.490000000000000000e+02 6.000000000000000000e+01 nan
3.490000000000000000e+02 6.100000000000000000e+01 nan
3.490000000000000000e+02 6.200000000000000000e+01 nan
3.490000000000000000e+02 6.300000000000000000e+01 nan
3.490000000000000000e+02 6.400000000000000000e+01 nan
3.490000000000000000e+02 6.500000000000000000e+01 nan
3.490000000000000000e+02 6.600000000000000000e+01 nan
3.490000000000000000e+02 6.700000000000000000e+01 nan
3.490000000000000000e+02 6.800000000000000000e+01 nan
3.490000000000000000e+02 6.900000000000000000e+01 nan
3.490000000000000000e+02 7.000000000000000000e+01 nan
3.490000000000000000e+02 7.100000000000000000e+01 nan
3.490000000000000000e+02 7.200000000000000000e+01 nan
3.490000000000000000e+02 7.300000000000000000e+01 nan
3.490000000000000000e+02 7.400000000000000000e+01 nan
3.490000000000000000e+02 7.500000000000000000e+01 nan
3.490000000000000000e+02 7.600000000000000000e+01 nan
3.490000000000000000e+02 7.700000000000000000e+01 nan
3.500000000000000000e+02 5.100000000000000000e+01 nan
3.500000000000000000e+02 5.200000000000000000e+01 nan
3.500000000000000000e+02 5.300000000000000000e+01 nan
3.500000000000000000e+02 5.400000000000000000e+01 nan
3.500000000000000000e+02 5.500000000000000000e+01 nan
3.500000000000000000e+02 5.600000000000000000e+01 nan
-1.000000000000000000e+01 5.700000000000000000e+01 1.855971830259676436e-01
-1.000000000000000000e+01 5.800000000000000000e+01 1.932590767935462028e-01
-1.000000000000000000e+01 5.900000000000000000e+01 2.865865597581430113e-01
-1.000000000000000000e+01 6.000000000000000000e+01 2.932123676988597771e-01
3.500000000000000000e+02 6.100000000000000000e+01 nan
3.500000000000000000e+02 6.200000000000000000e+01 nan
3.500000000000000000e+02 6.300000000000000000e+01 nan
3.500000000000000000e+02 6.400000000000000000e+01 nan
3.500000000000000000e+02 6.500000000000000000e+01 nan
3.500000000000000000e+02 6.600000000000000000e+01 nan
3.500000000000000000e+02 6.700000000000000000e+01 nan
3.500000000000000000e+02 6.800000000000000000e+01 nan
3.500000000000000000e+02 6.900000000000000000e+01 nan
3.500000000000000000e+02 7.000000000000000000e+01 nan
3.500000000000000000e+02 7.100000000000000000e+01 nan
3.500000000000000000e+02 7.200000000000000000e+01 nan
3.500000000000000000e+02 7.300000000000000000e+01 nan
3.500000000000000000e+02 7.400000000000000000e+01 nan
3.500000000000000000e+02 7.500000000000000000e+01 nan
3.500000000000000000e+02 7.600000000000000000e+01 nan
3.500000000000000000e+02 7.700000000000000000e+01 nan
3.510000000000000000e+02 5.100000000000000000e+01 nan
-9.000000000000000000e+00 5.200000000000000000e+01 1.509785021789223913e-01
-9.000000000000000000e+00 5.300000000000000000e+01 1.397940632803865157e-01
-9.000000000000000000e+00 5.400000000000000000e+01 7.613762522099082330e-02
-9.000000000000000000e+00 5.500000000000000000e+01 8.125757739540978575e-02
-9.000000000000000000e+00 5.600000000000000000e+01 9.446381940252586429e-02
-9.000000000000000000e+00 5.700000000000000000e+01 1.257397910137946495e-01
-9.000000000000000000e+00 5.800000000000000000e+01 1.958029683230336493e-01
-9.000000000000000000e+00 5.900000000000000000e+01 2.825993921666752340e-01
-9.000000000000000000e+00 6.000000000000000000e+01 2.923018488614940735e-01
3.510000000000000000e+02 6.100000000000000000e+01 nan
3.510000000000000000e+02 6.200000000000000000e+01 nan
3.510000000000000000e+02 6.300000000000000000e+01 nan
3.510000000000000000e+02 6.400000000000000000e+01 nan
3.510000000000000000e+02 6.500000000000000000e+01 nan
3.510000000000000000e+02 6.600000000000000000e+01 nan
3.510000000000000000e+02 6.700000000000000000e+01 nan
3.510000000000000000e+02 6.800000000000000000e+01 nan
3.510000000000000000e+02 6.900000000000000000e+01 nan
3.510000000000000000e+02 7.000000000000000000e+01 nan
3.510000000000000000e+02 7.100000000000000000e+01 nan
3.510000000000000000e+02 7.200000000000000000e+01 nan
3.510000000000000000e+02 7.300000000000000000e+01 nan
3.510000000000000000e+02 7.400000000000000000e+01 nan
3.510000000000000000e+02 7.500000000000000000e+01 nan
3.510000000000000000e+02 7.600000000000000000e+01 nan
3.510000000000000000e+02 7.700000000000000000e+01 nan
-8.000000000000000000e+00 5.100000000000000000e+01 3.076414609827264335e-01
-8.000000000000000000e+00 5.200000000000000000e+01 1.517410151560386611e-01
-8.000000000000000000e+00 5.300000000000000000e+01 1.400468643024550264e-01
-8.000000000000000000e+00 5.400000000000000000e+01 7.613762522099082330e-02
-8.000000000000000000e+00 5.500000000000000000e+01 8.125757739540978575e-02
-8.000000000000000000e+00 5.600000000000000000e+01 9.383505164885569405e-02
-8.000000000000000000e+00 5.700000000000000000e+01 1.234104419569027056e-01
-8.000000000000000000e+00 5.800000000000000000e+01 1.994778025673986932e-01
-8.000000000000000000e+00 5.900000000000000000e+01 2.031644047214553606e-01
-8.000000000000000000e+00 6.000000000000000000e+01 2.894177523236237115e-01
3.520000000000000000e+02 6.100000000000000000e+01 nan
3.520000000000000000e+02 6.200000000000000000e+01 nan
3.520000000000000000e+02 6.300000000000000000e+01 nan
3.520000000000000000e+02 6.400000000000000000e+01 nan
3.520000000000000000e+02 6.500000000000000000e+01 nan
3.520000000000000000e+02 6.600000000000000000e+01 nan
3.520000000000000000e+02 6.700000000000000000e+01 nan
3.520000000000000000e+02 6.800000000000000000e+01 nan
3.520000000000000000e+02 6.900000000000000000e+01 nan
3.520000000000000000e+02 7.000000000000000000e+01 nan
3.520000000000000000e+02 7.100000000000000000e+01 nan
3.520000000000000000e+02 7.200000000000000000e+01 nan
3.520000000000000000e+02 7.300000000000000000e+01 nan
3.520000000000000000e+02 7.400000000000000000e+01 nan
3.520000000000000000e+02 7.500000000000000000e+01 nan
3.520000000000000000e+02 7.600000000000000000e+01 nan
3.520000000000000000e+02 7.700000000000000000e+01 nan
3.530000000000000000e+02 5.100000000000000000e+01 nan
3.530000000000000000e+02 5.200000000000000000e+01 nan
3.530000000000000000e+02 5.300000000000000000e+01 nan
3.530000000000000000e+02 5.400000000000000000e+01 nan
3.530000000000000000e+02 5.500000000000000000e+01 nan
3.530000000000000000e+02 5.600000000000000000e+01 nan
3.530000000000000000e+02 5.700000000000000000e+01 nan
3.530000000000000000e+02 5.800000000000000000e+01 nan
3.530000000000000000e+02 5.900000000000000000e+01 nan
3.530000000000000000e+02 6.000000000000000000e+01 nan
3.530000000000000000e+02 6.100000000000000000e+01 nan
3.530000000000000000e+02 6.200000000000000000e+01 nan
3.530000000000000000e+02 6.300000000000000000e+01 nan
3.530000000000000000e+02 6.400000000000000000e+01 nan
3.530000000000000000e+02 6.500000000000000000e+01 nan
3.530000000000000000e+02 6.600000000000000000e+01 nan
3.530000000000000000e+02 6.700000000000000000e+01 nan
3.530000000000000000e+02 6.800000000000000000e+01 nan
3.530000000000000000e+02 6.900000000000000000e+01 nan
3.530000000000000000e+02 7.000000000000000000e+01 nan
3.530000000000000000e+02 7.100000000000000000e+01 nan
3.530000000000000000e+02 7.200000000000000000e+01 nan
3.530000000000000000e+02 7.300000000000000000e+01 nan
3.530000000000000000e+02 7.400000000000000000e+01 nan
3.530000000000000000e+02 7.500000000000000000e+01 nan
3.530000000000000000e+02 7.600000000000000000e+01 nan
3.530000000000000000e+02 7.700000000000000000e+01 nan
