Longitude[deg], Latitude[deg], Dust optical depth
1.510000000000000000e+02 -5.700000000000000000e+01 nan
1.510000000000000000e+02 -5.600000000000000000e+01 nan
1.510000000000000000e+02 -5.500000000000000000e+01 nan
1.510000000000000000e+02 -5.400000000000000000e+01 nan
1.510000000000000000e+02 -5.300000000000000000e+01 nan
1.510000000000000000e+02 -5.200000000000000000e+01 nan
1.510000000000000000e+02 -5.100000000000000000e+01 nan
1.510000000000000000e+02 -5.000000000000000000e+01 nan
1.510000000000000000e+02 -4.900000000000000000e+01 nan
1.510000000000000000e+02 -4.800000000000000000e+01 nan
1.510000000000000000e+02 -4.700000000000000000e+01 nan
1.510000000000000000e+02 -4.600000000000000000e+01 nan
1.510000000000000000e+02 -4.500000000000000000e+01 nan
1.510000000000000000e+02 -4.400000000000000000e+01 nan
1.510000000000000000e+02 -4.300000000000000000e+01 nan
1.510000000000000000e+02 -4.200000000000000000e+01 nan
1.510000000000000000e+02 -4.100000000000000000e+01 nan
1.510000000000000000e+02 -4.000000000000000000e+01 nan
1.510000000000000000e+02 -3.900000000000000000e+01 nan
1.510000000000000000e+02 -3.800000000000000000e+01 nan
1.510000000000000000e+02 -3.700000000000000000e+01 nan
1.520000000000000000e+02 -5.700000000000000000e+01 nan
1.520000000000000000e+02 -5.600000000000000000e+01 nan
1.520000000000000000e+02 -5.500000000000000000e+01 nan
1.520000000000000000e+02 -5.400000000000000000e+01 nan
1.520000000000000000e+02 -5.300000000000000000e+01 nan
1.520000000000000000e+02 -5.200000000000000000e+01 nan
1.520000000000000000e+02 -5.100000000000000000e+01 2.503383641863538012e-01
1.520000000000000000e+02 -5.000000000000000000e+01 1.612509450513404108e-01
1.520000000000000000e+02 -4.900000000000000000e+01 nan
1.520000000000000000e+02 -4.800000000000000000e+01 nan
1.520000000000000000e+02 -4.700000000000000000e+01 nan
1.520000000000000000e+02 -4.600000000000000000e+01 nan
1.520000000000000000e+02 -4.500000000000000000e+01 nan
1.520000000000000000e+02 -4.400000000000000000e+01 nan
1.520000000000000000e+02 -4.300000000000000000e+01 nan
1.520000000000000000e+02 -4.200000000000000000e+01 nan
1.520000000000000000e+02 -4.100000000000000000e+01 nan
1.520000000000000000e+02 -4.000000000000000000e+01 nan
1.520000000000000000e+02 -3.900000000000000000e+01 nan
1.520000000000000000e+02 -3.800000000000000000e+01 nan
1.520000000000000000e+02 -3.700000000000000000e+01 nan
1.530000000000000000e+02 -5.700000000000000000e+01 nan
1.530000000000000000e+02 -5.600000000000000000e+01 nan
1.530000000000000000e+02 -5.500000000000000000e+01 nan
1.530000000000000000e+02 -5.400000000000000000e+01 nan
1.530000000000000000e+02 -5.300000000000000000e+01 nan
1.530000000000000000e+02 -5.200000000000000000e+01 nan
1.530000000000000000e+02 -5.100000000000000000e+01 2.103241923698614957e-01
1.530000000000000000e+02 -5.000000000000000000e+01 1.792320129790968275e-01
1.530000000000000000e+02 -4.900000000000000000e+01 1.851121192355709433e-01
1.530000000000000000e+02 -4.800000000000000000e+01 2.612893161765577621e-01
1.530000000000000000e+02 -4.700000000000000000e+01 2.419221332169068650e-01
1.530000000000000000e+02 -4.600000000000000000e+01 3.550829225349247387e-01
1.530000000000000000e+02 -4.500000000000000000e+01 4.973150793607851172e-01
1.530000000000000000e+02 -4.400000000000000000e+01 4.669542238662273137e-01
1.530000000000000000e+02 -4.300000000000000000e+01 4.669858071453104609e-01
1.530000000000000000e+02 -4.200000000000000000e+01 3.943605790141347378e-01
1.530000000000000000e+02 -4.100000000000000000e+01 3.943605790141347378e-01
1.530000000000000000e+02 -4.000000000000000000e+01 nan
1.530000000000000000e+02 -3.900000000000000000e+01 nan
1.530000000000000000e+02 -3.800000000000000000e+01 nan
1.530000000000000000e+02 -3.700000000000000000e+01 nan
1.540000000000000000e+02 -5.700000000000000000e+01 nan
1.540000000000000000e+02 -5.600000000000000000e+01 nan
1.540000000000000000e+02 -5.500000000000000000e+01 nan
1.540000000000000000e+02 -5.400000000000000000e+01 nan
1.540000000000000000e+02 -5.300000000000000000e+01 nan
1.540000000000000000e+02 -5.200000000000000000e+01 nan
1.540000000000000000e+02 -5.100000000000000000e+01 1.942425831844744322e-01
1.540000000000000000e+02 -5.000000000000000000e+01 1.844651468583463072e-01
1.540000000000000000e+02 -4.900000000000000000e+01 2.037868515563145411e-01
1.540000000000000000e+02 -4.800000000000000000e+01 2.646847905682092050e-01
1.540000000000000000e+02 -4.700000000000000000e+01 2.448151787937881407e-01
1.540000000000000000e+02 -4.600000000000000000e+01 3.602784597399334432e-01
1.540000000000000000e+02 -4.500000000000000000e+01 4.077777210094380989e-01
1.540000000000000000e+02 -4.400000000000000000e+01 4.543984756728179919e-01
1.540000000000000000e+02 -4.300000000000000000e+01 4.782761130958988471e-01
1.540000000000000000e+02 -4.200000000000000000e+01 3.626807073610391896e-01
1.540000000000000000e+02 -4.100000000000000000e+01 4.238505793289124024e-01
1.540000000000000000e+02 -4.000000000000000000e+01 4.382565672670877821e-01
1.540000000000000000e+02 -3.900000000000000000e+01 3.524756603660436638e-01
1.540000000000000000e+02 -3.800000000000000000e+01 3.511587346321426994e-01
1.540000000000000000e+02 -3.700000000000000000e+01 nan
1.550000000000000000e+02 -5.700000000000000000e+01 nan
1.550000000000000000e+02 -5.600000000000000000e+01 nan
1.550000000000000000e+02 -5.500000000000000000e+01 nan
1.550000000000000000e+02 -5.400000000000000000e+01 nan
1.550000000000000000e+02 -5.300000000000000000e+01 nan
1.550000000000000000e+02 -5.200000000000000000e+01 nan
1.550000000000000000e+02 -5.100000000000000000e+01 1.967532537060579789e-01
1.550000000000000000e+02 -5.000000000000000000e+01 1.850622922145693516e-01
1.550000000000000000e+02 -4.900000000000000000e+01 1.222667187842868264e-01
1.550000000000000000e+02 -4.800000000000000000e+01 2.676145201994540312e-01
1.550000000000000000e+02 -4.700000000000000000e+01 2.416779585923980178e-01
1.550000000000000000e+02 -4.600000000000000000e+01 3.474978163972300416e-01
1.550000000000000000e+02 -4.500000000000000000e+01 4.011962806886338329e-01
1.550000000000000000e+02 -4.400000000000000000e+01 4.501568005178073206e-01
1.550000000000000000e+02 -4.300000000000000000e+01 4.705636726703518180e-01
1.550000000000000000e+02 -4.200000000000000000e+01 3.467561550780725033e-01
1.550000000000000000e+02 -4.100000000000000000e+01 3.362460752549820686e-01
1.550000000000000000e+02 -4.000000000000000000e+01 3.427036954348559039e-01
1.550000000000000000e+02 -3.900000000000000000e+01 3.442520745051509956e-01
1.550000000000000000e+02 -3.800000000000000000e+01 3.485024994393035591e-01
1.550000000000000000e+02 -3.700000000000000000e+01 nan
1.560000000000000000e+02 -5.700000000000000000e+01 nan
1.560000000000000000e+02 -5.600000000000000000e+01 nan
1.560000000000000000e+02 -5.500000000000000000e+01 nan
1.560000000000000000e+02 -5.400000000000000000e+01 nan
1.560000000000000000e+02 -5.300000000000000000e+01 nan
1.560000000000000000e+02 -5.200000000000000000e+01 nan
1.560000000000000000e+02 -5.100000000000000000e+01 1.967907285399559114e-01
1.560000000000000000e+02 -5.000000000000000000e+01 1.855152792805448703e-01
1.560000000000000000e+02 -4.900000000000000000e+01 1.267332083949036514e-01
1.560000000000000000e+02 -4.800000000000000000e+01 2.469715952733295694e-01
1.560000000000000000e+02 -4.700000000000000000e+01 1.235419140904679414e-01
1.560000000000000000e+02 -4.600000000000000000e+01 2.292295297639515006e-01
1.560000000000000000e+02 -4.500000000000000000e+01 3.892172572216913151e-01
1.560000000000000000e+02 -4.400000000000000000e+01 4.600101949258532663e-01
1.560000000000000000e+02 -4.300000000000000000e+01 4.666685657504194285e-01
1.560000000000000000e+02 -4.200000000000000000e+01 3.143142886489735943e-01
1.560000000000000000e+02 -4.100000000000000000e+01 2.445996476513038753e-01
1.560000000000000000e+02 -4.000000000000000000e+01 2.823323025320446655e-01
1.560000000000000000e+02 -3.900000000000000000e+01 3.219028813365904518e-01
1.560000000000000000e+02 -3.800000000000000000e+01 3.477963517439267016e-01
1.560000000000000000e+02 -3.700000000000000000e+01 nan
1.570000000000000000e+02 -5.700000000000000000e+01 nan
1.570000000000000000e+02 -5.600000000000000000e+01 nan
1.570000000000000000e+02 -5.500000000000000000e+01 nan
1.570000000000000000e+02 -5.400000000000000000e+01 nan
1.570000000000000000e+02 -5.300000000000000000e+01 nan
1.570000000000000000e+02 -5.200000000000000000e+01 nan
1.570000000000000000e+02 -5.100000000000000000e+01 1.929047702299642175e-01
1.570000000000000000e+02 -5.000000000000000000e+01 1.850525952003951313e-01
1.570000000000000000e+02 -4.900000000000000000e+01 1.722674169693683977e-01
1.570000000000000000e+02 -4.800000000000000000e+01 2.395878152120026194e-01
1.570000000000000000e+02 -4.700000000000000000e+01 1.078486231150527219e-01
1.570000000000000000e+02 -4.600000000000000000e+01 1.823049258777079407e-01
1.570000000000000000e+02 -4.500000000000000000e+01 3.768356310840089707e-01
1.570000000000000000e+02 -4.400000000000000000e+01 4.647455883072988958e-01
1.570000000000000000e+02 -4.300000000000000000e+01 4.700980099426390058e-01
1.570000000000000000e+02 -4.200000000000000000e+01 3.179740088342852822e-01
1.570000000000000000e+02 -4.100000000000000000e+01 2.503016997423753720e-01
1.570000000000000000e+02 -4.000000000000000000e+01 2.569139238398436276e-01
1.570000000000000000e+02 -3.900000000000000000e+01 2.790093284894402115e-01
1.570000000000000000e+02 -3.800000000000000000e+01 3.512521127765509399e-01
1.570000000000000000e+02 -3.700000000000000000e+01 nan
1.580000000000000000e+02 -5.700000000000000000e+01 nan
1.580000000000000000e+02 -5.600000000000000000e+01 nan
1.580000000000000000e+02 -5.500000000000000000e+01 nan
1.580000000000000000e+02 -5.400000000000000000e+01 nan
1.580000000000000000e+02 -5.300000000000000000e+01 nan
1.580000000000000000e+02 -5.200000000000000000e+01 nan
1.580000000000000000e+02 -5.100000000000000000e+01 1.867494131324012319e-01
1.580000000000000000e+02 -5.000000000000000000e+01 1.045634311063806943e-01
1.580000000000000000e+02 -4.900000000000000000e+01 1.158447357443502107e-01
1.580000000000000000e+02 -4.800000000000000000e+01 1.226358853094680762e-01
1.580000000000000000e+02 -4.700000000000000000e+01 9.930177390550845584e-02
1.580000000000000000e+02 -4.600000000000000000e+01 2.798604590993066799e-01
1.580000000000000000e+02 -4.500000000000000000e+01 3.697490680054412726e-01
1.580000000000000000e+02 -4.400000000000000000e+01 4.146370919133324784e-01
1.580000000000000000e+02 -4.300000000000000000e+01 4.440065917498234871e-01
1.580000000000000000e+02 -4.200000000000000000e+01 3.168958972022142828e-01
1.580000000000000000e+02 -4.100000000000000000e+01 3.107004932356772220e-01
1.580000000000000000e+02 -4.000000000000000000e+01 3.028690787136171791e-01
1.580000000000000000e+02 -3.900000000000000000e+01 2.766875439401378367e-01
1.580000000000000000e+02 -3.800000000000000000e+01 2.480182285114340135e-01
1.580000000000000000e+02 -3.700000000000000000e+01 nan
1.590000000000000000e+02 -5.700000000000000000e+01 nan
1.590000000000000000e+02 -5.600000000000000000e+01 nan
1.590000000000000000e+02 -5.500000000000000000e+01 nan
1.590000000000000000e+02 -5.400000000000000000e+01 nan
1.590000000000000000e+02 -5.300000000000000000e+01 nan
1.590000000000000000e+02 -5.200000000000000000e+01 nan
1.590000000000000000e+02 -5.100000000000000000e+01 1.785128992320452745e-01
1.590000000000000000e+02 -5.000000000000000000e+01 9.154740087810379900e-02
1.590000000000000000e+02 -4.900000000000000000e+01 1.039856737890149235e-01
1.590000000000000000e+02 -4.800000000000000000e+01 1.141216397903985630e-01
1.590000000000000000e+02 -4.700000000000000000e+01 9.575604576653025390e-02
1.590000000000000000e+02 -4.600000000000000000e+01 2.846491209431517566e-01
1.590000000000000000e+02 -4.500000000000000000e+01 3.613254643308342340e-01
1.590000000000000000e+02 -4.400000000000000000e+01 3.977691046415016696e-01
1.590000000000000000e+02 -4.300000000000000000e+01 4.265844474491873317e-01
1.590000000000000000e+02 -4.200000000000000000e+01 3.124026273448928803e-01
1.590000000000000000e+02 -4.100000000000000000e+01 3.211889059529385859e-01
1.590000000000000000e+02 -4.000000000000000000e+01 3.226997259356982894e-01
1.590000000000000000e+02 -3.900000000000000000e+01 2.827984726654393932e-01
1.590000000000000000e+02 -3.800000000000000000e+01 nan
1.590000000000000000e+02 -3.700000000000000000e+01 nan
1.600000000000000000e+02 -5.700000000000000000e+01 nan
1.600000000000000000e+02 -5.600000000000000000e+01 nan
1.600000000000000000e+02 -5.500000000000000000e+01 nan
1.600000000000000000e+02 -5.400000000000000000e+01 nan
1.600000000000000000e+02 -5.300000000000000000e+01 nan
1.600000000000000000e+02 -5.200000000000000000e+01 nan
1.600000000000000000e+02 -5.100000000000000000e+01 1.703019277878327631e-01
1.600000000000000000e+02 -5.000000000000000000e+01 9.126537129467927889e-02
1.600000000000000000e+02 -4.900000000000000000e+01 1.007486796347356189e-01
1.600000000000000000e+02 -4.800000000000000000e+01 1.138738220952302121e-01
1.600000000000000000e+02 -4.700000000000000000e+01 9.321088723479936666e-02
1.600000000000000000e+02 -4.600000000000000000e+01 2.208662708434893096e-01
1.600000000000000000e+02 -4.500000000000000000e+01 3.451541287908795330e-01
1.600000000000000000e+02 -4.400000000000000000e+01 3.805246487768472186e-01
1.600000000000000000e+02 -4.300000000000000000e+01 4.216363611321853888e-01
1.600000000000000000e+02 -4.200000000000000000e+01 3.139565650659340568e-01
1.600000000000000000e+02 -4.100000000000000000e+01 nan
1.600000000000000000e+02 -4.000000000000000000e+01 nan
1.600000000000000000e+02 -3.900000000000000000e+01 nan
1.600000000000000000e+02 -3.800000000000000000e+01 nan
1.600000000000000000e+02 -3.700000000000000000e+01 nan
1.610000000000000000e+02 -5.700000000000000000e+01 nan
1.610000000000000000e+02 -5.600000000000000000e+01 nan
1.610000000000000000e+02 -5.500000000000000000e+01 nan
1.610000000000000000e+02 -5.400000000000000000e+01 nan
1.610000000000000000e+02 -5.300000000000000000e+01 nan
1.610000000000000000e+02 -5.200000000000000000e+01 nan
1.610000000000000000e+02 -5.100000000000000000e+01 nan
1.610000000000000000e+02 -5.000000000000000000e+01 9.220641381062288922e-02
1.610000000000000000e+02 -4.900000000000000000e+01 nan
1.610000000000000000e+02 -4.800000000000000000e+01 nan
1.610000000000000000e+02 -4.700000000000000000e+01 nan
1.610000000000000000e+02 -4.600000000000000000e+01 nan
1.610000000000000000e+02 -4.500000000000000000e+01 nan
1.610000000000000000e+02 -4.400000000000000000e+01 nan
1.610000000000000000e+02 -4.300000000000000000e+01 nan
1.610000000000000000e+02 -4.200000000000000000e+01 nan
1.610000000000000000e+02 -4.100000000000000000e+01 nan
1.610000000000000000e+02 -4.000000000000000000e+01 nan
1.610000000000000000e+02 -3.900000000000000000e+01 nan
1.610000000000000000e+02 -3.800000000000000000e+01 nan
1.610000000000000000e+02 -3.700000000000000000e+01 nan
1.620000000000000000e+02 -5.700000000000000000e+01 nan
1.620000000000000000e+02 -5.600000000000000000e+01 nan
1.620000000000000000e+02 -5.500000000000000000e+01 nan
1.620000000000000000e+02 -5.400000000000000000e+01 nan
1.620000000000000000e+02 -5.300000000000000000e+01 nan
1.620000000000000000e+02 -5.200000000000000000e+01 nan
1.620000000000000000e+02 -5.100000000000000000e+01 nan
1.620000000000000000e+02 -5.000000000000000000e+01 nan
1.620000000000000000e+02 -4.900000000000000000e+01 nan
1.620000000000000000e+02 -4.800000000000000000e+01 nan
1.620000000000000000e+02 -4.700000000000000000e+01 nan
1.620000000000000000e+02 -4.600000000000000000e+01 nan
1.620000000000000000e+02 -4.500000000000000000e+01 nan
1.620000000000000000e+02 -4.400000000000000000e+01 nan
1.620000000000000000e+02 -4.300000000000000000e+01 nan
1.620000000000000000e+02 -4.200000000000000000e+01 nan
1.620000000000000000e+02 -4.100000000000000000e+01 nan
1.620000000000000000e+02 -4.000000000000000000e+01 nan
1.620000000000000000e+02 -3.900000000000000000e+01 nan
1.620000000000000000e+02 -3.800000000000000000e+01 nan
1.620000000000000000e+02 -3.700000000000000000e+01 nan
1.630000000000000000e+02 -5.700000000000000000e+01 nan
1.630000000000000000e+02 -5.600000000000000000e+01 nan
1.630000000000000000e+02 -5.500000000000000000e+01 nan
1.630000000000000000e+02 -5.400000000000000000e+01 nan
1.630000000000000000e+02 -5.300000000000000000e+01 nan
1.630000000000000000e+02 -5.200000000000000000e+01 nan
1.630000000000000000e+02 -5.100000000000000000e+01 nan
1.630000000000000000e+02 -5.000000000000000000e+01 nan
1.630000000000000000e+02 -4.900000000000000000e+01 nan
1.630000000000000000e+02 -4.800000000000000000e+01 nan
1.630000000000000000e+02 -4.700000000000000000e+01 nan
1.630000000000000000e+02 -4.600000000000000000e+01 nan
1.630000000000000000e+02 -4.500000000000000000e+01 nan
1.630000000000000000e+02 -4.400000000000000000e+01 nan
1.630000000000000000e+02 -4.300000000000000000e+01 nan
1.630000000000000000e+02 -4.200000000000000000e+01 nan
1.630000000000000000e+02 -4.100000000000000000e+01 nan
1.630000000000000000e+02 -4.000000000000000000e+01 nan
1.630000000000000000e+02 -3.900000000000000000e+01 nan
1.630000000000000000e+02 -3.800000000000000000e+01 nan
1.630000000000000000e+02 -3.700000000000000000e+01 nan
