Longitude[deg], Latitude[deg], Dust optical depth
1.470000000000000000e+02 5.100000000000000000e+01 nan
1.470000000000000000e+02 5.200000000000000000e+01 nan
1.470000000000000000e+02 5.300000000000000000e+01 nan
1.470000000000000000e+02 5.400000000000000000e+01 nan
1.470000000000000000e+02 5.500000000000000000e+01 nan
1.470000000000000000e+02 5.600000000000000000e+01 nan
1.470000000000000000e+02 5.700000000000000000e+01 nan
1.470000000000000000e+02 5.800000000000000000e+01 nan
1.470000000000000000e+02 5.900000000000000000e+01 nan
1.470000000000000000e+02 6.000000000000000000e+01 nan
1.470000000000000000e+02 6.100000000000000000e+01 nan
1.470000000000000000e+02 6.200000000000000000e+01 nan
1.470000000000000000e+02 6.300000000000000000e+01 nan
1.470000000000000000e+02 6.400000000000000000e+01 nan
1.470000000000000000e+02 6.500000000000000000e+01 nan
1.470000000000000000e+02 6.600000000000000000e+01 nan
1.470000000000000000e+02 6.700000000000000000e+01 nan
1.470000000000000000e+02 6.800000000000000000e+01 nan
1.470000000000000000e+02 6.900000000000000000e+01 nan
1.470000000000000000e+02 7.000000000000000000e+01 nan
1.470000000000000000e+02 7.100000000000000000e+01 nan
1.470000000000000000e+02 7.200000000000000000e+01 nan
1.470000000000000000e+02 7.300000000000000000e+01 nan
1.470000000000000000e+02 7.400000000000000000e+01 nan
1.470000000000000000e+02 7.500000000000000000e+01 nan
1.470000000000000000e+02 7.600000000000000000e+01 nan
1.470000000000000000e+02 7.700000000000000000e+01 nan
1.480000000000000000e+02 5.100000000000000000e+01 nan
1.480000000000000000e+02 5.200000000000000000e+01 nan
1.480000000000000000e+02 5.300000000000000000e+01 nan
1.480000000000000000e+02 5.400000000000000000e+01 nan
1.480000000000000000e+02 5.500000000000000000e+01 nan
1.480000000000000000e+02 5.600000000000000000e+01 nan
1.480000000000000000e+02 5.700000000000000000e+01 nan
1.480000000000000000e+02 5.800000000000000000e+01 nan
1.480000000000000000e+02 5.900000000000000000e+01 nan
1.480000000000000000e+02 6.000000000000000000e+01 nan
1.480000000000000000e+02 6.100000000000000000e+01 nan
1.480000000000000000e+02 6.200000000000000000e+01 nan
1.480000000000000000e+02 6.300000000000000000e+01 nan
1.480000000000000000e+02 6.400000000000000000e+01 nan
1.480000000000000000e+02 6.500000000000000000e+01 nan
1.480000000000000000e+02 6.600000000000000000e+01 nan
1.480000000000000000e+02 6.700000000000000000e+01 nan
1.480000000000000000e+02 6.800000000000000000e+01 nan
1.480000000000000000e+02 6.900000000000000000e+01 nan
1.480000000000000000e+02 7.000000000000000000e+01 nan
1.480000000000000000e+02 7.100000000000000000e+01 nan
1.480000000000000000e+02 7.200000000000000000e+01 nan
1.480000000000000000e+02 7.300000000000000000e+01 nan
1.480000000000000000e+02 7.400000000000000000e+01 nan
1.480000000000000000e+02 7.500000000000000000e+01 nan
1.480000000000000000e+02 7.600000000000000000e+01 nan
1.480000000000000000e+02 7.700000000000000000e+01 nan
1.490000000000000000e+02 5.100000000000000000e+01 nan
1.490000000000000000e+02 5.200000000000000000e+01 nan
1.490000000000000000e+02 5.300000000000000000e+01 nan
1.490000000000000000e+02 5.400000000000000000e+01 nan
1.490000000000000000e+02 5.500000000000000000e+01 nan
1.490000000000000000e+02 5.600000000000000000e+01 nan
1.490000000000000000e+02 5.700000000000000000e+01 nan
1.490000000000000000e+02 5.800000000000000000e+01 nan
1.490000000000000000e+02 5.900000000000000000e+01 nan
1.490000000000000000e+02 6.000000000000000000e+01 nan
1.490000000000000000e+02 6.100000000000000000e+01 nan
1.490000000000000000e+02 6.200000000000000000e+01 nan
1.490000000000000000e+02 6.300000000000000000e+01 nan
1.490000000000000000e+02 6.400000000000000000e+01 nan
1.490000000000000000e+02 6.500000000000000000e+01 nan
1.490000000000000000e+02 6.600000000000000000e+01 nan
1.490000000000000000e+02 6.700000000000000000e+01 nan
1.490000000000000000e+02 6.800000000000000000e+01 nan
1.490000000000000000e+02 6.900000000000000000e+01 nan
1.490000000000000000e+02 7.000000000000000000e+01 nan
1.490000000000000000e+02 7.100000000000000000e+01 nan
1.490000000000000000e+02 7.200000000000000000e+01 nan
1.490000000000000000e+02 7.300000000000000000e+01 nan
1.490000000000000000e+02 7.400000000000000000e+01 nan
1.490000000000000000e+02 7.500000000000000000e+01 nan
1.490000000000000000e+02 7.600000000000000000e+01 nan
1.490000000000000000e+02 7.700000000000000000e+01 nan
1.500000000000000000e+02 5.100000000000000000e+01 nan
1.500000000000000000e+02 5.200000000000000000e+01 nan
1.500000000000000000e+02 5.300000000000000000e+01 nan
1.500000000000000000e+02 5.400000000000000000e+01 nan
1.500000000000000000e+02 5.500000000000000000e+01 nan
1.500000000000000000e+02 5.600000000000000000e+01 nan
1.500000000000000000e+02 5.700000000000000000e+01 nan
1.500000000000000000e+02 5.800000000000000000e+01 nan
1.500000000000000000e+02 5.900000000000000000e+01 nan
1.500000000000000000e+02 6.000000000000000000e+01 nan
1.500000000000000000e+02 6.100000000000000000e+01 nan
1.500000000000000000e+02 6.200000000000000000e+01 nan
1.500000000000000000e+02 6.300000000000000000e+01 nan
1.500000000000000000e+02 6.400000000000000000e+01 nan
1.500000000000000000e+02 6.500000000000000000e+01 nan
1.500000000000000000e+02 6.600000000000000000e+01 nan
1.500000000000000000e+02 6.700000000000000000e+01 nan
1.500000000000000000e+02 6.800000000000000000e+01 nan
1.500000000000000000e+02 6.900000000000000000e+01 nan
1.500000000000000000e+02 7.000000000000000000e+01 nan
1.500000000000000000e+02 7.100000000000000000e+01 nan
1.500000000000000000e+02 7.200000000000000000e+01 nan
1.500000000000000000e+02 7.300000000000000000e+01 nan
1.500000000000000000e+02 7.400000000000000000e+01 nan
1.500000000000000000e+02 7.500000000000000000e+01 nan
1.500000000000000000e+02 7.600000000000000000e+01 nan
1.500000000000000000e+02 7.700000000000000000e+01 nan
1.510000000000000000e+02 5.100000000000000000e+01 nan
1.510000000000000000e+02 5.200000000000000000e+01 nan
1.510000000000000000e+02 5.300000000000000000e+01 nan
1.510000000000000000e+02 5.400000000000000000e+01 nan
1.510000000000000000e+02 5.500000000000000000e+01 nan
1.510000000000000000e+02 5.600000000000000000e+01 nan
1.510000000000000000e+02 5.700000000000000000e+01 nan
1.510000000000000000e+02 5.800000000000000000e+01 nan
1.510000000000000000e+02 5.900000000000000000e+01 nan
1.510000000000000000e+02 6.000000000000000000e+01 nan
1.510000000000000000e+02 6.100000000000000000e+01 nan
1.510000000000000000e+02 6.200000000000000000e+01 nan
1.510000000000000000e+02 6.300000000000000000e+01 nan
1.510000000000000000e+02 6.400000000000000000e+01 nan
1.510000000000000000e+02 6.500000000000000000e+01 nan
1.510000000000000000e+02 6.600000000000000000e+01 nan
1.510000000000000000e+02 6.700000000000000000e+01 nan
1.510000000000000000e+02 6.800000000000000000e+01 nan
1.510000000000000000e+02 6.900000000000000000e+01 nan
1.510000000000000000e+02 7.000000000000000000e+01 nan
1.510000000000000000e+02 7.100000000000000000e+01 nan
1.510000000000000000e+02 7.200000000000000000e+01 nan
1.510000000000000000e+02 7.300000000000000000e+01 nan
1.510000000000000000e+02 7.400000000000000000e+01 nan
1.510000000000000000e+02 7.500000000000000000e+01 nan
1.510000000000000000e+02 7.600000000000000000e+01 nan
1.510000000000000000e+02 7.700000000000000000e+01 nan
1.520000000000000000e+02 5.100000000000000000e+01 nan
1.520000000000000000e+02 5.200000000000000000e+01 nan
1.520000000000000000e+02 5.300000000000000000e+01 nan
1.520000000000000000e+02 5.400000000000000000e+01 nan
1.520000000000000000e+02 5.500000000000000000e+01 nan
1.520000000000000000e+02 5.600000000000000000e+01 nan
1.520000000000000000e+02 5.700000000000000000e+01 nan
1.520000000000000000e+02 5.800000000000000000e+01 nan
1.520000000000000000e+02 5.900000000000000000e+01 nan
1.520000000000000000e+02 6.000000000000000000e+01 nan
1.520000000000000000e+02 6.100000000000000000e+01 nan
1.520000000000000000e+02 6.200000000000000000e+01 nan
1.520000000000000000e+02 6.300000000000000000e+01 nan
1.520000000000000000e+02 6.400000000000000000e+01 nan
1.520000000000000000e+02 6.500000000000000000e+01 nan
1.520000000000000000e+02 6.600000000000000000e+01 nan
1.520000000000000000e+02 6.700000000000000000e+01 nan
1.520000000000000000e+02 6.800000000000000000e+01 nan
1.520000000000000000e+02 6.900000000000000000e+01 nan
1.520000000000000000e+02 7.000000000000000000e+01 nan
1.520000000000000000e+02 7.100000000000000000e+01 nan
1.520000000000000000e+02 7.200000000000000000e+01 nan
1.520000000000000000e+02 7.300000000000000000e+01 nan
1.520000000000000000e+02 7.400000000000000000e+01 nan
1.520000000000000000e+02 7.500000000000000000e+01 nan
1.520000000000000000e+02 7.600000000000000000e+01 nan
1.520000000000000000e+02 7.700000000000000000e+01 nan
1.530000000000000000e+02 5.100000000000000000e+01 nan
1.530000000000000000e+02 5.200000000000000000e+01 nan
1.530000000000000000e+02 5.300000000000000000e+01 nan
1.530000000000000000e+02 5.400000000000000000e+01 nan
1.530000000000000000e+02 5.500000000000000000e+01 nan
1.530000000000000000e+02 5.600000000000000000e+01 nan
1.530000000000000000e+02 5.700000000000000000e+01 nan
1.530000000000000000e+02 5.800000000000000000e+01 nan
1.530000000000000000e+02 5.900000000000000000e+01 nan
1.530000000000000000e+02 6.000000000000000000e+01 nan
1.530000000000000000e+02 6.100000000000000000e+01 nan
1.530000000000000000e+02 6.200000000000000000e+01 nan
1.530000000000000000e+02 6.300000000000000000e+01 nan
1.530000000000000000e+02 6.400000000000000000e+01 nan
1.530000000000000000e+02 6.500000000000000000e+01 nan
1.530000000000000000e+02 6.600000000000000000e+01 nan
1.530000000000000000e+02 6.700000000000000000e+01 nan
1.530000000000000000e+02 6.800000000000000000e+01 nan
1.530000000000000000e+02 6.900000000000000000e+01 nan
1.530000000000000000e+02 7.000000000000000000e+01 nan
1.530000000000000000e+02 7.100000000000000000e+01 nan
1.530000000000000000e+02 7.200000000000000000e+01 nan
1.530000000000000000e+02 7.300000000000000000e+01 nan
1.530000000000000000e+02 7.400000000000000000e+01 nan
1.530000000000000000e+02 7.500000000000000000e+01 nan
1.530000000000000000e+02 7.600000000000000000e+01 nan
1.530000000000000000e+02 7.700000000000000000e+01 nan
1.540000000000000000e+02 5.100000000000000000e+01 nan
1.540000000000000000e+02 5.200000000000000000e+01 nan
1.540000000000000000e+02 5.300000000000000000e+01 nan
1.540000000000000000e+02 5.400000000000000000e+01 nan
1.540000000000000000e+02 5.500000000000000000e+01 nan
1.540000000000000000e+02 5.600000000000000000e+01 nan
1.540000000000000000e+02 5.700000000000000000e+01 nan
1.540000000000000000e+02 5.800000000000000000e+01 nan
1.540000000000000000e+02 5.900000000000000000e+01 nan
1.540000000000000000e+02 6.000000000000000000e+01 nan
1.540000000000000000e+02 6.100000000000000000e+01 nan
1.540000000000000000e+02 6.200000000000000000e+01 nan
1.540000000000000000e+02 6.300000000000000000e+01 nan
1.540000000000000000e+02 6.400000000000000000e+01 nan
1.540000000000000000e+02 6.500000000000000000e+01 nan
1.540000000000000000e+02 6.600000000000000000e+01 nan
1.540000000000000000e+02 6.700000000000000000e+01 nan
1.540000000000000000e+02 6.800000000000000000e+01 nan
1.540000000000000000e+02 6.900000000000000000e+01 nan
1.540000000000000000e+02 7.000000000000000000e+01 nan
1.540000000000000000e+02 7.100000000000000000e+01 nan
1.540000000000000000e+02 7.200000000000000000e+01 nan
1.540000000000000000e+02 7.300000000000000000e+01 nan
1.540000000000000000e+02 7.400000000000000000e+01 nan
1.540000000000000000e+02 7.500000000000000000e+01 nan
1.540000000000000000e+02 7.600000000000000000e+01 nan
1.540000000000000000e+02 7.700000000000000000e+01 nan
1.550000000000000000e+02 5.100000000000000000e+01 nan
1.550000000000000000e+02 5.200000000000000000e+01 2.322931621249255674e-01
1.550000000000000000e+02 5.300000000000000000e+01 2.576184086212632285e-01
1.550000000000000000e+02 5.400000000000000000e+01 2.883160995422878181e-01
1.550000000000000000e+02 5.500000000000000000e+01 2.871188617986029090e-01
1.550000000000000000e+02 5.600000000000000000e+01 2.254993865782922713e-01
1.550000000000000000e+02 5.700000000000000000e+01 2.439648060685264686e-01
1.550000000000000000e+02 5.800000000000000000e+01 2.519215734464297363e-01
1.550000000000000000e+02 5.900000000000000000e+01 3.246053567107929916e-01
1.550000000000000000e+02 6.000000000000000000e+01 3.639412719902525017e-01
1.550000000000000000e+02 6.100000000000000000e+01 nan
1.550000000000000000e+02 6.200000000000000000e+01 nan
1.550000000000000000e+02 6.300000000000000000e+01 nan
1.550000000000000000e+02 6.400000000000000000e+01 nan
1.550000000000000000e+02 6.500000000000000000e+01 nan
1.550000000000000000e+02 6.600000000000000000e+01 nan
1.550000000000000000e+02 6.700000000000000000e+01 nan
1.550000000000000000e+02 6.800000000000000000e+01 nan
1.550000000000000000e+02 6.900000000000000000e+01 nan
1.550000000000000000e+02 7.000000000000000000e+01 nan
1.550000000000000000e+02 7.100000000000000000e+01 nan
1.550000000000000000e+02 7.200000000000000000e+01 nan
1.550000000000000000e+02 7.300000000000000000e+01 nan
1.550000000000000000e+02 7.400000000000000000e+01 nan
1.550000000000000000e+02 7.500000000000000000e+01 nan
1.550000000000000000e+02 7.600000000000000000e+01 nan
1.550000000000000000e+02 7.700000000000000000e+01 nan
1.560000000000000000e+02 5.100000000000000000e+01 2.800341455071737595e-01
1.560000000000000000e+02 5.200000000000000000e+01 2.575160963195227137e-01
1.560000000000000000e+02 5.300000000000000000e+01 2.535846267475220794e-01
1.560000000000000000e+02 5.400000000000000000e+01 2.870707380741334136e-01
1.560000000000000000e+02 5.500000000000000000e+01 2.876200974814064892e-01
1.560000000000000000e+02 5.600000000000000000e+01 2.273070061004895115e-01
1.560000000000000000e+02 5.700000000000000000e+01 2.425284235410405664e-01
1.560000000000000000e+02 5.800000000000000000e+01 2.519215734464297363e-01
1.560000000000000000e+02 5.900000000000000000e+01 3.246409499344492522e-01
1.560000000000000000e+02 6.000000000000000000e+01 3.639852927334041310e-01
1.560000000000000000e+02 6.100000000000000000e+01 nan
1.560000000000000000e+02 6.200000000000000000e+01 nan
1.560000000000000000e+02 6.300000000000000000e+01 nan
1.560000000000000000e+02 6.400000000000000000e+01 nan
1.560000000000000000e+02 6.500000000000000000e+01 nan
1.560000000000000000e+02 6.600000000000000000e+01 nan
1.560000000000000000e+02 6.700000000000000000e+01 nan
1.560000000000000000e+02 6.800000000000000000e+01 nan
1.560000000000000000e+02 6.900000000000000000e+01 nan
1.560000000000000000e+02 7.000000000000000000e+01 nan
1.560000000000000000e+02 7.100000000000000000e+01 nan
1.560000000000000000e+02 7.200000000000000000e+01 nan
1.560000000000000000e+02 7.300000000000000000e+01 nan
1.560000000000000000e+02 7.400000000000000000e+01 nan
1.560000000000000000e+02 7.500000000000000000e+01 nan
1.560000000000000000e+02 7.600000000000000000e+01 nan
1.560000000000000000e+02 7.700000000000000000e+01 nan
1.570000000000000000e+02 5.100000000000000000e+01 2.803252229957924890e-01
1.570000000000000000e+02 5.200000000000000000e+01 2.604114447237531049e-01
1.570000000000000000e+02 5.300000000000000000e+01 2.515643786589991104e-01
1.570000000000000000e+02 5.400000000000000000e+01 2.854687775874839017e-01
1.570000000000000000e+02 5.500000000000000000e+01 2.887560112513647970e-01
1.570000000000000000e+02 5.600000000000000000e+01 2.725850287606829125e-01
1.570000000000000000e+02 5.700000000000000000e+01 nan
1.570000000000000000e+02 5.800000000000000000e+01 nan
1.570000000000000000e+02 5.900000000000000000e+01 nan
1.570000000000000000e+02 6.000000000000000000e+01 nan
1.570000000000000000e+02 6.100000000000000000e+01 nan
1.570000000000000000e+02 6.200000000000000000e+01 nan
1.570000000000000000e+02 6.300000000000000000e+01 nan
1.570000000000000000e+02 6.400000000000000000e+01 nan
1.570000000000000000e+02 6.500000000000000000e+01 nan
1.570000000000000000e+02 6.600000000000000000e+01 nan
1.570000000000000000e+02 6.700000000000000000e+01 nan
1.570000000000000000e+02 6.800000000000000000e+01 nan
1.570000000000000000e+02 6.900000000000000000e+01 nan
1.570000000000000000e+02 7.000000000000000000e+01 nan
1.570000000000000000e+02 7.100000000000000000e+01 nan
1.570000000000000000e+02 7.200000000000000000e+01 nan
1.570000000000000000e+02 7.300000000000000000e+01 nan
1.570000000000000000e+02 7.400000000000000000e+01 nan
1.570000000000000000e+02 7.500000000000000000e+01 nan
1.570000000000000000e+02 7.600000000000000000e+01 nan
1.570000000000000000e+02 7.700000000000000000e+01 nan
