Longitude[deg], Latitude[deg], Dust optical depth
3.500000000000000000e+02 3.800000000000000000e+01 nan
3.500000000000000000e+02 3.900000000000000000e+01 nan
3.500000000000000000e+02 4.000000000000000000e+01 nan
3.500000000000000000e+02 4.100000000000000000e+01 nan
3.500000000000000000e+02 4.200000000000000000e+01 nan
3.500000000000000000e+02 4.300000000000000000e+01 nan
3.500000000000000000e+02 4.400000000000000000e+01 nan
3.500000000000000000e+02 4.500000000000000000e+01 nan
3.500000000000000000e+02 4.600000000000000000e+01 nan
3.500000000000000000e+02 4.700000000000000000e+01 nan
-1.000000000000000000e+01 4.800000000000000000e+01 5.298090711535429626e-02
-1.000000000000000000e+01 4.900000000000000000e+01 5.815327490120290183e-02
-1.000000000000000000e+01 5.000000000000000000e+01 2.475996753819654228e-01
-1.000000000000000000e+01 5.100000000000000000e+01 2.458127312450109070e-01
-1.000000000000000000e+01 5.200000000000000000e+01 1.019915189956530632e-01
-9.000000000000000000e+00 3.800000000000000000e+01 3.272449087913985033e-01
-9.000000000000000000e+00 3.900000000000000000e+01 1.783915424751206513e-01
-9.000000000000000000e+00 4.000000000000000000e+01 2.289133450022651506e-01
-9.000000000000000000e+00 4.100000000000000000e+01 2.487141401416478881e-01
-9.000000000000000000e+00 4.200000000000000000e+01 3.239970759021175151e-01
-9.000000000000000000e+00 4.300000000000000000e+01 3.287052084791161066e-01
-9.000000000000000000e+00 4.400000000000000000e+01 3.611434569483551460e-01
-9.000000000000000000e+00 4.500000000000000000e+01 1.877222064489391939e-01
-9.000000000000000000e+00 4.600000000000000000e+01 2.097167490840843862e-01
-9.000000000000000000e+00 4.700000000000000000e+01 3.423131488750087437e-01
-9.000000000000000000e+00 4.800000000000000000e+01 1.910150769636921875e-01
-9.000000000000000000e+00 4.900000000000000000e+01 2.003370474990793515e-01
-9.000000000000000000e+00 5.000000000000000000e+01 2.474396002048389887e-01
-9.000000000000000000e+00 5.100000000000000000e+01 2.468127392754131955e-01
-9.000000000000000000e+00 5.200000000000000000e+01 1.019915189956530632e-01
-8.000000000000000000e+00 3.800000000000000000e+01 3.272449087913985033e-01
-8.000000000000000000e+00 3.900000000000000000e+01 1.783915424751206513e-01
-8.000000000000000000e+00 4.000000000000000000e+01 2.289133450022651506e-01
-8.000000000000000000e+00 4.100000000000000000e+01 2.487141401416478881e-01
-8.000000000000000000e+00 4.200000000000000000e+01 3.239970759021175151e-01
-8.000000000000000000e+00 4.300000000000000000e+01 3.287052084791161066e-01
-8.000000000000000000e+00 4.400000000000000000e+01 3.611434569483551460e-01
-8.000000000000000000e+00 4.500000000000000000e+01 1.877222064489391939e-01
-8.000000000000000000e+00 4.600000000000000000e+01 2.097167490840843862e-01
-8.000000000000000000e+00 4.700000000000000000e+01 3.423131488750087437e-01
-8.000000000000000000e+00 4.800000000000000000e+01 1.918924637942486244e-01
-8.000000000000000000e+00 4.900000000000000000e+01 2.207850712315345687e-01
-8.000000000000000000e+00 5.000000000000000000e+01 2.464297544585083710e-01
-8.000000000000000000e+00 5.100000000000000000e+01 2.494905310183647695e-01
3.520000000000000000e+02 5.200000000000000000e+01 nan
