Longitude[deg], Latitude[deg], Dust optical depth
2.810000000000000000e+02 5.500000000000000000e+01 nan
2.810000000000000000e+02 5.600000000000000000e+01 nan
2.810000000000000000e+02 5.700000000000000000e+01 nan
2.810000000000000000e+02 5.800000000000000000e+01 nan
2.810000000000000000e+02 5.900000000000000000e+01 nan
2.810000000000000000e+02 6.000000000000000000e+01 nan
2.810000000000000000e+02 6.100000000000000000e+01 nan
2.810000000000000000e+02 6.200000000000000000e+01 nan
2.810000000000000000e+02 6.300000000000000000e+01 nan
2.810000000000000000e+02 6.400000000000000000e+01 nan
2.810000000000000000e+02 6.500000000000000000e+01 nan
2.810000000000000000e+02 6.600000000000000000e+01 nan
2.810000000000000000e+02 6.700000000000000000e+01 nan
2.820000000000000000e+02 5.500000000000000000e+01 nan
2.820000000000000000e+02 5.600000000000000000e+01 nan
2.820000000000000000e+02 5.700000000000000000e+01 nan
2.820000000000000000e+02 5.800000000000000000e+01 nan
2.820000000000000000e+02 5.900000000000000000e+01 nan
2.820000000000000000e+02 6.000000000000000000e+01 nan
2.820000000000000000e+02 6.100000000000000000e+01 nan
2.820000000000000000e+02 6.200000000000000000e+01 nan
2.820000000000000000e+02 6.300000000000000000e+01 nan
2.820000000000000000e+02 6.400000000000000000e+01 nan
2.820000000000000000e+02 6.500000000000000000e+01 nan
2.820000000000000000e+02 6.600000000000000000e+01 nan
2.820000000000000000e+02 6.700000000000000000e+01 nan
2.830000000000000000e+02 5.500000000000000000e+01 nan
2.830000000000000000e+02 5.600000000000000000e+01 nan
2.830000000000000000e+02 5.700000000000000000e+01 nan
2.830000000000000000e+02 5.800000000000000000e+01 nan
2.830000000000000000e+02 5.900000000000000000e+01 nan
2.830000000000000000e+02 6.000000000000000000e+01 nan
2.830000000000000000e+02 6.100000000000000000e+01 nan
2.830000000000000000e+02 6.200000000000000000e+01 nan
2.830000000000000000e+02 6.300000000000000000e+01 nan
2.830000000000000000e+02 6.400000000000000000e+01 nan
2.830000000000000000e+02 6.500000000000000000e+01 nan
2.830000000000000000e+02 6.600000000000000000e+01 nan
2.830000000000000000e+02 6.700000000000000000e+01 nan
-7.600000000000000000e+01 5.500000000000000000e+01 3.886867315187829686e-01
-7.600000000000000000e+01 5.600000000000000000e+01 3.894783667023267171e-01
-7.600000000000000000e+01 5.700000000000000000e+01 3.906697900924118727e-01
2.840000000000000000e+02 5.800000000000000000e+01 nan
2.840000000000000000e+02 5.900000000000000000e+01 nan
2.840000000000000000e+02 6.000000000000000000e+01 nan
2.840000000000000000e+02 6.100000000000000000e+01 nan
2.840000000000000000e+02 6.200000000000000000e+01 nan
2.840000000000000000e+02 6.300000000000000000e+01 nan
2.840000000000000000e+02 6.400000000000000000e+01 nan
2.840000000000000000e+02 6.500000000000000000e+01 nan
2.840000000000000000e+02 6.600000000000000000e+01 nan
2.840000000000000000e+02 6.700000000000000000e+01 nan
-7.500000000000000000e+01 5.500000000000000000e+01 3.886867315187829686e-01
-7.500000000000000000e+01 5.600000000000000000e+01 3.894783667023267171e-01
-7.500000000000000000e+01 5.700000000000000000e+01 3.906697900924118727e-01
2.850000000000000000e+02 5.800000000000000000e+01 nan
2.850000000000000000e+02 5.900000000000000000e+01 nan
2.850000000000000000e+02 6.000000000000000000e+01 nan
2.850000000000000000e+02 6.100000000000000000e+01 nan
2.850000000000000000e+02 6.200000000000000000e+01 nan
2.850000000000000000e+02 6.300000000000000000e+01 nan
2.850000000000000000e+02 6.400000000000000000e+01 nan
2.850000000000000000e+02 6.500000000000000000e+01 nan
2.850000000000000000e+02 6.600000000000000000e+01 nan
2.850000000000000000e+02 6.700000000000000000e+01 nan
