Longitude[deg], Latitude[deg], Dust optical depth
2.400000000000000000e+01 -1.800000000000000000e+01 2.244610728002895961e+00
2.400000000000000000e+01 -1.700000000000000000e+01 2.231681300551234148e+00
2.400000000000000000e+01 -1.600000000000000000e+01 2.153766977559908202e+00
2.400000000000000000e+01 -1.500000000000000000e+01 2.107314986638665122e+00
2.400000000000000000e+01 -1.400000000000000000e+01 1.831396579473213215e+00
2.400000000000000000e+01 -1.300000000000000000e+01 1.654858598775905243e+00
2.400000000000000000e+01 -1.200000000000000000e+01 1.785901328113511433e+00
2.400000000000000000e+01 -1.100000000000000000e+01 1.924771704739626887e+00
2.400000000000000000e+01 -1.000000000000000000e+01 1.973962526293653541e+00
2.400000000000000000e+01 -9.000000000000000000e+00 2.065674156956422536e+00
2.400000000000000000e+01 -8.000000000000000000e+00 2.193917318219858803e+00
2.400000000000000000e+01 -7.000000000000000000e+00 2.821354097161876240e+00
2.400000000000000000e+01 -6.000000000000000000e+00 5.601509436972932576e+00
2.400000000000000000e+01 -5.000000000000000000e+00 8.809935550503752211e+00
2.400000000000000000e+01 -4.000000000000000000e+00 1.561724056998712662e+01
2.400000000000000000e+01 -3.000000000000000000e+00 2.027653673408244472e+01
2.400000000000000000e+01 -2.000000000000000000e+00 1.013479612405972219e+01
2.400000000000000000e+01 -1.000000000000000000e+00 7.260234622864794929e+00
2.400000000000000000e+01 0.000000000000000000e+00 5.548200878181405393e+00
2.400000000000000000e+01 1.000000000000000000e+00 4.711103830383251534e+00
2.400000000000000000e+01 2.000000000000000000e+00 3.834036480094794364e+00
2.400000000000000000e+01 3.000000000000000000e+00 3.331643751936043341e+00
2.400000000000000000e+01 4.000000000000000000e+00 3.007384476345531965e+00
2.400000000000000000e+01 5.000000000000000000e+00 2.638546975108742920e+00
2.400000000000000000e+01 6.000000000000000000e+00 2.048393145585580832e+00
2.400000000000000000e+01 7.000000000000000000e+00 1.937601437106112323e+00
2.400000000000000000e+01 8.000000000000000000e+00 1.833856474648176249e+00
2.500000000000000000e+01 -1.800000000000000000e+01 2.244610728002895961e+00
2.500000000000000000e+01 -1.700000000000000000e+01 2.231681300551234148e+00
2.500000000000000000e+01 -1.600000000000000000e+01 2.153766977559908202e+00
2.500000000000000000e+01 -1.500000000000000000e+01 2.107314986638665122e+00
2.500000000000000000e+01 -1.400000000000000000e+01 1.831396579473213215e+00
2.500000000000000000e+01 -1.300000000000000000e+01 1.654858598775905243e+00
2.500000000000000000e+01 -1.200000000000000000e+01 1.785901328113511433e+00
2.500000000000000000e+01 -1.100000000000000000e+01 1.924771704739626887e+00
2.500000000000000000e+01 -1.000000000000000000e+01 1.973962526293653541e+00
2.500000000000000000e+01 -9.000000000000000000e+00 2.065674156956422536e+00
2.500000000000000000e+01 -8.000000000000000000e+00 2.193917318219858803e+00
2.500000000000000000e+01 -7.000000000000000000e+00 2.821354097161876240e+00
2.500000000000000000e+01 -6.000000000000000000e+00 5.601509436972932576e+00
2.500000000000000000e+01 -5.000000000000000000e+00 8.809935550503752211e+00
2.500000000000000000e+01 -4.000000000000000000e+00 1.561724056998712662e+01
2.500000000000000000e+01 -3.000000000000000000e+00 2.027653673408244472e+01
2.500000000000000000e+01 -2.000000000000000000e+00 1.013479612405972219e+01
2.500000000000000000e+01 -1.000000000000000000e+00 7.260234622864794929e+00
2.500000000000000000e+01 0.000000000000000000e+00 5.548200878181405393e+00
2.500000000000000000e+01 1.000000000000000000e+00 4.711103830383251534e+00
2.500000000000000000e+01 2.000000000000000000e+00 3.834036480094794364e+00
2.500000000000000000e+01 3.000000000000000000e+00 3.331643751936043341e+00
2.500000000000000000e+01 4.000000000000000000e+00 3.007384476345531965e+00
2.500000000000000000e+01 5.000000000000000000e+00 2.638546975108742920e+00
2.500000000000000000e+01 6.000000000000000000e+00 2.048393145585580832e+00
2.500000000000000000e+01 7.000000000000000000e+00 1.937601437106112323e+00
2.500000000000000000e+01 8.000000000000000000e+00 nan
