Longitude[deg], Latitude[deg], Dust optical depth
2.840000000000000000e+02 9.000000000000000000e+00 nan
2.840000000000000000e+02 1.000000000000000000e+01 nan
2.840000000000000000e+02 1.100000000000000000e+01 nan
2.840000000000000000e+02 1.200000000000000000e+01 nan
2.840000000000000000e+02 1.300000000000000000e+01 nan
2.840000000000000000e+02 1.400000000000000000e+01 nan
2.840000000000000000e+02 1.500000000000000000e+01 nan
2.840000000000000000e+02 1.600000000000000000e+01 nan
2.840000000000000000e+02 1.700000000000000000e+01 nan
2.840000000000000000e+02 1.800000000000000000e+01 nan
2.840000000000000000e+02 1.900000000000000000e+01 nan
2.840000000000000000e+02 2.000000000000000000e+01 nan
2.840000000000000000e+02 2.100000000000000000e+01 nan
2.840000000000000000e+02 2.200000000000000000e+01 nan
2.840000000000000000e+02 2.300000000000000000e+01 nan
2.840000000000000000e+02 2.400000000000000000e+01 nan
2.840000000000000000e+02 2.500000000000000000e+01 nan
2.840000000000000000e+02 2.600000000000000000e+01 nan
2.840000000000000000e+02 2.700000000000000000e+01 nan
2.840000000000000000e+02 2.800000000000000000e+01 nan
2.840000000000000000e+02 2.900000000000000000e+01 nan
2.840000000000000000e+02 3.000000000000000000e+01 nan
2.840000000000000000e+02 3.100000000000000000e+01 nan
2.840000000000000000e+02 3.200000000000000000e+01 nan
2.840000000000000000e+02 3.300000000000000000e+01 nan
2.840000000000000000e+02 3.400000000000000000e+01 nan
2.840000000000000000e+02 3.500000000000000000e+01 nan
2.840000000000000000e+02 3.600000000000000000e+01 nan
2.840000000000000000e+02 3.700000000000000000e+01 nan
2.840000000000000000e+02 3.800000000000000000e+01 nan
2.840000000000000000e+02 3.900000000000000000e+01 nan
2.840000000000000000e+02 4.000000000000000000e+01 nan
2.840000000000000000e+02 4.100000000000000000e+01 nan
2.840000000000000000e+02 4.200000000000000000e+01 nan
2.840000000000000000e+02 4.300000000000000000e+01 nan
2.840000000000000000e+02 4.400000000000000000e+01 nan
2.840000000000000000e+02 4.500000000000000000e+01 nan
2.840000000000000000e+02 4.600000000000000000e+01 nan
2.840000000000000000e+02 4.700000000000000000e+01 nan
2.840000000000000000e+02 4.800000000000000000e+01 nan
2.840000000000000000e+02 4.900000000000000000e+01 nan
-7.600000000000000000e+01 5.000000000000000000e+01 7.360868656682974243e-02
-7.600000000000000000e+01 5.100000000000000000e+01 4.622158093646028254e-01
-7.600000000000000000e+01 5.200000000000000000e+01 8.178652192207244154e-01
-7.600000000000000000e+01 5.300000000000000000e+01 1.013323124624270655e+00
-7.600000000000000000e+01 5.400000000000000000e+01 1.222545325345994138e+00
-7.500000000000000000e+01 9.000000000000000000e+00 6.062622844708860370e-01
-7.500000000000000000e+01 1.000000000000000000e+01 7.135147037382678636e-01
-7.500000000000000000e+01 1.100000000000000000e+01 7.577164569728699339e-01
-7.500000000000000000e+01 1.200000000000000000e+01 5.840356051857419351e-01
-7.500000000000000000e+01 1.300000000000000000e+01 7.493027195608760183e-01
-7.500000000000000000e+01 1.400000000000000000e+01 7.258415398122316509e-01
-7.500000000000000000e+01 1.500000000000000000e+01 6.668797778715653823e-01
-7.500000000000000000e+01 1.600000000000000000e+01 5.142459281080847822e-01
-7.500000000000000000e+01 1.700000000000000000e+01 5.465746599648362292e-01
-7.500000000000000000e+01 1.800000000000000000e+01 6.339757988652287013e-01
-7.500000000000000000e+01 1.900000000000000000e+01 5.354719026539415117e-01
-7.500000000000000000e+01 2.000000000000000000e+01 5.348958628706851348e-01
-7.500000000000000000e+01 2.100000000000000000e+01 5.725582587029779402e-01
-7.500000000000000000e+01 2.200000000000000000e+01 6.072486904112534001e-01
-7.500000000000000000e+01 2.300000000000000000e+01 5.607005559293751773e-01
-7.500000000000000000e+01 2.400000000000000000e+01 5.636012426688862265e-01
-7.500000000000000000e+01 2.500000000000000000e+01 6.026093031114959642e-01
-7.500000000000000000e+01 2.600000000000000000e+01 4.424398939887684845e-01
-7.500000000000000000e+01 2.700000000000000000e+01 4.296818230038824682e-01
-7.500000000000000000e+01 2.800000000000000000e+01 4.386059299568674796e-01
-7.500000000000000000e+01 2.900000000000000000e+01 4.278849878109752813e-01
-7.500000000000000000e+01 3.000000000000000000e+01 4.314618505376584534e-01
-7.500000000000000000e+01 3.100000000000000000e+01 5.146250734777535474e-01
-7.500000000000000000e+01 3.200000000000000000e+01 6.739888088014969192e-01
-7.500000000000000000e+01 3.300000000000000000e+01 4.591484623263059617e-01
-7.500000000000000000e+01 3.400000000000000000e+01 4.905687856836675187e-01
-7.500000000000000000e+01 3.500000000000000000e+01 5.038203751315722956e-01
-7.500000000000000000e+01 3.600000000000000000e+01 5.371805194595862254e-01
-7.500000000000000000e+01 3.700000000000000000e+01 4.086850965861033580e-01
-7.500000000000000000e+01 3.800000000000000000e+01 4.692573220097485120e-01
-7.500000000000000000e+01 3.900000000000000000e+01 4.666175814271580347e-01
-7.500000000000000000e+01 4.000000000000000000e+01 3.787897840258214743e-01
-7.500000000000000000e+01 4.100000000000000000e+01 4.261049850591724364e-01
-7.500000000000000000e+01 4.200000000000000000e+01 4.398800895519393017e-01
-7.500000000000000000e+01 4.300000000000000000e+01 5.190548977290910804e-01
-7.500000000000000000e+01 4.400000000000000000e+01 5.838268938922014373e-01
-7.500000000000000000e+01 4.500000000000000000e+01 5.894858218654036586e-01
-7.500000000000000000e+01 4.600000000000000000e+01 5.080066603715542861e-01
-7.500000000000000000e+01 4.700000000000000000e+01 4.788757578654566083e-01
-7.500000000000000000e+01 4.800000000000000000e+01 4.965271496246285166e-01
-7.500000000000000000e+01 4.900000000000000000e+01 6.210925078125566490e-01
-7.500000000000000000e+01 5.000000000000000000e+01 3.015412617958562191e-01
-7.500000000000000000e+01 5.100000000000000000e+01 3.523211602726801783e-01
-7.500000000000000000e+01 5.200000000000000000e+01 8.155679610103380162e-01
-7.500000000000000000e+01 5.300000000000000000e+01 1.013323124624270655e+00
-7.500000000000000000e+01 5.400000000000000000e+01 1.222545325345994138e+00
-7.400000000000000000e+01 9.000000000000000000e+00 6.162450473440697074e-01
-7.400000000000000000e+01 1.000000000000000000e+01 7.219537250904554115e-01
-7.400000000000000000e+01 1.100000000000000000e+01 7.691488319262326234e-01
-7.400000000000000000e+01 1.200000000000000000e+01 5.727686129664695258e-01
-7.400000000000000000e+01 1.300000000000000000e+01 7.390848852605821362e-01
-7.400000000000000000e+01 1.400000000000000000e+01 7.219760913792251378e-01
-7.400000000000000000e+01 1.500000000000000000e+01 6.680327357832749335e-01
-7.400000000000000000e+01 1.600000000000000000e+01 5.113651886042565042e-01
-7.400000000000000000e+01 1.700000000000000000e+01 5.404883290443301957e-01
-7.400000000000000000e+01 1.800000000000000000e+01 6.261685276591943961e-01
-7.400000000000000000e+01 1.900000000000000000e+01 5.522065216935697629e-01
-7.400000000000000000e+01 2.000000000000000000e+01 5.401771055872118810e-01
-7.400000000000000000e+01 2.100000000000000000e+01 5.791865648562445346e-01
-7.400000000000000000e+01 2.200000000000000000e+01 6.106292743547195867e-01
-7.400000000000000000e+01 2.300000000000000000e+01 5.638420441563336549e-01
-7.400000000000000000e+01 2.400000000000000000e+01 5.646980330312538765e-01
-7.400000000000000000e+01 2.500000000000000000e+01 6.039184920827507241e-01
-7.400000000000000000e+01 2.600000000000000000e+01 4.436826513964473584e-01
-7.400000000000000000e+01 2.700000000000000000e+01 4.296818230038824682e-01
-7.400000000000000000e+01 2.800000000000000000e+01 4.386059299568674796e-01
-7.400000000000000000e+01 2.900000000000000000e+01 4.278849878109752813e-01
-7.400000000000000000e+01 3.000000000000000000e+01 4.314618505376584534e-01
-7.400000000000000000e+01 3.100000000000000000e+01 5.146250734777535474e-01
-7.400000000000000000e+01 3.200000000000000000e+01 6.739888088014969192e-01
-7.400000000000000000e+01 3.300000000000000000e+01 4.591484623263059617e-01
-7.400000000000000000e+01 3.400000000000000000e+01 4.905687856836675187e-01
-7.400000000000000000e+01 3.500000000000000000e+01 5.038203751315722956e-01
-7.400000000000000000e+01 3.600000000000000000e+01 5.371805194595862254e-01
-7.400000000000000000e+01 3.700000000000000000e+01 4.086850965861033580e-01
-7.400000000000000000e+01 3.800000000000000000e+01 4.692573220097485120e-01
-7.400000000000000000e+01 3.900000000000000000e+01 4.666175814271580347e-01
-7.400000000000000000e+01 4.000000000000000000e+01 3.787897840258214743e-01
-7.400000000000000000e+01 4.100000000000000000e+01 4.261049850591724364e-01
-7.400000000000000000e+01 4.200000000000000000e+01 4.398800895519393017e-01
-7.400000000000000000e+01 4.300000000000000000e+01 5.190548977290910804e-01
-7.400000000000000000e+01 4.400000000000000000e+01 5.838268938922014373e-01
-7.400000000000000000e+01 4.500000000000000000e+01 5.894858218654036586e-01
-7.400000000000000000e+01 4.600000000000000000e+01 5.080066603715542861e-01
-7.400000000000000000e+01 4.700000000000000000e+01 4.788757578654566083e-01
-7.400000000000000000e+01 4.800000000000000000e+01 4.965271496246285166e-01
-7.400000000000000000e+01 4.900000000000000000e+01 6.100929215927064497e-01
-7.400000000000000000e+01 5.000000000000000000e+01 5.454554011517830370e-01
-7.400000000000000000e+01 5.100000000000000000e+01 6.262193550208995652e-02
2.860000000000000000e+02 5.200000000000000000e+01 nan
2.860000000000000000e+02 5.300000000000000000e+01 nan
2.860000000000000000e+02 5.400000000000000000e+01 nan
-7.300000000000000000e+01 9.000000000000000000e+00 6.188009142277380858e-01
-7.300000000000000000e+01 1.000000000000000000e+01 7.382570470920223338e-01
-7.300000000000000000e+01 1.100000000000000000e+01 7.780553418920287401e-01
-7.300000000000000000e+01 1.200000000000000000e+01 5.385387875150633441e-01
-7.300000000000000000e+01 1.300000000000000000e+01 7.212126168159911366e-01
-7.300000000000000000e+01 1.400000000000000000e+01 7.133951281288062329e-01
-7.300000000000000000e+01 1.500000000000000000e+01 6.715410605759730700e-01
-7.300000000000000000e+01 1.600000000000000000e+01 5.092283983355300192e-01
-7.300000000000000000e+01 1.700000000000000000e+01 5.303092314872986934e-01
-7.300000000000000000e+01 1.800000000000000000e+01 6.187987302806243761e-01
-7.300000000000000000e+01 1.900000000000000000e+01 5.786834838371472944e-01
-7.300000000000000000e+01 2.000000000000000000e+01 5.490023615486969710e-01
-7.300000000000000000e+01 2.100000000000000000e+01 5.920137465867755244e-01
-7.300000000000000000e+01 2.200000000000000000e+01 6.195889017493791950e-01
-7.300000000000000000e+01 2.300000000000000000e+01 5.847301699501488148e-01
-7.300000000000000000e+01 2.400000000000000000e+01 5.804193758514775148e-01
-7.300000000000000000e+01 2.500000000000000000e+01 6.163421921786977897e-01
2.870000000000000000e+02 2.600000000000000000e+01 nan
2.870000000000000000e+02 2.700000000000000000e+01 nan
2.870000000000000000e+02 2.800000000000000000e+01 nan
2.870000000000000000e+02 2.900000000000000000e+01 nan
2.870000000000000000e+02 3.000000000000000000e+01 nan
2.870000000000000000e+02 3.100000000000000000e+01 nan
2.870000000000000000e+02 3.200000000000000000e+01 nan
2.870000000000000000e+02 3.300000000000000000e+01 nan
2.870000000000000000e+02 3.400000000000000000e+01 nan
2.870000000000000000e+02 3.500000000000000000e+01 nan
2.870000000000000000e+02 3.600000000000000000e+01 nan
2.870000000000000000e+02 3.700000000000000000e+01 nan
2.870000000000000000e+02 3.800000000000000000e+01 nan
2.870000000000000000e+02 3.900000000000000000e+01 nan
2.870000000000000000e+02 4.000000000000000000e+01 nan
2.870000000000000000e+02 4.100000000000000000e+01 nan
2.870000000000000000e+02 4.200000000000000000e+01 nan
2.870000000000000000e+02 4.300000000000000000e+01 nan
2.870000000000000000e+02 4.400000000000000000e+01 nan
2.870000000000000000e+02 4.500000000000000000e+01 nan
2.870000000000000000e+02 4.600000000000000000e+01 nan
2.870000000000000000e+02 4.700000000000000000e+01 nan
2.870000000000000000e+02 4.800000000000000000e+01 nan
2.870000000000000000e+02 4.900000000000000000e+01 nan
2.870000000000000000e+02 5.000000000000000000e+01 nan
2.870000000000000000e+02 5.100000000000000000e+01 nan
2.870000000000000000e+02 5.200000000000000000e+01 nan
2.870000000000000000e+02 5.300000000000000000e+01 nan
2.870000000000000000e+02 5.400000000000000000e+01 nan
