Longitude[deg], Latitude[deg], Dust optical depth
3.380000000000000000e+02 5.300000000000000000e+01 nan
3.380000000000000000e+02 5.400000000000000000e+01 nan
3.380000000000000000e+02 5.500000000000000000e+01 nan
3.380000000000000000e+02 5.600000000000000000e+01 nan
3.380000000000000000e+02 5.700000000000000000e+01 nan
3.380000000000000000e+02 5.800000000000000000e+01 nan
3.380000000000000000e+02 5.900000000000000000e+01 nan
3.380000000000000000e+02 6.000000000000000000e+01 nan
3.380000000000000000e+02 6.100000000000000000e+01 nan
3.380000000000000000e+02 6.200000000000000000e+01 nan
3.380000000000000000e+02 6.300000000000000000e+01 nan
3.380000000000000000e+02 6.400000000000000000e+01 nan
3.380000000000000000e+02 6.500000000000000000e+01 nan
3.380000000000000000e+02 6.600000000000000000e+01 nan
3.380000000000000000e+02 6.700000000000000000e+01 nan
3.380000000000000000e+02 6.800000000000000000e+01 nan
3.380000000000000000e+02 6.900000000000000000e+01 nan
3.380000000000000000e+02 7.000000000000000000e+01 nan
3.380000000000000000e+02 7.100000000000000000e+01 nan
3.380000000000000000e+02 7.200000000000000000e+01 nan
3.380000000000000000e+02 7.300000000000000000e+01 nan
3.380000000000000000e+02 7.400000000000000000e+01 nan
3.380000000000000000e+02 7.500000000000000000e+01 nan
3.380000000000000000e+02 7.600000000000000000e+01 nan
3.380000000000000000e+02 7.700000000000000000e+01 nan
3.380000000000000000e+02 7.800000000000000000e+01 nan
3.380000000000000000e+02 7.900000000000000000e+01 nan
3.390000000000000000e+02 5.300000000000000000e+01 nan
3.390000000000000000e+02 5.400000000000000000e+01 nan
3.390000000000000000e+02 5.500000000000000000e+01 nan
3.390000000000000000e+02 5.600000000000000000e+01 nan
3.390000000000000000e+02 5.700000000000000000e+01 nan
3.390000000000000000e+02 5.800000000000000000e+01 nan
3.390000000000000000e+02 5.900000000000000000e+01 nan
3.390000000000000000e+02 6.000000000000000000e+01 nan
3.390000000000000000e+02 6.100000000000000000e+01 nan
3.390000000000000000e+02 6.200000000000000000e+01 nan
3.390000000000000000e+02 6.300000000000000000e+01 nan
3.390000000000000000e+02 6.400000000000000000e+01 nan
3.390000000000000000e+02 6.500000000000000000e+01 nan
3.390000000000000000e+02 6.600000000000000000e+01 nan
3.390000000000000000e+02 6.700000000000000000e+01 nan
3.390000000000000000e+02 6.800000000000000000e+01 nan
3.390000000000000000e+02 6.900000000000000000e+01 nan
3.390000000000000000e+02 7.000000000000000000e+01 nan
3.390000000000000000e+02 7.100000000000000000e+01 nan
3.390000000000000000e+02 7.200000000000000000e+01 nan
3.390000000000000000e+02 7.300000000000000000e+01 nan
3.390000000000000000e+02 7.400000000000000000e+01 nan
3.390000000000000000e+02 7.500000000000000000e+01 nan
3.390000000000000000e+02 7.600000000000000000e+01 nan
3.390000000000000000e+02 7.700000000000000000e+01 nan
3.390000000000000000e+02 7.800000000000000000e+01 nan
3.390000000000000000e+02 7.900000000000000000e+01 nan
3.400000000000000000e+02 5.300000000000000000e+01 nan
3.400000000000000000e+02 5.400000000000000000e+01 nan
3.400000000000000000e+02 5.500000000000000000e+01 nan
3.400000000000000000e+02 5.600000000000000000e+01 nan
3.400000000000000000e+02 5.700000000000000000e+01 nan
3.400000000000000000e+02 5.800000000000000000e+01 nan
3.400000000000000000e+02 5.900000000000000000e+01 nan
3.400000000000000000e+02 6.000000000000000000e+01 nan
3.400000000000000000e+02 6.100000000000000000e+01 nan
3.400000000000000000e+02 6.200000000000000000e+01 nan
3.400000000000000000e+02 6.300000000000000000e+01 nan
3.400000000000000000e+02 6.400000000000000000e+01 nan
3.400000000000000000e+02 6.500000000000000000e+01 nan
3.400000000000000000e+02 6.600000000000000000e+01 nan
3.400000000000000000e+02 6.700000000000000000e+01 nan
3.400000000000000000e+02 6.800000000000000000e+01 nan
3.400000000000000000e+02 6.900000000000000000e+01 nan
3.400000000000000000e+02 7.000000000000000000e+01 nan
3.400000000000000000e+02 7.100000000000000000e+01 nan
3.400000000000000000e+02 7.200000000000000000e+01 nan
3.400000000000000000e+02 7.300000000000000000e+01 nan
3.400000000000000000e+02 7.400000000000000000e+01 nan
3.400000000000000000e+02 7.500000000000000000e+01 nan
3.400000000000000000e+02 7.600000000000000000e+01 nan
3.400000000000000000e+02 7.700000000000000000e+01 nan
3.400000000000000000e+02 7.800000000000000000e+01 nan
3.400000000000000000e+02 7.900000000000000000e+01 nan
3.410000000000000000e+02 5.300000000000000000e+01 nan
3.410000000000000000e+02 5.400000000000000000e+01 nan
3.410000000000000000e+02 5.500000000000000000e+01 nan
3.410000000000000000e+02 5.600000000000000000e+01 nan
3.410000000000000000e+02 5.700000000000000000e+01 nan
3.410000000000000000e+02 5.800000000000000000e+01 nan
3.410000000000000000e+02 5.900000000000000000e+01 nan
3.410000000000000000e+02 6.000000000000000000e+01 nan
3.410000000000000000e+02 6.100000000000000000e+01 nan
3.410000000000000000e+02 6.200000000000000000e+01 nan
3.410000000000000000e+02 6.300000000000000000e+01 nan
3.410000000000000000e+02 6.400000000000000000e+01 nan
3.410000000000000000e+02 6.500000000000000000e+01 nan
3.410000000000000000e+02 6.600000000000000000e+01 nan
3.410000000000000000e+02 6.700000000000000000e+01 nan
3.410000000000000000e+02 6.800000000000000000e+01 nan
3.410000000000000000e+02 6.900000000000000000e+01 nan
3.410000000000000000e+02 7.000000000000000000e+01 nan
3.410000000000000000e+02 7.100000000000000000e+01 nan
3.410000000000000000e+02 7.200000000000000000e+01 nan
3.410000000000000000e+02 7.300000000000000000e+01 nan
3.410000000000000000e+02 7.400000000000000000e+01 nan
3.410000000000000000e+02 7.500000000000000000e+01 nan
3.410000000000000000e+02 7.600000000000000000e+01 nan
3.410000000000000000e+02 7.700000000000000000e+01 nan
3.410000000000000000e+02 7.800000000000000000e+01 nan
3.410000000000000000e+02 7.900000000000000000e+01 nan
3.420000000000000000e+02 5.300000000000000000e+01 nan
3.420000000000000000e+02 5.400000000000000000e+01 nan
3.420000000000000000e+02 5.500000000000000000e+01 nan
3.420000000000000000e+02 5.600000000000000000e+01 nan
3.420000000000000000e+02 5.700000000000000000e+01 nan
3.420000000000000000e+02 5.800000000000000000e+01 nan
3.420000000000000000e+02 5.900000000000000000e+01 nan
3.420000000000000000e+02 6.000000000000000000e+01 nan
3.420000000000000000e+02 6.100000000000000000e+01 nan
3.420000000000000000e+02 6.200000000000000000e+01 nan
3.420000000000000000e+02 6.300000000000000000e+01 nan
3.420000000000000000e+02 6.400000000000000000e+01 nan
3.420000000000000000e+02 6.500000000000000000e+01 nan
3.420000000000000000e+02 6.600000000000000000e+01 nan
3.420000000000000000e+02 6.700000000000000000e+01 nan
3.420000000000000000e+02 6.800000000000000000e+01 nan
3.420000000000000000e+02 6.900000000000000000e+01 nan
3.420000000000000000e+02 7.000000000000000000e+01 nan
3.420000000000000000e+02 7.100000000000000000e+01 nan
3.420000000000000000e+02 7.200000000000000000e+01 nan
3.420000000000000000e+02 7.300000000000000000e+01 nan
3.420000000000000000e+02 7.400000000000000000e+01 nan
3.420000000000000000e+02 7.500000000000000000e+01 nan
3.420000000000000000e+02 7.600000000000000000e+01 nan
3.420000000000000000e+02 7.700000000000000000e+01 nan
3.420000000000000000e+02 7.800000000000000000e+01 nan
3.420000000000000000e+02 7.900000000000000000e+01 nan
3.430000000000000000e+02 5.300000000000000000e+01 nan
3.430000000000000000e+02 5.400000000000000000e+01 nan
3.430000000000000000e+02 5.500000000000000000e+01 nan
3.430000000000000000e+02 5.600000000000000000e+01 nan
3.430000000000000000e+02 5.700000000000000000e+01 nan
3.430000000000000000e+02 5.800000000000000000e+01 nan
3.430000000000000000e+02 5.900000000000000000e+01 nan
3.430000000000000000e+02 6.000000000000000000e+01 nan
3.430000000000000000e+02 6.100000000000000000e+01 nan
3.430000000000000000e+02 6.200000000000000000e+01 nan
3.430000000000000000e+02 6.300000000000000000e+01 nan
3.430000000000000000e+02 6.400000000000000000e+01 nan
3.430000000000000000e+02 6.500000000000000000e+01 nan
3.430000000000000000e+02 6.600000000000000000e+01 nan
3.430000000000000000e+02 6.700000000000000000e+01 nan
3.430000000000000000e+02 6.800000000000000000e+01 nan
3.430000000000000000e+02 6.900000000000000000e+01 nan
3.430000000000000000e+02 7.000000000000000000e+01 nan
3.430000000000000000e+02 7.100000000000000000e+01 nan
3.430000000000000000e+02 7.200000000000000000e+01 nan
3.430000000000000000e+02 7.300000000000000000e+01 nan
3.430000000000000000e+02 7.400000000000000000e+01 nan
3.430000000000000000e+02 7.500000000000000000e+01 nan
3.430000000000000000e+02 7.600000000000000000e+01 nan
3.430000000000000000e+02 7.700000000000000000e+01 nan
3.430000000000000000e+02 7.800000000000000000e+01 nan
3.430000000000000000e+02 7.900000000000000000e+01 nan
3.440000000000000000e+02 5.300000000000000000e+01 nan
3.440000000000000000e+02 5.400000000000000000e+01 nan
3.440000000000000000e+02 5.500000000000000000e+01 nan
3.440000000000000000e+02 5.600000000000000000e+01 nan
3.440000000000000000e+02 5.700000000000000000e+01 nan
3.440000000000000000e+02 5.800000000000000000e+01 nan
3.440000000000000000e+02 5.900000000000000000e+01 nan
3.440000000000000000e+02 6.000000000000000000e+01 nan
3.440000000000000000e+02 6.100000000000000000e+01 nan
3.440000000000000000e+02 6.200000000000000000e+01 nan
3.440000000000000000e+02 6.300000000000000000e+01 nan
3.440000000000000000e+02 6.400000000000000000e+01 nan
3.440000000000000000e+02 6.500000000000000000e+01 nan
3.440000000000000000e+02 6.600000000000000000e+01 nan
3.440000000000000000e+02 6.700000000000000000e+01 nan
3.440000000000000000e+02 6.800000000000000000e+01 nan
3.440000000000000000e+02 6.900000000000000000e+01 nan
3.440000000000000000e+02 7.000000000000000000e+01 nan
3.440000000000000000e+02 7.100000000000000000e+01 nan
3.440000000000000000e+02 7.200000000000000000e+01 nan
3.440000000000000000e+02 7.300000000000000000e+01 nan
3.440000000000000000e+02 7.400000000000000000e+01 nan
3.440000000000000000e+02 7.500000000000000000e+01 nan
3.440000000000000000e+02 7.600000000000000000e+01 nan
3.440000000000000000e+02 7.700000000000000000e+01 nan
3.440000000000000000e+02 7.800000000000000000e+01 nan
3.440000000000000000e+02 7.900000000000000000e+01 nan
3.450000000000000000e+02 5.300000000000000000e+01 nan
3.450000000000000000e+02 5.400000000000000000e+01 nan
3.450000000000000000e+02 5.500000000000000000e+01 nan
3.450000000000000000e+02 5.600000000000000000e+01 nan
3.450000000000000000e+02 5.700000000000000000e+01 nan
3.450000000000000000e+02 5.800000000000000000e+01 nan
3.450000000000000000e+02 5.900000000000000000e+01 nan
3.450000000000000000e+02 6.000000000000000000e+01 nan
3.450000000000000000e+02 6.100000000000000000e+01 nan
3.450000000000000000e+02 6.200000000000000000e+01 nan
3.450000000000000000e+02 6.300000000000000000e+01 nan
3.450000000000000000e+02 6.400000000000000000e+01 nan
3.450000000000000000e+02 6.500000000000000000e+01 nan
3.450000000000000000e+02 6.600000000000000000e+01 nan
3.450000000000000000e+02 6.700000000000000000e+01 nan
3.450000000000000000e+02 6.800000000000000000e+01 nan
3.450000000000000000e+02 6.900000000000000000e+01 nan
3.450000000000000000e+02 7.000000000000000000e+01 nan
3.450000000000000000e+02 7.100000000000000000e+01 nan
3.450000000000000000e+02 7.200000000000000000e+01 nan
3.450000000000000000e+02 7.300000000000000000e+01 nan
3.450000000000000000e+02 7.400000000000000000e+01 nan
3.450000000000000000e+02 7.500000000000000000e+01 nan
3.450000000000000000e+02 7.600000000000000000e+01 nan
3.450000000000000000e+02 7.700000000000000000e+01 nan
3.450000000000000000e+02 7.800000000000000000e+01 nan
3.450000000000000000e+02 7.900000000000000000e+01 nan
3.460000000000000000e+02 5.300000000000000000e+01 nan
3.460000000000000000e+02 5.400000000000000000e+01 nan
3.460000000000000000e+02 5.500000000000000000e+01 nan
3.460000000000000000e+02 5.600000000000000000e+01 nan
3.460000000000000000e+02 5.700000000000000000e+01 nan
3.460000000000000000e+02 5.800000000000000000e+01 nan
3.460000000000000000e+02 5.900000000000000000e+01 nan
3.460000000000000000e+02 6.000000000000000000e+01 nan
3.460000000000000000e+02 6.100000000000000000e+01 nan
3.460000000000000000e+02 6.200000000000000000e+01 nan
3.460000000000000000e+02 6.300000000000000000e+01 nan
3.460000000000000000e+02 6.400000000000000000e+01 nan
3.460000000000000000e+02 6.500000000000000000e+01 nan
3.460000000000000000e+02 6.600000000000000000e+01 nan
3.460000000000000000e+02 6.700000000000000000e+01 nan
3.460000000000000000e+02 6.800000000000000000e+01 nan
3.460000000000000000e+02 6.900000000000000000e+01 nan
3.460000000000000000e+02 7.000000000000000000e+01 nan
3.460000000000000000e+02 7.100000000000000000e+01 nan
3.460000000000000000e+02 7.200000000000000000e+01 nan
3.460000000000000000e+02 7.300000000000000000e+01 nan
3.460000000000000000e+02 7.400000000000000000e+01 nan
3.460000000000000000e+02 7.500000000000000000e+01 nan
3.460000000000000000e+02 7.600000000000000000e+01 nan
3.460000000000000000e+02 7.700000000000000000e+01 nan
3.460000000000000000e+02 7.800000000000000000e+01 nan
3.460000000000000000e+02 7.900000000000000000e+01 nan
3.470000000000000000e+02 5.300000000000000000e+01 nan
3.470000000000000000e+02 5.400000000000000000e+01 nan
3.470000000000000000e+02 5.500000000000000000e+01 nan
3.470000000000000000e+02 5.600000000000000000e+01 nan
3.470000000000000000e+02 5.700000000000000000e+01 nan
3.470000000000000000e+02 5.800000000000000000e+01 nan
3.470000000000000000e+02 5.900000000000000000e+01 nan
3.470000000000000000e+02 6.000000000000000000e+01 nan
3.470000000000000000e+02 6.100000000000000000e+01 nan
3.470000000000000000e+02 6.200000000000000000e+01 nan
3.470000000000000000e+02 6.300000000000000000e+01 nan
3.470000000000000000e+02 6.400000000000000000e+01 nan
3.470000000000000000e+02 6.500000000000000000e+01 nan
3.470000000000000000e+02 6.600000000000000000e+01 nan
3.470000000000000000e+02 6.700000000000000000e+01 nan
3.470000000000000000e+02 6.800000000000000000e+01 nan
3.470000000000000000e+02 6.900000000000000000e+01 nan
3.470000000000000000e+02 7.000000000000000000e+01 nan
3.470000000000000000e+02 7.100000000000000000e+01 nan
3.470000000000000000e+02 7.200000000000000000e+01 nan
3.470000000000000000e+02 7.300000000000000000e+01 nan
3.470000000000000000e+02 7.400000000000000000e+01 nan
3.470000000000000000e+02 7.500000000000000000e+01 nan
3.470000000000000000e+02 7.600000000000000000e+01 nan
3.470000000000000000e+02 7.700000000000000000e+01 nan
3.470000000000000000e+02 7.800000000000000000e+01 nan
3.470000000000000000e+02 7.900000000000000000e+01 nan
3.480000000000000000e+02 5.300000000000000000e+01 nan
3.480000000000000000e+02 5.400000000000000000e+01 nan
3.480000000000000000e+02 5.500000000000000000e+01 nan
3.480000000000000000e+02 5.600000000000000000e+01 nan
3.480000000000000000e+02 5.700000000000000000e+01 nan
3.480000000000000000e+02 5.800000000000000000e+01 nan
3.480000000000000000e+02 5.900000000000000000e+01 nan
3.480000000000000000e+02 6.000000000000000000e+01 nan
3.480000000000000000e+02 6.100000000000000000e+01 nan
3.480000000000000000e+02 6.200000000000000000e+01 nan
3.480000000000000000e+02 6.300000000000000000e+01 nan
3.480000000000000000e+02 6.400000000000000000e+01 nan
3.480000000000000000e+02 6.500000000000000000e+01 nan
3.480000000000000000e+02 6.600000000000000000e+01 nan
3.480000000000000000e+02 6.700000000000000000e+01 nan
3.480000000000000000e+02 6.800000000000000000e+01 nan
3.480000000000000000e+02 6.900000000000000000e+01 nan
3.480000000000000000e+02 7.000000000000000000e+01 nan
3.480000000000000000e+02 7.100000000000000000e+01 nan
3.480000000000000000e+02 7.200000000000000000e+01 nan
3.480000000000000000e+02 7.300000000000000000e+01 nan
3.480000000000000000e+02 7.400000000000000000e+01 nan
3.480000000000000000e+02 7.500000000000000000e+01 nan
3.480000000000000000e+02 7.600000000000000000e+01 nan
3.480000000000000000e+02 7.700000000000000000e+01 nan
3.480000000000000000e+02 7.800000000000000000e+01 nan
3.480000000000000000e+02 7.900000000000000000e+01 nan
3.490000000000000000e+02 5.300000000000000000e+01 nan
3.490000000000000000e+02 5.400000000000000000e+01 nan
3.490000000000000000e+02 5.500000000000000000e+01 nan
-1.100000000000000000e+01 5.600000000000000000e+01 9.017288978597716442e-02
-1.100000000000000000e+01 5.700000000000000000e+01 2.518899106609175931e-01
-1.100000000000000000e+01 5.800000000000000000e+01 1.567882073816865562e-01
-1.100000000000000000e+01 5.900000000000000000e+01 2.844489993105732695e-01
-1.100000000000000000e+01 6.000000000000000000e+01 4.727608640495863379e-01
3.490000000000000000e+02 6.100000000000000000e+01 nan
3.490000000000000000e+02 6.200000000000000000e+01 nan
3.490000000000000000e+02 6.300000000000000000e+01 nan
3.490000000000000000e+02 6.400000000000000000e+01 nan
3.490000000000000000e+02 6.500000000000000000e+01 nan
3.490000000000000000e+02 6.600000000000000000e+01 nan
3.490000000000000000e+02 6.700000000000000000e+01 nan
3.490000000000000000e+02 6.800000000000000000e+01 nan
3.490000000000000000e+02 6.900000000000000000e+01 nan
3.490000000000000000e+02 7.000000000000000000e+01 nan
3.490000000000000000e+02 7.100000000000000000e+01 nan
3.490000000000000000e+02 7.200000000000000000e+01 nan
3.490000000000000000e+02 7.300000000000000000e+01 nan
3.490000000000000000e+02 7.400000000000000000e+01 nan
3.490000000000000000e+02 7.500000000000000000e+01 nan
3.490000000000000000e+02 7.600000000000000000e+01 nan
3.490000000000000000e+02 7.700000000000000000e+01 nan
3.490000000000000000e+02 7.800000000000000000e+01 nan
3.490000000000000000e+02 7.900000000000000000e+01 nan
-1.000000000000000000e+01 5.300000000000000000e+01 2.599015041442238050e-01
-1.000000000000000000e+01 5.400000000000000000e+01 2.483990567141622086e-01
-1.000000000000000000e+01 5.500000000000000000e+01 1.200215745115063570e-01
-1.000000000000000000e+01 5.600000000000000000e+01 1.033832342032811047e-01
-1.000000000000000000e+01 5.700000000000000000e+01 1.043977909972042539e-01
-1.000000000000000000e+01 5.800000000000000000e+01 1.575606046227829571e-01
-1.000000000000000000e+01 5.900000000000000000e+01 1.609532870513410152e-01
-1.000000000000000000e+01 6.000000000000000000e+01 4.686085444992074689e-01
3.500000000000000000e+02 6.100000000000000000e+01 nan
3.500000000000000000e+02 6.200000000000000000e+01 nan
3.500000000000000000e+02 6.300000000000000000e+01 nan
3.500000000000000000e+02 6.400000000000000000e+01 nan
3.500000000000000000e+02 6.500000000000000000e+01 nan
3.500000000000000000e+02 6.600000000000000000e+01 nan
3.500000000000000000e+02 6.700000000000000000e+01 nan
3.500000000000000000e+02 6.800000000000000000e+01 nan
3.500000000000000000e+02 6.900000000000000000e+01 nan
3.500000000000000000e+02 7.000000000000000000e+01 nan
3.500000000000000000e+02 7.100000000000000000e+01 nan
3.500000000000000000e+02 7.200000000000000000e+01 nan
3.500000000000000000e+02 7.300000000000000000e+01 nan
3.500000000000000000e+02 7.400000000000000000e+01 nan
3.500000000000000000e+02 7.500000000000000000e+01 nan
3.500000000000000000e+02 7.600000000000000000e+01 nan
3.500000000000000000e+02 7.700000000000000000e+01 nan
3.500000000000000000e+02 7.800000000000000000e+01 nan
3.500000000000000000e+02 7.900000000000000000e+01 nan
-9.000000000000000000e+00 5.300000000000000000e+01 2.599015041442238050e-01
-9.000000000000000000e+00 5.400000000000000000e+01 2.483990567141622086e-01
-9.000000000000000000e+00 5.500000000000000000e+01 1.200215745115063570e-01
-9.000000000000000000e+00 5.600000000000000000e+01 1.038647423480285742e-01
-9.000000000000000000e+00 5.700000000000000000e+01 1.037724850129943532e-01
-9.000000000000000000e+00 5.800000000000000000e+01 1.599513916744809972e-01
-9.000000000000000000e+00 5.900000000000000000e+01 1.517213278894568862e-01
3.510000000000000000e+02 6.000000000000000000e+01 nan
3.510000000000000000e+02 6.100000000000000000e+01 nan
3.510000000000000000e+02 6.200000000000000000e+01 nan
3.510000000000000000e+02 6.300000000000000000e+01 nan
3.510000000000000000e+02 6.400000000000000000e+01 nan
3.510000000000000000e+02 6.500000000000000000e+01 nan
3.510000000000000000e+02 6.600000000000000000e+01 nan
3.510000000000000000e+02 6.700000000000000000e+01 nan
3.510000000000000000e+02 6.800000000000000000e+01 nan
3.510000000000000000e+02 6.900000000000000000e+01 nan
3.510000000000000000e+02 7.000000000000000000e+01 nan
3.510000000000000000e+02 7.100000000000000000e+01 nan
3.510000000000000000e+02 7.200000000000000000e+01 nan
3.510000000000000000e+02 7.300000000000000000e+01 nan
3.510000000000000000e+02 7.400000000000000000e+01 nan
3.510000000000000000e+02 7.500000000000000000e+01 nan
3.510000000000000000e+02 7.600000000000000000e+01 nan
3.510000000000000000e+02 7.700000000000000000e+01 nan
3.510000000000000000e+02 7.800000000000000000e+01 nan
3.510000000000000000e+02 7.900000000000000000e+01 nan
