Longitude[deg], Latitude[deg], Dust optical depth
-1.720000000000000000e+02 -1.900000000000000000e+01 4.549833024663630932e-01
-1.720000000000000000e+02 -1.800000000000000000e+01 4.536409033303953620e-01
-1.720000000000000000e+02 -1.700000000000000000e+01 4.875377765304876321e-01
-1.720000000000000000e+02 -1.600000000000000000e+01 4.845338238097091632e-01
-1.720000000000000000e+02 -1.500000000000000000e+01 5.753902604694982603e-01
-1.720000000000000000e+02 -1.400000000000000000e+01 6.966037697653546523e-01
-1.720000000000000000e+02 -1.300000000000000000e+01 9.532944441545659897e-01
-1.720000000000000000e+02 -1.200000000000000000e+01 8.930312023108589736e-01
-1.720000000000000000e+02 -1.100000000000000000e+01 9.856057202238187598e-01
-1.720000000000000000e+02 -1.000000000000000000e+01 8.765695360096040778e-01
-1.720000000000000000e+02 -9.000000000000000000e+00 5.811462225492736167e-01
-1.720000000000000000e+02 -8.000000000000000000e+00 6.219581444471776743e-01
-1.720000000000000000e+02 -7.000000000000000000e+00 8.479034638350381181e-01
-1.720000000000000000e+02 -6.000000000000000000e+00 8.827382735083800780e-01
-1.720000000000000000e+02 -5.000000000000000000e+00 9.632755293754575732e-01
-1.720000000000000000e+02 -4.000000000000000000e+00 9.644615749476510569e-01
-1.720000000000000000e+02 -3.000000000000000000e+00 9.708870243977313352e-01
-1.720000000000000000e+02 -2.000000000000000000e+00 9.086855309614898513e-01
-1.720000000000000000e+02 -1.000000000000000000e+00 8.346490759949226623e-01
-1.720000000000000000e+02 0.000000000000000000e+00 7.825615747737184602e-01
-1.720000000000000000e+02 1.000000000000000000e+00 6.985566884698523049e-01
-1.720000000000000000e+02 2.000000000000000000e+00 7.576024187946615029e-01
-1.720000000000000000e+02 3.000000000000000000e+00 7.432824120410912450e-01
-1.720000000000000000e+02 4.000000000000000000e+00 7.109256142106831211e-01
-1.720000000000000000e+02 5.000000000000000000e+00 6.583300782872880674e-01
-1.720000000000000000e+02 6.000000000000000000e+00 6.881866096908220154e-01
-1.720000000000000000e+02 7.000000000000000000e+00 7.439118028034342744e-01
-1.710000000000000000e+02 -1.900000000000000000e+01 4.549833024663630932e-01
-1.710000000000000000e+02 -1.800000000000000000e+01 4.536409033303953620e-01
-1.710000000000000000e+02 -1.700000000000000000e+01 4.875377765304876321e-01
-1.710000000000000000e+02 -1.600000000000000000e+01 4.845338238097091632e-01
-1.710000000000000000e+02 -1.500000000000000000e+01 5.753902604694982603e-01
-1.710000000000000000e+02 -1.400000000000000000e+01 6.966037697653546523e-01
-1.710000000000000000e+02 -1.300000000000000000e+01 9.532944441545659897e-01
-1.710000000000000000e+02 -1.200000000000000000e+01 8.930312023108589736e-01
-1.710000000000000000e+02 -1.100000000000000000e+01 9.856057202238187598e-01
-1.710000000000000000e+02 -1.000000000000000000e+01 8.765695360096040778e-01
-1.710000000000000000e+02 -9.000000000000000000e+00 5.811462225492736167e-01
-1.710000000000000000e+02 -8.000000000000000000e+00 6.219581444471776743e-01
-1.710000000000000000e+02 -7.000000000000000000e+00 8.479034638350381181e-01
-1.710000000000000000e+02 -6.000000000000000000e+00 8.827382735083800780e-01
-1.710000000000000000e+02 -5.000000000000000000e+00 9.632755293754575732e-01
-1.710000000000000000e+02 -4.000000000000000000e+00 9.644615749476510569e-01
-1.710000000000000000e+02 -3.000000000000000000e+00 9.708870243977313352e-01
-1.710000000000000000e+02 -2.000000000000000000e+00 9.086855309614898513e-01
-1.710000000000000000e+02 -1.000000000000000000e+00 8.346490759949226623e-01
-1.710000000000000000e+02 0.000000000000000000e+00 7.825615747737184602e-01
-1.710000000000000000e+02 1.000000000000000000e+00 6.985566884698523049e-01
-1.710000000000000000e+02 2.000000000000000000e+00 7.576024187946615029e-01
-1.710000000000000000e+02 3.000000000000000000e+00 7.432824120410912450e-01
-1.710000000000000000e+02 4.000000000000000000e+00 7.109256142106831211e-01
-1.710000000000000000e+02 5.000000000000000000e+00 6.583300782872880674e-01
-1.710000000000000000e+02 6.000000000000000000e+00 6.881866096908220154e-01
1.890000000000000000e+02 7.000000000000000000e+00 nan
