Longitude[deg], Latitude[deg], Dust optical depth
-9.000000000000000000e+00 -1.900000000000000000e+01 6.764946536498488427e-01
-9.000000000000000000e+00 -1.800000000000000000e+01 6.842456085961233780e-01
-9.000000000000000000e+00 -1.700000000000000000e+01 7.449319823912951000e-01
-9.000000000000000000e+00 -1.600000000000000000e+01 6.127237259139913794e-01
-9.000000000000000000e+00 -1.500000000000000000e+01 5.877401957487949913e-01
-9.000000000000000000e+00 -1.400000000000000000e+01 5.640687797301531248e-01
-9.000000000000000000e+00 -1.300000000000000000e+01 5.678892510287466555e-01
-9.000000000000000000e+00 -1.200000000000000000e+01 5.344610888565729523e-01
-9.000000000000000000e+00 -1.100000000000000000e+01 3.584296380386399195e-01
-9.000000000000000000e+00 -1.000000000000000000e+01 2.907098097917347745e-01
-9.000000000000000000e+00 -9.000000000000000000e+00 2.739971185997119307e-01
-9.000000000000000000e+00 -8.000000000000000000e+00 2.670603394339919889e-01
-9.000000000000000000e+00 -7.000000000000000000e+00 2.580880210733073055e-01
-9.000000000000000000e+00 -6.000000000000000000e+00 2.721699106794407408e-01
-9.000000000000000000e+00 -5.000000000000000000e+00 2.710002406614348547e-01
-9.000000000000000000e+00 -4.000000000000000000e+00 2.661823527194929206e-01
-9.000000000000000000e+00 -3.000000000000000000e+00 3.646869373812097193e-01
-9.000000000000000000e+00 -2.000000000000000000e+00 4.768328471118622458e-01
-9.000000000000000000e+00 -1.000000000000000000e+00 4.243266573092576710e-01
-9.000000000000000000e+00 0.000000000000000000e+00 5.181110691561101600e-01
-9.000000000000000000e+00 1.000000000000000000e+00 5.647168664922621595e-01
-9.000000000000000000e+00 2.000000000000000000e+00 4.962070896029871503e-01
-9.000000000000000000e+00 3.000000000000000000e+00 4.308823356254290471e-01
-9.000000000000000000e+00 4.000000000000000000e+00 2.680492826241719917e-01
-9.000000000000000000e+00 5.000000000000000000e+00 2.419871174672593994e-01
-9.000000000000000000e+00 6.000000000000000000e+00 4.480534867231234508e-01
-9.000000000000000000e+00 7.000000000000000000e+00 6.182705160097258235e-01
-8.000000000000000000e+00 -1.900000000000000000e+01 6.764946536498488427e-01
-8.000000000000000000e+00 -1.800000000000000000e+01 6.842456085961233780e-01
-8.000000000000000000e+00 -1.700000000000000000e+01 7.449319823912951000e-01
-8.000000000000000000e+00 -1.600000000000000000e+01 6.127237259139913794e-01
-8.000000000000000000e+00 -1.500000000000000000e+01 5.877401957487949913e-01
-8.000000000000000000e+00 -1.400000000000000000e+01 5.637679034330531636e-01
-8.000000000000000000e+00 -1.300000000000000000e+01 5.678892510287466555e-01
-8.000000000000000000e+00 -1.200000000000000000e+01 5.359091964262069352e-01
-8.000000000000000000e+00 -1.100000000000000000e+01 3.628202647874534947e-01
-8.000000000000000000e+00 -1.000000000000000000e+01 2.944952424353970977e-01
-8.000000000000000000e+00 -9.000000000000000000e+00 2.762211876239429320e-01
-8.000000000000000000e+00 -8.000000000000000000e+00 2.640103486795788990e-01
-8.000000000000000000e+00 -7.000000000000000000e+00 2.590187912455875763e-01
-8.000000000000000000e+00 -6.000000000000000000e+00 2.737547179037813083e-01
-8.000000000000000000e+00 -5.000000000000000000e+00 2.715713844001668709e-01
-8.000000000000000000e+00 -4.000000000000000000e+00 2.663111102218708726e-01
-8.000000000000000000e+00 -3.000000000000000000e+00 3.626485085200899516e-01
-8.000000000000000000e+00 -2.000000000000000000e+00 4.706737026070290097e-01
-8.000000000000000000e+00 -1.000000000000000000e+00 4.588912682488330286e-01
-8.000000000000000000e+00 0.000000000000000000e+00 5.689889711043356613e-01
-8.000000000000000000e+00 1.000000000000000000e+00 6.530274117338400464e-01
-8.000000000000000000e+00 2.000000000000000000e+00 5.144339501597504638e-01
-8.000000000000000000e+00 3.000000000000000000e+00 4.365055486224250214e-01
-8.000000000000000000e+00 4.000000000000000000e+00 2.654329893962193432e-01
-8.000000000000000000e+00 5.000000000000000000e+00 2.456256771345180778e-01
-8.000000000000000000e+00 6.000000000000000000e+00 4.670144042052827293e-01
-8.000000000000000000e+00 7.000000000000000000e+00 6.289078813471271623e-01
3.530000000000000000e+02 -1.900000000000000000e+01 nan
3.530000000000000000e+02 -1.800000000000000000e+01 nan
3.530000000000000000e+02 -1.700000000000000000e+01 nan
3.530000000000000000e+02 -1.600000000000000000e+01 nan
3.530000000000000000e+02 -1.500000000000000000e+01 nan
3.530000000000000000e+02 -1.400000000000000000e+01 nan
-7.000000000000000000e+00 -1.300000000000000000e+01 5.838519288043377831e-01
-7.000000000000000000e+00 -1.200000000000000000e+01 5.483977586732723397e-01
-7.000000000000000000e+00 -1.100000000000000000e+01 4.205503489602682721e-01
-7.000000000000000000e+00 -1.000000000000000000e+01 3.828391500657732927e-01
-7.000000000000000000e+00 -9.000000000000000000e+00 2.835170386781212803e-01
-7.000000000000000000e+00 -8.000000000000000000e+00 2.417340206715426765e-01
-7.000000000000000000e+00 -7.000000000000000000e+00 2.693929942368913366e-01
-7.000000000000000000e+00 -6.000000000000000000e+00 2.900135418667819653e-01
-7.000000000000000000e+00 -5.000000000000000000e+00 2.756669153955029761e-01
-7.000000000000000000e+00 -4.000000000000000000e+00 2.663111102218708726e-01
-7.000000000000000000e+00 -3.000000000000000000e+00 3.556725931568381904e-01
-7.000000000000000000e+00 -2.000000000000000000e+00 4.458382922187482666e-01
-7.000000000000000000e+00 -1.000000000000000000e+00 5.232200806924049985e-01
-7.000000000000000000e+00 0.000000000000000000e+00 6.831424826529344241e-01
-7.000000000000000000e+00 1.000000000000000000e+00 7.098435760576340403e-01
-7.000000000000000000e+00 2.000000000000000000e+00 5.525438052415281298e-01
-7.000000000000000000e+00 3.000000000000000000e+00 4.416531660496554323e-01
-7.000000000000000000e+00 4.000000000000000000e+00 2.629279052055606969e-01
-7.000000000000000000e+00 5.000000000000000000e+00 2.487525402509053185e-01
-7.000000000000000000e+00 6.000000000000000000e+00 4.812263762266306144e-01
3.530000000000000000e+02 7.000000000000000000e+00 nan
