Longitude[deg], Latitude[deg], Dust optical depth
1.140000000000000000e+02 -5.800000000000000000e+01 nan
1.140000000000000000e+02 -5.700000000000000000e+01 nan
1.140000000000000000e+02 -5.600000000000000000e+01 nan
1.140000000000000000e+02 -5.500000000000000000e+01 nan
1.140000000000000000e+02 -5.400000000000000000e+01 nan
1.140000000000000000e+02 -5.300000000000000000e+01 nan
1.140000000000000000e+02 -5.200000000000000000e+01 nan
1.140000000000000000e+02 -5.100000000000000000e+01 nan
1.140000000000000000e+02 -5.000000000000000000e+01 nan
1.140000000000000000e+02 -4.900000000000000000e+01 nan
1.140000000000000000e+02 -4.800000000000000000e+01 nan
1.140000000000000000e+02 -4.700000000000000000e+01 nan
1.140000000000000000e+02 -4.600000000000000000e+01 nan
1.140000000000000000e+02 -4.500000000000000000e+01 nan
1.140000000000000000e+02 -4.400000000000000000e+01 nan
1.140000000000000000e+02 -4.300000000000000000e+01 nan
1.140000000000000000e+02 -4.200000000000000000e+01 nan
1.140000000000000000e+02 -4.100000000000000000e+01 nan
1.140000000000000000e+02 -4.000000000000000000e+01 nan
1.140000000000000000e+02 -3.900000000000000000e+01 nan
1.140000000000000000e+02 -3.800000000000000000e+01 nan
1.140000000000000000e+02 -3.700000000000000000e+01 nan
1.140000000000000000e+02 -3.600000000000000000e+01 nan
1.150000000000000000e+02 -5.800000000000000000e+01 nan
1.150000000000000000e+02 -5.700000000000000000e+01 nan
1.150000000000000000e+02 -5.600000000000000000e+01 nan
1.150000000000000000e+02 -5.500000000000000000e+01 nan
1.150000000000000000e+02 -5.400000000000000000e+01 nan
1.150000000000000000e+02 -5.300000000000000000e+01 nan
1.150000000000000000e+02 -5.200000000000000000e+01 nan
1.150000000000000000e+02 -5.100000000000000000e+01 nan
1.150000000000000000e+02 -5.000000000000000000e+01 nan
1.150000000000000000e+02 -4.900000000000000000e+01 nan
1.150000000000000000e+02 -4.800000000000000000e+01 nan
1.150000000000000000e+02 -4.700000000000000000e+01 nan
1.150000000000000000e+02 -4.600000000000000000e+01 nan
1.150000000000000000e+02 -4.500000000000000000e+01 nan
1.150000000000000000e+02 -4.400000000000000000e+01 nan
1.150000000000000000e+02 -4.300000000000000000e+01 nan
1.150000000000000000e+02 -4.200000000000000000e+01 nan
1.150000000000000000e+02 -4.100000000000000000e+01 nan
1.150000000000000000e+02 -4.000000000000000000e+01 nan
1.150000000000000000e+02 -3.900000000000000000e+01 nan
1.150000000000000000e+02 -3.800000000000000000e+01 nan
1.150000000000000000e+02 -3.700000000000000000e+01 nan
1.150000000000000000e+02 -3.600000000000000000e+01 nan
1.160000000000000000e+02 -5.800000000000000000e+01 nan
1.160000000000000000e+02 -5.700000000000000000e+01 nan
1.160000000000000000e+02 -5.600000000000000000e+01 nan
1.160000000000000000e+02 -5.500000000000000000e+01 nan
1.160000000000000000e+02 -5.400000000000000000e+01 nan
1.160000000000000000e+02 -5.300000000000000000e+01 nan
1.160000000000000000e+02 -5.200000000000000000e+01 nan
1.160000000000000000e+02 -5.100000000000000000e+01 nan
1.160000000000000000e+02 -5.000000000000000000e+01 nan
1.160000000000000000e+02 -4.900000000000000000e+01 nan
1.160000000000000000e+02 -4.800000000000000000e+01 nan
1.160000000000000000e+02 -4.700000000000000000e+01 nan
1.160000000000000000e+02 -4.600000000000000000e+01 nan
1.160000000000000000e+02 -4.500000000000000000e+01 nan
1.160000000000000000e+02 -4.400000000000000000e+01 nan
1.160000000000000000e+02 -4.300000000000000000e+01 nan
1.160000000000000000e+02 -4.200000000000000000e+01 nan
1.160000000000000000e+02 -4.100000000000000000e+01 nan
1.160000000000000000e+02 -4.000000000000000000e+01 nan
1.160000000000000000e+02 -3.900000000000000000e+01 nan
1.160000000000000000e+02 -3.800000000000000000e+01 nan
1.160000000000000000e+02 -3.700000000000000000e+01 nan
1.160000000000000000e+02 -3.600000000000000000e+01 nan
1.170000000000000000e+02 -5.800000000000000000e+01 nan
1.170000000000000000e+02 -5.700000000000000000e+01 nan
1.170000000000000000e+02 -5.600000000000000000e+01 nan
1.170000000000000000e+02 -5.500000000000000000e+01 nan
1.170000000000000000e+02 -5.400000000000000000e+01 nan
1.170000000000000000e+02 -5.300000000000000000e+01 nan
1.170000000000000000e+02 -5.200000000000000000e+01 4.314990042505597589e-01
1.170000000000000000e+02 -5.100000000000000000e+01 5.208452553014124575e-01
1.170000000000000000e+02 -5.000000000000000000e+01 5.194926704100552017e-01
1.170000000000000000e+02 -4.900000000000000000e+01 5.398467507161063272e-01
1.170000000000000000e+02 -4.800000000000000000e+01 6.466495498733041414e-01
1.170000000000000000e+02 -4.700000000000000000e+01 6.659409093201263952e-01
1.170000000000000000e+02 -4.600000000000000000e+01 6.743489105582193277e-01
1.170000000000000000e+02 -4.500000000000000000e+01 nan
1.170000000000000000e+02 -4.400000000000000000e+01 nan
1.170000000000000000e+02 -4.300000000000000000e+01 nan
1.170000000000000000e+02 -4.200000000000000000e+01 nan
1.170000000000000000e+02 -4.100000000000000000e+01 nan
1.170000000000000000e+02 -4.000000000000000000e+01 nan
1.170000000000000000e+02 -3.900000000000000000e+01 nan
1.170000000000000000e+02 -3.800000000000000000e+01 nan
1.170000000000000000e+02 -3.700000000000000000e+01 nan
1.170000000000000000e+02 -3.600000000000000000e+01 nan
1.180000000000000000e+02 -5.800000000000000000e+01 nan
1.180000000000000000e+02 -5.700000000000000000e+01 nan
1.180000000000000000e+02 -5.600000000000000000e+01 nan
1.180000000000000000e+02 -5.500000000000000000e+01 nan
1.180000000000000000e+02 -5.400000000000000000e+01 nan
1.180000000000000000e+02 -5.300000000000000000e+01 nan
1.180000000000000000e+02 -5.200000000000000000e+01 4.334713765811913366e-01
1.180000000000000000e+02 -5.100000000000000000e+01 5.277909548523759264e-01
1.180000000000000000e+02 -5.000000000000000000e+01 5.190844803504334193e-01
1.180000000000000000e+02 -4.900000000000000000e+01 5.392982039436474695e-01
1.180000000000000000e+02 -4.800000000000000000e+01 6.484265412858115640e-01
1.180000000000000000e+02 -4.700000000000000000e+01 6.694030487950031194e-01
1.180000000000000000e+02 -4.600000000000000000e+01 6.779015006731048398e-01
1.180000000000000000e+02 -4.500000000000000000e+01 6.626986147099694913e-01
1.180000000000000000e+02 -4.400000000000000000e+01 5.650832019196492251e-01
1.180000000000000000e+02 -4.300000000000000000e+01 5.354658263813419916e-01
1.180000000000000000e+02 -4.200000000000000000e+01 4.751767957214246274e-01
1.180000000000000000e+02 -4.100000000000000000e+01 3.786984069522562057e-01
1.180000000000000000e+02 -4.000000000000000000e+01 3.321663320938010866e-01
1.180000000000000000e+02 -3.900000000000000000e+01 3.407629799328921738e-01
1.180000000000000000e+02 -3.800000000000000000e+01 nan
1.180000000000000000e+02 -3.700000000000000000e+01 nan
1.180000000000000000e+02 -3.600000000000000000e+01 nan
1.190000000000000000e+02 -5.800000000000000000e+01 nan
1.190000000000000000e+02 -5.700000000000000000e+01 nan
1.190000000000000000e+02 -5.600000000000000000e+01 nan
1.190000000000000000e+02 -5.500000000000000000e+01 nan
1.190000000000000000e+02 -5.400000000000000000e+01 nan
1.190000000000000000e+02 -5.300000000000000000e+01 nan
1.190000000000000000e+02 -5.200000000000000000e+01 4.492948820881719763e-01
1.190000000000000000e+02 -5.100000000000000000e+01 5.220204420280913915e-01
1.190000000000000000e+02 -5.000000000000000000e+01 5.100535837946936768e-01
1.190000000000000000e+02 -4.900000000000000000e+01 5.273282367103726553e-01
1.190000000000000000e+02 -4.800000000000000000e+01 6.392822743221642234e-01
1.190000000000000000e+02 -4.700000000000000000e+01 6.726328461003603376e-01
1.190000000000000000e+02 -4.600000000000000000e+01 6.806912934006056348e-01
1.190000000000000000e+02 -4.500000000000000000e+01 6.650039824306450686e-01
1.190000000000000000e+02 -4.400000000000000000e+01 5.626631012471862148e-01
1.190000000000000000e+02 -4.300000000000000000e+01 5.202984271444914821e-01
1.190000000000000000e+02 -4.200000000000000000e+01 4.766447995908419388e-01
1.190000000000000000e+02 -4.100000000000000000e+01 4.755370444238727901e-01
1.190000000000000000e+02 -4.000000000000000000e+01 3.835803349855098632e-01
1.190000000000000000e+02 -3.900000000000000000e+01 4.534599582775515891e-01
1.190000000000000000e+02 -3.800000000000000000e+01 4.717459958132800280e-01
1.190000000000000000e+02 -3.700000000000000000e+01 3.992027445549642395e-01
1.190000000000000000e+02 -3.600000000000000000e+01 nan
1.200000000000000000e+02 -5.800000000000000000e+01 nan
1.200000000000000000e+02 -5.700000000000000000e+01 nan
1.200000000000000000e+02 -5.600000000000000000e+01 nan
1.200000000000000000e+02 -5.500000000000000000e+01 nan
1.200000000000000000e+02 -5.400000000000000000e+01 nan
1.200000000000000000e+02 -5.300000000000000000e+01 nan
1.200000000000000000e+02 -5.200000000000000000e+01 4.601413084757088878e-01
1.200000000000000000e+02 -5.100000000000000000e+01 4.643646977985537161e-01
1.200000000000000000e+02 -5.000000000000000000e+01 4.207769816675505092e-01
1.200000000000000000e+02 -4.900000000000000000e+01 5.212269195482749362e-01
1.200000000000000000e+02 -4.800000000000000000e+01 6.472438798858660691e-01
1.200000000000000000e+02 -4.700000000000000000e+01 6.728724168508160020e-01
1.200000000000000000e+02 -4.600000000000000000e+01 6.743728406271789488e-01
1.200000000000000000e+02 -4.500000000000000000e+01 6.534197944339733555e-01
1.200000000000000000e+02 -4.400000000000000000e+01 5.626631012471862148e-01
1.200000000000000000e+02 -4.300000000000000000e+01 5.344809732412768577e-01
1.200000000000000000e+02 -4.200000000000000000e+01 4.923233835969165750e-01
1.200000000000000000e+02 -4.100000000000000000e+01 4.848232245244735727e-01
1.200000000000000000e+02 -4.000000000000000000e+01 3.921418921008792968e-01
1.200000000000000000e+02 -3.900000000000000000e+01 4.607425255333760239e-01
1.200000000000000000e+02 -3.800000000000000000e+01 4.754633137309616786e-01
1.200000000000000000e+02 -3.700000000000000000e+01 3.847549816050842009e-01
1.200000000000000000e+02 -3.600000000000000000e+01 nan
1.210000000000000000e+02 -5.800000000000000000e+01 nan
1.210000000000000000e+02 -5.700000000000000000e+01 nan
1.210000000000000000e+02 -5.600000000000000000e+01 nan
1.210000000000000000e+02 -5.500000000000000000e+01 nan
1.210000000000000000e+02 -5.400000000000000000e+01 nan
1.210000000000000000e+02 -5.300000000000000000e+01 nan
1.210000000000000000e+02 -5.200000000000000000e+01 4.647810995496118314e-01
1.210000000000000000e+02 -5.100000000000000000e+01 4.643646977985537161e-01
1.210000000000000000e+02 -5.000000000000000000e+01 4.259251066604591296e-01
1.210000000000000000e+02 -4.900000000000000000e+01 5.210344331287506403e-01
1.210000000000000000e+02 -4.800000000000000000e+01 6.348112315553674501e-01
1.210000000000000000e+02 -4.700000000000000000e+01 6.657422692627359417e-01
1.210000000000000000e+02 -4.600000000000000000e+01 6.640463318978402363e-01
1.210000000000000000e+02 -4.500000000000000000e+01 5.703366929910237415e-01
1.210000000000000000e+02 -4.400000000000000000e+01 5.596045123192959769e-01
1.210000000000000000e+02 -4.300000000000000000e+01 5.595028337756787762e-01
1.210000000000000000e+02 -4.200000000000000000e+01 5.174257168320506306e-01
1.210000000000000000e+02 -4.100000000000000000e+01 4.712264984486479458e-01
1.210000000000000000e+02 -4.000000000000000000e+01 3.714702047003308194e-01
1.210000000000000000e+02 -3.900000000000000000e+01 4.556055883516284544e-01
1.210000000000000000e+02 -3.800000000000000000e+01 4.741410337521005380e-01
1.210000000000000000e+02 -3.700000000000000000e+01 4.991901764010281961e-01
1.210000000000000000e+02 -3.600000000000000000e+01 nan
1.220000000000000000e+02 -5.800000000000000000e+01 nan
1.220000000000000000e+02 -5.700000000000000000e+01 nan
1.220000000000000000e+02 -5.600000000000000000e+01 nan
1.220000000000000000e+02 -5.500000000000000000e+01 nan
1.220000000000000000e+02 -5.400000000000000000e+01 nan
1.220000000000000000e+02 -5.300000000000000000e+01 nan
1.220000000000000000e+02 -5.200000000000000000e+01 4.647810995496118314e-01
1.220000000000000000e+02 -5.100000000000000000e+01 4.647810995496118314e-01
1.220000000000000000e+02 -5.000000000000000000e+01 4.360256124376643561e-01
1.220000000000000000e+02 -4.900000000000000000e+01 5.144860521639305073e-01
1.220000000000000000e+02 -4.800000000000000000e+01 6.066765213736814433e-01
1.220000000000000000e+02 -4.700000000000000000e+01 6.505875821816194948e-01
1.220000000000000000e+02 -4.600000000000000000e+01 6.561870808452457959e-01
1.220000000000000000e+02 -4.500000000000000000e+01 5.505184676773764441e-01
1.220000000000000000e+02 -4.400000000000000000e+01 5.510960132942842593e-01
1.220000000000000000e+02 -4.300000000000000000e+01 5.638088400993707117e-01
1.220000000000000000e+02 -4.200000000000000000e+01 5.138966689602927351e-01
1.220000000000000000e+02 -4.100000000000000000e+01 4.728912954140468972e-01
1.220000000000000000e+02 -4.000000000000000000e+01 4.410185490231927630e-01
1.220000000000000000e+02 -3.900000000000000000e+01 4.714353893777737947e-01
1.220000000000000000e+02 -3.800000000000000000e+01 4.762333321844768874e-01
1.220000000000000000e+02 -3.700000000000000000e+01 5.282758146258402787e-01
1.220000000000000000e+02 -3.600000000000000000e+01 nan
1.230000000000000000e+02 -5.800000000000000000e+01 nan
1.230000000000000000e+02 -5.700000000000000000e+01 nan
1.230000000000000000e+02 -5.600000000000000000e+01 nan
1.230000000000000000e+02 -5.500000000000000000e+01 nan
1.230000000000000000e+02 -5.400000000000000000e+01 nan
1.230000000000000000e+02 -5.300000000000000000e+01 nan
1.230000000000000000e+02 -5.200000000000000000e+01 3.695614119729642710e-01
1.230000000000000000e+02 -5.100000000000000000e+01 4.104189070344618218e-01
1.230000000000000000e+02 -5.000000000000000000e+01 3.981667535577309569e-01
1.230000000000000000e+02 -4.900000000000000000e+01 4.874015947468480769e-01
1.230000000000000000e+02 -4.800000000000000000e+01 6.747929122170005511e-01
1.230000000000000000e+02 -4.700000000000000000e+01 6.949713099057015508e-01
1.230000000000000000e+02 -4.600000000000000000e+01 6.605272860335017482e-01
1.230000000000000000e+02 -4.500000000000000000e+01 5.906495261975652777e-01
1.230000000000000000e+02 -4.400000000000000000e+01 5.463326782676639626e-01
1.230000000000000000e+02 -4.300000000000000000e+01 4.523771924312676163e-01
1.230000000000000000e+02 -4.200000000000000000e+01 4.790913034416673932e-01
1.230000000000000000e+02 -4.100000000000000000e+01 4.745001979698403316e-01
1.230000000000000000e+02 -4.000000000000000000e+01 4.261641555020219685e-01
1.230000000000000000e+02 -3.900000000000000000e+01 5.011458036440707975e-01
1.230000000000000000e+02 -3.800000000000000000e+01 5.244933466547400114e-01
1.230000000000000000e+02 -3.700000000000000000e+01 5.549613372934827371e-01
1.230000000000000000e+02 -3.600000000000000000e+01 nan
1.240000000000000000e+02 -5.800000000000000000e+01 nan
1.240000000000000000e+02 -5.700000000000000000e+01 nan
1.240000000000000000e+02 -5.600000000000000000e+01 nan
1.240000000000000000e+02 -5.500000000000000000e+01 nan
1.240000000000000000e+02 -5.400000000000000000e+01 nan
1.240000000000000000e+02 -5.300000000000000000e+01 nan
1.240000000000000000e+02 -5.200000000000000000e+01 3.867342999709431073e-01
1.240000000000000000e+02 -5.100000000000000000e+01 4.098315162161094705e-01
1.240000000000000000e+02 -5.000000000000000000e+01 3.974083273440778830e-01
1.240000000000000000e+02 -4.900000000000000000e+01 4.675300062983991922e-01
1.240000000000000000e+02 -4.800000000000000000e+01 6.557876758412461982e-01
1.240000000000000000e+02 -4.700000000000000000e+01 6.791843477781811522e-01
1.240000000000000000e+02 -4.600000000000000000e+01 6.462719820740371324e-01
1.240000000000000000e+02 -4.500000000000000000e+01 5.826512174857177984e-01
1.240000000000000000e+02 -4.400000000000000000e+01 5.490391857562390010e-01
1.240000000000000000e+02 -4.300000000000000000e+01 4.409797582216026246e-01
1.240000000000000000e+02 -4.200000000000000000e+01 4.731734057487556599e-01
1.240000000000000000e+02 -4.100000000000000000e+01 4.661110867417509462e-01
1.240000000000000000e+02 -4.000000000000000000e+01 3.972409104356510734e-01
1.240000000000000000e+02 -3.900000000000000000e+01 4.817445355684807362e-01
1.240000000000000000e+02 -3.800000000000000000e+01 5.354753916668240077e-01
1.240000000000000000e+02 -3.700000000000000000e+01 nan
1.240000000000000000e+02 -3.600000000000000000e+01 nan
1.250000000000000000e+02 -5.800000000000000000e+01 nan
1.250000000000000000e+02 -5.700000000000000000e+01 nan
1.250000000000000000e+02 -5.600000000000000000e+01 nan
1.250000000000000000e+02 -5.500000000000000000e+01 nan
1.250000000000000000e+02 -5.400000000000000000e+01 nan
1.250000000000000000e+02 -5.300000000000000000e+01 nan
1.250000000000000000e+02 -5.200000000000000000e+01 nan
1.250000000000000000e+02 -5.100000000000000000e+01 4.089467155481783522e-01
1.250000000000000000e+02 -5.000000000000000000e+01 3.974691778501010520e-01
1.250000000000000000e+02 -4.900000000000000000e+01 4.629274391498993668e-01
1.250000000000000000e+02 -4.800000000000000000e+01 6.287280559479410114e-01
1.250000000000000000e+02 -4.700000000000000000e+01 6.341411528747578075e-01
1.250000000000000000e+02 -4.600000000000000000e+01 6.122527317044936801e-01
1.250000000000000000e+02 -4.500000000000000000e+01 5.611929957536603286e-01
1.250000000000000000e+02 -4.400000000000000000e+01 5.651697742938632807e-01
1.250000000000000000e+02 -4.300000000000000000e+01 5.348291073275932561e-01
1.250000000000000000e+02 -4.200000000000000000e+01 nan
1.250000000000000000e+02 -4.100000000000000000e+01 nan
1.250000000000000000e+02 -4.000000000000000000e+01 nan
1.250000000000000000e+02 -3.900000000000000000e+01 nan
1.250000000000000000e+02 -3.800000000000000000e+01 nan
1.250000000000000000e+02 -3.700000000000000000e+01 nan
1.250000000000000000e+02 -3.600000000000000000e+01 nan
1.260000000000000000e+02 -5.800000000000000000e+01 nan
1.260000000000000000e+02 -5.700000000000000000e+01 nan
1.260000000000000000e+02 -5.600000000000000000e+01 nan
1.260000000000000000e+02 -5.500000000000000000e+01 nan
1.260000000000000000e+02 -5.400000000000000000e+01 nan
1.260000000000000000e+02 -5.300000000000000000e+01 nan
1.260000000000000000e+02 -5.200000000000000000e+01 nan
1.260000000000000000e+02 -5.100000000000000000e+01 nan
1.260000000000000000e+02 -5.000000000000000000e+01 nan
1.260000000000000000e+02 -4.900000000000000000e+01 nan
1.260000000000000000e+02 -4.800000000000000000e+01 nan
1.260000000000000000e+02 -4.700000000000000000e+01 nan
1.260000000000000000e+02 -4.600000000000000000e+01 nan
1.260000000000000000e+02 -4.500000000000000000e+01 nan
1.260000000000000000e+02 -4.400000000000000000e+01 nan
1.260000000000000000e+02 -4.300000000000000000e+01 nan
1.260000000000000000e+02 -4.200000000000000000e+01 nan
1.260000000000000000e+02 -4.100000000000000000e+01 nan
1.260000000000000000e+02 -4.000000000000000000e+01 nan
1.260000000000000000e+02 -3.900000000000000000e+01 nan
1.260000000000000000e+02 -3.800000000000000000e+01 nan
1.260000000000000000e+02 -3.700000000000000000e+01 nan
1.260000000000000000e+02 -3.600000000000000000e+01 nan
1.270000000000000000e+02 -5.800000000000000000e+01 nan
1.270000000000000000e+02 -5.700000000000000000e+01 nan
1.270000000000000000e+02 -5.600000000000000000e+01 nan
1.270000000000000000e+02 -5.500000000000000000e+01 nan
1.270000000000000000e+02 -5.400000000000000000e+01 nan
1.270000000000000000e+02 -5.300000000000000000e+01 nan
1.270000000000000000e+02 -5.200000000000000000e+01 nan
1.270000000000000000e+02 -5.100000000000000000e+01 nan
1.270000000000000000e+02 -5.000000000000000000e+01 nan
1.270000000000000000e+02 -4.900000000000000000e+01 nan
1.270000000000000000e+02 -4.800000000000000000e+01 nan
1.270000000000000000e+02 -4.700000000000000000e+01 nan
1.270000000000000000e+02 -4.600000000000000000e+01 nan
1.270000000000000000e+02 -4.500000000000000000e+01 nan
1.270000000000000000e+02 -4.400000000000000000e+01 nan
1.270000000000000000e+02 -4.300000000000000000e+01 nan
1.270000000000000000e+02 -4.200000000000000000e+01 nan
1.270000000000000000e+02 -4.100000000000000000e+01 nan
1.270000000000000000e+02 -4.000000000000000000e+01 nan
1.270000000000000000e+02 -3.900000000000000000e+01 nan
1.270000000000000000e+02 -3.800000000000000000e+01 nan
1.270000000000000000e+02 -3.700000000000000000e+01 nan
1.270000000000000000e+02 -3.600000000000000000e+01 nan
