Longitude[deg], Latitude[deg], Dust optical depth
-1.100000000000000000e+01 -3.400000000000000000e+01 2.021802393056744584e+00
-1.100000000000000000e+01 -3.300000000000000000e+01 1.977429719606367486e+00
-1.100000000000000000e+01 -3.200000000000000000e+01 1.945320705892267688e+00
-1.100000000000000000e+01 -3.100000000000000000e+01 1.908085860519437293e+00
-1.100000000000000000e+01 -3.000000000000000000e+01 1.846191031526958071e+00
-1.100000000000000000e+01 -2.900000000000000000e+01 1.851653753798758739e+00
-1.100000000000000000e+01 -2.800000000000000000e+01 1.916958361286521306e+00
-1.100000000000000000e+01 -2.700000000000000000e+01 1.964189767869074732e+00
-1.100000000000000000e+01 -2.600000000000000000e+01 2.059498061252503565e+00
-1.100000000000000000e+01 -2.500000000000000000e+01 2.230933177969707248e+00
-1.100000000000000000e+01 -2.400000000000000000e+01 2.308645627984518889e+00
-1.100000000000000000e+01 -2.300000000000000000e+01 2.410171817354161750e+00
-1.100000000000000000e+01 -2.200000000000000000e+01 2.467029251218627373e+00
-1.100000000000000000e+01 -2.100000000000000000e+01 2.519441067765020748e+00
-1.100000000000000000e+01 -2.000000000000000000e+01 2.626761281596635467e+00
-1.100000000000000000e+01 -1.900000000000000000e+01 2.741352339513114078e+00
-1.100000000000000000e+01 -1.800000000000000000e+01 2.652305584409547556e+00
3.490000000000000000e+02 -1.700000000000000000e+01 nan
-1.000000000000000000e+01 -3.400000000000000000e+01 1.981533811584613058e+00
-1.000000000000000000e+01 -3.300000000000000000e+01 1.950844878772162172e+00
-1.000000000000000000e+01 -3.200000000000000000e+01 1.908032765289241262e+00
-1.000000000000000000e+01 -3.100000000000000000e+01 1.891570793201404754e+00
-1.000000000000000000e+01 -3.000000000000000000e+01 1.810796081240294342e+00
-1.000000000000000000e+01 -2.900000000000000000e+01 1.824867979385411010e+00
-1.000000000000000000e+01 -2.800000000000000000e+01 1.888683775394313757e+00
-1.000000000000000000e+01 -2.700000000000000000e+01 1.939518587754275325e+00
-1.000000000000000000e+01 -2.600000000000000000e+01 2.034285635437380169e+00
-1.000000000000000000e+01 -2.500000000000000000e+01 2.152086278857691326e+00
-1.000000000000000000e+01 -2.400000000000000000e+01 2.236139896794155035e+00
-1.000000000000000000e+01 -2.300000000000000000e+01 2.334783947102218704e+00
-1.000000000000000000e+01 -2.200000000000000000e+01 2.446723804410454228e+00
-1.000000000000000000e+01 -2.100000000000000000e+01 2.561764512909513236e+00
-1.000000000000000000e+01 -2.000000000000000000e+01 2.664779116960255934e+00
-1.000000000000000000e+01 -1.900000000000000000e+01 2.745652307041639872e+00
-1.000000000000000000e+01 -1.800000000000000000e+01 2.732321991497078439e+00
3.500000000000000000e+02 -1.700000000000000000e+01 nan
-9.000000000000000000e+00 -3.400000000000000000e+01 1.952867608784818687e+00
-9.000000000000000000e+00 -3.300000000000000000e+01 1.926948031374649206e+00
-9.000000000000000000e+00 -3.200000000000000000e+01 1.891638408042719766e+00
-9.000000000000000000e+00 -3.100000000000000000e+01 1.881502249089108014e+00
-9.000000000000000000e+00 -3.000000000000000000e+01 1.782494966663767944e+00
-9.000000000000000000e+00 -2.900000000000000000e+01 1.803922983117298040e+00
-9.000000000000000000e+00 -2.800000000000000000e+01 1.875992576173013848e+00
-9.000000000000000000e+00 -2.700000000000000000e+01 1.928372844006369435e+00
-9.000000000000000000e+00 -2.600000000000000000e+01 2.014933089008318134e+00
-9.000000000000000000e+00 -2.500000000000000000e+01 2.088288440939590540e+00
-9.000000000000000000e+00 -2.400000000000000000e+01 2.216733152730117506e+00
-9.000000000000000000e+00 -2.300000000000000000e+01 2.318461483687419555e+00
-9.000000000000000000e+00 -2.200000000000000000e+01 2.440171507234786930e+00
-9.000000000000000000e+00 -2.100000000000000000e+01 2.574512470928006724e+00
-9.000000000000000000e+00 -2.000000000000000000e+01 2.680812886957176122e+00
-9.000000000000000000e+00 -1.900000000000000000e+01 2.743261169449924264e+00
-9.000000000000000000e+00 -1.800000000000000000e+01 2.761593858223583275e+00
3.510000000000000000e+02 -1.700000000000000000e+01 nan
-8.000000000000000000e+00 -3.400000000000000000e+01 1.907808176109207388e+00
-8.000000000000000000e+00 -3.300000000000000000e+01 1.918035163549801858e+00
-8.000000000000000000e+00 -3.200000000000000000e+01 1.929868457213936628e+00
-8.000000000000000000e+00 -3.100000000000000000e+01 1.890726979202184355e+00
-8.000000000000000000e+00 -3.000000000000000000e+01 1.772617361365805611e+00
-8.000000000000000000e+00 -2.900000000000000000e+01 1.812222829251137979e+00
-8.000000000000000000e+00 -2.800000000000000000e+01 1.914781109276759263e+00
-8.000000000000000000e+00 -2.700000000000000000e+01 1.925474057587757581e+00
-8.000000000000000000e+00 -2.600000000000000000e+01 1.973378679388472001e+00
-8.000000000000000000e+00 -2.500000000000000000e+01 2.065242247233046502e+00
-8.000000000000000000e+00 -2.400000000000000000e+01 2.174383545136387319e+00
-8.000000000000000000e+00 -2.300000000000000000e+01 2.292790077188316733e+00
-8.000000000000000000e+00 -2.200000000000000000e+01 2.480954328813493426e+00
-8.000000000000000000e+00 -2.100000000000000000e+01 2.624815934943951046e+00
-8.000000000000000000e+00 -2.000000000000000000e+01 2.690572057879117018e+00
-8.000000000000000000e+00 -1.900000000000000000e+01 2.716329842453151677e+00
-8.000000000000000000e+00 -1.800000000000000000e+01 2.763790138801037521e+00
3.520000000000000000e+02 -1.700000000000000000e+01 nan
