Longitude[deg], Latitude[deg], Dust optical depth
-1.410000000000000000e+02 -3.300000000000000000e+01 9.192295073529510585e-01
-1.410000000000000000e+02 -3.200000000000000000e+01 9.133787393902486063e-01
-1.410000000000000000e+02 -3.100000000000000000e+01 7.594032542576343303e-01
-1.410000000000000000e+02 -3.000000000000000000e+01 6.965610850080642402e-01
-1.410000000000000000e+02 -2.900000000000000000e+01 7.917367297200216258e-01
-1.410000000000000000e+02 -2.800000000000000000e+01 8.161966760610082083e-01
-1.410000000000000000e+02 -2.700000000000000000e+01 7.659910399043192708e-01
-1.410000000000000000e+02 -2.600000000000000000e+01 7.454999615553199455e-01
-1.410000000000000000e+02 -2.500000000000000000e+01 6.990217330744026292e-01
-1.410000000000000000e+02 -2.400000000000000000e+01 6.471468112146090412e-01
-1.410000000000000000e+02 -2.300000000000000000e+01 6.798515746290861861e-01
-1.410000000000000000e+02 -2.200000000000000000e+01 6.781812707613956714e-01
-1.410000000000000000e+02 -2.100000000000000000e+01 5.786025831996782776e-01
-1.410000000000000000e+02 -2.000000000000000000e+01 4.578504210155968090e-01
-1.410000000000000000e+02 -1.900000000000000000e+01 4.488437627195813184e-01
-1.410000000000000000e+02 -1.800000000000000000e+01 4.403339233971777511e-01
-1.410000000000000000e+02 -1.700000000000000000e+01 3.778214824823640794e-01
-1.410000000000000000e+02 -1.600000000000000000e+01 4.056242034099145077e-01
-1.410000000000000000e+02 -1.500000000000000000e+01 4.656074270207517518e-01
2.190000000000000000e+02 -1.400000000000000000e+01 nan
-1.400000000000000000e+02 -3.300000000000000000e+01 9.200204329691129557e-01
-1.400000000000000000e+02 -3.200000000000000000e+01 8.792955361101447709e-01
-1.400000000000000000e+02 -3.100000000000000000e+01 7.405169544427122608e-01
-1.400000000000000000e+02 -3.000000000000000000e+01 6.523072117548733839e-01
-1.400000000000000000e+02 -2.900000000000000000e+01 7.363086624567372063e-01
-1.400000000000000000e+02 -2.800000000000000000e+01 8.010959018814115540e-01
-1.400000000000000000e+02 -2.700000000000000000e+01 7.948210019863302112e-01
-1.400000000000000000e+02 -2.600000000000000000e+01 7.735753650269089343e-01
-1.400000000000000000e+02 -2.500000000000000000e+01 6.990217330744026292e-01
-1.400000000000000000e+02 -2.400000000000000000e+01 6.051080220728917158e-01
-1.400000000000000000e+02 -2.300000000000000000e+01 6.471092285517198173e-01
-1.400000000000000000e+02 -2.200000000000000000e+01 6.588535728902344957e-01
-1.400000000000000000e+02 -2.100000000000000000e+01 5.800700965320724212e-01
-1.400000000000000000e+02 -2.000000000000000000e+01 4.658467638181910675e-01
-1.400000000000000000e+02 -1.900000000000000000e+01 4.507844056781892261e-01
-1.400000000000000000e+02 -1.800000000000000000e+01 4.313461675719565402e-01
-1.400000000000000000e+02 -1.700000000000000000e+01 3.583384642835301670e-01
-1.400000000000000000e+02 -1.600000000000000000e+01 3.749150681483613967e-01
-1.400000000000000000e+02 -1.500000000000000000e+01 3.123561008313978649e-01
2.200000000000000000e+02 -1.400000000000000000e+01 nan
-1.390000000000000000e+02 -3.300000000000000000e+01 9.190193644833847264e-01
-1.390000000000000000e+02 -3.200000000000000000e+01 8.278623298802783026e-01
-1.390000000000000000e+02 -3.100000000000000000e+01 7.242742008221614292e-01
-1.390000000000000000e+02 -3.000000000000000000e+01 5.981366655170463620e-01
-1.390000000000000000e+02 -2.900000000000000000e+01 7.173886505414280856e-01
-1.390000000000000000e+02 -2.800000000000000000e+01 7.744861687792845562e-01
-1.390000000000000000e+02 -2.700000000000000000e+01 8.070257634315139983e-01
-1.390000000000000000e+02 -2.600000000000000000e+01 7.987044468679569409e-01
-1.390000000000000000e+02 -2.500000000000000000e+01 7.018199902227240106e-01
-1.390000000000000000e+02 -2.400000000000000000e+01 5.888760473282984576e-01
-1.390000000000000000e+02 -2.300000000000000000e+01 6.011456376312225292e-01
-1.390000000000000000e+02 -2.200000000000000000e+01 6.243696444264109635e-01
-1.390000000000000000e+02 -2.100000000000000000e+01 5.814256039025603728e-01
-1.390000000000000000e+02 -2.000000000000000000e+01 4.679163790627408059e-01
-1.390000000000000000e+02 -1.900000000000000000e+01 4.515824298327874020e-01
-1.390000000000000000e+02 -1.800000000000000000e+01 4.293865369780952013e-01
-1.390000000000000000e+02 -1.700000000000000000e+01 3.510271689858145416e-01
-1.390000000000000000e+02 -1.600000000000000000e+01 3.684847726056521555e-01
-1.390000000000000000e+02 -1.500000000000000000e+01 3.096889471807688921e-01
2.210000000000000000e+02 -1.400000000000000000e+01 nan
-1.380000000000000000e+02 -3.300000000000000000e+01 9.064434947769637319e-01
-1.380000000000000000e+02 -3.200000000000000000e+01 7.716689900129156676e-01
-1.380000000000000000e+02 -3.100000000000000000e+01 7.275592823198077097e-01
-1.380000000000000000e+02 -3.000000000000000000e+01 5.850518151841839209e-01
-1.380000000000000000e+02 -2.900000000000000000e+01 7.131129208195478020e-01
-1.380000000000000000e+02 -2.800000000000000000e+01 7.230477436874185315e-01
-1.380000000000000000e+02 -2.700000000000000000e+01 7.901902248108074733e-01
-1.380000000000000000e+02 -2.600000000000000000e+01 8.029767670818717118e-01
-1.380000000000000000e+02 -2.500000000000000000e+01 7.178572300580846610e-01
-1.380000000000000000e+02 -2.400000000000000000e+01 6.090413866913493290e-01
-1.380000000000000000e+02 -2.300000000000000000e+01 5.551362422930729013e-01
-1.380000000000000000e+02 -2.200000000000000000e+01 5.916867751126322350e-01
-1.380000000000000000e+02 -2.100000000000000000e+01 5.879189888208551373e-01
2.220000000000000000e+02 -2.000000000000000000e+01 nan
2.220000000000000000e+02 -1.900000000000000000e+01 nan
2.220000000000000000e+02 -1.800000000000000000e+01 nan
2.220000000000000000e+02 -1.700000000000000000e+01 nan
2.220000000000000000e+02 -1.600000000000000000e+01 nan
2.220000000000000000e+02 -1.500000000000000000e+01 nan
2.220000000000000000e+02 -1.400000000000000000e+01 nan
