Longitude[deg], Latitude[deg], Dust optical depth
2.160000000000000000e+02 -4.900000000000000000e+01 nan
2.160000000000000000e+02 -4.800000000000000000e+01 nan
-1.440000000000000000e+02 -4.700000000000000000e+01 1.142295965554597004e+00
-1.440000000000000000e+02 -4.600000000000000000e+01 1.284021708454986976e+00
-1.440000000000000000e+02 -4.500000000000000000e+01 1.400246917571503102e+00
-1.440000000000000000e+02 -4.400000000000000000e+01 1.381098149139542208e+00
2.160000000000000000e+02 -4.300000000000000000e+01 nan
2.160000000000000000e+02 -4.200000000000000000e+01 nan
2.160000000000000000e+02 -4.100000000000000000e+01 nan
2.160000000000000000e+02 -4.000000000000000000e+01 nan
2.160000000000000000e+02 -3.900000000000000000e+01 nan
2.160000000000000000e+02 -3.800000000000000000e+01 nan
2.160000000000000000e+02 -3.700000000000000000e+01 nan
2.160000000000000000e+02 -3.600000000000000000e+01 nan
2.160000000000000000e+02 -3.500000000000000000e+01 nan
2.160000000000000000e+02 -3.400000000000000000e+01 nan
2.160000000000000000e+02 -3.300000000000000000e+01 nan
2.170000000000000000e+02 -4.900000000000000000e+01 nan
2.170000000000000000e+02 -4.800000000000000000e+01 nan
-1.430000000000000000e+02 -4.700000000000000000e+01 1.185865871356349466e+00
-1.430000000000000000e+02 -4.600000000000000000e+01 1.415729824237302426e+00
-1.430000000000000000e+02 -4.500000000000000000e+01 1.428635318059175541e+00
-1.430000000000000000e+02 -4.400000000000000000e+01 1.459520105752490027e+00
-1.430000000000000000e+02 -4.300000000000000000e+01 1.518479189107616367e+00
-1.430000000000000000e+02 -4.200000000000000000e+01 1.548799831206546740e+00
-1.430000000000000000e+02 -4.100000000000000000e+01 1.553959599278793124e+00
-1.430000000000000000e+02 -4.000000000000000000e+01 1.542506122372683475e+00
-1.430000000000000000e+02 -3.900000000000000000e+01 1.575183998571753508e+00
-1.430000000000000000e+02 -3.800000000000000000e+01 1.556190753520783732e+00
-1.430000000000000000e+02 -3.700000000000000000e+01 1.428581520457153253e+00
-1.430000000000000000e+02 -3.600000000000000000e+01 1.402963106393789960e+00
-1.430000000000000000e+02 -3.500000000000000000e+01 1.381577899652495889e+00
2.170000000000000000e+02 -3.400000000000000000e+01 nan
2.170000000000000000e+02 -3.300000000000000000e+01 nan
2.180000000000000000e+02 -4.900000000000000000e+01 nan
2.180000000000000000e+02 -4.800000000000000000e+01 nan
-1.420000000000000000e+02 -4.700000000000000000e+01 1.206980565116381188e+00
-1.420000000000000000e+02 -4.600000000000000000e+01 1.385583643673997223e+00
-1.420000000000000000e+02 -4.500000000000000000e+01 1.433495267191416289e+00
-1.420000000000000000e+02 -4.400000000000000000e+01 1.467363559419935903e+00
-1.420000000000000000e+02 -4.300000000000000000e+01 1.505764943539109391e+00
-1.420000000000000000e+02 -4.200000000000000000e+01 1.544044809156918108e+00
-1.420000000000000000e+02 -4.100000000000000000e+01 1.523721445452011380e+00
-1.420000000000000000e+02 -4.000000000000000000e+01 1.533830093184559873e+00
-1.420000000000000000e+02 -3.900000000000000000e+01 1.553440606054077300e+00
-1.420000000000000000e+02 -3.800000000000000000e+01 1.511903871361032659e+00
-1.420000000000000000e+02 -3.700000000000000000e+01 1.424092520433035691e+00
-1.420000000000000000e+02 -3.600000000000000000e+01 1.398420131767309504e+00
-1.420000000000000000e+02 -3.500000000000000000e+01 1.390019452808000100e+00
-1.420000000000000000e+02 -3.400000000000000000e+01 1.441540649658554996e+00
2.180000000000000000e+02 -3.300000000000000000e+01 nan
-1.410000000000000000e+02 -4.900000000000000000e+01 5.002707177782002024e-01
-1.410000000000000000e+02 -4.800000000000000000e+01 7.735776677061928508e-01
-1.410000000000000000e+02 -4.700000000000000000e+01 1.155747106803785895e+00
-1.410000000000000000e+02 -4.600000000000000000e+01 1.263519375886798857e+00
-1.410000000000000000e+02 -4.500000000000000000e+01 1.419849635336720262e+00
-1.410000000000000000e+02 -4.400000000000000000e+01 1.472258024959101741e+00
-1.410000000000000000e+02 -4.300000000000000000e+01 1.494296277437729747e+00
-1.410000000000000000e+02 -4.200000000000000000e+01 1.486033270101932757e+00
-1.410000000000000000e+02 -4.100000000000000000e+01 1.526055936098288601e+00
-1.410000000000000000e+02 -4.000000000000000000e+01 1.526390817208625350e+00
-1.410000000000000000e+02 -3.900000000000000000e+01 1.526182437279286264e+00
-1.410000000000000000e+02 -3.800000000000000000e+01 1.421998202837901015e+00
-1.410000000000000000e+02 -3.700000000000000000e+01 1.408035887546984499e+00
-1.410000000000000000e+02 -3.600000000000000000e+01 1.361910438036338267e+00
-1.410000000000000000e+02 -3.500000000000000000e+01 1.362096752706300151e+00
-1.410000000000000000e+02 -3.400000000000000000e+01 1.418578463551846136e+00
2.190000000000000000e+02 -3.300000000000000000e+01 nan
-1.400000000000000000e+02 -4.900000000000000000e+01 4.861416168256368353e-01
-1.400000000000000000e+02 -4.800000000000000000e+01 9.268063711348820677e-01
-1.400000000000000000e+02 -4.700000000000000000e+01 1.143376994454246010e+00
-1.400000000000000000e+02 -4.600000000000000000e+01 1.239530141009287156e+00
-1.400000000000000000e+02 -4.500000000000000000e+01 1.399524776891149402e+00
-1.400000000000000000e+02 -4.400000000000000000e+01 1.463118199368511174e+00
-1.400000000000000000e+02 -4.300000000000000000e+01 1.488051040574089656e+00
-1.400000000000000000e+02 -4.200000000000000000e+01 1.457542550655418712e+00
-1.400000000000000000e+02 -4.100000000000000000e+01 1.517040634196707982e+00
-1.400000000000000000e+02 -4.000000000000000000e+01 1.508018932784888078e+00
-1.400000000000000000e+02 -3.900000000000000000e+01 1.500398007530932887e+00
-1.400000000000000000e+02 -3.800000000000000000e+01 1.426055237488285332e+00
-1.400000000000000000e+02 -3.700000000000000000e+01 1.397868723662194501e+00
-1.400000000000000000e+02 -3.600000000000000000e+01 1.322726720952301038e+00
-1.400000000000000000e+02 -3.500000000000000000e+01 1.341758031418431862e+00
-1.400000000000000000e+02 -3.400000000000000000e+01 1.402079966547378209e+00
2.200000000000000000e+02 -3.300000000000000000e+01 nan
-1.390000000000000000e+02 -4.900000000000000000e+01 3.844898053246650349e-01
-1.390000000000000000e+02 -4.800000000000000000e+01 9.516999674599917469e-01
-1.390000000000000000e+02 -4.700000000000000000e+01 1.138455970280046969e+00
-1.390000000000000000e+02 -4.600000000000000000e+01 1.230618605192814075e+00
-1.390000000000000000e+02 -4.500000000000000000e+01 1.368174047898726764e+00
-1.390000000000000000e+02 -4.400000000000000000e+01 1.439123009558383348e+00
-1.390000000000000000e+02 -4.300000000000000000e+01 1.483289387439189033e+00
-1.390000000000000000e+02 -4.200000000000000000e+01 1.440030291043044253e+00
-1.390000000000000000e+02 -4.100000000000000000e+01 1.487677754405202446e+00
-1.390000000000000000e+02 -4.000000000000000000e+01 1.505428618323893186e+00
-1.390000000000000000e+02 -3.900000000000000000e+01 1.477860248501555729e+00
-1.390000000000000000e+02 -3.800000000000000000e+01 1.426055237488285332e+00
-1.390000000000000000e+02 -3.700000000000000000e+01 1.405304906964666811e+00
-1.390000000000000000e+02 -3.600000000000000000e+01 1.370942538446808801e+00
-1.390000000000000000e+02 -3.500000000000000000e+01 1.389472149659826794e+00
-1.390000000000000000e+02 -3.400000000000000000e+01 1.447638750841951705e+00
2.210000000000000000e+02 -3.300000000000000000e+01 nan
-1.380000000000000000e+02 -4.900000000000000000e+01 3.274029976669584618e-01
-1.380000000000000000e+02 -4.800000000000000000e+01 3.737309809621910950e-01
-1.380000000000000000e+02 -4.700000000000000000e+01 9.970927715220100351e-01
-1.380000000000000000e+02 -4.600000000000000000e+01 1.132730375260673439e+00
-1.380000000000000000e+02 -4.500000000000000000e+01 1.233193604952068201e+00
-1.380000000000000000e+02 -4.400000000000000000e+01 1.298809497609969554e+00
-1.380000000000000000e+02 -4.300000000000000000e+01 1.341432636715254700e+00
-1.380000000000000000e+02 -4.200000000000000000e+01 1.410563864538371792e+00
-1.380000000000000000e+02 -4.100000000000000000e+01 1.507295462281013743e+00
-1.380000000000000000e+02 -4.000000000000000000e+01 1.550065076667293873e+00
-1.380000000000000000e+02 -3.900000000000000000e+01 1.454303470992815983e+00
-1.380000000000000000e+02 -3.800000000000000000e+01 1.385908942156265811e+00
-1.380000000000000000e+02 -3.700000000000000000e+01 1.419771440709638011e+00
-1.380000000000000000e+02 -3.600000000000000000e+01 1.434766742430347186e+00
-1.380000000000000000e+02 -3.500000000000000000e+01 1.427701071002441813e+00
-1.380000000000000000e+02 -3.400000000000000000e+01 1.477728810102845181e+00
2.220000000000000000e+02 -3.300000000000000000e+01 nan
-1.370000000000000000e+02 -4.900000000000000000e+01 3.250334506472766227e-01
-1.370000000000000000e+02 -4.800000000000000000e+01 3.653779761493098910e-01
-1.370000000000000000e+02 -4.700000000000000000e+01 9.687071029339716643e-01
-1.370000000000000000e+02 -4.600000000000000000e+01 1.139309693257577250e+00
-1.370000000000000000e+02 -4.500000000000000000e+01 1.235072507899612315e+00
-1.370000000000000000e+02 -4.400000000000000000e+01 1.282676764197222541e+00
-1.370000000000000000e+02 -4.300000000000000000e+01 1.329490091842235211e+00
-1.370000000000000000e+02 -4.200000000000000000e+01 1.407458202635776257e+00
-1.370000000000000000e+02 -4.100000000000000000e+01 1.514566465803492523e+00
-1.370000000000000000e+02 -4.000000000000000000e+01 1.550213848270945993e+00
-1.370000000000000000e+02 -3.900000000000000000e+01 1.443087100277741452e+00
-1.370000000000000000e+02 -3.800000000000000000e+01 1.364731477519015579e+00
-1.370000000000000000e+02 -3.700000000000000000e+01 1.437945906547371422e+00
-1.370000000000000000e+02 -3.600000000000000000e+01 1.469177978736265100e+00
-1.370000000000000000e+02 -3.500000000000000000e+01 1.445885557986052339e+00
-1.370000000000000000e+02 -3.400000000000000000e+01 1.445531231439615150e+00
2.230000000000000000e+02 -3.300000000000000000e+01 nan
-1.360000000000000000e+02 -4.900000000000000000e+01 3.166803631211700387e-01
-1.360000000000000000e+02 -4.800000000000000000e+01 3.592179063291800478e-01
-1.360000000000000000e+02 -4.700000000000000000e+01 9.535341733936918418e-01
-1.360000000000000000e+02 -4.600000000000000000e+01 1.178905946421181294e+00
-1.360000000000000000e+02 -4.500000000000000000e+01 1.237723650957787580e+00
-1.360000000000000000e+02 -4.400000000000000000e+01 1.240587837495360723e+00
-1.360000000000000000e+02 -4.300000000000000000e+01 1.325170386749500828e+00
-1.360000000000000000e+02 -4.200000000000000000e+01 1.394265604551274684e+00
2.240000000000000000e+02 -4.100000000000000000e+01 nan
2.240000000000000000e+02 -4.000000000000000000e+01 nan
2.240000000000000000e+02 -3.900000000000000000e+01 nan
2.240000000000000000e+02 -3.800000000000000000e+01 nan
2.240000000000000000e+02 -3.700000000000000000e+01 nan
2.240000000000000000e+02 -3.600000000000000000e+01 nan
2.240000000000000000e+02 -3.500000000000000000e+01 nan
2.240000000000000000e+02 -3.400000000000000000e+01 nan
2.240000000000000000e+02 -3.300000000000000000e+01 nan
2.250000000000000000e+02 -4.900000000000000000e+01 nan
2.250000000000000000e+02 -4.800000000000000000e+01 nan
2.250000000000000000e+02 -4.700000000000000000e+01 nan
2.250000000000000000e+02 -4.600000000000000000e+01 nan
2.250000000000000000e+02 -4.500000000000000000e+01 nan
2.250000000000000000e+02 -4.400000000000000000e+01 nan
2.250000000000000000e+02 -4.300000000000000000e+01 nan
2.250000000000000000e+02 -4.200000000000000000e+01 nan
2.250000000000000000e+02 -4.100000000000000000e+01 nan
2.250000000000000000e+02 -4.000000000000000000e+01 nan
2.250000000000000000e+02 -3.900000000000000000e+01 nan
2.250000000000000000e+02 -3.800000000000000000e+01 nan
2.250000000000000000e+02 -3.700000000000000000e+01 nan
2.250000000000000000e+02 -3.600000000000000000e+01 nan
2.250000000000000000e+02 -3.500000000000000000e+01 nan
2.250000000000000000e+02 -3.400000000000000000e+01 nan
2.250000000000000000e+02 -3.300000000000000000e+01 nan
