Longitude[deg], Latitude[deg], Dust optical depth
-1.000000000000000000e+01 -1.700000000000000000e+01 2.434471423701253023e+00
-1.000000000000000000e+01 -1.600000000000000000e+01 2.306994220992028222e+00
-1.000000000000000000e+01 -1.500000000000000000e+01 2.231598710984677325e+00
-1.000000000000000000e+01 -1.400000000000000000e+01 2.238704110549898818e+00
-1.000000000000000000e+01 -1.300000000000000000e+01 2.307542360482758959e+00
-1.000000000000000000e+01 -1.200000000000000000e+01 2.283513112836357717e+00
-1.000000000000000000e+01 -1.100000000000000000e+01 2.136824760893817121e+00
-1.000000000000000000e+01 -1.000000000000000000e+01 2.118731114807056670e+00
-1.000000000000000000e+01 -9.000000000000000000e+00 2.254321760307929523e+00
-1.000000000000000000e+01 -8.000000000000000000e+00 2.260701798032275001e+00
-1.000000000000000000e+01 -7.000000000000000000e+00 2.113456595024707951e+00
-1.000000000000000000e+01 -6.000000000000000000e+00 2.075445999199281744e+00
-1.000000000000000000e+01 -5.000000000000000000e+00 2.101246347320977925e+00
-1.000000000000000000e+01 -4.000000000000000000e+00 2.109206016114664628e+00
-1.000000000000000000e+01 -3.000000000000000000e+00 2.114328954124231608e+00
-1.000000000000000000e+01 -2.000000000000000000e+00 2.136822156755588953e+00
-1.000000000000000000e+01 -1.000000000000000000e+00 2.092627915584669651e+00
-1.000000000000000000e+01 0.000000000000000000e+00 2.019785028560059370e+00
-1.000000000000000000e+01 1.000000000000000000e+00 1.934193534752962851e+00
-1.000000000000000000e+01 2.000000000000000000e+00 1.776285214764641740e+00
-1.000000000000000000e+01 3.000000000000000000e+00 1.589370859204643383e+00
-1.000000000000000000e+01 4.000000000000000000e+00 1.341121240332764586e+00
-1.000000000000000000e+01 5.000000000000000000e+00 1.247387671969051315e+00
-1.000000000000000000e+01 6.000000000000000000e+00 1.236178184747593001e+00
-1.000000000000000000e+01 7.000000000000000000e+00 1.259598308650575094e+00
-1.000000000000000000e+01 8.000000000000000000e+00 1.324102421373188232e+00
-1.000000000000000000e+01 9.000000000000000000e+00 1.350829415482537765e+00
-9.000000000000000000e+00 -1.700000000000000000e+01 2.434471423701253023e+00
-9.000000000000000000e+00 -1.600000000000000000e+01 2.306994220992028222e+00
-9.000000000000000000e+00 -1.500000000000000000e+01 2.231598710984677325e+00
-9.000000000000000000e+00 -1.400000000000000000e+01 2.238704110549898818e+00
-9.000000000000000000e+00 -1.300000000000000000e+01 2.307542360482758959e+00
-9.000000000000000000e+00 -1.200000000000000000e+01 2.283513112836357717e+00
-9.000000000000000000e+00 -1.100000000000000000e+01 2.136824760893817121e+00
-9.000000000000000000e+00 -1.000000000000000000e+01 2.118731114807056670e+00
-9.000000000000000000e+00 -9.000000000000000000e+00 2.254321760307929523e+00
-9.000000000000000000e+00 -8.000000000000000000e+00 2.260701798032275001e+00
-9.000000000000000000e+00 -7.000000000000000000e+00 2.113456595024707951e+00
-9.000000000000000000e+00 -6.000000000000000000e+00 2.075445999199281744e+00
-9.000000000000000000e+00 -5.000000000000000000e+00 2.101246347320977925e+00
-9.000000000000000000e+00 -4.000000000000000000e+00 2.109206016114664628e+00
-9.000000000000000000e+00 -3.000000000000000000e+00 2.114328954124231608e+00
-9.000000000000000000e+00 -2.000000000000000000e+00 2.136822156755588953e+00
-9.000000000000000000e+00 -1.000000000000000000e+00 2.092627915584669651e+00
-9.000000000000000000e+00 0.000000000000000000e+00 2.019785028560059370e+00
-9.000000000000000000e+00 1.000000000000000000e+00 1.934193534752962851e+00
-9.000000000000000000e+00 2.000000000000000000e+00 1.776285214764641740e+00
-9.000000000000000000e+00 3.000000000000000000e+00 1.588447153923634447e+00
-9.000000000000000000e+00 4.000000000000000000e+00 1.338363253307859102e+00
-9.000000000000000000e+00 5.000000000000000000e+00 1.247317197778383235e+00
-9.000000000000000000e+00 6.000000000000000000e+00 1.236066819442659614e+00
-9.000000000000000000e+00 7.000000000000000000e+00 1.258132388970803373e+00
-9.000000000000000000e+00 8.000000000000000000e+00 1.323160285344092024e+00
-9.000000000000000000e+00 9.000000000000000000e+00 1.350829415482537765e+00
3.520000000000000000e+02 -1.700000000000000000e+01 nan
3.520000000000000000e+02 -1.600000000000000000e+01 nan
3.520000000000000000e+02 -1.500000000000000000e+01 nan
3.520000000000000000e+02 -1.400000000000000000e+01 nan
3.520000000000000000e+02 -1.300000000000000000e+01 nan
3.520000000000000000e+02 -1.200000000000000000e+01 nan
3.520000000000000000e+02 -1.100000000000000000e+01 nan
3.520000000000000000e+02 -1.000000000000000000e+01 nan
3.520000000000000000e+02 -9.000000000000000000e+00 nan
3.520000000000000000e+02 -8.000000000000000000e+00 nan
3.520000000000000000e+02 -7.000000000000000000e+00 nan
3.520000000000000000e+02 -6.000000000000000000e+00 nan
3.520000000000000000e+02 -5.000000000000000000e+00 nan
3.520000000000000000e+02 -4.000000000000000000e+00 nan
3.520000000000000000e+02 -3.000000000000000000e+00 nan
3.520000000000000000e+02 -2.000000000000000000e+00 nan
3.520000000000000000e+02 -1.000000000000000000e+00 nan
3.520000000000000000e+02 0.000000000000000000e+00 nan
3.520000000000000000e+02 1.000000000000000000e+00 nan
3.520000000000000000e+02 2.000000000000000000e+00 nan
3.520000000000000000e+02 3.000000000000000000e+00 nan
-8.000000000000000000e+00 4.000000000000000000e+00 1.281982437792790419e+00
-8.000000000000000000e+00 5.000000000000000000e+00 1.239043795171013373e+00
-8.000000000000000000e+00 6.000000000000000000e+00 1.235168981920620634e+00
-8.000000000000000000e+00 7.000000000000000000e+00 1.239105568577629324e+00
-8.000000000000000000e+00 8.000000000000000000e+00 1.315031511838959721e+00
3.520000000000000000e+02 9.000000000000000000e+00 nan
