Longitude[deg], Latitude[deg], Dust optical depth
-1.400000000000000000e+02 -1.400000000000000000e+01 7.630399615166550964e-01
-1.400000000000000000e+02 -1.300000000000000000e+01 7.695810684398953772e-01
-1.400000000000000000e+02 -1.200000000000000000e+01 8.247707394927513702e-01
-1.400000000000000000e+02 -1.100000000000000000e+01 8.031699585383726969e-01
-1.400000000000000000e+02 -1.000000000000000000e+01 7.856915121770561283e-01
-1.400000000000000000e+02 -9.000000000000000000e+00 8.180706382463468485e-01
-1.400000000000000000e+02 -8.000000000000000000e+00 8.586896903116422175e-01
-1.400000000000000000e+02 -7.000000000000000000e+00 8.554786254602551043e-01
-1.400000000000000000e+02 -6.000000000000000000e+00 8.515463958135223166e-01
-1.400000000000000000e+02 -5.000000000000000000e+00 6.234584638825951819e-01
-1.400000000000000000e+02 -4.000000000000000000e+00 6.326686405208257202e-01
-1.400000000000000000e+02 -3.000000000000000000e+00 6.873174319805660515e-01
-1.400000000000000000e+02 -2.000000000000000000e+00 7.415617105887875038e-01
-1.400000000000000000e+02 -1.000000000000000000e+00 7.572006532378390276e-01
-1.400000000000000000e+02 0.000000000000000000e+00 5.083492675807771422e-01
-1.400000000000000000e+02 1.000000000000000000e+00 4.997035593862392266e-01
-1.400000000000000000e+02 2.000000000000000000e+00 5.615413335861667576e-01
-1.400000000000000000e+02 3.000000000000000000e+00 6.330532661269017147e-01
-1.400000000000000000e+02 4.000000000000000000e+00 6.390889492602780386e-01
-1.400000000000000000e+02 5.000000000000000000e+00 5.837932788806384776e-01
-1.400000000000000000e+02 6.000000000000000000e+00 5.195150320754989837e-01
-1.400000000000000000e+02 7.000000000000000000e+00 4.246802495661830545e-01
-1.400000000000000000e+02 8.000000000000000000e+00 3.982300971865493366e-01
-1.400000000000000000e+02 9.000000000000000000e+00 4.116601108042900470e-01
-1.400000000000000000e+02 1.000000000000000000e+01 1.593902406150484452e-01
-1.390000000000000000e+02 -1.400000000000000000e+01 7.630399615166550964e-01
-1.390000000000000000e+02 -1.300000000000000000e+01 7.695810684398953772e-01
-1.390000000000000000e+02 -1.200000000000000000e+01 8.247707394927513702e-01
-1.390000000000000000e+02 -1.100000000000000000e+01 8.031699585383726969e-01
-1.390000000000000000e+02 -1.000000000000000000e+01 7.856915121770561283e-01
-1.390000000000000000e+02 -9.000000000000000000e+00 8.180706382463468485e-01
-1.390000000000000000e+02 -8.000000000000000000e+00 8.586896903116422175e-01
-1.390000000000000000e+02 -7.000000000000000000e+00 8.554786254602551043e-01
-1.390000000000000000e+02 -6.000000000000000000e+00 8.515463958135223166e-01
-1.390000000000000000e+02 -5.000000000000000000e+00 6.234584638825951819e-01
-1.390000000000000000e+02 -4.000000000000000000e+00 6.326686405208257202e-01
-1.390000000000000000e+02 -3.000000000000000000e+00 6.873174319805660515e-01
-1.390000000000000000e+02 -2.000000000000000000e+00 7.415617105887875038e-01
-1.390000000000000000e+02 -1.000000000000000000e+00 7.572006532378390276e-01
-1.390000000000000000e+02 0.000000000000000000e+00 5.083492675807771422e-01
-1.390000000000000000e+02 1.000000000000000000e+00 4.997035593862392266e-01
-1.390000000000000000e+02 2.000000000000000000e+00 5.615413335861667576e-01
-1.390000000000000000e+02 3.000000000000000000e+00 6.330532661269017147e-01
-1.390000000000000000e+02 4.000000000000000000e+00 6.390889492602780386e-01
-1.390000000000000000e+02 5.000000000000000000e+00 5.837932788806384776e-01
-1.390000000000000000e+02 6.000000000000000000e+00 5.195150320754989837e-01
-1.390000000000000000e+02 7.000000000000000000e+00 4.246802495661830545e-01
-1.390000000000000000e+02 8.000000000000000000e+00 3.982300971865493366e-01
-1.390000000000000000e+02 9.000000000000000000e+00 4.116601108042900470e-01
2.210000000000000000e+02 1.000000000000000000e+01 nan
