Longitude[deg], Latitude[deg], Dust optical depth
1.210000000000000000e+02 -2.000000000000000000e+01 3.172749175211113659e-01
1.210000000000000000e+02 -1.900000000000000000e+01 2.647676983459212874e-01
1.210000000000000000e+02 -1.800000000000000000e+01 2.153080393498619238e-01
1.210000000000000000e+02 -1.700000000000000000e+01 2.082831001966218287e-01
1.210000000000000000e+02 -1.600000000000000000e+01 2.113520794460081176e-01
1.210000000000000000e+02 -1.500000000000000000e+01 2.109291529237619645e-01
1.210000000000000000e+02 -1.400000000000000000e+01 2.224471886659998010e-01
1.210000000000000000e+02 -1.300000000000000000e+01 1.837585619984240803e-01
1.210000000000000000e+02 -1.200000000000000000e+01 nan
1.210000000000000000e+02 -1.100000000000000000e+01 nan
1.210000000000000000e+02 -1.000000000000000000e+01 nan
1.210000000000000000e+02 -9.000000000000000000e+00 nan
1.210000000000000000e+02 -8.000000000000000000e+00 nan
1.210000000000000000e+02 -7.000000000000000000e+00 nan
1.210000000000000000e+02 -6.000000000000000000e+00 nan
1.210000000000000000e+02 -5.000000000000000000e+00 nan
1.210000000000000000e+02 -4.000000000000000000e+00 nan
1.210000000000000000e+02 -3.000000000000000000e+00 nan
1.210000000000000000e+02 -2.000000000000000000e+00 nan
1.210000000000000000e+02 -1.000000000000000000e+00 nan
1.210000000000000000e+02 0.000000000000000000e+00 nan
1.210000000000000000e+02 1.000000000000000000e+00 nan
1.210000000000000000e+02 2.000000000000000000e+00 nan
1.210000000000000000e+02 3.000000000000000000e+00 nan
1.210000000000000000e+02 4.000000000000000000e+00 nan
1.210000000000000000e+02 5.000000000000000000e+00 nan
1.210000000000000000e+02 6.000000000000000000e+00 nan
1.220000000000000000e+02 -2.000000000000000000e+01 3.172749175211113659e-01
1.220000000000000000e+02 -1.900000000000000000e+01 2.382003810416561396e-01
1.220000000000000000e+02 -1.800000000000000000e+01 2.020660742040625846e-01
1.220000000000000000e+02 -1.700000000000000000e+01 1.990025827528787428e-01
1.220000000000000000e+02 -1.600000000000000000e+01 1.986678020299969816e-01
1.220000000000000000e+02 -1.500000000000000000e+01 2.001687943307236539e-01
1.220000000000000000e+02 -1.400000000000000000e+01 1.959417849697744352e-01
1.220000000000000000e+02 -1.300000000000000000e+01 1.570417687457889289e-01
1.220000000000000000e+02 -1.200000000000000000e+01 1.673264366238298995e-01
1.220000000000000000e+02 -1.100000000000000000e+01 2.033617969390401903e-01
1.220000000000000000e+02 -1.000000000000000000e+01 1.650114585677305845e-01
1.220000000000000000e+02 -9.000000000000000000e+00 nan
1.220000000000000000e+02 -8.000000000000000000e+00 nan
1.220000000000000000e+02 -7.000000000000000000e+00 nan
1.220000000000000000e+02 -6.000000000000000000e+00 1.876083849110759261e-01
1.220000000000000000e+02 -5.000000000000000000e+00 1.876083849110759261e-01
1.220000000000000000e+02 -4.000000000000000000e+00 2.022810316556433730e-01
1.220000000000000000e+02 -3.000000000000000000e+00 1.823223351698760042e-01
1.220000000000000000e+02 -2.000000000000000000e+00 1.823223351698760042e-01
1.220000000000000000e+02 -1.000000000000000000e+00 1.909869052396544475e-01
1.220000000000000000e+02 0.000000000000000000e+00 1.693199463652626247e-01
1.220000000000000000e+02 1.000000000000000000e+00 2.481877009132228695e-01
1.220000000000000000e+02 2.000000000000000000e+00 4.448317705567736979e-01
1.220000000000000000e+02 3.000000000000000000e+00 6.383994052972112865e-01
1.220000000000000000e+02 4.000000000000000000e+00 6.264555245335263756e-01
1.220000000000000000e+02 5.000000000000000000e+00 6.757293341119586794e-01
1.220000000000000000e+02 6.000000000000000000e+00 7.602471137826146697e-01
1.230000000000000000e+02 -2.000000000000000000e+01 3.182608452529832044e-01
1.230000000000000000e+02 -1.900000000000000000e+01 1.928619944523176089e-01
1.230000000000000000e+02 -1.800000000000000000e+01 1.914817626623156466e-01
1.230000000000000000e+02 -1.700000000000000000e+01 1.963371656870038229e-01
1.230000000000000000e+02 -1.600000000000000000e+01 1.934504234725991367e-01
1.230000000000000000e+02 -1.500000000000000000e+01 1.960690247729122704e-01
1.230000000000000000e+02 -1.400000000000000000e+01 1.847540933377604111e-01
1.230000000000000000e+02 -1.300000000000000000e+01 1.540197323251389638e-01
1.230000000000000000e+02 -1.200000000000000000e+01 1.672219823921161086e-01
1.230000000000000000e+02 -1.100000000000000000e+01 2.033617969390401903e-01
1.230000000000000000e+02 -1.000000000000000000e+01 1.650114585677305845e-01
1.230000000000000000e+02 -9.000000000000000000e+00 nan
1.230000000000000000e+02 -8.000000000000000000e+00 nan
1.230000000000000000e+02 -7.000000000000000000e+00 nan
1.230000000000000000e+02 -6.000000000000000000e+00 1.876083849110759261e-01
1.230000000000000000e+02 -5.000000000000000000e+00 1.876083849110759261e-01
1.230000000000000000e+02 -4.000000000000000000e+00 2.022810316556433730e-01
1.230000000000000000e+02 -3.000000000000000000e+00 1.823223351698760042e-01
1.230000000000000000e+02 -2.000000000000000000e+00 1.823223351698760042e-01
1.230000000000000000e+02 -1.000000000000000000e+00 1.909869052396544475e-01
1.230000000000000000e+02 0.000000000000000000e+00 1.693199463652626247e-01
1.230000000000000000e+02 1.000000000000000000e+00 2.481877009132228695e-01
1.230000000000000000e+02 2.000000000000000000e+00 4.448317705567736979e-01
1.230000000000000000e+02 3.000000000000000000e+00 6.383994052972112865e-01
1.230000000000000000e+02 4.000000000000000000e+00 6.264555245335263756e-01
1.230000000000000000e+02 5.000000000000000000e+00 6.757293341119586794e-01
1.230000000000000000e+02 6.000000000000000000e+00 nan
