Longitude[deg], Latitude[deg], Dust optical depth
-4.300000000000000000e+01 -3.500000000000000000e+01 2.059481179925061411e+00
-4.300000000000000000e+01 -3.400000000000000000e+01 1.915313407004114010e+00
-4.300000000000000000e+01 -3.300000000000000000e+01 1.760345809112981552e+00
-4.300000000000000000e+01 -3.200000000000000000e+01 1.667397226231544405e+00
-4.300000000000000000e+01 -3.100000000000000000e+01 1.502952112804574414e+00
3.170000000000000000e+02 -3.000000000000000000e+01 nan
3.170000000000000000e+02 -2.900000000000000000e+01 nan
3.170000000000000000e+02 -2.800000000000000000e+01 nan
3.170000000000000000e+02 -2.700000000000000000e+01 nan
3.170000000000000000e+02 -2.600000000000000000e+01 nan
3.170000000000000000e+02 -2.500000000000000000e+01 nan
3.170000000000000000e+02 -2.400000000000000000e+01 nan
3.170000000000000000e+02 -2.300000000000000000e+01 nan
3.170000000000000000e+02 -2.200000000000000000e+01 nan
3.170000000000000000e+02 -2.100000000000000000e+01 nan
3.170000000000000000e+02 -2.000000000000000000e+01 nan
3.170000000000000000e+02 -1.900000000000000000e+01 nan
3.170000000000000000e+02 -1.800000000000000000e+01 nan
-4.200000000000000000e+01 -3.500000000000000000e+01 1.950981411835509105e+00
-4.200000000000000000e+01 -3.400000000000000000e+01 1.851420142845748407e+00
-4.200000000000000000e+01 -3.300000000000000000e+01 1.715914104120240813e+00
-4.200000000000000000e+01 -3.200000000000000000e+01 1.514660417424390282e+00
-4.200000000000000000e+01 -3.100000000000000000e+01 1.430441226554352241e+00
-4.200000000000000000e+01 -3.000000000000000000e+01 1.419515846615394761e+00
-4.200000000000000000e+01 -2.900000000000000000e+01 1.513799978662909940e+00
-4.200000000000000000e+01 -2.800000000000000000e+01 1.561296390984925564e+00
-4.200000000000000000e+01 -2.700000000000000000e+01 1.619314797162638708e+00
-4.200000000000000000e+01 -2.600000000000000000e+01 1.630665247111836580e+00
-4.200000000000000000e+01 -2.500000000000000000e+01 1.828475381809472333e+00
-4.200000000000000000e+01 -2.400000000000000000e+01 2.014132823698996155e+00
-4.200000000000000000e+01 -2.300000000000000000e+01 2.175912751052164751e+00
-4.200000000000000000e+01 -2.200000000000000000e+01 2.486448652017969607e+00
-4.200000000000000000e+01 -2.100000000000000000e+01 2.953460577422950539e+00
-4.200000000000000000e+01 -2.000000000000000000e+01 3.468065151897814946e+00
-4.200000000000000000e+01 -1.900000000000000000e+01 4.283825819829105264e+00
3.180000000000000000e+02 -1.800000000000000000e+01 nan
-4.100000000000000000e+01 -3.500000000000000000e+01 1.906623566296374861e+00
-4.100000000000000000e+01 -3.400000000000000000e+01 1.783970557170027726e+00
-4.100000000000000000e+01 -3.300000000000000000e+01 1.642620195639630687e+00
-4.100000000000000000e+01 -3.200000000000000000e+01 1.514660417424390282e+00
-4.100000000000000000e+01 -3.100000000000000000e+01 1.482926259277997705e+00
-4.100000000000000000e+01 -3.000000000000000000e+01 1.522165680085158401e+00
-4.100000000000000000e+01 -2.900000000000000000e+01 1.527723326556505778e+00
-4.100000000000000000e+01 -2.800000000000000000e+01 1.496422646131807088e+00
-4.100000000000000000e+01 -2.700000000000000000e+01 1.613771344676477426e+00
-4.100000000000000000e+01 -2.600000000000000000e+01 1.746850911119604222e+00
-4.100000000000000000e+01 -2.500000000000000000e+01 1.870627259622957839e+00
-4.100000000000000000e+01 -2.400000000000000000e+01 2.038085636326093741e+00
-4.100000000000000000e+01 -2.300000000000000000e+01 2.189134021890156490e+00
-4.100000000000000000e+01 -2.200000000000000000e+01 2.462775810933559129e+00
-4.100000000000000000e+01 -2.100000000000000000e+01 2.969509655265828663e+00
-4.100000000000000000e+01 -2.000000000000000000e+01 3.526959481997592238e+00
-4.100000000000000000e+01 -1.900000000000000000e+01 4.138302461463033488e+00
3.190000000000000000e+02 -1.800000000000000000e+01 nan
-4.000000000000000000e+01 -3.500000000000000000e+01 1.868393282962070856e+00
-4.000000000000000000e+01 -3.400000000000000000e+01 1.744354449614386349e+00
-4.000000000000000000e+01 -3.300000000000000000e+01 1.594231915919889442e+00
-4.000000000000000000e+01 -3.200000000000000000e+01 1.535110776854253345e+00
-4.000000000000000000e+01 -3.100000000000000000e+01 1.603791622553713880e+00
-4.000000000000000000e+01 -3.000000000000000000e+01 1.604390801356729845e+00
-4.000000000000000000e+01 -2.900000000000000000e+01 1.549300919527381692e+00
-4.000000000000000000e+01 -2.800000000000000000e+01 1.416081140338094846e+00
-4.000000000000000000e+01 -2.700000000000000000e+01 1.603380303857574907e+00
-4.000000000000000000e+01 -2.600000000000000000e+01 1.777711296373157390e+00
-4.000000000000000000e+01 -2.500000000000000000e+01 1.910851468999869907e+00
-4.000000000000000000e+01 -2.400000000000000000e+01 2.092358237277114341e+00
-4.000000000000000000e+01 -2.300000000000000000e+01 2.212210571063231601e+00
-4.000000000000000000e+01 -2.200000000000000000e+01 2.431585918625174703e+00
-4.000000000000000000e+01 -2.100000000000000000e+01 2.994652646806650331e+00
-4.000000000000000000e+01 -2.000000000000000000e+01 3.601873884933722625e+00
-4.000000000000000000e+01 -1.900000000000000000e+01 4.015019770821548484e+00
3.200000000000000000e+02 -1.800000000000000000e+01 nan
