Longitude[deg], Latitude[deg], Dust optical depth
1.200000000000000000e+01 5.400000000000000000e+01 nan
1.200000000000000000e+01 5.500000000000000000e+01 nan
1.200000000000000000e+01 5.600000000000000000e+01 nan
1.200000000000000000e+01 5.700000000000000000e+01 nan
1.200000000000000000e+01 5.800000000000000000e+01 nan
1.200000000000000000e+01 5.900000000000000000e+01 nan
1.200000000000000000e+01 6.000000000000000000e+01 nan
1.200000000000000000e+01 6.100000000000000000e+01 nan
1.200000000000000000e+01 6.200000000000000000e+01 nan
1.200000000000000000e+01 6.300000000000000000e+01 nan
1.200000000000000000e+01 6.400000000000000000e+01 nan
1.200000000000000000e+01 6.500000000000000000e+01 nan
1.200000000000000000e+01 6.600000000000000000e+01 nan
1.200000000000000000e+01 6.700000000000000000e+01 nan
1.200000000000000000e+01 6.800000000000000000e+01 nan
1.200000000000000000e+01 6.900000000000000000e+01 nan
1.200000000000000000e+01 7.000000000000000000e+01 nan
1.200000000000000000e+01 7.100000000000000000e+01 nan
1.200000000000000000e+01 7.200000000000000000e+01 nan
1.200000000000000000e+01 7.300000000000000000e+01 nan
1.200000000000000000e+01 7.400000000000000000e+01 nan
1.200000000000000000e+01 7.500000000000000000e+01 nan
1.200000000000000000e+01 7.600000000000000000e+01 nan
1.200000000000000000e+01 7.700000000000000000e+01 nan
1.200000000000000000e+01 7.800000000000000000e+01 nan
1.200000000000000000e+01 7.900000000000000000e+01 nan
1.200000000000000000e+01 8.000000000000000000e+01 nan
1.300000000000000000e+01 5.400000000000000000e+01 nan
1.300000000000000000e+01 5.500000000000000000e+01 nan
1.300000000000000000e+01 5.600000000000000000e+01 nan
1.300000000000000000e+01 5.700000000000000000e+01 nan
1.300000000000000000e+01 5.800000000000000000e+01 nan
1.300000000000000000e+01 5.900000000000000000e+01 nan
1.300000000000000000e+01 6.000000000000000000e+01 nan
1.300000000000000000e+01 6.100000000000000000e+01 nan
1.300000000000000000e+01 6.200000000000000000e+01 nan
1.300000000000000000e+01 6.300000000000000000e+01 nan
1.300000000000000000e+01 6.400000000000000000e+01 nan
1.300000000000000000e+01 6.500000000000000000e+01 nan
1.300000000000000000e+01 6.600000000000000000e+01 nan
1.300000000000000000e+01 6.700000000000000000e+01 nan
1.300000000000000000e+01 6.800000000000000000e+01 nan
1.300000000000000000e+01 6.900000000000000000e+01 nan
1.300000000000000000e+01 7.000000000000000000e+01 nan
1.300000000000000000e+01 7.100000000000000000e+01 nan
1.300000000000000000e+01 7.200000000000000000e+01 nan
1.300000000000000000e+01 7.300000000000000000e+01 nan
1.300000000000000000e+01 7.400000000000000000e+01 nan
1.300000000000000000e+01 7.500000000000000000e+01 nan
1.300000000000000000e+01 7.600000000000000000e+01 nan
1.300000000000000000e+01 7.700000000000000000e+01 nan
1.300000000000000000e+01 7.800000000000000000e+01 nan
1.300000000000000000e+01 7.900000000000000000e+01 nan
1.300000000000000000e+01 8.000000000000000000e+01 nan
1.400000000000000000e+01 5.400000000000000000e+01 nan
1.400000000000000000e+01 5.500000000000000000e+01 nan
1.400000000000000000e+01 5.600000000000000000e+01 nan
1.400000000000000000e+01 5.700000000000000000e+01 nan
1.400000000000000000e+01 5.800000000000000000e+01 nan
1.400000000000000000e+01 5.900000000000000000e+01 nan
1.400000000000000000e+01 6.000000000000000000e+01 nan
1.400000000000000000e+01 6.100000000000000000e+01 nan
1.400000000000000000e+01 6.200000000000000000e+01 nan
1.400000000000000000e+01 6.300000000000000000e+01 nan
1.400000000000000000e+01 6.400000000000000000e+01 nan
1.400000000000000000e+01 6.500000000000000000e+01 nan
1.400000000000000000e+01 6.600000000000000000e+01 nan
1.400000000000000000e+01 6.700000000000000000e+01 nan
1.400000000000000000e+01 6.800000000000000000e+01 nan
1.400000000000000000e+01 6.900000000000000000e+01 nan
1.400000000000000000e+01 7.000000000000000000e+01 nan
1.400000000000000000e+01 7.100000000000000000e+01 nan
1.400000000000000000e+01 7.200000000000000000e+01 nan
1.400000000000000000e+01 7.300000000000000000e+01 nan
1.400000000000000000e+01 7.400000000000000000e+01 nan
1.400000000000000000e+01 7.500000000000000000e+01 nan
1.400000000000000000e+01 7.600000000000000000e+01 nan
1.400000000000000000e+01 7.700000000000000000e+01 nan
1.400000000000000000e+01 7.800000000000000000e+01 nan
1.400000000000000000e+01 7.900000000000000000e+01 nan
1.400000000000000000e+01 8.000000000000000000e+01 nan
1.500000000000000000e+01 5.400000000000000000e+01 nan
1.500000000000000000e+01 5.500000000000000000e+01 nan
1.500000000000000000e+01 5.600000000000000000e+01 nan
1.500000000000000000e+01 5.700000000000000000e+01 nan
1.500000000000000000e+01 5.800000000000000000e+01 nan
1.500000000000000000e+01 5.900000000000000000e+01 nan
1.500000000000000000e+01 6.000000000000000000e+01 nan
1.500000000000000000e+01 6.100000000000000000e+01 nan
1.500000000000000000e+01 6.200000000000000000e+01 nan
1.500000000000000000e+01 6.300000000000000000e+01 nan
1.500000000000000000e+01 6.400000000000000000e+01 nan
1.500000000000000000e+01 6.500000000000000000e+01 nan
1.500000000000000000e+01 6.600000000000000000e+01 nan
1.500000000000000000e+01 6.700000000000000000e+01 nan
1.500000000000000000e+01 6.800000000000000000e+01 nan
1.500000000000000000e+01 6.900000000000000000e+01 nan
1.500000000000000000e+01 7.000000000000000000e+01 nan
1.500000000000000000e+01 7.100000000000000000e+01 nan
1.500000000000000000e+01 7.200000000000000000e+01 nan
1.500000000000000000e+01 7.300000000000000000e+01 nan
1.500000000000000000e+01 7.400000000000000000e+01 nan
1.500000000000000000e+01 7.500000000000000000e+01 nan
1.500000000000000000e+01 7.600000000000000000e+01 nan
1.500000000000000000e+01 7.700000000000000000e+01 nan
1.500000000000000000e+01 7.800000000000000000e+01 nan
1.500000000000000000e+01 7.900000000000000000e+01 nan
1.500000000000000000e+01 8.000000000000000000e+01 nan
1.600000000000000000e+01 5.400000000000000000e+01 nan
1.600000000000000000e+01 5.500000000000000000e+01 nan
1.600000000000000000e+01 5.600000000000000000e+01 nan
1.600000000000000000e+01 5.700000000000000000e+01 nan
1.600000000000000000e+01 5.800000000000000000e+01 nan
1.600000000000000000e+01 5.900000000000000000e+01 nan
1.600000000000000000e+01 6.000000000000000000e+01 nan
1.600000000000000000e+01 6.100000000000000000e+01 nan
1.600000000000000000e+01 6.200000000000000000e+01 nan
1.600000000000000000e+01 6.300000000000000000e+01 nan
1.600000000000000000e+01 6.400000000000000000e+01 nan
1.600000000000000000e+01 6.500000000000000000e+01 nan
1.600000000000000000e+01 6.600000000000000000e+01 nan
1.600000000000000000e+01 6.700000000000000000e+01 nan
1.600000000000000000e+01 6.800000000000000000e+01 nan
1.600000000000000000e+01 6.900000000000000000e+01 nan
1.600000000000000000e+01 7.000000000000000000e+01 nan
1.600000000000000000e+01 7.100000000000000000e+01 nan
1.600000000000000000e+01 7.200000000000000000e+01 nan
1.600000000000000000e+01 7.300000000000000000e+01 nan
1.600000000000000000e+01 7.400000000000000000e+01 nan
1.600000000000000000e+01 7.500000000000000000e+01 nan
1.600000000000000000e+01 7.600000000000000000e+01 nan
1.600000000000000000e+01 7.700000000000000000e+01 nan
1.600000000000000000e+01 7.800000000000000000e+01 nan
1.600000000000000000e+01 7.900000000000000000e+01 nan
1.600000000000000000e+01 8.000000000000000000e+01 nan
1.700000000000000000e+01 5.400000000000000000e+01 nan
1.700000000000000000e+01 5.500000000000000000e+01 nan
1.700000000000000000e+01 5.600000000000000000e+01 nan
1.700000000000000000e+01 5.700000000000000000e+01 nan
1.700000000000000000e+01 5.800000000000000000e+01 nan
1.700000000000000000e+01 5.900000000000000000e+01 nan
1.700000000000000000e+01 6.000000000000000000e+01 nan
1.700000000000000000e+01 6.100000000000000000e+01 nan
1.700000000000000000e+01 6.200000000000000000e+01 nan
1.700000000000000000e+01 6.300000000000000000e+01 nan
1.700000000000000000e+01 6.400000000000000000e+01 nan
1.700000000000000000e+01 6.500000000000000000e+01 nan
1.700000000000000000e+01 6.600000000000000000e+01 nan
1.700000000000000000e+01 6.700000000000000000e+01 nan
1.700000000000000000e+01 6.800000000000000000e+01 nan
1.700000000000000000e+01 6.900000000000000000e+01 nan
1.700000000000000000e+01 7.000000000000000000e+01 nan
1.700000000000000000e+01 7.100000000000000000e+01 nan
1.700000000000000000e+01 7.200000000000000000e+01 nan
1.700000000000000000e+01 7.300000000000000000e+01 nan
1.700000000000000000e+01 7.400000000000000000e+01 nan
1.700000000000000000e+01 7.500000000000000000e+01 nan
1.700000000000000000e+01 7.600000000000000000e+01 nan
1.700000000000000000e+01 7.700000000000000000e+01 nan
1.700000000000000000e+01 7.800000000000000000e+01 nan
1.700000000000000000e+01 7.900000000000000000e+01 nan
1.700000000000000000e+01 8.000000000000000000e+01 nan
1.800000000000000000e+01 5.400000000000000000e+01 nan
1.800000000000000000e+01 5.500000000000000000e+01 nan
1.800000000000000000e+01 5.600000000000000000e+01 nan
1.800000000000000000e+01 5.700000000000000000e+01 nan
1.800000000000000000e+01 5.800000000000000000e+01 nan
1.800000000000000000e+01 5.900000000000000000e+01 nan
1.800000000000000000e+01 6.000000000000000000e+01 nan
1.800000000000000000e+01 6.100000000000000000e+01 nan
1.800000000000000000e+01 6.200000000000000000e+01 nan
1.800000000000000000e+01 6.300000000000000000e+01 nan
1.800000000000000000e+01 6.400000000000000000e+01 nan
1.800000000000000000e+01 6.500000000000000000e+01 nan
1.800000000000000000e+01 6.600000000000000000e+01 nan
1.800000000000000000e+01 6.700000000000000000e+01 nan
1.800000000000000000e+01 6.800000000000000000e+01 nan
1.800000000000000000e+01 6.900000000000000000e+01 nan
1.800000000000000000e+01 7.000000000000000000e+01 nan
1.800000000000000000e+01 7.100000000000000000e+01 nan
1.800000000000000000e+01 7.200000000000000000e+01 nan
1.800000000000000000e+01 7.300000000000000000e+01 nan
1.800000000000000000e+01 7.400000000000000000e+01 nan
1.800000000000000000e+01 7.500000000000000000e+01 nan
1.800000000000000000e+01 7.600000000000000000e+01 nan
1.800000000000000000e+01 7.700000000000000000e+01 nan
1.800000000000000000e+01 7.800000000000000000e+01 nan
1.800000000000000000e+01 7.900000000000000000e+01 nan
1.800000000000000000e+01 8.000000000000000000e+01 nan
1.900000000000000000e+01 5.400000000000000000e+01 nan
1.900000000000000000e+01 5.500000000000000000e+01 nan
1.900000000000000000e+01 5.600000000000000000e+01 nan
1.900000000000000000e+01 5.700000000000000000e+01 nan
1.900000000000000000e+01 5.800000000000000000e+01 nan
1.900000000000000000e+01 5.900000000000000000e+01 nan
1.900000000000000000e+01 6.000000000000000000e+01 nan
1.900000000000000000e+01 6.100000000000000000e+01 nan
1.900000000000000000e+01 6.200000000000000000e+01 nan
1.900000000000000000e+01 6.300000000000000000e+01 nan
1.900000000000000000e+01 6.400000000000000000e+01 nan
1.900000000000000000e+01 6.500000000000000000e+01 nan
1.900000000000000000e+01 6.600000000000000000e+01 nan
1.900000000000000000e+01 6.700000000000000000e+01 nan
1.900000000000000000e+01 6.800000000000000000e+01 nan
1.900000000000000000e+01 6.900000000000000000e+01 nan
1.900000000000000000e+01 7.000000000000000000e+01 nan
1.900000000000000000e+01 7.100000000000000000e+01 nan
1.900000000000000000e+01 7.200000000000000000e+01 nan
1.900000000000000000e+01 7.300000000000000000e+01 nan
1.900000000000000000e+01 7.400000000000000000e+01 nan
1.900000000000000000e+01 7.500000000000000000e+01 nan
1.900000000000000000e+01 7.600000000000000000e+01 nan
1.900000000000000000e+01 7.700000000000000000e+01 nan
1.900000000000000000e+01 7.800000000000000000e+01 nan
1.900000000000000000e+01 7.900000000000000000e+01 nan
1.900000000000000000e+01 8.000000000000000000e+01 nan
2.000000000000000000e+01 5.400000000000000000e+01 nan
2.000000000000000000e+01 5.500000000000000000e+01 nan
2.000000000000000000e+01 5.600000000000000000e+01 nan
2.000000000000000000e+01 5.700000000000000000e+01 nan
2.000000000000000000e+01 5.800000000000000000e+01 nan
2.000000000000000000e+01 5.900000000000000000e+01 nan
2.000000000000000000e+01 6.000000000000000000e+01 nan
2.000000000000000000e+01 6.100000000000000000e+01 nan
2.000000000000000000e+01 6.200000000000000000e+01 nan
2.000000000000000000e+01 6.300000000000000000e+01 nan
2.000000000000000000e+01 6.400000000000000000e+01 nan
2.000000000000000000e+01 6.500000000000000000e+01 nan
2.000000000000000000e+01 6.600000000000000000e+01 nan
2.000000000000000000e+01 6.700000000000000000e+01 nan
2.000000000000000000e+01 6.800000000000000000e+01 nan
2.000000000000000000e+01 6.900000000000000000e+01 nan
2.000000000000000000e+01 7.000000000000000000e+01 nan
2.000000000000000000e+01 7.100000000000000000e+01 nan
2.000000000000000000e+01 7.200000000000000000e+01 nan
2.000000000000000000e+01 7.300000000000000000e+01 nan
2.000000000000000000e+01 7.400000000000000000e+01 nan
2.000000000000000000e+01 7.500000000000000000e+01 nan
2.000000000000000000e+01 7.600000000000000000e+01 nan
2.000000000000000000e+01 7.700000000000000000e+01 nan
2.000000000000000000e+01 7.800000000000000000e+01 nan
2.000000000000000000e+01 7.900000000000000000e+01 nan
2.000000000000000000e+01 8.000000000000000000e+01 nan
2.100000000000000000e+01 5.400000000000000000e+01 nan
2.100000000000000000e+01 5.500000000000000000e+01 nan
2.100000000000000000e+01 5.600000000000000000e+01 nan
2.100000000000000000e+01 5.700000000000000000e+01 nan
2.100000000000000000e+01 5.800000000000000000e+01 nan
2.100000000000000000e+01 5.900000000000000000e+01 nan
2.100000000000000000e+01 6.000000000000000000e+01 nan
2.100000000000000000e+01 6.100000000000000000e+01 nan
2.100000000000000000e+01 6.200000000000000000e+01 nan
2.100000000000000000e+01 6.300000000000000000e+01 nan
2.100000000000000000e+01 6.400000000000000000e+01 nan
2.100000000000000000e+01 6.500000000000000000e+01 nan
2.100000000000000000e+01 6.600000000000000000e+01 nan
2.100000000000000000e+01 6.700000000000000000e+01 nan
2.100000000000000000e+01 6.800000000000000000e+01 nan
2.100000000000000000e+01 6.900000000000000000e+01 nan
2.100000000000000000e+01 7.000000000000000000e+01 nan
2.100000000000000000e+01 7.100000000000000000e+01 nan
2.100000000000000000e+01 7.200000000000000000e+01 nan
2.100000000000000000e+01 7.300000000000000000e+01 nan
2.100000000000000000e+01 7.400000000000000000e+01 nan
2.100000000000000000e+01 7.500000000000000000e+01 nan
2.100000000000000000e+01 7.600000000000000000e+01 nan
2.100000000000000000e+01 7.700000000000000000e+01 nan
2.100000000000000000e+01 7.800000000000000000e+01 nan
2.100000000000000000e+01 7.900000000000000000e+01 nan
2.100000000000000000e+01 8.000000000000000000e+01 nan
2.200000000000000000e+01 5.400000000000000000e+01 nan
2.200000000000000000e+01 5.500000000000000000e+01 nan
2.200000000000000000e+01 5.600000000000000000e+01 nan
2.200000000000000000e+01 5.700000000000000000e+01 nan
2.200000000000000000e+01 5.800000000000000000e+01 nan
2.200000000000000000e+01 5.900000000000000000e+01 nan
2.200000000000000000e+01 6.000000000000000000e+01 nan
2.200000000000000000e+01 6.100000000000000000e+01 nan
2.200000000000000000e+01 6.200000000000000000e+01 nan
2.200000000000000000e+01 6.300000000000000000e+01 nan
2.200000000000000000e+01 6.400000000000000000e+01 nan
2.200000000000000000e+01 6.500000000000000000e+01 nan
2.200000000000000000e+01 6.600000000000000000e+01 nan
2.200000000000000000e+01 6.700000000000000000e+01 nan
2.200000000000000000e+01 6.800000000000000000e+01 nan
2.200000000000000000e+01 6.900000000000000000e+01 nan
2.200000000000000000e+01 7.000000000000000000e+01 nan
2.200000000000000000e+01 7.100000000000000000e+01 nan
2.200000000000000000e+01 7.200000000000000000e+01 nan
2.200000000000000000e+01 7.300000000000000000e+01 nan
2.200000000000000000e+01 7.400000000000000000e+01 nan
2.200000000000000000e+01 7.500000000000000000e+01 nan
2.200000000000000000e+01 7.600000000000000000e+01 nan
2.200000000000000000e+01 7.700000000000000000e+01 nan
2.200000000000000000e+01 7.800000000000000000e+01 nan
2.200000000000000000e+01 7.900000000000000000e+01 nan
2.200000000000000000e+01 8.000000000000000000e+01 nan
2.300000000000000000e+01 5.400000000000000000e+01 2.488072180849478232e-01
2.300000000000000000e+01 5.500000000000000000e+01 6.322294179460041796e-02
2.300000000000000000e+01 5.600000000000000000e+01 7.054809320282783014e-02
2.300000000000000000e+01 5.700000000000000000e+01 6.801552508298459865e-02
2.300000000000000000e+01 5.800000000000000000e+01 7.092818344131342212e-02
2.300000000000000000e+01 5.900000000000000000e+01 8.587094928447629172e-02
2.300000000000000000e+01 6.000000000000000000e+01 9.309564450258805968e-02
2.300000000000000000e+01 6.100000000000000000e+01 nan
2.300000000000000000e+01 6.200000000000000000e+01 nan
2.300000000000000000e+01 6.300000000000000000e+01 nan
2.300000000000000000e+01 6.400000000000000000e+01 nan
2.300000000000000000e+01 6.500000000000000000e+01 nan
2.300000000000000000e+01 6.600000000000000000e+01 nan
2.300000000000000000e+01 6.700000000000000000e+01 nan
2.300000000000000000e+01 6.800000000000000000e+01 nan
2.300000000000000000e+01 6.900000000000000000e+01 nan
2.300000000000000000e+01 7.000000000000000000e+01 nan
2.300000000000000000e+01 7.100000000000000000e+01 nan
2.300000000000000000e+01 7.200000000000000000e+01 nan
2.300000000000000000e+01 7.300000000000000000e+01 nan
2.300000000000000000e+01 7.400000000000000000e+01 nan
2.300000000000000000e+01 7.500000000000000000e+01 nan
2.300000000000000000e+01 7.600000000000000000e+01 nan
2.300000000000000000e+01 7.700000000000000000e+01 nan
2.300000000000000000e+01 7.800000000000000000e+01 nan
2.300000000000000000e+01 7.900000000000000000e+01 nan
2.300000000000000000e+01 8.000000000000000000e+01 nan
2.400000000000000000e+01 5.400000000000000000e+01 2.551932506145929147e-01
2.400000000000000000e+01 5.500000000000000000e+01 7.853029191604656012e-02
2.400000000000000000e+01 5.600000000000000000e+01 7.043514108722206957e-02
2.400000000000000000e+01 5.700000000000000000e+01 6.801552508298459865e-02
2.400000000000000000e+01 5.800000000000000000e+01 7.092818344131342212e-02
2.400000000000000000e+01 5.900000000000000000e+01 8.587094928447629172e-02
2.400000000000000000e+01 6.000000000000000000e+01 9.320940946046631093e-02
2.400000000000000000e+01 6.100000000000000000e+01 nan
2.400000000000000000e+01 6.200000000000000000e+01 nan
2.400000000000000000e+01 6.300000000000000000e+01 nan
2.400000000000000000e+01 6.400000000000000000e+01 nan
2.400000000000000000e+01 6.500000000000000000e+01 nan
2.400000000000000000e+01 6.600000000000000000e+01 nan
2.400000000000000000e+01 6.700000000000000000e+01 nan
2.400000000000000000e+01 6.800000000000000000e+01 nan
2.400000000000000000e+01 6.900000000000000000e+01 nan
2.400000000000000000e+01 7.000000000000000000e+01 nan
2.400000000000000000e+01 7.100000000000000000e+01 nan
2.400000000000000000e+01 7.200000000000000000e+01 nan
2.400000000000000000e+01 7.300000000000000000e+01 nan
2.400000000000000000e+01 7.400000000000000000e+01 nan
2.400000000000000000e+01 7.500000000000000000e+01 nan
2.400000000000000000e+01 7.600000000000000000e+01 nan
2.400000000000000000e+01 7.700000000000000000e+01 nan
2.400000000000000000e+01 7.800000000000000000e+01 nan
2.400000000000000000e+01 7.900000000000000000e+01 nan
2.400000000000000000e+01 8.000000000000000000e+01 nan
2.500000000000000000e+01 5.400000000000000000e+01 nan
2.500000000000000000e+01 5.500000000000000000e+01 2.026144009591641926e-01
2.500000000000000000e+01 5.600000000000000000e+01 nan
2.500000000000000000e+01 5.700000000000000000e+01 nan
2.500000000000000000e+01 5.800000000000000000e+01 nan
2.500000000000000000e+01 5.900000000000000000e+01 nan
2.500000000000000000e+01 6.000000000000000000e+01 nan
2.500000000000000000e+01 6.100000000000000000e+01 nan
2.500000000000000000e+01 6.200000000000000000e+01 nan
2.500000000000000000e+01 6.300000000000000000e+01 nan
2.500000000000000000e+01 6.400000000000000000e+01 nan
2.500000000000000000e+01 6.500000000000000000e+01 nan
2.500000000000000000e+01 6.600000000000000000e+01 nan
2.500000000000000000e+01 6.700000000000000000e+01 nan
2.500000000000000000e+01 6.800000000000000000e+01 nan
2.500000000000000000e+01 6.900000000000000000e+01 nan
2.500000000000000000e+01 7.000000000000000000e+01 nan
2.500000000000000000e+01 7.100000000000000000e+01 nan
2.500000000000000000e+01 7.200000000000000000e+01 nan
2.500000000000000000e+01 7.300000000000000000e+01 nan
2.500000000000000000e+01 7.400000000000000000e+01 nan
2.500000000000000000e+01 7.500000000000000000e+01 nan
2.500000000000000000e+01 7.600000000000000000e+01 nan
2.500000000000000000e+01 7.700000000000000000e+01 nan
2.500000000000000000e+01 7.800000000000000000e+01 nan
2.500000000000000000e+01 7.900000000000000000e+01 nan
2.500000000000000000e+01 8.000000000000000000e+01 nan
