Longitude[deg], Latitude[deg], Dust optical depth
1.560000000000000000e+02 -2.000000000000000000e+01 3.827112870333357342e-01
1.560000000000000000e+02 -1.900000000000000000e+01 3.828598570687524738e-01
1.560000000000000000e+02 -1.800000000000000000e+01 3.174632815551659548e-01
1.560000000000000000e+02 -1.700000000000000000e+01 4.060655878418105158e-01
1.560000000000000000e+02 -1.600000000000000000e+01 4.186570702123161847e-01
1.560000000000000000e+02 -1.500000000000000000e+01 2.675698412509880941e-01
1.560000000000000000e+02 -1.400000000000000000e+01 2.022803529992352467e-01
1.560000000000000000e+02 -1.300000000000000000e+01 3.028140873409639888e-01
1.560000000000000000e+02 -1.200000000000000000e+01 3.561496697892909125e-01
1.560000000000000000e+02 -1.100000000000000000e+01 5.132441257631155107e-01
1.560000000000000000e+02 -1.000000000000000000e+01 5.223271191480186593e-01
1.560000000000000000e+02 -9.000000000000000000e+00 5.277095666417329634e-01
1.560000000000000000e+02 -8.000000000000000000e+00 4.514008958815751704e-01
1.560000000000000000e+02 -7.000000000000000000e+00 3.929980472820369664e-01
1.560000000000000000e+02 -6.000000000000000000e+00 4.032071432971529590e-01
1.560000000000000000e+02 -5.000000000000000000e+00 4.828268941958784866e-01
1.560000000000000000e+02 -4.000000000000000000e+00 5.675089856114426956e-01
1.560000000000000000e+02 -3.000000000000000000e+00 4.774113907736326490e-01
1.560000000000000000e+02 -2.000000000000000000e+00 4.844004988806986933e-01
1.560000000000000000e+02 -1.000000000000000000e+00 3.045639427923710896e-01
1.560000000000000000e+02 0.000000000000000000e+00 3.227111674891771087e-01
1.560000000000000000e+02 1.000000000000000000e+00 4.035698175051374292e-01
1.560000000000000000e+02 2.000000000000000000e+00 4.001898490744677517e-01
1.560000000000000000e+02 3.000000000000000000e+00 4.086518782673953520e-01
1.560000000000000000e+02 4.000000000000000000e+00 5.886551165755415926e-01
1.560000000000000000e+02 5.000000000000000000e+00 6.678506330229381227e-01
1.560000000000000000e+02 6.000000000000000000e+00 7.446129897320239444e-01
1.570000000000000000e+02 -2.000000000000000000e+01 3.767310698025007065e-01
1.570000000000000000e+02 -1.900000000000000000e+01 3.793465167374708846e-01
1.570000000000000000e+02 -1.800000000000000000e+01 3.146145560205465541e-01
1.570000000000000000e+02 -1.700000000000000000e+01 4.066319964132577014e-01
1.570000000000000000e+02 -1.600000000000000000e+01 4.209457075037233431e-01
1.570000000000000000e+02 -1.500000000000000000e+01 2.685487715300271527e-01
1.570000000000000000e+02 -1.400000000000000000e+01 2.147082361876780088e-01
1.570000000000000000e+02 -1.300000000000000000e+01 3.040744926959109140e-01
1.570000000000000000e+02 -1.200000000000000000e+01 3.563223849911823504e-01
1.570000000000000000e+02 -1.100000000000000000e+01 5.156747329212285624e-01
1.570000000000000000e+02 -1.000000000000000000e+01 5.219827023558850643e-01
1.570000000000000000e+02 -9.000000000000000000e+00 5.272685506078891304e-01
1.570000000000000000e+02 -8.000000000000000000e+00 4.471674387804696060e-01
1.570000000000000000e+02 -7.000000000000000000e+00 3.959854380930182827e-01
1.570000000000000000e+02 -6.000000000000000000e+00 4.002484561501545302e-01
1.570000000000000000e+02 -5.000000000000000000e+00 4.974521321394739792e-01
1.570000000000000000e+02 -4.000000000000000000e+00 5.634257505351505380e-01
1.570000000000000000e+02 -3.000000000000000000e+00 4.842812574071564957e-01
1.570000000000000000e+02 -2.000000000000000000e+00 4.950405647800021902e-01
1.570000000000000000e+02 -1.000000000000000000e+00 3.071473748488690592e-01
1.570000000000000000e+02 0.000000000000000000e+00 3.195295796912837605e-01
1.570000000000000000e+02 1.000000000000000000e+00 4.035698175051374292e-01
1.570000000000000000e+02 2.000000000000000000e+00 4.038001460750056948e-01
1.570000000000000000e+02 3.000000000000000000e+00 4.121582768274469344e-01
1.570000000000000000e+02 4.000000000000000000e+00 6.033613201229860445e-01
1.570000000000000000e+02 5.000000000000000000e+00 6.930200189348958428e-01
1.570000000000000000e+02 6.000000000000000000e+00 7.446129897320239444e-01
1.580000000000000000e+02 -2.000000000000000000e+01 nan
1.580000000000000000e+02 -1.900000000000000000e+01 nan
1.580000000000000000e+02 -1.800000000000000000e+01 nan
1.580000000000000000e+02 -1.700000000000000000e+01 4.197796221497163138e-01
1.580000000000000000e+02 -1.600000000000000000e+01 4.327937643298495618e-01
1.580000000000000000e+02 -1.500000000000000000e+01 2.808794520152378404e-01
1.580000000000000000e+02 -1.400000000000000000e+01 2.885837985880804202e-01
1.580000000000000000e+02 -1.300000000000000000e+01 3.114121570489892243e-01
1.580000000000000000e+02 -1.200000000000000000e+01 3.572560559454274198e-01
1.580000000000000000e+02 -1.100000000000000000e+01 5.219329738699688415e-01
1.580000000000000000e+02 -1.000000000000000000e+01 5.198212165159312725e-01
1.580000000000000000e+02 -9.000000000000000000e+00 5.239979537393814057e-01
1.580000000000000000e+02 -8.000000000000000000e+00 4.436040290922808049e-01
1.580000000000000000e+02 -7.000000000000000000e+00 4.092236462583299095e-01
1.580000000000000000e+02 -6.000000000000000000e+00 3.811522994713218981e-01
1.580000000000000000e+02 -5.000000000000000000e+00 5.253013134313996302e-01
1.580000000000000000e+02 -4.000000000000000000e+00 5.598708378198017366e-01
1.580000000000000000e+02 -3.000000000000000000e+00 4.884750943197995743e-01
1.580000000000000000e+02 -2.000000000000000000e+00 5.146068356146723533e-01
1.580000000000000000e+02 -1.000000000000000000e+00 3.088660557286926345e-01
1.580000000000000000e+02 0.000000000000000000e+00 3.165892534762490551e-01
1.580000000000000000e+02 1.000000000000000000e+00 4.036567544205310054e-01
1.580000000000000000e+02 2.000000000000000000e+00 4.049994635536840470e-01
1.580000000000000000e+02 3.000000000000000000e+00 4.189354537132328193e-01
1.580000000000000000e+02 4.000000000000000000e+00 6.111292855441841088e-01
1.580000000000000000e+02 5.000000000000000000e+00 7.008238880187955822e-01
1.580000000000000000e+02 6.000000000000000000e+00 nan
