Longitude[deg], Latitude[deg], Dust optical depth
1.200000000000000000e+02 -3.600000000000000000e+01 3.601505065315439014e-01
1.200000000000000000e+02 -3.500000000000000000e+01 3.344624849525619781e-01
1.200000000000000000e+02 -3.400000000000000000e+01 3.495060465693669571e-01
1.200000000000000000e+02 -3.300000000000000000e+01 3.980572202347547051e-01
1.200000000000000000e+02 -3.200000000000000000e+01 3.951177281508812533e-01
1.200000000000000000e+02 -3.100000000000000000e+01 2.617895269930209379e-01
1.200000000000000000e+02 -3.000000000000000000e+01 2.369221928383655473e-01
1.200000000000000000e+02 -2.900000000000000000e+01 2.346070360423751222e-01
1.200000000000000000e+02 -2.800000000000000000e+01 nan
1.200000000000000000e+02 -2.700000000000000000e+01 nan
1.200000000000000000e+02 -2.600000000000000000e+01 nan
1.200000000000000000e+02 -2.500000000000000000e+01 nan
1.200000000000000000e+02 -2.400000000000000000e+01 nan
1.200000000000000000e+02 -2.300000000000000000e+01 nan
1.200000000000000000e+02 -2.200000000000000000e+01 nan
1.200000000000000000e+02 -2.100000000000000000e+01 nan
1.200000000000000000e+02 -2.000000000000000000e+01 nan
1.210000000000000000e+02 -3.600000000000000000e+01 3.393745079526411801e-01
1.210000000000000000e+02 -3.500000000000000000e+01 3.370797554237797700e-01
1.210000000000000000e+02 -3.400000000000000000e+01 3.508104497094914898e-01
1.210000000000000000e+02 -3.300000000000000000e+01 3.809808304109102428e-01
1.210000000000000000e+02 -3.200000000000000000e+01 3.788806874746455944e-01
1.210000000000000000e+02 -3.100000000000000000e+01 3.450415584166873217e-01
1.210000000000000000e+02 -3.000000000000000000e+01 2.632473682390014669e-01
1.210000000000000000e+02 -2.900000000000000000e+01 2.562649001060746112e-01
1.210000000000000000e+02 -2.800000000000000000e+01 2.626073261275968518e-01
1.210000000000000000e+02 -2.700000000000000000e+01 2.862087977240684866e-01
1.210000000000000000e+02 -2.600000000000000000e+01 2.840159485334295963e-01
1.210000000000000000e+02 -2.500000000000000000e+01 3.310615318081445158e-01
1.210000000000000000e+02 -2.400000000000000000e+01 3.665882311302982033e-01
1.210000000000000000e+02 -2.300000000000000000e+01 3.284002001384529468e-01
1.210000000000000000e+02 -2.200000000000000000e+01 2.697512826409134146e-01
1.210000000000000000e+02 -2.100000000000000000e+01 2.468557176435910994e-01
1.210000000000000000e+02 -2.000000000000000000e+01 nan
1.220000000000000000e+02 -3.600000000000000000e+01 3.378989077468924629e-01
1.220000000000000000e+02 -3.500000000000000000e+01 3.378989077468924629e-01
1.220000000000000000e+02 -3.400000000000000000e+01 3.511025973523184684e-01
1.220000000000000000e+02 -3.300000000000000000e+01 3.618465654087221761e-01
1.220000000000000000e+02 -3.200000000000000000e+01 3.506817357370855537e-01
1.220000000000000000e+02 -3.100000000000000000e+01 2.715334930173238792e-01
1.220000000000000000e+02 -3.000000000000000000e+01 2.414477096048894822e-01
1.220000000000000000e+02 -2.900000000000000000e+01 2.467374241447686523e-01
1.220000000000000000e+02 -2.800000000000000000e+01 2.577687910687899153e-01
1.220000000000000000e+02 -2.700000000000000000e+01 2.786479153491221994e-01
1.220000000000000000e+02 -2.600000000000000000e+01 2.910625544113219498e-01
1.220000000000000000e+02 -2.500000000000000000e+01 3.310615318081445158e-01
1.220000000000000000e+02 -2.400000000000000000e+01 3.609520857462591992e-01
1.220000000000000000e+02 -2.300000000000000000e+01 3.260394607427359315e-01
1.220000000000000000e+02 -2.200000000000000000e+01 2.753439287248407030e-01
1.220000000000000000e+02 -2.100000000000000000e+01 2.537312687477696893e-01
1.220000000000000000e+02 -2.000000000000000000e+01 nan
1.230000000000000000e+02 -3.600000000000000000e+01 3.493490602329526462e-01
1.230000000000000000e+02 -3.500000000000000000e+01 3.368860428550474184e-01
1.230000000000000000e+02 -3.400000000000000000e+01 3.507857414893981729e-01
1.230000000000000000e+02 -3.300000000000000000e+01 3.516662039947970331e-01
1.230000000000000000e+02 -3.200000000000000000e+01 3.260724992557774704e-01
1.230000000000000000e+02 -3.100000000000000000e+01 2.393408959472385356e-01
1.230000000000000000e+02 -3.000000000000000000e+01 2.246813038276298524e-01
1.230000000000000000e+02 -2.900000000000000000e+01 2.347771202794708134e-01
1.230000000000000000e+02 -2.800000000000000000e+01 2.481563871701484014e-01
1.230000000000000000e+02 -2.700000000000000000e+01 2.683504549302096476e-01
1.230000000000000000e+02 -2.600000000000000000e+01 2.978351432105590946e-01
1.230000000000000000e+02 -2.500000000000000000e+01 3.315860090434445961e-01
1.230000000000000000e+02 -2.400000000000000000e+01 3.490611956691202500e-01
1.230000000000000000e+02 -2.300000000000000000e+01 3.186360046179051442e-01
1.230000000000000000e+02 -2.200000000000000000e+01 2.807721463074498991e-01
1.230000000000000000e+02 -2.100000000000000000e+01 2.565210408230041428e-01
1.230000000000000000e+02 -2.000000000000000000e+01 nan
