Longitude[deg], Latitude[deg], Dust optical depth
-1.500000000000000000e+01 -5.000000000000000000e+01 1.301104130269639114e+00
-1.500000000000000000e+01 -4.900000000000000000e+01 1.233036919199508752e+00
3.450000000000000000e+02 -4.800000000000000000e+01 nan
3.450000000000000000e+02 -4.700000000000000000e+01 nan
3.450000000000000000e+02 -4.600000000000000000e+01 nan
3.450000000000000000e+02 -4.500000000000000000e+01 nan
3.450000000000000000e+02 -4.400000000000000000e+01 nan
3.450000000000000000e+02 -4.300000000000000000e+01 nan
3.450000000000000000e+02 -4.200000000000000000e+01 nan
3.450000000000000000e+02 -4.100000000000000000e+01 nan
3.450000000000000000e+02 -4.000000000000000000e+01 nan
3.450000000000000000e+02 -3.900000000000000000e+01 nan
3.450000000000000000e+02 -3.800000000000000000e+01 nan
3.450000000000000000e+02 -3.700000000000000000e+01 nan
3.450000000000000000e+02 -3.600000000000000000e+01 nan
3.450000000000000000e+02 -3.500000000000000000e+01 nan
3.450000000000000000e+02 -3.400000000000000000e+01 nan
3.450000000000000000e+02 -3.300000000000000000e+01 nan
-1.400000000000000000e+01 -5.000000000000000000e+01 1.255414310505251319e+00
-1.400000000000000000e+01 -4.900000000000000000e+01 1.164534741811964702e+00
-1.400000000000000000e+01 -4.800000000000000000e+01 1.124468135429240512e+00
-1.400000000000000000e+01 -4.700000000000000000e+01 9.954567093657349375e-01
-1.400000000000000000e+01 -4.600000000000000000e+01 1.076754502211765940e+00
-1.400000000000000000e+01 -4.500000000000000000e+01 1.209565022443086946e+00
-1.400000000000000000e+01 -4.400000000000000000e+01 1.380089440816621327e+00
-1.400000000000000000e+01 -4.300000000000000000e+01 1.439392508349429001e+00
3.460000000000000000e+02 -4.200000000000000000e+01 nan
3.460000000000000000e+02 -4.100000000000000000e+01 nan
3.460000000000000000e+02 -4.000000000000000000e+01 nan
3.460000000000000000e+02 -3.900000000000000000e+01 nan
3.460000000000000000e+02 -3.800000000000000000e+01 nan
3.460000000000000000e+02 -3.700000000000000000e+01 nan
3.460000000000000000e+02 -3.600000000000000000e+01 nan
3.460000000000000000e+02 -3.500000000000000000e+01 nan
3.460000000000000000e+02 -3.400000000000000000e+01 nan
3.460000000000000000e+02 -3.300000000000000000e+01 nan
-1.300000000000000000e+01 -5.000000000000000000e+01 1.170767997932444349e+00
-1.300000000000000000e+01 -4.900000000000000000e+01 1.147834861567275544e+00
-1.300000000000000000e+01 -4.800000000000000000e+01 1.117176104072665987e+00
-1.300000000000000000e+01 -4.700000000000000000e+01 9.960876445743638286e-01
-1.300000000000000000e+01 -4.600000000000000000e+01 1.137066024961675526e+00
-1.300000000000000000e+01 -4.500000000000000000e+01 1.229966200586187997e+00
-1.300000000000000000e+01 -4.400000000000000000e+01 1.377496978802045025e+00
-1.300000000000000000e+01 -4.300000000000000000e+01 1.434664241142486141e+00
-1.300000000000000000e+01 -4.200000000000000000e+01 1.447157193664108776e+00
-1.300000000000000000e+01 -4.100000000000000000e+01 1.588636160007147025e+00
-1.300000000000000000e+01 -4.000000000000000000e+01 1.694958168283225985e+00
-1.300000000000000000e+01 -3.900000000000000000e+01 1.837114685802488045e+00
-1.300000000000000000e+01 -3.800000000000000000e+01 1.869278987015937643e+00
-1.300000000000000000e+01 -3.700000000000000000e+01 1.994709959373899277e+00
-1.300000000000000000e+01 -3.600000000000000000e+01 2.118391626729541510e+00
-1.300000000000000000e+01 -3.500000000000000000e+01 2.244527474177279380e+00
3.470000000000000000e+02 -3.400000000000000000e+01 nan
3.470000000000000000e+02 -3.300000000000000000e+01 nan
-1.200000000000000000e+01 -5.000000000000000000e+01 1.224926293099641406e+00
-1.200000000000000000e+01 -4.900000000000000000e+01 1.149022911048101836e+00
-1.200000000000000000e+01 -4.800000000000000000e+01 1.123629522776742107e+00
-1.200000000000000000e+01 -4.700000000000000000e+01 1.103114634412906137e+00
-1.200000000000000000e+01 -4.600000000000000000e+01 1.153695352721499701e+00
-1.200000000000000000e+01 -4.500000000000000000e+01 1.282979360134812064e+00
-1.200000000000000000e+01 -4.400000000000000000e+01 1.376129979457236807e+00
-1.200000000000000000e+01 -4.300000000000000000e+01 1.427024848028543902e+00
-1.200000000000000000e+01 -4.200000000000000000e+01 1.446850309062314599e+00
-1.200000000000000000e+01 -4.100000000000000000e+01 1.580438956716436305e+00
-1.200000000000000000e+01 -4.000000000000000000e+01 1.681184614519406928e+00
-1.200000000000000000e+01 -3.900000000000000000e+01 1.711045900544780896e+00
-1.200000000000000000e+01 -3.800000000000000000e+01 1.852800822006522408e+00
-1.200000000000000000e+01 -3.700000000000000000e+01 1.982598554817304626e+00
-1.200000000000000000e+01 -3.600000000000000000e+01 2.113603645779477791e+00
-1.200000000000000000e+01 -3.500000000000000000e+01 2.184813593861117287e+00
3.480000000000000000e+02 -3.400000000000000000e+01 nan
3.480000000000000000e+02 -3.300000000000000000e+01 nan
-1.100000000000000000e+01 -5.000000000000000000e+01 1.269001187593593816e+00
-1.100000000000000000e+01 -4.900000000000000000e+01 1.226229613850241318e+00
-1.100000000000000000e+01 -4.800000000000000000e+01 1.146278968805978904e+00
-1.100000000000000000e+01 -4.700000000000000000e+01 1.138537354694311610e+00
-1.100000000000000000e+01 -4.600000000000000000e+01 1.181809172947826392e+00
-1.100000000000000000e+01 -4.500000000000000000e+01 1.337883227916141005e+00
-1.100000000000000000e+01 -4.400000000000000000e+01 1.382765799706810350e+00
-1.100000000000000000e+01 -4.300000000000000000e+01 1.431694374013574578e+00
-1.100000000000000000e+01 -4.200000000000000000e+01 1.554170517636066062e+00
-1.100000000000000000e+01 -4.100000000000000000e+01 1.570837918121561927e+00
-1.100000000000000000e+01 -4.000000000000000000e+01 1.647261239414623324e+00
-1.100000000000000000e+01 -3.900000000000000000e+01 1.652268057838614412e+00
-1.100000000000000000e+01 -3.800000000000000000e+01 1.824544186623778819e+00
-1.100000000000000000e+01 -3.700000000000000000e+01 1.969725045969105581e+00
-1.100000000000000000e+01 -3.600000000000000000e+01 2.074997781779538197e+00
-1.100000000000000000e+01 -3.500000000000000000e+01 2.128113425145157667e+00
3.490000000000000000e+02 -3.400000000000000000e+01 nan
3.490000000000000000e+02 -3.300000000000000000e+01 nan
-1.000000000000000000e+01 -5.000000000000000000e+01 1.263820268821482351e+00
-1.000000000000000000e+01 -4.900000000000000000e+01 1.249832833179850278e+00
-1.000000000000000000e+01 -4.800000000000000000e+01 1.175684013563119690e+00
-1.000000000000000000e+01 -4.700000000000000000e+01 1.184263197440391657e+00
-1.000000000000000000e+01 -4.600000000000000000e+01 1.217023592127835396e+00
-1.000000000000000000e+01 -4.500000000000000000e+01 1.366484718086472538e+00
-1.000000000000000000e+01 -4.400000000000000000e+01 1.397005658507464831e+00
-1.000000000000000000e+01 -4.300000000000000000e+01 1.450487735886096141e+00
-1.000000000000000000e+01 -4.200000000000000000e+01 1.571020833805358619e+00
-1.000000000000000000e+01 -4.100000000000000000e+01 1.572422653426380990e+00
-1.000000000000000000e+01 -4.000000000000000000e+01 1.628843347128716035e+00
-1.000000000000000000e+01 -3.900000000000000000e+01 1.629009686080334252e+00
-1.000000000000000000e+01 -3.800000000000000000e+01 1.793057864281115910e+00
-1.000000000000000000e+01 -3.700000000000000000e+01 1.932069922926510808e+00
-1.000000000000000000e+01 -3.600000000000000000e+01 2.015480457462709651e+00
-1.000000000000000000e+01 -3.500000000000000000e+01 2.039713234130108077e+00
3.500000000000000000e+02 -3.400000000000000000e+01 nan
3.500000000000000000e+02 -3.300000000000000000e+01 nan
-9.000000000000000000e+00 -5.000000000000000000e+01 1.263315410622042112e+00
-9.000000000000000000e+00 -4.900000000000000000e+01 1.248576016884616502e+00
-9.000000000000000000e+00 -4.800000000000000000e+01 1.191252439490790627e+00
-9.000000000000000000e+00 -4.700000000000000000e+01 1.200719678368169285e+00
-9.000000000000000000e+00 -4.600000000000000000e+01 1.255578279861363500e+00
-9.000000000000000000e+00 -4.500000000000000000e+01 1.389461768769391981e+00
-9.000000000000000000e+00 -4.400000000000000000e+01 1.435653191328758460e+00
-9.000000000000000000e+00 -4.300000000000000000e+01 1.593789788775063387e+00
-9.000000000000000000e+00 -4.200000000000000000e+01 1.581044613966848811e+00
-9.000000000000000000e+00 -4.100000000000000000e+01 1.526304079188941731e+00
-9.000000000000000000e+00 -4.000000000000000000e+01 1.521707833417054401e+00
-9.000000000000000000e+00 -3.900000000000000000e+01 1.624509515917257785e+00
-9.000000000000000000e+00 -3.800000000000000000e+01 1.646072339548647179e+00
-9.000000000000000000e+00 -3.700000000000000000e+01 1.737307549360163961e+00
-9.000000000000000000e+00 -3.600000000000000000e+01 1.890205044243895127e+00
-9.000000000000000000e+00 -3.500000000000000000e+01 1.982593672969782173e+00
3.510000000000000000e+02 -3.400000000000000000e+01 nan
3.510000000000000000e+02 -3.300000000000000000e+01 nan
-8.000000000000000000e+00 -5.000000000000000000e+01 1.311496816118886244e+00
-8.000000000000000000e+00 -4.900000000000000000e+01 1.316001975977146632e+00
-8.000000000000000000e+00 -4.800000000000000000e+01 1.300925446646051142e+00
-8.000000000000000000e+00 -4.700000000000000000e+01 1.198016650458526566e+00
-8.000000000000000000e+00 -4.600000000000000000e+01 1.284110847701428915e+00
-8.000000000000000000e+00 -4.500000000000000000e+01 1.378766257687673580e+00
-8.000000000000000000e+00 -4.400000000000000000e+01 1.554401235963204231e+00
-8.000000000000000000e+00 -4.300000000000000000e+01 1.616630036334014919e+00
-8.000000000000000000e+00 -4.200000000000000000e+01 1.576656214644249543e+00
-8.000000000000000000e+00 -4.100000000000000000e+01 1.477939289268979328e+00
-8.000000000000000000e+00 -4.000000000000000000e+01 1.512388473853874427e+00
-8.000000000000000000e+00 -3.900000000000000000e+01 1.502587582518695397e+00
-8.000000000000000000e+00 -3.800000000000000000e+01 1.510729774936040659e+00
-8.000000000000000000e+00 -3.700000000000000000e+01 1.588439882654270274e+00
-8.000000000000000000e+00 -3.600000000000000000e+01 1.798172752509489714e+00
-8.000000000000000000e+00 -3.500000000000000000e+01 1.930849377878532058e+00
3.520000000000000000e+02 -3.400000000000000000e+01 nan
3.520000000000000000e+02 -3.300000000000000000e+01 nan
-7.000000000000000000e+00 -5.000000000000000000e+01 1.321714442727783156e+00
-7.000000000000000000e+00 -4.900000000000000000e+01 1.308121885366829495e+00
-7.000000000000000000e+00 -4.800000000000000000e+01 1.304168631633631170e+00
-7.000000000000000000e+00 -4.700000000000000000e+01 1.195791305365008217e+00
-7.000000000000000000e+00 -4.600000000000000000e+01 1.286548707828663707e+00
-7.000000000000000000e+00 -4.500000000000000000e+01 1.372177200305165101e+00
-7.000000000000000000e+00 -4.400000000000000000e+01 1.552401904708982761e+00
-7.000000000000000000e+00 -4.300000000000000000e+01 1.616968914928448742e+00
-7.000000000000000000e+00 -4.200000000000000000e+01 1.568390497302625031e+00
-7.000000000000000000e+00 -4.100000000000000000e+01 1.475397766882767803e+00
-7.000000000000000000e+00 -4.000000000000000000e+01 1.531306951776700620e+00
-7.000000000000000000e+00 -3.900000000000000000e+01 1.495078251171287897e+00
-7.000000000000000000e+00 -3.800000000000000000e+01 1.491083535270511184e+00
-7.000000000000000000e+00 -3.700000000000000000e+01 1.583287850109782680e+00
-7.000000000000000000e+00 -3.600000000000000000e+01 1.761848854282223265e+00
-7.000000000000000000e+00 -3.500000000000000000e+01 1.863859314961841429e+00
3.530000000000000000e+02 -3.400000000000000000e+01 nan
3.530000000000000000e+02 -3.300000000000000000e+01 nan
-6.000000000000000000e+00 -5.000000000000000000e+01 1.324675275763566695e+00
-6.000000000000000000e+00 -4.900000000000000000e+01 1.301344419326937896e+00
-6.000000000000000000e+00 -4.800000000000000000e+01 1.301289560695112257e+00
-6.000000000000000000e+00 -4.700000000000000000e+01 1.186908400326310620e+00
-6.000000000000000000e+00 -4.600000000000000000e+01 1.288888836045190445e+00
-6.000000000000000000e+00 -4.500000000000000000e+01 1.366059480710090979e+00
-6.000000000000000000e+00 -4.400000000000000000e+01 1.388783540861544541e+00
3.540000000000000000e+02 -4.300000000000000000e+01 nan
3.540000000000000000e+02 -4.200000000000000000e+01 nan
3.540000000000000000e+02 -4.100000000000000000e+01 nan
3.540000000000000000e+02 -4.000000000000000000e+01 nan
3.540000000000000000e+02 -3.900000000000000000e+01 nan
3.540000000000000000e+02 -3.800000000000000000e+01 nan
3.540000000000000000e+02 -3.700000000000000000e+01 nan
3.540000000000000000e+02 -3.600000000000000000e+01 nan
3.540000000000000000e+02 -3.500000000000000000e+01 nan
3.540000000000000000e+02 -3.400000000000000000e+01 nan
3.540000000000000000e+02 -3.300000000000000000e+01 nan
3.550000000000000000e+02 -5.000000000000000000e+01 nan
3.550000000000000000e+02 -4.900000000000000000e+01 nan
3.550000000000000000e+02 -4.800000000000000000e+01 nan
3.550000000000000000e+02 -4.700000000000000000e+01 nan
3.550000000000000000e+02 -4.600000000000000000e+01 nan
3.550000000000000000e+02 -4.500000000000000000e+01 nan
3.550000000000000000e+02 -4.400000000000000000e+01 nan
3.550000000000000000e+02 -4.300000000000000000e+01 nan
3.550000000000000000e+02 -4.200000000000000000e+01 nan
3.550000000000000000e+02 -4.100000000000000000e+01 nan
3.550000000000000000e+02 -4.000000000000000000e+01 nan
3.550000000000000000e+02 -3.900000000000000000e+01 nan
3.550000000000000000e+02 -3.800000000000000000e+01 nan
3.550000000000000000e+02 -3.700000000000000000e+01 nan
3.550000000000000000e+02 -3.600000000000000000e+01 nan
3.550000000000000000e+02 -3.500000000000000000e+01 nan
3.550000000000000000e+02 -3.400000000000000000e+01 nan
3.550000000000000000e+02 -3.300000000000000000e+01 nan
