Longitude[deg], Latitude[deg], Dust optical depth
2.450000000000000000e+02 -6.000000000000000000e+01 nan
2.450000000000000000e+02 -5.900000000000000000e+01 nan
2.450000000000000000e+02 -5.800000000000000000e+01 nan
2.450000000000000000e+02 -5.700000000000000000e+01 nan
2.450000000000000000e+02 -5.600000000000000000e+01 nan
2.450000000000000000e+02 -5.500000000000000000e+01 nan
2.450000000000000000e+02 -5.400000000000000000e+01 nan
2.450000000000000000e+02 -5.300000000000000000e+01 nan
2.450000000000000000e+02 -5.200000000000000000e+01 nan
2.450000000000000000e+02 -5.100000000000000000e+01 nan
2.450000000000000000e+02 -5.000000000000000000e+01 nan
2.450000000000000000e+02 -4.900000000000000000e+01 nan
2.460000000000000000e+02 -6.000000000000000000e+01 nan
2.460000000000000000e+02 -5.900000000000000000e+01 nan
2.460000000000000000e+02 -5.800000000000000000e+01 nan
2.460000000000000000e+02 -5.700000000000000000e+01 nan
2.460000000000000000e+02 -5.600000000000000000e+01 nan
2.460000000000000000e+02 -5.500000000000000000e+01 nan
2.460000000000000000e+02 -5.400000000000000000e+01 nan
2.460000000000000000e+02 -5.300000000000000000e+01 nan
2.460000000000000000e+02 -5.200000000000000000e+01 nan
2.460000000000000000e+02 -5.100000000000000000e+01 nan
2.460000000000000000e+02 -5.000000000000000000e+01 nan
2.460000000000000000e+02 -4.900000000000000000e+01 nan
2.470000000000000000e+02 -6.000000000000000000e+01 nan
2.470000000000000000e+02 -5.900000000000000000e+01 nan
2.470000000000000000e+02 -5.800000000000000000e+01 nan
2.470000000000000000e+02 -5.700000000000000000e+01 nan
2.470000000000000000e+02 -5.600000000000000000e+01 nan
2.470000000000000000e+02 -5.500000000000000000e+01 nan
2.470000000000000000e+02 -5.400000000000000000e+01 nan
-1.130000000000000000e+02 -5.300000000000000000e+01 6.060772906017359851e-01
-1.130000000000000000e+02 -5.200000000000000000e+01 6.084269112240213717e-01
-1.130000000000000000e+02 -5.100000000000000000e+01 6.303267785312416382e-01
2.470000000000000000e+02 -5.000000000000000000e+01 nan
2.470000000000000000e+02 -4.900000000000000000e+01 nan
2.480000000000000000e+02 -6.000000000000000000e+01 nan
2.480000000000000000e+02 -5.900000000000000000e+01 nan
2.480000000000000000e+02 -5.800000000000000000e+01 nan
2.480000000000000000e+02 -5.700000000000000000e+01 nan
2.480000000000000000e+02 -5.600000000000000000e+01 nan
2.480000000000000000e+02 -5.500000000000000000e+01 nan
2.480000000000000000e+02 -5.400000000000000000e+01 nan
-1.120000000000000000e+02 -5.300000000000000000e+01 6.149715822768950790e-01
-1.120000000000000000e+02 -5.200000000000000000e+01 6.316617802299252515e-01
-1.120000000000000000e+02 -5.100000000000000000e+01 6.564686469330007768e-01
-1.120000000000000000e+02 -5.000000000000000000e+01 7.178621170293680853e-01
2.480000000000000000e+02 -4.900000000000000000e+01 nan
2.490000000000000000e+02 -6.000000000000000000e+01 nan
2.490000000000000000e+02 -5.900000000000000000e+01 nan
2.490000000000000000e+02 -5.800000000000000000e+01 nan
2.490000000000000000e+02 -5.700000000000000000e+01 nan
2.490000000000000000e+02 -5.600000000000000000e+01 nan
2.490000000000000000e+02 -5.500000000000000000e+01 nan
2.490000000000000000e+02 -5.400000000000000000e+01 nan
-1.110000000000000000e+02 -5.300000000000000000e+01 6.230097321778228503e-01
-1.110000000000000000e+02 -5.200000000000000000e+01 6.298261418949085977e-01
-1.110000000000000000e+02 -5.100000000000000000e+01 6.405088656388107093e-01
-1.110000000000000000e+02 -5.000000000000000000e+01 6.647841990376265331e-01
2.490000000000000000e+02 -4.900000000000000000e+01 nan
2.500000000000000000e+02 -6.000000000000000000e+01 nan
2.500000000000000000e+02 -5.900000000000000000e+01 nan
2.500000000000000000e+02 -5.800000000000000000e+01 nan
2.500000000000000000e+02 -5.700000000000000000e+01 nan
2.500000000000000000e+02 -5.600000000000000000e+01 nan
2.500000000000000000e+02 -5.500000000000000000e+01 nan
2.500000000000000000e+02 -5.400000000000000000e+01 nan
-1.100000000000000000e+02 -5.300000000000000000e+01 6.218007641527503182e-01
-1.100000000000000000e+02 -5.200000000000000000e+01 6.237040694215341130e-01
-1.100000000000000000e+02 -5.100000000000000000e+01 6.188873313163114620e-01
-1.100000000000000000e+02 -5.000000000000000000e+01 5.921098420930934747e-01
2.500000000000000000e+02 -4.900000000000000000e+01 nan
2.510000000000000000e+02 -6.000000000000000000e+01 nan
2.510000000000000000e+02 -5.900000000000000000e+01 nan
2.510000000000000000e+02 -5.800000000000000000e+01 nan
2.510000000000000000e+02 -5.700000000000000000e+01 nan
2.510000000000000000e+02 -5.600000000000000000e+01 nan
2.510000000000000000e+02 -5.500000000000000000e+01 nan
2.510000000000000000e+02 -5.400000000000000000e+01 nan
-1.090000000000000000e+02 -5.300000000000000000e+01 6.238538130802807613e-01
-1.090000000000000000e+02 -5.200000000000000000e+01 6.326143275809781308e-01
-1.090000000000000000e+02 -5.100000000000000000e+01 6.246602836827941374e-01
-1.090000000000000000e+02 -5.000000000000000000e+01 5.914926448750915666e-01
2.510000000000000000e+02 -4.900000000000000000e+01 nan
2.520000000000000000e+02 -6.000000000000000000e+01 nan
2.520000000000000000e+02 -5.900000000000000000e+01 nan
2.520000000000000000e+02 -5.800000000000000000e+01 nan
2.520000000000000000e+02 -5.700000000000000000e+01 nan
2.520000000000000000e+02 -5.600000000000000000e+01 nan
2.520000000000000000e+02 -5.500000000000000000e+01 nan
2.520000000000000000e+02 -5.400000000000000000e+01 nan
-1.080000000000000000e+02 -5.300000000000000000e+01 5.990352091875338347e-01
-1.080000000000000000e+02 -5.200000000000000000e+01 6.302704227116948665e-01
-1.080000000000000000e+02 -5.100000000000000000e+01 6.326143275809781308e-01
-1.080000000000000000e+02 -5.000000000000000000e+01 5.950911863433119287e-01
2.520000000000000000e+02 -4.900000000000000000e+01 nan
2.530000000000000000e+02 -6.000000000000000000e+01 nan
2.530000000000000000e+02 -5.900000000000000000e+01 nan
2.530000000000000000e+02 -5.800000000000000000e+01 nan
2.530000000000000000e+02 -5.700000000000000000e+01 nan
2.530000000000000000e+02 -5.600000000000000000e+01 nan
2.530000000000000000e+02 -5.500000000000000000e+01 nan
2.530000000000000000e+02 -5.400000000000000000e+01 nan
-1.070000000000000000e+02 -5.300000000000000000e+01 5.817368128583852993e-01
-1.070000000000000000e+02 -5.200000000000000000e+01 6.230776888058855434e-01
-1.070000000000000000e+02 -5.100000000000000000e+01 6.370486295196913229e-01
-1.070000000000000000e+02 -5.000000000000000000e+01 6.011534090610164416e-01
2.530000000000000000e+02 -4.900000000000000000e+01 nan
2.540000000000000000e+02 -6.000000000000000000e+01 nan
2.540000000000000000e+02 -5.900000000000000000e+01 nan
2.540000000000000000e+02 -5.800000000000000000e+01 nan
2.540000000000000000e+02 -5.700000000000000000e+01 nan
2.540000000000000000e+02 -5.600000000000000000e+01 nan
2.540000000000000000e+02 -5.500000000000000000e+01 nan
2.540000000000000000e+02 -5.400000000000000000e+01 nan
-1.060000000000000000e+02 -5.300000000000000000e+01 5.731157668531342564e-01
-1.060000000000000000e+02 -5.200000000000000000e+01 6.032829018141031563e-01
-1.060000000000000000e+02 -5.100000000000000000e+01 6.174736340911809451e-01
-1.060000000000000000e+02 -5.000000000000000000e+01 6.174736340911809451e-01
2.540000000000000000e+02 -4.900000000000000000e+01 nan
2.550000000000000000e+02 -6.000000000000000000e+01 nan
2.550000000000000000e+02 -5.900000000000000000e+01 nan
2.550000000000000000e+02 -5.800000000000000000e+01 nan
2.550000000000000000e+02 -5.700000000000000000e+01 nan
2.550000000000000000e+02 -5.600000000000000000e+01 nan
2.550000000000000000e+02 -5.500000000000000000e+01 nan
2.550000000000000000e+02 -5.400000000000000000e+01 nan
-1.050000000000000000e+02 -5.300000000000000000e+01 5.047404090934093368e-01
-1.050000000000000000e+02 -5.200000000000000000e+01 5.602225104999646321e-01
-1.050000000000000000e+02 -5.100000000000000000e+01 5.879668313873905872e-01
-1.050000000000000000e+02 -5.000000000000000000e+01 6.015837627235571805e-01
2.550000000000000000e+02 -4.900000000000000000e+01 nan
2.560000000000000000e+02 -6.000000000000000000e+01 nan
2.560000000000000000e+02 -5.900000000000000000e+01 nan
2.560000000000000000e+02 -5.800000000000000000e+01 nan
2.560000000000000000e+02 -5.700000000000000000e+01 nan
2.560000000000000000e+02 -5.600000000000000000e+01 nan
2.560000000000000000e+02 -5.500000000000000000e+01 nan
2.560000000000000000e+02 -5.400000000000000000e+01 nan
-1.040000000000000000e+02 -5.300000000000000000e+01 4.715257842359160678e-01
-1.040000000000000000e+02 -5.200000000000000000e+01 5.475442044384066786e-01
-1.040000000000000000e+02 -5.100000000000000000e+01 5.668946533442807967e-01
-1.040000000000000000e+02 -5.000000000000000000e+01 5.785138228044219844e-01
2.560000000000000000e+02 -4.900000000000000000e+01 nan
2.570000000000000000e+02 -6.000000000000000000e+01 nan
2.570000000000000000e+02 -5.900000000000000000e+01 nan
2.570000000000000000e+02 -5.800000000000000000e+01 nan
2.570000000000000000e+02 -5.700000000000000000e+01 nan
2.570000000000000000e+02 -5.600000000000000000e+01 nan
2.570000000000000000e+02 -5.500000000000000000e+01 nan
2.570000000000000000e+02 -5.400000000000000000e+01 nan
2.570000000000000000e+02 -5.300000000000000000e+01 nan
-1.030000000000000000e+02 -5.200000000000000000e+01 5.471404004476357885e-01
-1.030000000000000000e+02 -5.100000000000000000e+01 5.622715849527379905e-01
2.570000000000000000e+02 -5.000000000000000000e+01 nan
2.570000000000000000e+02 -4.900000000000000000e+01 nan
2.580000000000000000e+02 -6.000000000000000000e+01 nan
2.580000000000000000e+02 -5.900000000000000000e+01 nan
2.580000000000000000e+02 -5.800000000000000000e+01 nan
2.580000000000000000e+02 -5.700000000000000000e+01 nan
2.580000000000000000e+02 -5.600000000000000000e+01 nan
2.580000000000000000e+02 -5.500000000000000000e+01 nan
2.580000000000000000e+02 -5.400000000000000000e+01 nan
2.580000000000000000e+02 -5.300000000000000000e+01 nan
2.580000000000000000e+02 -5.200000000000000000e+01 nan
2.580000000000000000e+02 -5.100000000000000000e+01 nan
2.580000000000000000e+02 -5.000000000000000000e+01 nan
2.580000000000000000e+02 -4.900000000000000000e+01 nan
2.590000000000000000e+02 -6.000000000000000000e+01 nan
2.590000000000000000e+02 -5.900000000000000000e+01 nan
2.590000000000000000e+02 -5.800000000000000000e+01 nan
2.590000000000000000e+02 -5.700000000000000000e+01 nan
2.590000000000000000e+02 -5.600000000000000000e+01 nan
2.590000000000000000e+02 -5.500000000000000000e+01 nan
2.590000000000000000e+02 -5.400000000000000000e+01 nan
2.590000000000000000e+02 -5.300000000000000000e+01 nan
2.590000000000000000e+02 -5.200000000000000000e+01 nan
2.590000000000000000e+02 -5.100000000000000000e+01 nan
2.590000000000000000e+02 -5.000000000000000000e+01 nan
2.590000000000000000e+02 -4.900000000000000000e+01 nan
2.600000000000000000e+02 -6.000000000000000000e+01 nan
2.600000000000000000e+02 -5.900000000000000000e+01 nan
2.600000000000000000e+02 -5.800000000000000000e+01 nan
2.600000000000000000e+02 -5.700000000000000000e+01 nan
2.600000000000000000e+02 -5.600000000000000000e+01 nan
2.600000000000000000e+02 -5.500000000000000000e+01 nan
2.600000000000000000e+02 -5.400000000000000000e+01 nan
2.600000000000000000e+02 -5.300000000000000000e+01 nan
2.600000000000000000e+02 -5.200000000000000000e+01 nan
2.600000000000000000e+02 -5.100000000000000000e+01 nan
2.600000000000000000e+02 -5.000000000000000000e+01 nan
2.600000000000000000e+02 -4.900000000000000000e+01 nan
