Longitude[deg], Latitude[deg], Dust optical depth
-1.730000000000000000e+02 -3.600000000000000000e+01 4.129522636852099859e-01
-1.730000000000000000e+02 -3.500000000000000000e+01 3.656438635764530654e-01
-1.730000000000000000e+02 -3.400000000000000000e+01 3.289374989263336713e-01
-1.730000000000000000e+02 -3.300000000000000000e+01 2.385128171649757711e-01
-1.730000000000000000e+02 -3.200000000000000000e+01 2.434822469766274033e-01
-1.730000000000000000e+02 -3.100000000000000000e+01 2.951933884651607443e-01
-1.730000000000000000e+02 -3.000000000000000000e+01 3.319717313789232183e-01
-1.730000000000000000e+02 -2.900000000000000000e+01 4.843200263296943975e-01
-1.730000000000000000e+02 -2.800000000000000000e+01 5.819452251809899002e-01
-1.730000000000000000e+02 -2.700000000000000000e+01 5.730936076744810315e-01
-1.730000000000000000e+02 -2.600000000000000000e+01 5.849251219012077119e-01
-1.730000000000000000e+02 -2.500000000000000000e+01 5.958483399598145658e-01
-1.730000000000000000e+02 -2.400000000000000000e+01 5.741131561528304283e-01
-1.730000000000000000e+02 -2.300000000000000000e+01 4.677381219221343200e-01
-1.730000000000000000e+02 -2.200000000000000000e+01 5.461231812733383650e-01
-1.730000000000000000e+02 -2.100000000000000000e+01 5.568534962169588987e-01
1.870000000000000000e+02 -2.000000000000000000e+01 nan
1.870000000000000000e+02 -1.900000000000000000e+01 nan
-1.720000000000000000e+02 -3.600000000000000000e+01 4.628909582334252426e-01
-1.720000000000000000e+02 -3.500000000000000000e+01 4.341656122559404696e-01
-1.720000000000000000e+02 -3.400000000000000000e+01 3.432675116161458262e-01
-1.720000000000000000e+02 -3.300000000000000000e+01 2.910519428017295795e-01
-1.720000000000000000e+02 -3.200000000000000000e+01 2.931580107733822715e-01
-1.720000000000000000e+02 -3.100000000000000000e+01 3.424237071129435650e-01
-1.720000000000000000e+02 -3.000000000000000000e+01 4.721016038141013782e-01
-1.720000000000000000e+02 -2.900000000000000000e+01 5.202167711704319686e-01
-1.720000000000000000e+02 -2.800000000000000000e+01 5.779922613015868738e-01
-1.720000000000000000e+02 -2.700000000000000000e+01 5.752254850037117340e-01
-1.720000000000000000e+02 -2.600000000000000000e+01 5.956066814679382704e-01
-1.720000000000000000e+02 -2.500000000000000000e+01 6.447318155412187224e-01
-1.720000000000000000e+02 -2.400000000000000000e+01 5.783629852374206903e-01
-1.720000000000000000e+02 -2.300000000000000000e+01 4.683704337814736385e-01
-1.720000000000000000e+02 -2.200000000000000000e+01 5.068195736706089249e-01
-1.720000000000000000e+02 -2.100000000000000000e+01 5.461231812733383650e-01
-1.720000000000000000e+02 -2.000000000000000000e+01 6.083563578668979011e-01
1.880000000000000000e+02 -1.900000000000000000e+01 nan
-1.710000000000000000e+02 -3.600000000000000000e+01 4.832362036038644892e-01
-1.710000000000000000e+02 -3.500000000000000000e+01 4.646491500814347586e-01
-1.710000000000000000e+02 -3.400000000000000000e+01 3.605847867029950971e-01
-1.710000000000000000e+02 -3.300000000000000000e+01 2.994722767881901060e-01
-1.710000000000000000e+02 -3.200000000000000000e+01 3.604194137872439030e-01
-1.710000000000000000e+02 -3.100000000000000000e+01 4.307701323733537091e-01
-1.710000000000000000e+02 -3.000000000000000000e+01 5.044517684150426895e-01
-1.710000000000000000e+02 -2.900000000000000000e+01 5.491179801069295818e-01
-1.710000000000000000e+02 -2.800000000000000000e+01 5.764007995519857541e-01
-1.710000000000000000e+02 -2.700000000000000000e+01 5.786833842073565437e-01
-1.710000000000000000e+02 -2.600000000000000000e+01 6.073687197121426795e-01
-1.710000000000000000e+02 -2.500000000000000000e+01 6.671444530890081603e-01
-1.710000000000000000e+02 -2.400000000000000000e+01 5.880624573542170275e-01
-1.710000000000000000e+02 -2.300000000000000000e+01 4.704071036703298958e-01
-1.710000000000000000e+02 -2.200000000000000000e+01 4.979543425015791613e-01
-1.710000000000000000e+02 -2.100000000000000000e+01 5.393830623885542686e-01
-1.710000000000000000e+02 -2.000000000000000000e+01 6.410970984398745021e-01
1.890000000000000000e+02 -1.900000000000000000e+01 nan
-1.700000000000000000e+02 -3.600000000000000000e+01 4.870251646807813861e-01
-1.700000000000000000e+02 -3.500000000000000000e+01 4.718268827321148162e-01
-1.700000000000000000e+02 -3.400000000000000000e+01 3.398887882897891344e-01
-1.700000000000000000e+02 -3.300000000000000000e+01 2.439497295102742158e-01
-1.700000000000000000e+02 -3.200000000000000000e+01 3.888308827389673206e-01
-1.700000000000000000e+02 -3.100000000000000000e+01 4.883392520992030361e-01
-1.700000000000000000e+02 -3.000000000000000000e+01 5.370154070186630157e-01
-1.700000000000000000e+02 -2.900000000000000000e+01 5.809191160878934834e-01
-1.700000000000000000e+02 -2.800000000000000000e+01 6.161637564389083055e-01
-1.700000000000000000e+02 -2.700000000000000000e+01 6.270367153044686948e-01
-1.700000000000000000e+02 -2.600000000000000000e+01 6.742620066150563085e-01
-1.700000000000000000e+02 -2.500000000000000000e+01 6.865599571294477288e-01
-1.700000000000000000e+02 -2.400000000000000000e+01 6.423621210283927407e-01
1.900000000000000000e+02 -2.300000000000000000e+01 nan
1.900000000000000000e+02 -2.200000000000000000e+01 nan
1.900000000000000000e+02 -2.100000000000000000e+01 nan
1.900000000000000000e+02 -2.000000000000000000e+01 nan
1.900000000000000000e+02 -1.900000000000000000e+01 nan
