Longitude[deg], Latitude[deg], Dust optical depth
-9.000000000000000000e+00 -3.800000000000000000e+01 2.954799964909005650e-01
-9.000000000000000000e+00 -3.700000000000000000e+01 3.176093645873990789e-01
-9.000000000000000000e+00 -3.600000000000000000e+01 3.034449083638871003e-01
-9.000000000000000000e+00 -3.500000000000000000e+01 2.799232933559344105e-01
-9.000000000000000000e+00 -3.400000000000000000e+01 2.948918505824663083e-01
-9.000000000000000000e+00 -3.300000000000000000e+01 3.313906133656593922e-01
-9.000000000000000000e+00 -3.200000000000000000e+01 3.016235987313504174e-01
-9.000000000000000000e+00 -3.100000000000000000e+01 2.722243236913534647e-01
-9.000000000000000000e+00 -3.000000000000000000e+01 3.121802184776841238e-01
-9.000000000000000000e+00 -2.900000000000000000e+01 2.876357645113514216e-01
-9.000000000000000000e+00 -2.800000000000000000e+01 3.598537973011343705e-01
-9.000000000000000000e+00 -2.700000000000000000e+01 3.892823816196012698e-01
-9.000000000000000000e+00 -2.600000000000000000e+01 3.428605553276815043e-01
-9.000000000000000000e+00 -2.500000000000000000e+01 3.585799543401295142e-01
3.510000000000000000e+02 -2.400000000000000000e+01 nan
3.510000000000000000e+02 -2.300000000000000000e+01 nan
3.510000000000000000e+02 -2.200000000000000000e+01 nan
3.510000000000000000e+02 -2.100000000000000000e+01 nan
-8.000000000000000000e+00 -3.800000000000000000e+01 2.785339552712497446e-01
-8.000000000000000000e+00 -3.700000000000000000e+01 2.785146814879591592e-01
-8.000000000000000000e+00 -3.600000000000000000e+01 2.684858358453612870e-01
-8.000000000000000000e+00 -3.500000000000000000e+01 2.820451534160371421e-01
-8.000000000000000000e+00 -3.400000000000000000e+01 3.087216134448739213e-01
-8.000000000000000000e+00 -3.300000000000000000e+01 3.260611869791391615e-01
-8.000000000000000000e+00 -3.200000000000000000e+01 2.900599000548961248e-01
-8.000000000000000000e+00 -3.100000000000000000e+01 2.742395898961979550e-01
-8.000000000000000000e+00 -3.000000000000000000e+01 2.925885230709177609e-01
-8.000000000000000000e+00 -2.900000000000000000e+01 2.543998018394917349e-01
-8.000000000000000000e+00 -2.800000000000000000e+01 3.446990423110273816e-01
-8.000000000000000000e+00 -2.700000000000000000e+01 4.125958603337847586e-01
-8.000000000000000000e+00 -2.600000000000000000e+01 4.471069103453524374e-01
-8.000000000000000000e+00 -2.500000000000000000e+01 3.760149635190529471e-01
-8.000000000000000000e+00 -2.400000000000000000e+01 3.995539219398496766e-01
-8.000000000000000000e+00 -2.300000000000000000e+01 4.692698792066957725e-01
-8.000000000000000000e+00 -2.200000000000000000e+01 4.871748374187725439e-01
3.520000000000000000e+02 -2.100000000000000000e+01 nan
-7.000000000000000000e+00 -3.800000000000000000e+01 2.638965331370314304e-01
-7.000000000000000000e+00 -3.700000000000000000e+01 2.683740144868185795e-01
-7.000000000000000000e+00 -3.600000000000000000e+01 2.620578088475136735e-01
-7.000000000000000000e+00 -3.500000000000000000e+01 2.750069104005266052e-01
-7.000000000000000000e+00 -3.400000000000000000e+01 3.084767331670699164e-01
-7.000000000000000000e+00 -3.300000000000000000e+01 3.218867941103717989e-01
-7.000000000000000000e+00 -3.200000000000000000e+01 2.788829672207219224e-01
-7.000000000000000000e+00 -3.100000000000000000e+01 2.742395898961979550e-01
-7.000000000000000000e+00 -3.000000000000000000e+01 2.896117105655321988e-01
-7.000000000000000000e+00 -2.900000000000000000e+01 2.692835031099969356e-01
-7.000000000000000000e+00 -2.800000000000000000e+01 3.474362167281531688e-01
-7.000000000000000000e+00 -2.700000000000000000e+01 4.129254248641228697e-01
-7.000000000000000000e+00 -2.600000000000000000e+01 4.304841985992917119e-01
-7.000000000000000000e+00 -2.500000000000000000e+01 3.779352345864954721e-01
-7.000000000000000000e+00 -2.400000000000000000e+01 4.058826490697064471e-01
-7.000000000000000000e+00 -2.300000000000000000e+01 4.684349751735455980e-01
-7.000000000000000000e+00 -2.200000000000000000e+01 4.824850719104888386e-01
3.530000000000000000e+02 -2.100000000000000000e+01 nan
-6.000000000000000000e+00 -3.800000000000000000e+01 2.302331147815208923e-01
-6.000000000000000000e+00 -3.700000000000000000e+01 2.153774382146355360e-01
-6.000000000000000000e+00 -3.600000000000000000e+01 2.586577928330250908e-01
-6.000000000000000000e+00 -3.500000000000000000e+01 2.660086340871947175e-01
-6.000000000000000000e+00 -3.400000000000000000e+01 2.820060950863892413e-01
-6.000000000000000000e+00 -3.300000000000000000e+01 3.145650407628784451e-01
-6.000000000000000000e+00 -3.200000000000000000e+01 2.583412181762679283e-01
-6.000000000000000000e+00 -3.100000000000000000e+01 2.738707952014280966e-01
-6.000000000000000000e+00 -3.000000000000000000e+01 2.884882486404169444e-01
-6.000000000000000000e+00 -2.900000000000000000e+01 3.157503427829843057e-01
-6.000000000000000000e+00 -2.800000000000000000e+01 3.637982969098489949e-01
-6.000000000000000000e+00 -2.700000000000000000e+01 4.048148869035682051e-01
-6.000000000000000000e+00 -2.600000000000000000e+01 3.930058056316333426e-01
-6.000000000000000000e+00 -2.500000000000000000e+01 3.827788345133645298e-01
-6.000000000000000000e+00 -2.400000000000000000e+01 4.270911452512048956e-01
-6.000000000000000000e+00 -2.300000000000000000e+01 4.652347142415563797e-01
-6.000000000000000000e+00 -2.200000000000000000e+01 4.696161520111397092e-01
3.540000000000000000e+02 -2.100000000000000000e+01 nan
