Longitude[deg], Latitude[deg], Dust optical depth
3.520000000000000000e+02 6.000000000000000000e+00 nan
3.520000000000000000e+02 7.000000000000000000e+00 nan
3.520000000000000000e+02 8.000000000000000000e+00 nan
3.520000000000000000e+02 9.000000000000000000e+00 nan
3.520000000000000000e+02 1.000000000000000000e+01 nan
3.520000000000000000e+02 1.100000000000000000e+01 nan
3.520000000000000000e+02 1.200000000000000000e+01 nan
3.520000000000000000e+02 1.300000000000000000e+01 nan
3.520000000000000000e+02 1.400000000000000000e+01 nan
3.520000000000000000e+02 1.500000000000000000e+01 nan
3.520000000000000000e+02 1.600000000000000000e+01 nan
3.520000000000000000e+02 1.700000000000000000e+01 nan
3.520000000000000000e+02 1.800000000000000000e+01 nan
3.520000000000000000e+02 1.900000000000000000e+01 nan
3.520000000000000000e+02 2.000000000000000000e+01 nan
3.520000000000000000e+02 2.100000000000000000e+01 nan
3.520000000000000000e+02 2.200000000000000000e+01 nan
3.520000000000000000e+02 2.300000000000000000e+01 nan
-8.000000000000000000e+00 2.400000000000000000e+01 5.358454905241718524e-01
-8.000000000000000000e+00 2.500000000000000000e+01 6.674870100402205964e-01
-8.000000000000000000e+00 2.600000000000000000e+01 6.977654543508504670e-01
-8.000000000000000000e+00 2.700000000000000000e+01 7.141684103053047572e-01
-8.000000000000000000e+00 2.800000000000000000e+01 7.045146218099929136e-01
-8.000000000000000000e+00 2.900000000000000000e+01 7.097308494164188408e-01
-8.000000000000000000e+00 3.000000000000000000e+01 6.391409847769883301e-01
-8.000000000000000000e+00 3.100000000000000000e+01 5.401183250145366044e-01
-8.000000000000000000e+00 3.200000000000000000e+01 4.117424110928161185e-01
-8.000000000000000000e+00 3.300000000000000000e+01 5.116549780048906815e-01
-8.000000000000000000e+00 3.400000000000000000e+01 5.287095359300287845e-01
-8.000000000000000000e+00 3.500000000000000000e+01 4.603539644016426124e-01
-8.000000000000000000e+00 3.600000000000000000e+01 5.361001542943729659e-01
-7.000000000000000000e+00 6.000000000000000000e+00 6.674452942265267641e-01
-7.000000000000000000e+00 7.000000000000000000e+00 8.010995465992050146e-01
-7.000000000000000000e+00 8.000000000000000000e+00 9.518341189767783872e-01
-7.000000000000000000e+00 9.000000000000000000e+00 7.999580365971155071e-01
-7.000000000000000000e+00 1.000000000000000000e+01 4.830042180091309034e-01
-7.000000000000000000e+00 1.100000000000000000e+01 5.430962090610614856e-01
-7.000000000000000000e+00 1.200000000000000000e+01 6.818311119685003252e-01
-7.000000000000000000e+00 1.300000000000000000e+01 6.769882514993799116e-01
-7.000000000000000000e+00 1.400000000000000000e+01 5.990725145216336811e-01
-7.000000000000000000e+00 1.500000000000000000e+01 5.804833392188158969e-01
-7.000000000000000000e+00 1.600000000000000000e+01 4.277419404716134022e-01
-7.000000000000000000e+00 1.700000000000000000e+01 5.299516360199824083e-01
-7.000000000000000000e+00 1.800000000000000000e+01 5.825155699493845818e-01
-7.000000000000000000e+00 1.900000000000000000e+01 7.287139685388687171e-01
-7.000000000000000000e+00 2.000000000000000000e+01 7.058815986200366321e-01
-7.000000000000000000e+00 2.100000000000000000e+01 6.641381761405615869e-01
-7.000000000000000000e+00 2.200000000000000000e+01 6.973230945329713659e-01
-7.000000000000000000e+00 2.300000000000000000e+01 7.123830168639128102e-01
-7.000000000000000000e+00 2.400000000000000000e+01 7.055343497986759083e-01
-7.000000000000000000e+00 2.500000000000000000e+01 6.714243555691418175e-01
-7.000000000000000000e+00 2.600000000000000000e+01 6.821171611283020075e-01
-7.000000000000000000e+00 2.700000000000000000e+01 7.095192623468954407e-01
-7.000000000000000000e+00 2.800000000000000000e+01 7.007931288724468244e-01
-7.000000000000000000e+00 2.900000000000000000e+01 7.069073848502371860e-01
-7.000000000000000000e+00 3.000000000000000000e+01 6.420865402158300039e-01
-7.000000000000000000e+00 3.100000000000000000e+01 5.428702077261946535e-01
-7.000000000000000000e+00 3.200000000000000000e+01 4.117424110928161185e-01
-7.000000000000000000e+00 3.300000000000000000e+01 5.116549780048906815e-01
-7.000000000000000000e+00 3.400000000000000000e+01 5.287095359300287845e-01
-7.000000000000000000e+00 3.500000000000000000e+01 4.603539644016426124e-01
-7.000000000000000000e+00 3.600000000000000000e+01 5.361001542943729659e-01
-6.000000000000000000e+00 6.000000000000000000e+00 6.674452942265267641e-01
-6.000000000000000000e+00 7.000000000000000000e+00 8.010995465992050146e-01
-6.000000000000000000e+00 8.000000000000000000e+00 9.518341189767783872e-01
-6.000000000000000000e+00 9.000000000000000000e+00 7.999580365971155071e-01
-6.000000000000000000e+00 1.000000000000000000e+01 4.830042180091309034e-01
-6.000000000000000000e+00 1.100000000000000000e+01 5.430962090610614856e-01
-6.000000000000000000e+00 1.200000000000000000e+01 6.818311119685003252e-01
-6.000000000000000000e+00 1.300000000000000000e+01 6.769882514993799116e-01
-6.000000000000000000e+00 1.400000000000000000e+01 5.990725145216336811e-01
-6.000000000000000000e+00 1.500000000000000000e+01 5.804833392188158969e-01
-6.000000000000000000e+00 1.600000000000000000e+01 4.277419404716134022e-01
-6.000000000000000000e+00 1.700000000000000000e+01 5.299516360199824083e-01
-6.000000000000000000e+00 1.800000000000000000e+01 5.825155699493845818e-01
-6.000000000000000000e+00 1.900000000000000000e+01 7.287139685388687171e-01
-6.000000000000000000e+00 2.000000000000000000e+01 7.058815986200366321e-01
-6.000000000000000000e+00 2.100000000000000000e+01 6.641381761405615869e-01
-6.000000000000000000e+00 2.200000000000000000e+01 6.973230945329713659e-01
-6.000000000000000000e+00 2.300000000000000000e+01 7.123839900062186592e-01
-6.000000000000000000e+00 2.400000000000000000e+01 7.065971686000576124e-01
-6.000000000000000000e+00 2.500000000000000000e+01 6.733389297519483119e-01
-6.000000000000000000e+00 2.600000000000000000e+01 6.786544254031032786e-01
-6.000000000000000000e+00 2.700000000000000000e+01 7.067405122333216827e-01
-6.000000000000000000e+00 2.800000000000000000e+01 6.984820925489791943e-01
-6.000000000000000000e+00 2.900000000000000000e+01 6.976416096305575465e-01
-6.000000000000000000e+00 3.000000000000000000e+01 7.253687041485787912e-01
3.540000000000000000e+02 3.100000000000000000e+01 nan
3.540000000000000000e+02 3.200000000000000000e+01 nan
3.540000000000000000e+02 3.300000000000000000e+01 nan
3.540000000000000000e+02 3.400000000000000000e+01 nan
3.540000000000000000e+02 3.500000000000000000e+01 nan
3.540000000000000000e+02 3.600000000000000000e+01 nan
