Longitude[deg], Latitude[deg], Dust optical depth
-1.400000000000000000e+02 1.000000000000000000e+01 5.865394107073933494e-01
-1.400000000000000000e+02 1.100000000000000000e+01 6.117641560352089503e-01
-1.400000000000000000e+02 1.200000000000000000e+01 6.283411800039934159e-01
-1.400000000000000000e+02 1.300000000000000000e+01 6.285100375789854921e-01
-1.400000000000000000e+02 1.400000000000000000e+01 5.065979044599079328e-01
-1.400000000000000000e+02 1.500000000000000000e+01 4.525539198110715144e-01
-1.400000000000000000e+02 1.600000000000000000e+01 4.506628842137385127e-01
-1.400000000000000000e+02 1.700000000000000000e+01 5.014705133801262704e-01
-1.400000000000000000e+02 1.800000000000000000e+01 4.527646282050686866e-01
-1.400000000000000000e+02 1.900000000000000000e+01 5.026098550396654874e-01
-1.400000000000000000e+02 2.000000000000000000e+01 6.308126679852006369e-01
-1.400000000000000000e+02 2.100000000000000000e+01 7.535732821890334110e-01
-1.400000000000000000e+02 2.200000000000000000e+01 7.674263971956324371e-01
-1.400000000000000000e+02 2.300000000000000000e+01 7.698821928699833839e-01
-1.400000000000000000e+02 2.400000000000000000e+01 7.682041502289834733e-01
-1.400000000000000000e+02 2.500000000000000000e+01 7.681130388412892307e-01
-1.400000000000000000e+02 2.600000000000000000e+01 7.620452189819860722e-01
-1.400000000000000000e+02 2.700000000000000000e+01 7.039620091676871416e-01
-1.400000000000000000e+02 2.800000000000000000e+01 7.486164184478494299e-01
-1.400000000000000000e+02 2.900000000000000000e+01 7.932198262062253313e-01
-1.400000000000000000e+02 3.000000000000000000e+01 1.059628351716139338e+00
-1.400000000000000000e+02 3.100000000000000000e+01 1.075954225579955015e+00
-1.400000000000000000e+02 3.200000000000000000e+01 8.225510666676625338e-01
-1.400000000000000000e+02 3.300000000000000000e+01 8.095323751061143103e-01
-1.400000000000000000e+02 3.400000000000000000e+01 7.992588135431947238e-01
-1.400000000000000000e+02 3.500000000000000000e+01 7.938186754464077177e-01
-1.400000000000000000e+02 3.600000000000000000e+01 8.098184393924280355e-01
-1.400000000000000000e+02 3.700000000000000000e+01 7.905203928398141233e-01
-1.400000000000000000e+02 3.800000000000000000e+01 6.366867123809969442e-01
-1.400000000000000000e+02 3.900000000000000000e+01 5.853292538417145252e-01
-1.400000000000000000e+02 4.000000000000000000e+01 8.366909597046600089e-01
-1.400000000000000000e+02 4.100000000000000000e+01 5.562554779864461452e-01
-1.400000000000000000e+02 4.200000000000000000e+01 5.558959893885808690e-01
-1.400000000000000000e+02 4.300000000000000000e+01 5.583943392398558192e-01
-1.400000000000000000e+02 4.400000000000000000e+01 5.617113358473069251e-01
-1.400000000000000000e+02 4.500000000000000000e+01 5.675488960332784050e-01
-1.400000000000000000e+02 4.600000000000000000e+01 5.737989252991139155e-01
-1.400000000000000000e+02 4.700000000000000000e+01 5.783152420883332923e-01
-1.400000000000000000e+02 4.800000000000000000e+01 5.840560987218148536e-01
-1.400000000000000000e+02 4.900000000000000000e+01 5.919757410439165923e-01
-1.400000000000000000e+02 5.000000000000000000e+01 5.953057167076362122e-01
-1.400000000000000000e+02 5.100000000000000000e+01 5.997917606834198834e-01
-1.400000000000000000e+02 5.200000000000000000e+01 6.107179070890941253e-01
-1.400000000000000000e+02 5.300000000000000000e+01 6.144351814295909708e-01
-1.400000000000000000e+02 5.400000000000000000e+01 6.206344977331026413e-01
2.200000000000000000e+02 5.500000000000000000e+01 nan
-1.390000000000000000e+02 1.000000000000000000e+01 5.865394107073933494e-01
-1.390000000000000000e+02 1.100000000000000000e+01 6.117641560352089503e-01
-1.390000000000000000e+02 1.200000000000000000e+01 6.283411800039934159e-01
-1.390000000000000000e+02 1.300000000000000000e+01 6.285100375789854921e-01
-1.390000000000000000e+02 1.400000000000000000e+01 5.065979044599079328e-01
-1.390000000000000000e+02 1.500000000000000000e+01 4.525539198110715144e-01
-1.390000000000000000e+02 1.600000000000000000e+01 4.506628842137385127e-01
-1.390000000000000000e+02 1.700000000000000000e+01 5.014705133801262704e-01
-1.390000000000000000e+02 1.800000000000000000e+01 4.527646282050686866e-01
-1.390000000000000000e+02 1.900000000000000000e+01 5.026098550396654874e-01
-1.390000000000000000e+02 2.000000000000000000e+01 6.308126679852006369e-01
-1.390000000000000000e+02 2.100000000000000000e+01 7.535732821890334110e-01
-1.390000000000000000e+02 2.200000000000000000e+01 7.674263971956324371e-01
-1.390000000000000000e+02 2.300000000000000000e+01 7.698821928699833839e-01
-1.390000000000000000e+02 2.400000000000000000e+01 7.682041502289834733e-01
-1.390000000000000000e+02 2.500000000000000000e+01 7.681130388412892307e-01
-1.390000000000000000e+02 2.600000000000000000e+01 7.620452189819860722e-01
-1.390000000000000000e+02 2.700000000000000000e+01 7.039620091676871416e-01
-1.390000000000000000e+02 2.800000000000000000e+01 7.486164184478494299e-01
-1.390000000000000000e+02 2.900000000000000000e+01 7.932198262062253313e-01
-1.390000000000000000e+02 3.000000000000000000e+01 1.059628351716139338e+00
-1.390000000000000000e+02 3.100000000000000000e+01 1.075954225579955015e+00
-1.390000000000000000e+02 3.200000000000000000e+01 8.225510666676625338e-01
-1.390000000000000000e+02 3.300000000000000000e+01 8.095323751061143103e-01
-1.390000000000000000e+02 3.400000000000000000e+01 7.992588135431947238e-01
-1.390000000000000000e+02 3.500000000000000000e+01 7.938186754464077177e-01
-1.390000000000000000e+02 3.600000000000000000e+01 8.098184393924280355e-01
-1.390000000000000000e+02 3.700000000000000000e+01 7.905203928398141233e-01
-1.390000000000000000e+02 3.800000000000000000e+01 6.366867123809969442e-01
-1.390000000000000000e+02 3.900000000000000000e+01 5.853292538417145252e-01
-1.390000000000000000e+02 4.000000000000000000e+01 8.366909597046600089e-01
-1.390000000000000000e+02 4.100000000000000000e+01 5.562554779864461452e-01
-1.390000000000000000e+02 4.200000000000000000e+01 5.558959893885808690e-01
-1.390000000000000000e+02 4.300000000000000000e+01 5.583943392398558192e-01
-1.390000000000000000e+02 4.400000000000000000e+01 5.617113358473069251e-01
-1.390000000000000000e+02 4.500000000000000000e+01 5.675488960332784050e-01
-1.390000000000000000e+02 4.600000000000000000e+01 5.737989252991139155e-01
-1.390000000000000000e+02 4.700000000000000000e+01 5.783152420883332923e-01
-1.390000000000000000e+02 4.800000000000000000e+01 5.840560987218148536e-01
-1.390000000000000000e+02 4.900000000000000000e+01 5.919757410439165923e-01
-1.390000000000000000e+02 5.000000000000000000e+01 5.953057167076362122e-01
-1.390000000000000000e+02 5.100000000000000000e+01 5.997917606834198834e-01
-1.390000000000000000e+02 5.200000000000000000e+01 6.107179070890941253e-01
-1.390000000000000000e+02 5.300000000000000000e+01 6.144351814295909708e-01
-1.390000000000000000e+02 5.400000000000000000e+01 6.206344977331026413e-01
2.210000000000000000e+02 5.500000000000000000e+01 nan
