Longitude[deg], Latitude[deg], Dust optical depth
3.180000000000000000e+02 3.800000000000000000e+01 nan
3.180000000000000000e+02 3.900000000000000000e+01 nan
3.180000000000000000e+02 4.000000000000000000e+01 nan
3.180000000000000000e+02 4.100000000000000000e+01 nan
3.180000000000000000e+02 4.200000000000000000e+01 nan
-4.200000000000000000e+01 4.300000000000000000e+01 3.482610747928890915e-01
-4.200000000000000000e+01 4.400000000000000000e+01 2.085643716864973851e-01
-4.200000000000000000e+01 4.500000000000000000e+01 1.421255388825655719e-01
-4.200000000000000000e+01 4.600000000000000000e+01 1.318842892099968689e-01
-4.200000000000000000e+01 4.700000000000000000e+01 1.218108896853142276e-01
-4.200000000000000000e+01 4.800000000000000000e+01 6.267510167055273529e-02
-4.200000000000000000e+01 4.900000000000000000e+01 6.540844002000396895e-02
-4.200000000000000000e+01 5.000000000000000000e+01 1.496273849983730808e-01
-4.200000000000000000e+01 5.100000000000000000e+01 7.384893430648516166e-02
-4.200000000000000000e+01 5.200000000000000000e+01 4.660670116005309616e-02
-4.200000000000000000e+01 5.300000000000000000e+01 2.644301051542924386e-01
-4.100000000000000000e+01 3.800000000000000000e+01 4.162464395272013618e-01
-4.100000000000000000e+01 3.900000000000000000e+01 3.607151101435281393e-01
-4.100000000000000000e+01 4.000000000000000000e+01 1.614884961429512988e-01
-4.100000000000000000e+01 4.100000000000000000e+01 8.933778348393946189e-02
-4.100000000000000000e+01 4.200000000000000000e+01 7.725344415431489864e-02
-4.100000000000000000e+01 4.300000000000000000e+01 3.117610507325929703e-01
-4.100000000000000000e+01 4.400000000000000000e+01 2.251298526208474482e-01
-4.100000000000000000e+01 4.500000000000000000e+01 1.486010759226788214e-01
-4.100000000000000000e+01 4.600000000000000000e+01 1.305060967421247664e-01
-4.100000000000000000e+01 4.700000000000000000e+01 1.218108896853142276e-01
-4.100000000000000000e+01 4.800000000000000000e+01 6.267510167055273529e-02
-4.100000000000000000e+01 4.900000000000000000e+01 6.540844002000396895e-02
-4.100000000000000000e+01 5.000000000000000000e+01 1.496273849983730808e-01
-4.100000000000000000e+01 5.100000000000000000e+01 7.384893430648516166e-02
-4.100000000000000000e+01 5.200000000000000000e+01 4.660670116005309616e-02
-4.100000000000000000e+01 5.300000000000000000e+01 2.644301051542924386e-01
-4.000000000000000000e+01 3.800000000000000000e+01 4.162464395272013618e-01
-4.000000000000000000e+01 3.900000000000000000e+01 3.607151101435281393e-01
-4.000000000000000000e+01 4.000000000000000000e+01 1.614884961429512988e-01
-4.000000000000000000e+01 4.100000000000000000e+01 8.933778348393946189e-02
-4.000000000000000000e+01 4.200000000000000000e+01 7.725344415431489864e-02
-4.000000000000000000e+01 4.300000000000000000e+01 2.756437714784114035e-01
-4.000000000000000000e+01 4.400000000000000000e+01 3.140231221606954448e-01
-4.000000000000000000e+01 4.500000000000000000e+01 1.927520300275920029e-01
-4.000000000000000000e+01 4.600000000000000000e+01 6.888668257485293378e-02
3.200000000000000000e+02 4.700000000000000000e+01 nan
3.200000000000000000e+02 4.800000000000000000e+01 nan
3.200000000000000000e+02 4.900000000000000000e+01 nan
3.200000000000000000e+02 5.000000000000000000e+01 nan
3.200000000000000000e+02 5.100000000000000000e+01 nan
3.200000000000000000e+02 5.200000000000000000e+01 nan
3.200000000000000000e+02 5.300000000000000000e+01 nan
