Dust optical depth, Latitude [deg], Solar longitude [deg]
3.609221787649376623e+00 -1.000000000000000000e+01 1.341849975585937500e+02
2.375751892532951715e+00 -2.550000000000000000e+01 1.345970001220703125e+02
3.236692029794419945e+00 -1.200000000000000000e+01 1.351410064697265625e+02
2.318853857936987950e+00 1.050000000000000000e+01 1.355480041503906250e+02
3.337374935365033490e+00 -3.500000000000000000e+00 1.355509948730468750e+02
2.443272398463194772e+00 -9.000000000000000000e+00 1.356880035400390625e+02
2.053381874020000719e+00 1.400000000000000000e+01 1.360970001220703125e+02
2.171456282117047998e+00 -8.500000000000000000e+00 1.360989990234375000e+02
2.119637882414798558e+00 -3.550000000000000000e+01 1.361040039062500000e+02
2.151051887999855694e+00 7.500000000000000000e+00 1.384400024414062500e+02
2.163929799465114545e+00 3.600000000000000000e+01 1.400989990234375000e+02
2.136699788878745121e+00 -3.500000000000000000e+00 1.401020050048828125e+02
2.034706432207937343e+00 -8.000000000000000000e+00 1.406580047607421875e+02
2.217680459515714908e+00 2.000000000000000000e+01 1.430290069580078125e+02
2.092634074591630533e+00 -1.350000000000000000e+01 1.474120025634765625e+02
2.375103787069185124e+00 -1.400000000000000000e+01 1.686150054931640625e+02
2.323401943253049051e+00 -1.700000000000000000e+01 1.696829986572265625e+02
2.085962661846890942e+00 1.700000000000000000e+01 1.707489929199218750e+02
2.110241850669434704e+00 2.100000000000000000e+01 1.786710052490234375e+02
2.181055412139528027e+00 1.500000000000000000e+01 1.901869964599609375e+02
2.272801945013922076e+00 -5.000000000000000000e+00 1.901940002441406250e+02
2.057032050828620839e+00 1.400000000000000000e+01 1.970800018310546875e+02
2.027781175888529575e+00 4.500000000000000000e+00 1.970839996337890625e+02
2.121887575487221511e+00 -3.200000000000000000e+01 2.417429962158203125e+02
2.012416946879441504e+00 -2.600000000000000000e+01 2.440489959716796875e+02
2.116561146800665760e+00 -1.900000000000000000e+01 2.516929931640625000e+02
2.082710563300476547e+00 -8.000000000000000000e+00 2.527599945068359375e+02
2.036898308709550243e+00 -9.500000000000000000e+00 2.543589935302734375e+02
2.046732514164686823e+00 -1.800000000000000000e+01 2.557810058593750000e+02
2.238438601552867446e+00 1.000000000000000000e+00 2.573829956054687500e+02
2.094066028197432594e+00 -4.000000000000000000e+00 2.577380065917968750e+02
2.019948107716556862e+00 -3.350000000000000000e+01 2.595090026855468750e+02
2.122203721152016609e+00 2.500000000000000000e+00 2.596910095214843750e+02
2.967266243953896598e+00 4.000000000000000000e+00 2.616409912109375000e+02
2.049757752068340544e+00 -4.300000000000000000e+01 2.621659851074218750e+02
2.274617724739270486e+00 -1.500000000000000000e+00 2.621730041503906250e+02
2.103322681528894567e+00 1.400000000000000000e+01 2.625270080566406250e+02
2.048890432890785540e+00 -1.000000000000000000e+01 2.628810119628906250e+02
2.024845466801009408e+00 -4.600000000000000000e+01 2.632279968261718750e+02
2.036573888097640506e+00 -1.950000000000000000e+01 2.635849914550781250e+02
2.655813493018540417e+00 5.500000000000000000e+00 2.642980041503906250e+02
2.081480056755866670e+00 -5.000000000000000000e+00 2.650050048828125000e+02
2.414190103839569890e+00 5.000000000000000000e+00 2.653590087890625000e+02
2.126541638771215492e+00 1.650000000000000000e+01 2.662430114746093750e+02
2.106251165645890655e+00 -5.100000000000000000e+01 2.680000000000000000e+02
2.248327488843482325e+00 4.000000000000000000e+00 2.683599853515625000e+02
2.116042147752325242e+00 -4.450000000000000000e+01 2.727550048828125000e+02
2.328921025671105038e+00 -4.200000000000000000e+01 2.790509948730468750e+02
2.091808128128779920e+00 -1.750000000000000000e+01 2.790559997558593750e+02
2.163453706351934791e+00 -3.500000000000000000e+00 2.806220092773437500e+02
2.038229075083225261e+00 -5.000000000000000000e+00 2.825299987792968750e+02
2.117676976628343422e+00 2.000000000000000000e+00 2.837420043945312500e+02
2.186893398074680306e+00 1.300000000000000000e+01 2.859899902343750000e+02
2.072798447336418270e+00 7.000000000000000000e+00 2.866789855957031250e+02
2.101187233882830796e+00 -2.000000000000000000e+00 2.882219848632812500e+02
2.087231910767919807e+00 5.000000000000000000e+00 2.892550048828125000e+02
2.187537776292807656e+00 1.600000000000000000e+01 2.911350097656250000e+02
2.045010383969255052e+00 -4.600000000000000000e+01 2.940239868164062500e+02
2.113805112731502067e+00 -1.750000000000000000e+01 2.950409851074218750e+02
2.280018029672638225e+00 1.050000000000000000e+01 2.950450134277343750e+02
2.099805486189615600e+00 -4.200000000000000000e+01 2.958869934082031250e+02
2.126361439699548050e+00 5.500000000000000000e+00 2.958909912109375000e+02
2.176980552168713334e+00 -3.200000000000000000e+01 2.974060058593750000e+02
2.367535193767374757e+00 6.500000000000000000e+00 2.974100036621093750e+02
2.032894362244553221e+00 -1.400000000000000000e+01 2.985830078125000000e+02
2.099677735362463160e+00 2.500000000000000000e+00 2.985880126953125000e+02
2.071107767431089819e+00 -4.000000000000000000e+00 3.022680053710937500e+02
2.061976225293780107e+00 2.100000000000000000e+01 3.036010131835937500e+02
2.212108609917143198e+00 -1.350000000000000000e+01 3.049209899902343750e+02
2.127527982493663039e+00 7.000000000000000000e+00 3.052550048828125000e+02
2.288922470273469845e+00 1.850000000000000000e+01 3.054230041503906250e+02
2.156658600771809375e+00 1.900000000000000000e+01 3.057529907226562500e+02
2.339963365739096801e+00 2.000000000000000000e+00 3.059150085449218750e+02
2.013126905341306561e+00 2.250000000000000000e+01 3.069070129394531250e+02
2.110470796772037971e+00 -1.150000000000000000e+01 3.073980102539062500e+02
2.008041348256829117e+00 1.300000000000000000e+01 3.074010009765625000e+02
2.048069799655183765e+00 1.900000000000000000e+01 3.111640014648437500e+02
3.502462615414150271e+00 -3.800000000000000000e+01 3.113219909667968750e+02
3.885922457205361003e+00 -4.500000000000000000e+01 3.118080139160156250e+02
2.500777717159820224e+00 1.400000000000000000e+01 3.121400146484375000e+02
2.080942546054657338e+00 -1.800000000000000000e+01 3.127860107421875000e+02
2.740308493216129460e+00 -1.750000000000000000e+01 3.131099853515625000e+02
2.632186216918674937e+00 -1.500000000000000000e+01 3.144030151367187500e+02
2.330892608738587946e+00 -2.500000000000000000e+01 3.168129882812500000e+02
2.396751811066783588e+00 -1.900000000000000000e+01 3.168150024414062500e+02
2.339417582386150496e+00 -2.850000000000000000e+01 3.172929992675781250e+02
2.221913655609863980e+00 -2.250000000000000000e+01 3.187330017089843750e+02
2.203157712319723238e+00 -5.250000000000000000e+01 3.193649902343750000e+02
2.062989522603466241e+00 -3.000000000000000000e+01 3.193670043945312500e+02
2.057037980254493803e+00 -1.100000000000000000e+01 3.231669921875000000e+02
2.054367879088362603e+00 -2.000000000000000000e+00 3.231700134277343750e+02
2.215662032693074490e+00 -2.050000000000000000e+01 3.276969909667968750e+02
2.272537869312063474e+00 -4.000000000000000000e+00 3.280100097656250000e+02
2.098482971391206320e+00 -5.000000000000000000e+00 3.294020080566406250e+02
0.000000000000000000e+00 0.000000000000000000e+00 0.000000000000000000e+00
