8.389999866485595703e-01
8.389999866485595703e-01
8.137999534606933594e+00
8.140999794006347656e+00
8.145999908447265625e+00
8.607000350952148438e+00
8.751999855041503906e+00
8.755000114440917969e+00
8.760999679565429688e+00
1.043599987030029297e+01
1.043900012969970703e+01
1.044400024414062500e+01
1.119799995422363281e+01
1.120100021362304688e+01
1.120600032806396484e+01
1.286699962615966797e+01
1.393099975585937500e+01
1.393599987030029297e+01
1.453199958801269531e+01
1.453499984741210938e+01
1.453999996185302734e+01
1.573400020599365234e+01
1.573700046539306641e+01
1.573999977111816406e+01
1.574499988555908203e+01
1.603700065612792969e+01
1.604000091552734375e+01
1.604599952697753906e+01
1.663699913024902344e+01
1.663999938964843750e+01
1.664299964904785156e+01
1.664699935913085938e+01
1.693700027465820312e+01
1.693899917602539062e+01
1.694199943542480469e+01
1.694700050354003906e+01
1.813100051879882812e+01
1.813400077819824219e+01
1.813599967956542969e+01
1.813899993896484375e+01
1.814100074768066406e+01
1.814399909973144531e+01
1.932600021362304688e+01
1.932799911499023438e+01
1.933099937438964844e+01
1.933399963378906250e+01
1.933600044250488281e+01
1.977400016784667969e+01
1.977700042724609375e+01
1.978199958801269531e+01
2.021599960327148438e+01
2.021800041198730469e+01
2.021999931335449219e+01
2.022699928283691406e+01
2.066300010681152344e+01
2.066500091552734375e+01
2.066799926757812500e+01
2.067200088500976562e+01
2.095899963378906250e+01
2.096199989318847656e+01
2.096400070190429688e+01
2.096899986267089844e+01
2.111199951171875000e+01
2.111599922180175781e+01
2.332299995422363281e+01
2.332500076293945312e+01
2.332799911499023438e+01
2.332999992370605469e+01
2.333300018310546875e+01
2.361899948120117188e+01
2.362199974060058594e+01
2.362500000000000000e+01
2.362700080871582031e+01
2.405800056457519531e+01
2.405999946594238281e+01
2.406299972534179688e+01
2.406599998474121094e+01
2.406800079345703125e+01
2.611100006103515625e+01
2.611300086975097656e+01
2.611599922180175781e+01
2.611800003051757812e+01
2.612000083923339844e+01
2.654700088500976562e+01
2.654899978637695312e+01
2.655100059509277344e+01
2.655400085449218750e+01
2.655699920654296875e+01
2.655900001525878906e+01
2.684099960327148438e+01
2.684300041198730469e+01
2.684600067138671875e+01
2.684900093078613281e+01
2.685099983215332031e+01
2.743000030517578125e+01
2.743199920654296875e+01
2.743499946594238281e+01
2.771599960327148438e+01
2.771800041198730469e+01
2.772100067138671875e+01
2.772400093078613281e+01
2.772599983215332031e+01
2.786199951171875000e+01
2.786400032043457031e+01
2.786700057983398438e+01
2.786899948120117188e+01
2.787199974060058594e+01
2.829899978637695312e+01
2.830100059509277344e+01
2.830299949645996094e+01
2.830599975585937500e+01
2.830900001525878906e+01
2.902499961853027344e+01
2.902700042724609375e+01
2.903000068664550781e+01
2.903300094604492188e+01
2.903499984741210938e+01
2.946299934387207031e+01
2.946599960327148438e+01
2.946800041198730469e+01
2.947100067138671875e+01
3.015900039672851562e+01
3.016099929809570312e+01
3.016399955749511719e+01
3.016699981689453125e+01
3.016900062561035156e+01
3.070299911499023438e+01
3.070499992370605469e+01
3.070800018310546875e+01
3.070999908447265625e+01
3.071299934387207031e+01
3.253499984741210938e+01
3.253699874877929688e+01
3.253900146484375000e+01
3.254199981689453125e+01
3.254399871826171875e+01
3.291799926757812500e+01
3.291999816894531250e+01
3.292300033569335938e+01
3.292499923706054688e+01
3.292800140380859375e+01
3.342800140380859375e+01
3.343000030517578125e+01
3.343600082397460938e+01
3.343799972534179688e+01
3.495899963378906250e+01
3.496400070190429688e+01
3.609799957275390625e+01
3.609999847412109375e+01
3.610300064086914062e+01
3.610499954223632812e+01
3.610800170898437500e+01
3.635100173950195312e+01
3.635599899291992188e+01
3.635900115966796875e+01
3.636199951171875000e+01
3.660499954223632812e+01
3.660699844360351562e+01
3.660900115966796875e+01
3.661199951171875000e+01
3.661500167846679688e+01
3.711100006103515625e+01
3.711399841308593750e+01
3.711600112915039062e+01
3.711800003051757812e+01
3.712200164794921875e+01
3.723799896240234375e+01
3.724000167846679688e+01
3.724200057983398438e+01
3.724499893188476562e+01
3.724499893188476562e+01
3.724800109863281250e+01
3.761700057983398438e+01
3.761899948120117188e+01
3.762200164794921875e+01
3.762400054931640625e+01
3.762699890136718750e+01
3.786999893188476562e+01
3.787200164794921875e+01
3.787400054931640625e+01
3.787699890136718750e+01
3.788000106811523438e+01
3.812200164794921875e+01
3.812400054931640625e+01
3.812699890136718750e+01
3.813000106811523438e+01
3.813199996948242188e+01
3.888100051879882812e+01
3.888399887084960938e+01
3.888700103759765625e+01
3.888899993896484375e+01
3.990000152587890625e+01
4.001300048828125000e+01
4.001800155639648438e+01
4.002099990844726562e+01
4.039500045776367188e+01
4.039799880981445312e+01
4.040000152587890625e+01
4.051800155639648438e+01
4.052099990844726562e+01
4.052299880981445312e+01
4.052600097656250000e+01
4.089500045776367188e+01
4.089799880981445312e+01
4.090000152587890625e+01
4.090299987792968750e+01
4.202500152587890625e+01
4.202700042724609375e+01
4.202999877929687500e+01
4.203300094604492188e+01
4.315200042724609375e+01
4.315399932861328125e+01
4.315999984741210938e+01
4.327500152587890625e+01
4.327700042724609375e+01
4.327899932861328125e+01
4.328200149536132812e+01
4.328599929809570312e+01
4.365200042724609375e+01
4.365499877929687500e+01
4.365700149536132812e+01
4.366099929809570312e+01
4.402700042724609375e+01
4.402999877929687500e+01
4.403200149536132812e+01
4.403599929809570312e+01
4.415499877929687500e+01
4.415700149536132812e+01
4.416099929809570312e+01
4.440200042724609375e+01
4.440399932861328125e+01
4.440700149536132812e+01
4.440999984741210938e+01
4.602399826049804688e+01
4.602600097656250000e+01
4.602899932861328125e+01
4.603200149536132812e+01
4.726800155639648438e+01
4.727000045776367188e+01
4.727299880981445312e+01
4.727600097656250000e+01
4.776599884033203125e+01
4.776800155639648438e+01
4.777000045776367188e+01
4.777399826049804688e+01
4.813999938964843750e+01
4.814300155639648438e+01
4.814599990844726562e+01
4.826699829101562500e+01
4.827099990844726562e+01
4.851100158691406250e+01
4.851300048828125000e+01
4.851599884033203125e+01
4.851900100708007812e+01
4.950299835205078125e+01
4.950799942016601562e+01
4.951100158691406250e+01
5.136100006103515625e+01
5.136299896240234375e+01
5.136600112915039062e+01
5.136899948120117188e+01
5.185699844360351562e+01
5.186000061035156250e+01
5.186299896240234375e+01
5.222600173950195312e+01
5.222800064086914062e+01
5.223099899291992188e+01
5.223400115966796875e+01
5.259899902343750000e+01
5.260100173950195312e+01
5.260499954223632812e+01
5.309299850463867188e+01
5.309500122070312500e+01
5.309799957275390625e+01
5.371500015258789062e+01
5.531499862670898438e+01
5.531800079345703125e+01
5.592699813842773438e+01
5.593000030517578125e+01
5.593299865722656250e+01
5.875999832153320312e+01
9.333100128173828125e+01
9.333300018310546875e+01
9.333499908447265625e+01
9.345500183105468750e+01
9.357900238037109375e+01
9.358100128173828125e+01
9.358399963378906250e+01
9.395200347900390625e+01
9.395400238037109375e+01
9.395600128173828125e+01
9.407599639892578125e+01
9.407800292968750000e+01
9.408000183105468750e+01
9.432800292968750000e+01
9.482099914550781250e+01
9.482299804687500000e+01
9.482599639892578125e+01
9.531900024414062500e+01
9.532099914550781250e+01
9.532299804687500000e+01
9.569200134277343750e+01
9.569400024414062500e+01
9.569599914550781250e+01
9.569799804687500000e+01
9.594100189208984375e+01
9.594499969482421875e+01
9.631500244140625000e+01
9.631700134277343750e+01
9.631900024414062500e+01
9.656400299072265625e+01
9.656600189208984375e+01
9.656800079345703125e+01
9.656999969482421875e+01
9.693800354003906250e+01
9.694400024414062500e+01
9.706300354003906250e+01
9.706500244140625000e+01
9.706700134277343750e+01
9.706900024414062500e+01
9.718699645996093750e+01
9.718900299072265625e+01
9.719400024414062500e+01
9.756199645996093750e+01
9.756400299072265625e+01
9.756600189208984375e+01
9.781099700927734375e+01
9.781400299072265625e+01
9.781600189208984375e+01
9.781800079345703125e+01
9.793599700927734375e+01
9.793800354003906250e+01
9.794100189208984375e+01
9.794300079345703125e+01
9.818599700927734375e+01
9.818800354003906250e+01
9.819100189208984375e+01
9.819300079345703125e+01
9.843599700927734375e+01
9.843800354003906250e+01
9.844000244140625000e+01
9.844200134277343750e+01
9.856099700927734375e+01
9.856300354003906250e+01
9.856500244140625000e+01
9.856800079345703125e+01
9.881099700927734375e+01
9.881300354003906250e+01
9.881600189208984375e+01
9.881800079345703125e+01
9.893599700927734375e+01
9.893800354003906250e+01
9.894100189208984375e+01
9.931199645996093750e+01
9.931400299072265625e+01
9.931600189208984375e+01
9.931900024414062500e+01
9.968699645996093750e+01
9.969000244140625000e+01
9.969200134277343750e+01
9.981300354003906250e+01
9.981500244140625000e+01
9.981700134277343750e+01
9.981900024414062500e+01
1.000630035400390625e+02
1.000650024414062500e+02
1.000680007934570312e+02
1.000699996948242188e+02
1.001890029907226562e+02
1.001910018920898438e+02
1.001930007934570312e+02
1.001949996948242188e+02
1.003140029907226562e+02
1.003160018920898438e+02
1.003180007934570312e+02
1.006900024414062500e+02
1.006920013427734375e+02
1.006949996948242188e+02
1.008160018920898438e+02
1.008180007934570312e+02
1.018209991455078125e+02
1.018229980468750000e+02
1.018249969482421875e+02
1.018280029296875000e+02
1.019459991455078125e+02
1.019489974975585938e+02
1.019509963989257812e+02
1.019540023803710938e+02
1.027009963989257812e+02
1.027050018310546875e+02
1.027089996337890625e+02
1.028270034790039062e+02
1.028300018310546875e+02
1.028320007324218750e+02
1.028349990844726562e+02
1.030790023803710938e+02
1.030820007324218750e+02
1.030839996337890625e+02
1.032050018310546875e+02
1.032080001831054688e+02
1.032099990844726562e+02
1.032129974365234375e+02
1.033310012817382812e+02
1.033339996337890625e+02
1.033359985351562500e+02
1.033389968872070312e+02
1.034570007324218750e+02
1.034599990844726562e+02
1.034619979858398438e+02
1.034649963378906250e+02
1.038359985351562500e+02
1.038379974365234375e+02
1.038399963378906250e+02
1.038430023193359375e+02
1.039670028686523438e+02
1.039700012207031250e+02
1.040910034179687500e+02
1.040930023193359375e+02
1.040960006713867188e+02
1.042149963378906250e+02
1.042170028686523438e+02
1.042190017700195312e+02
1.042220001220703125e+02
1.044670028686523438e+02
1.044700012207031250e+02
1.044720001220703125e+02
1.044749984741210938e+02
1.045940017700195312e+02
1.045960006713867188e+02
1.045979995727539062e+02
1.046009979248046875e+02
1.048489990234375000e+02
1.048509979248046875e+02
1.048539962768554688e+02
1.049749984741210938e+02
1.049769973754882812e+02
1.051019973754882812e+02
1.051039962768554688e+02
1.051070022583007812e+02
1.053550033569335938e+02
1.053600006103515625e+02
1.059879989624023438e+02
1.059899978637695312e+02
1.059929962158203125e+02
1.061169967651367188e+02
1.061200027465820312e+02
1.062440032958984375e+02
1.062470016479492188e+02
1.064950027465820312e+02
1.064970016479492188e+02
1.065009994506835938e+02
1.072570037841796875e+02
1.072590026855468750e+02
1.073840026855468750e+02
1.073860015869140625e+02
1.073899993896484375e+02
1.076380004882812500e+02
1.076399993896484375e+02
1.076439971923828125e+02
1.077649993896484375e+02
1.077679977416992188e+02
1.078929977416992188e+02
1.078980026245117188e+02
1.081470031738281250e+02
1.081490020751953125e+02
1.081529998779296875e+02
1.085289993286132812e+02
1.085309982299804688e+02
1.085350036621093750e+02
1.086569976806640625e+02
1.086589965820312500e+02
1.090390014648437500e+02
1.090410003662109375e+02
1.090449981689453125e+02
1.091669998168945312e+02
1.091689987182617188e+02
1.095500030517578125e+02
1.095520019531250000e+02
1.098050003051757812e+02
1.098069992065429688e+02
1.098109970092773438e+02
1.100609970092773438e+02
1.100630035400390625e+02
1.100650024414062500e+02
1.103160018920898438e+02
1.103190002441406250e+02
1.104440002441406250e+02
1.104459991455078125e+02
1.104499969482421875e+02
1.105719985961914062e+02
1.105739974975585938e+02
1.109560012817382812e+02
1.109589996337890625e+02
1.109639968872070312e+02
1.113410034179687500e+02
1.113430023193359375e+02
1.113460006713867188e+02
1.113489990234375000e+02
1.114690017700195312e+02
1.114710006713867188e+02
1.114729995727539062e+02
1.117249984741210938e+02
1.117279968261718750e+02
1.117310028076171875e+02
1.117330017089843750e+02
1.119820022583007812e+02
1.119840011596679688e+02
1.119879989624023438e+02
1.119899978637695312e+02
1.123669967651367188e+02
1.123700027465820312e+02
1.123720016479492188e+02
1.123740005493164062e+02
1.127529983520507812e+02
1.127549972534179688e+02
1.127590026855468750e+02
1.127610015869140625e+02
1.128820037841796875e+02
1.128840026855468750e+02
1.131389999389648438e+02
1.131409988403320312e+02
1.131449966430664062e+02
1.131470031738281250e+02
1.136539993286132812e+02
1.136569976806640625e+02
1.136589965820312500e+02
1.136610031127929688e+02
1.136630020141601562e+02
1.137829971313476562e+02
1.137860031127929688e+02
1.137919998168945312e+02
1.140410003662109375e+02
1.140429992675781250e+02
1.140469970703125000e+02
1.140500030517578125e+02
1.141699981689453125e+02
1.141719970703125000e+02
1.141760025024414062e+02
1.141790008544921875e+02
1.142990036010742188e+02
1.143020019531250000e+02
1.145579986572265625e+02
1.145599975585937500e+02
1.145630035400390625e+02
1.145660018920898438e+02
1.146869964599609375e+02
1.146890029907226562e+02
1.146920013427734375e+02
1.146949996948242188e+02
1.148160018920898438e+02
1.148180007934570312e+02
1.148239974975585938e+02
1.150749969482421875e+02
1.150770034790039062e+02
1.150790023803710938e+02
1.150810012817382812e+02
1.150830001831054688e+02
1.152040023803710938e+02
1.152060012817382812e+02
1.152089996337890625e+02
1.155920028686523438e+02
1.155940017700195312e+02
1.155979995727539062e+02
1.156009979248046875e+02
1.159810028076171875e+02
1.159830017089843750e+02
1.159860000610351562e+02
1.159889984130859375e+02
1.161129989624023438e+02
1.161159973144531250e+02
1.161190032958984375e+02
1.165000000000000000e+02
1.165019989013671875e+02
1.165039978027343750e+02
1.165070037841796875e+02
1.166320037841796875e+02
1.166350021362304688e+02
1.166380004882812500e+02
1.168909988403320312e+02
1.168949966430664062e+02
1.168980026245117188e+02
1.174110031127929688e+02
1.174150009155273438e+02
1.174179992675781250e+02
1.183229980468750000e+02
1.183259963989257812e+02
1.183300018310546875e+02
1.184570007324218750e+02
1.185839996337890625e+02
1.187139968872070312e+02
1.187170028686523438e+02
1.187210006713867188e+02
1.191090011596679688e+02
1.191119995117187500e+02
1.192369995117187500e+02
1.192399978637695312e+02
1.192429962158203125e+02
1.194980010986328125e+02
1.195009994506835938e+02
1.202910003662109375e+02
1.209390029907226562e+02
1.209430007934570312e+02
1.209459991455078125e+02
1.210709991455078125e+02
1.210780029296875000e+02
1.217310028076171875e+02
1.217340011596679688e+02
1.217360000610351562e+02
1.218590011596679688e+02
1.218619995117187500e+02
1.218639984130859375e+02
1.218659973144531250e+02
1.218679962158203125e+02
1.223860015869140625e+02
1.223889999389648438e+02
1.223929977416992188e+02
1.223949966430664062e+02
1.262279968261718750e+02
1.262300033569335938e+02
1.262320022583007812e+02
1.262350006103515625e+02
1.262369995117187500e+02
1.267610015869140625e+02
1.267649993896484375e+02
1.267679977416992188e+02
1.267699966430664062e+02
1.267720031738281250e+02
1.270319976806640625e+02
1.270370025634765625e+02
1.270380020141601562e+02
1.271620025634765625e+02
1.271650009155273438e+02
1.271679992675781250e+02
1.271709976196289062e+02
1.271719970703125000e+02
1.275630035400390625e+02
1.275660018920898438e+02
1.275690002441406250e+02
1.275719985961914062e+02
1.275729980468750000e+02
1.277030029296875000e+02
1.277050018310546875e+02
1.280980072021484375e+02
1.281009979248046875e+02
1.281040039062500000e+02
1.281069946289062500e+02
1.281080017089843750e+02
1.282319946289062500e+02
1.282350006103515625e+02
1.282380065917968750e+02
1.282420043945312500e+02
1.291730041503906250e+02
1.291750030517578125e+02
1.291779937744140625e+02
1.298500061035156250e+02
1.298520050048828125e+02
1.298540039062500000e+02
1.306540069580078125e+02
1.306560058593750000e+02
1.307870025634765625e+02
1.307899932861328125e+02
1.307929992675781250e+02
1.307960052490234375e+02
1.307980041503906250e+02
1.311920013427734375e+02
1.311950073242187500e+02
1.311990051269531250e+02
1.315970001220703125e+02
1.316009979248046875e+02
1.316040039062500000e+02
1.316060028076171875e+02
1.316089935302734375e+02
1.320039978027343750e+02
1.320070037841796875e+02
1.320099945068359375e+02
1.320119934082031250e+02
1.320149993896484375e+02
1.328170013427734375e+02
1.329600067138671875e+02
1.329620056152343750e+02
1.329649963378906250e+02
1.330890045166015625e+02
1.330910034179687500e+02
1.330930023193359375e+02
1.330959930419921875e+02
1.330980072021484375e+02
1.333609924316406250e+02
1.333639984130859375e+02
1.333679962158203125e+02
1.333699951171875000e+02
1.333730010986328125e+02
1.339060058593750000e+02
1.339089965820312500e+02
1.339120025634765625e+02
1.339149932861328125e+02
1.339170074462890625e+02
1.340420074462890625e+02
1.340449981689453125e+02
1.340489959716796875e+02
1.341849975585937500e+02
1.341869964599609375e+02
1.343209991455078125e+02
1.343240051269531250e+02
1.343269958496093750e+02
1.345879974365234375e+02
1.345890045166015625e+02
1.345910034179687500e+02
1.345939941406250000e+02
1.345970001220703125e+02
1.351360015869140625e+02
1.351380004882812500e+02
1.351410064697265625e+02
1.351430053710937500e+02
1.351459960937500000e+02
1.355449981689453125e+02
1.355480041503906250e+02
1.355509948730468750e+02
1.356820068359375000e+02
1.356849975585937500e+02
1.356880035400390625e+02
1.360970001220703125e+02
1.360989990234375000e+02
1.361020050048828125e+02
1.361040039062500000e+02
1.362409973144531250e+02
1.362440032958984375e+02
1.367830047607421875e+02
1.367859954833984375e+02
1.367879943847656250e+02
1.367910003662109375e+02
1.371950073242187500e+02
1.371990051269531250e+02
1.372010040283203125e+02
1.384400024414062500e+02
1.384420013427734375e+02
1.384450073242187500e+02
1.384470062255859375e+02
1.387160034179687500e+02
1.387180023193359375e+02
1.389900054931640625e+02
1.389929962158203125e+02
1.389949951171875000e+02
1.389980010986328125e+02
1.390010070800781250e+02
1.391269989013671875e+02
1.391289978027343750e+02
1.391309967041015625e+02
1.391340026855468750e+02
1.395469970703125000e+02
1.395489959716796875e+02
1.395520019531250000e+02
1.395549926757812500e+02
1.409329986572265625e+02
1.409389953613281250e+02
1.409409942626953125e+02
1.412149963378906250e+02
1.413569946289062500e+02
1.413600006103515625e+02
1.419129943847656250e+02
1.419149932861328125e+02
1.421900024414062500e+02
1.427570037841796875e+02
1.430290069580078125e+02
1.430350036621093750e+02
1.434530029296875000e+02
1.434559936523437500e+02
1.438829956054687500e+02
1.448600006103515625e+02
1.451450042724609375e+02
1.451479949951171875e+02
1.451510009765625000e+02
1.451529998779296875e+02
1.459929962158203125e+02
1.459960021972656250e+02
1.459989929199218750e+02
1.462740020751953125e+02
1.462769927978515625e+02
1.465540008544921875e+02
1.465570068359375000e+02
1.465599975585937500e+02
1.468439941406250000e+02
1.468459930419921875e+02
1.468489990234375000e+02
1.474120025634765625e+02
1.474140014648437500e+02
1.474179992675781250e+02
1.479869995117187500e+02
1.482660064697265625e+02
1.482689971923828125e+02
1.482720031738281250e+02
1.482760009765625000e+02
1.486940002441406250e+02
1.486999969482421875e+02
1.487039947509765625e+02
1.492640075683593750e+02
1.492660064697265625e+02
1.492689971923828125e+02
1.492720031738281250e+02
1.492760009765625000e+02
1.496929931640625000e+02
1.496959991455078125e+02
1.496979980468750000e+02
1.497010040283203125e+02
1.497050018310546875e+02
1.501230010986328125e+02
1.501309967041015625e+02
1.501349945068359375e+02
1.515610046386718750e+02
1.515639953613281250e+02
1.522830047607421875e+02
1.522850036621093750e+02
1.522879943847656250e+02
1.522910003662109375e+02
1.522949981689453125e+02
1.525720062255859375e+02
1.525749969482421875e+02
1.525769958496093750e+02
1.525800018310546875e+02
1.525839996337890625e+02
1.531510009765625000e+02
1.531540069580078125e+02
1.531560058593750000e+02
1.534440002441406250e+02
1.534459991455078125e+02
1.534490051269531250e+02
1.534530029296875000e+02
1.537310028076171875e+02
1.537339935302734375e+02
1.537400054931640625e+02
1.537429962158203125e+02
1.540169982910156250e+02
1.540189971923828125e+02
1.540220031738281250e+02
1.540240020751953125e+02
1.543150024414062500e+02
1.543249969482421875e+02
1.547489929199218750e+02
1.547519989013671875e+02
1.547539978027343750e+02
1.547579956054687500e+02
1.547610015869140625e+02
1.556269989013671875e+02
1.556300048828125000e+02
1.556329956054687500e+02
1.556369934082031250e+02
1.601959991455078125e+02
1.627220001220703125e+02
1.627250061035156250e+02
1.630180053710937500e+02
1.630209960937500000e+02
1.630229949951171875e+02
1.630269927978515625e+02
1.630310058593750000e+02
1.636170043945312500e+02
1.636199951171875000e+02
1.636230010986328125e+02
1.636260070800781250e+02
1.636300048828125000e+02
1.639230041503906250e+02
1.648249969482421875e+02
1.654219970703125000e+02
1.654259948730468750e+02
1.654299926757812500e+02
1.658750000000000000e+02
1.661770019531250000e+02
1.661840057373046875e+02
1.666369934082031250e+02
1.667879943847656250e+02
1.676990051269531250e+02
1.679969940185546875e+02
1.680000000000000000e+02
1.680030059814453125e+02
1.686060028076171875e+02
1.686089935302734375e+02
1.686109924316406250e+02
1.686190032958984375e+02
1.689109954833984375e+02
1.689129943847656250e+02
1.689170074462890625e+02
1.692160034179687500e+02
1.692189941406250000e+02
1.692209930419921875e+02
1.692250061035156250e+02
1.696739959716796875e+02
1.696770019531250000e+02
1.696799926757812500e+02
1.696829986572265625e+02
1.696869964599609375e+02
1.699799957275390625e+02
1.699830017089843750e+02
1.705930023193359375e+02
1.705959930419921875e+02
1.705980072021484375e+02
1.706020050048828125e+02
1.706060028076171875e+02
1.707460021972656250e+02
1.715140075683593750e+02
1.715169982910156250e+02
1.715200042724609375e+02
1.715269927978515625e+02
1.718220062255859375e+02
1.718249969482421875e+02
1.718280029296875000e+02
1.718309936523437500e+02
1.721300048828125000e+02
1.721340026855468750e+02
1.721390075683593750e+02
1.721430053710937500e+02
1.724380035400390625e+02
1.724409942626953125e+02
1.733650054931640625e+02
1.733679962158203125e+02
1.733710021972656250e+02
1.733739929199218750e+02
1.733780059814453125e+02
1.736750030517578125e+02
1.736770019531250000e+02
1.736799926757812500e+02
1.736840057373046875e+02
1.736880035400390625e+02
1.742949981689453125e+02
1.742969970703125000e+02
1.743000030517578125e+02
1.743040008544921875e+02
1.743079986572265625e+02
1.744499969482421875e+02
1.744530029296875000e+02
1.744550018310546875e+02
1.744589996337890625e+02
1.744629974365234375e+02
1.760059967041015625e+02
1.760079956054687500e+02
1.760110015869140625e+02
1.760149993896484375e+02
1.760189971923828125e+02
1.774120025634765625e+02
1.774149932861328125e+02
1.774179992675781250e+02
1.774199981689453125e+02
1.782030029296875000e+02
1.782050018310546875e+02
1.783529968261718750e+02
1.783560028076171875e+02
1.783589935302734375e+02
1.783619995117187500e+02
1.783619995117187500e+02
1.783670043945312500e+02
1.785110015869140625e+02
1.785130004882812500e+02
1.785160064697265625e+02
1.785240020751953125e+02
1.786679992675781250e+02
1.786710052490234375e+02
1.786730041503906250e+02
1.786770019531250000e+02
1.786770019531250000e+02
1.786809997558593750e+02
1.789819946289062500e+02
1.789850006103515625e+02
1.789880065917968750e+02
1.789909973144531250e+02
1.789909973144531250e+02
1.789960021972656250e+02
1.792969970703125000e+02
1.793029937744140625e+02
1.797700042724609375e+02
1.797729949951171875e+02
1.797760009765625000e+02
1.797790069580078125e+02
1.797830047607421875e+02
1.813509979248046875e+02
1.813609924316406250e+02
1.813650054931640625e+02
1.816690063476562500e+02
1.816710052490234375e+02
1.816739959716796875e+02
1.816779937744140625e+02
1.816820068359375000e+02
1.823040008544921875e+02
1.823070068359375000e+02
1.823099975585937500e+02
1.823130035400390625e+02
1.823170013427734375e+02
1.829400024414062500e+02
1.829429931640625000e+02
1.829459991455078125e+02
1.829490051269531250e+02
1.829490051269531250e+02
1.829539947509765625e+02
1.835769958496093750e+02
1.835809936523437500e+02
1.835839996337890625e+02
1.835870056152343750e+02
1.835870056152343750e+02
1.835910034179687500e+02
1.861600036621093750e+02
1.863209991455078125e+02
1.866430053710937500e+02
1.868040008544921875e+02
1.869649963378906250e+02
1.872899932861328125e+02
1.877740020751953125e+02
1.898560028076171875e+02
1.898589935302734375e+02
1.898619995117187500e+02
1.898650054931640625e+02
1.898650054931640625e+02
1.900440063476562500e+02
1.901840057373046875e+02
1.901869964599609375e+02
1.901900024414062500e+02
1.901900024414062500e+02
1.901940002441406250e+02
1.911829986572265625e+02
1.921369934082031250e+02
1.921399993896484375e+02
1.921419982910156250e+02
1.921459960937500000e+02
1.921499938964843750e+02
1.924900054931640625e+02
1.969080047607421875e+02
1.969120025634765625e+02
1.970729980468750000e+02
1.970760040283203125e+02
1.970800018310546875e+02
1.970839996337890625e+02
1.995659942626953125e+02
1.995700073242187500e+02
1.995749969482421875e+02
2.415579986572265625e+02
2.415619964599609375e+02
2.415650024414062500e+02
2.417350006103515625e+02
2.417400054931640625e+02
2.417429962158203125e+02
2.428000030517578125e+02
2.428040008544921875e+02
2.428070068359375000e+02
2.429770050048828125e+02
2.429810028076171875e+02
2.429839935302734375e+02
2.431549987792968750e+02
2.431589965820312500e+02
2.431620025634765625e+02
2.435099945068359375e+02
2.435140075683593750e+02
2.435169982910156250e+02
2.436869964599609375e+02
2.436909942626953125e+02
2.436940002441406250e+02
2.440420074462890625e+02
2.440460052490234375e+02
2.440489959716796875e+02
2.442200012207031250e+02
2.442239990234375000e+02
2.442270050048828125e+02
2.452850036621093750e+02
2.452890014648437500e+02
2.452920074462890625e+02
2.452949981689453125e+02
2.454669952392578125e+02
2.454700012207031250e+02
2.454730072021484375e+02
2.460000000000000000e+02
2.460030059814453125e+02
2.460059967041015625e+02
2.463549957275390625e+02
2.463580017089843750e+02
2.470659942626953125e+02
2.470690002441406250e+02
2.470720062255859375e+02
2.474210052490234375e+02
2.474239959716796875e+02
2.474279937744140625e+02
2.475989990234375000e+02
2.476020050048828125e+02
2.476049957275390625e+02
2.479539947509765625e+02
2.479570007324218750e+02
2.479609985351562500e+02
2.490200042724609375e+02
2.490240020751953125e+02
2.490269927978515625e+02
2.491979980468750000e+02
2.492010040283203125e+02
2.492039947509765625e+02
2.499089965820312500e+02
2.499120025634765625e+02
2.499149932861328125e+02
2.502680053710937500e+02
2.502709960937500000e+02
2.504420013427734375e+02
2.504459991455078125e+02
2.504490051269531250e+02
2.507980041503906250e+02
2.508009948730468750e+02
2.508040008544921875e+02
2.513309936523437500e+02
2.513350067138671875e+02
2.513379974365234375e+02
2.515090026855468750e+02
2.515119934082031250e+02
2.516869964599609375e+02
2.516900024414062500e+02
2.516929931640625000e+02
2.518650054931640625e+02
2.518679962158203125e+02
2.518710021972656250e+02
2.522200012207031250e+02
2.522230072021484375e+02
2.522259979248046875e+02
2.525760040283203125e+02
2.525789947509765625e+02
2.527530059814453125e+02
2.527559967041015625e+02
2.527599945068359375e+02
2.527630004882812500e+02
2.529340057373046875e+02
2.529369964599609375e+02
2.529400024414062500e+02
2.531089935302734375e+02
2.531119995117187500e+02
2.531150054931640625e+02
2.531179962158203125e+02
2.532870025634765625e+02
2.532899932861328125e+02
2.532929992675781250e+02
2.536419982910156250e+02
2.536479949951171875e+02
2.536519927978515625e+02
2.538200073242187500e+02
2.538229980468750000e+02
2.538260040283203125e+02
2.543529968261718750e+02
2.543560028076171875e+02
2.543589935302734375e+02
2.543630065917968750e+02
2.545310058593750000e+02
2.545339965820312500e+02
2.545370025634765625e+02
2.545399932861328125e+02
2.547079925537109375e+02
2.547109985351562500e+02
2.547180023193359375e+02
2.550670013427734375e+02
2.550700073242187500e+02
2.550729980468750000e+02
2.552409973144531250e+02
2.552449951171875000e+02
2.552480010986328125e+02
2.552510070800781250e+02
2.555970001220703125e+02
2.556000061035156250e+02
2.556029968261718750e+02
2.556060028076171875e+02
2.557740020751953125e+02
2.557779998779296875e+02
2.557810058593750000e+02
2.557839965820312500e+02
2.559519958496093750e+02
2.559550018310546875e+02
2.559579925537109375e+02
2.559620056152343750e+02
2.564849853515625000e+02
2.564880065917968750e+02
2.564909973144531250e+02
2.564949951171875000e+02
2.573729858398437500e+02
2.573760070800781250e+02
2.573789978027343750e+02
2.573829956054687500e+02
2.577279968261718750e+02
2.577309875488281250e+02
2.577340087890625000e+02
2.577380065917968750e+02
2.580830078125000000e+02
2.580889892578125000e+02
2.580929870605468750e+02
2.582609863281250000e+02
2.582709960937500000e+02
2.584379882812500000e+02
2.584410095214843750e+02
2.584450073242187500e+02
2.584479980468750000e+02
2.589739990234375000e+02
2.589769897460937500e+02
2.589809875488281250e+02
2.591480102539062500e+02
2.591510009765625000e+02
2.591539916992187500e+02
2.595060119628906250e+02
2.595090026855468750e+02
2.595130004882812500e+02
2.596799926757812500e+02
2.596830139160156250e+02
2.596860046386718750e+02
2.596910095214843750e+02
2.600350036621093750e+02
2.600409851074218750e+02
2.600450134277343750e+02
2.602120056152343750e+02
2.602160034179687500e+02
2.602229919433593750e+02
2.607439880371093750e+02
2.607479858398437500e+02
2.607550048828125000e+02
2.609219970703125000e+02
2.609249877929687500e+02
2.609280090332031250e+02
2.609320068359375000e+02
2.610989990234375000e+02
2.611019897460937500e+02
2.611050109863281250e+02
2.611090087890625000e+02
2.612760009765625000e+02
2.612799987792968750e+02
2.612829895019531250e+02
2.612869873046875000e+02
2.616340026855468750e+02
2.616369934082031250e+02
2.616409912109375000e+02
2.619880065917968750e+02
2.619960021972656250e+02
2.621659851074218750e+02
2.621690063476562500e+02
2.621730041503906250e+02
2.623429870605468750e+02
2.623460083007812500e+02
2.623500061035156250e+02
2.625199890136718750e+02
2.625230102539062500e+02
2.625270080566406250e+02
2.626969909667968750e+02
2.627000122070312500e+02
2.627040100097656250e+02
2.628739929199218750e+02
2.628770141601562500e+02
2.628810119628906250e+02
2.632279968261718750e+02
2.632309875488281250e+02
2.632359924316406250e+02
2.634049987792968750e+02
2.634079895019531250e+02
2.634129943847656250e+02
2.635820007324218750e+02
2.635849914550781250e+02
2.641130065917968750e+02
2.642980041503906250e+02
2.644670104980468750e+02
2.644700012207031250e+02
2.644750061035156250e+02
2.648210144042968750e+02
2.648240051269531250e+02
2.650010070800781250e+02
2.650050048828125000e+02
2.653510131835937500e+02
2.653540039062500000e+02
2.653590087890625000e+02
2.655280151367187500e+02
2.655310058593750000e+02
2.655360107421875000e+02
2.657049865722656250e+02
2.657080078125000000e+02
2.658819885253906250e+02
2.658850097656250000e+02
2.662349853515625000e+02
2.662380065917968750e+02
2.662430114746093750e+02
2.664119873046875000e+02
2.672940063476562500e+02
2.672969970703125000e+02
2.673020019531250000e+02
2.674710083007812500e+02
2.674739990234375000e+02
2.674779968261718750e+02
2.676470031738281250e+02
2.676499938964843750e+02
2.676579895019531250e+02
2.680000000000000000e+02
2.680029907226562500e+02
2.680079956054687500e+02
2.683529968261718750e+02
2.683559875488281250e+02
2.683599853515625000e+02
2.687059936523437500e+02
2.687090148925781250e+02
2.687130126953125000e+02
2.688819885253906250e+02
2.688850097656250000e+02
2.688890075683593750e+02
2.688930053710937500e+02
2.690559997558593750e+02
2.690610046386718750e+02
2.690650024414062500e+02
2.697630004882812500e+02
2.697659912109375000e+02
2.701149902343750000e+02
2.701180114746093750e+02
2.701220092773437500e+02
2.701260070800781250e+02
2.704670104980468750e+02
2.704700012207031250e+02
2.704739990234375000e+02
2.704779968261718750e+02
2.711709899902343750e+02
2.711740112304687500e+02
2.711780090332031250e+02
2.711820068359375000e+02
2.715249938964843750e+02
2.715299987792968750e+02
2.715329895019531250e+02
2.718739929199218750e+02
2.718770141601562500e+02
2.718810119628906250e+02
2.718850097656250000e+02
2.720499877929687500e+02
2.720530090332031250e+02
2.720570068359375000e+02
2.720610046386718750e+02
2.727520141601562500e+02
2.727550048828125000e+02
2.727600097656250000e+02
2.727630004882812500e+02
2.729280090332031250e+02
2.729309997558593750e+02
2.729349975585937500e+02
2.729389953613281250e+02
2.731029968261718750e+02
2.731059875488281250e+02
2.731109924316406250e+02
2.731140136718750000e+02
2.732789916992187500e+02
2.732820129394531250e+02
2.732860107421875000e+02
2.736300048828125000e+02
2.736329956054687500e+02
2.736409912109375000e+02
2.741560058593750000e+02
2.741589965820312500e+02
2.741629943847656250e+02
2.741669921875000000e+02
2.743309936523437500e+02
2.743340148925781250e+02
2.743380126953125000e+02
2.743420104980468750e+02
2.745090026855468750e+02
2.745130004882812500e+02
2.745169982910156250e+02
2.750320129394531250e+02
2.750350036621093750e+02
2.750390014648437500e+02
2.750429992675781250e+02
2.755599975585937500e+02
2.755639953613281250e+02
2.755679931640625000e+02
2.762560119628906250e+02
2.762590026855468750e+02
2.762640075683593750e+02
2.767810058593750000e+02
2.767839965820312500e+02
2.767879943847656250e+02
2.767919921875000000e+02
2.774819946289062500e+02
2.774909973144531250e+02
2.776539916992187500e+02
2.776570129394531250e+02
2.776610107421875000e+02
2.776650085449218750e+02
2.778280029296875000e+02
2.778309936523437500e+02
2.778359985351562500e+02
2.778399963378906250e+02
2.780029907226562500e+02
2.780060119628906250e+02
2.780100097656250000e+02
2.780140075683593750e+02
2.783540039062500000e+02
2.783590087890625000e+02
2.783630065917968750e+02
2.785289916992187500e+02
2.790509948730468750e+02
2.790559997558593750e+02
2.790599975585937500e+02
2.792260131835937500e+02
2.792300109863281250e+02
2.792349853515625000e+02
2.795740051269531250e+02
2.795780029296875000e+02
2.797479858398437500e+02
2.797520141601562500e+02
2.797569885253906250e+02
2.800960083007812500e+02
2.801000061035156250e+02
2.801050109863281250e+02
2.802739868164062500e+02
2.806170043945312500e+02
2.806220092773437500e+02
2.806260070800781250e+02
2.807909851074218750e+02
2.807950134277343750e+02
2.807999877929687500e+02
2.809689941406250000e+02
2.809729919433593750e+02
2.813120117187500000e+02
2.813160095214843750e+02
2.813210144042968750e+02
2.814899902343750000e+02
2.814939880371093750e+02
2.821799926757812500e+02
2.821839904785156250e+02
2.821879882812500000e+02
2.823529968261718750e+02
2.823609924316406250e+02
2.825260009765625000e+02
2.825299987792968750e+02
2.825350036621093750e+02
2.828729858398437500e+02
2.828770141601562500e+02
2.828810119628906250e+02
2.828840026855468750e+02
2.832189941406250000e+02
2.832229919433593750e+02
2.832300109863281250e+02
2.835650024414062500e+02
2.835690002441406250e+02
2.835740051269531250e+02
2.835759887695312500e+02
2.837380065917968750e+02
2.837420043945312500e+02
2.837460021972656250e+02
2.837489929199218750e+02
2.847749938964843750e+02
2.847789916992187500e+02
2.847860107421875000e+02
2.849469909667968750e+02
2.849519958496093750e+02
2.849559936523437500e+02
2.849590148925781250e+02
2.852929992675781250e+02
2.853009948730468750e+02
2.853039855957031250e+02
2.856369934082031250e+02
2.856419982910156250e+02
2.856459960937500000e+02
2.856489868164062500e+02
2.859819946289062500e+02
2.859859924316406250e+02
2.859899902343750000e+02
2.859939880371093750e+02
2.861539916992187500e+02
2.861629943847656250e+02
2.865029907226562500e+02
2.865069885253906250e+02
2.865100097656250000e+02
2.866709899902343750e+02
2.866749877929687500e+02
2.866789855957031250e+02
2.866820068359375000e+02
2.868469848632812500e+02
2.868510131835937500e+02
2.868540039062500000e+02
2.873590087890625000e+02
2.878739929199218750e+02
2.878779907226562500e+02
2.878819885253906250e+02
2.882179870605468750e+02
2.882219848632812500e+02
2.882260131835937500e+02
2.882290039062500000e+02
2.887319946289062500e+02
2.887359924316406250e+02
2.887399902343750000e+02
2.887439880371093750e+02
2.890750122070312500e+02
2.890790100097656250e+02
2.890830078125000000e+02
2.890870056152343750e+02
2.892460021972656250e+02
2.892500000000000000e+02
2.892550048828125000e+02
2.892579956054687500e+02
2.899299926757812500e+02
2.899349975585937500e+02
2.899389953613281250e+02
2.899419860839843750e+02
2.902730102539062500e+02
2.902770080566406250e+02
2.902810058593750000e+02
2.904440002441406250e+02
2.904479980468750000e+02
2.904549865722656250e+02
2.907900085449218750e+02
2.907940063476562500e+02
2.907969970703125000e+02
2.909559936523437500e+02
2.909599914550781250e+02
2.909649963378906250e+02
2.909679870605468750e+02
2.911270141601562500e+02
2.911350097656250000e+02
2.911380004882812500e+02
2.914679870605468750e+02
2.914769897460937500e+02
2.914800109863281250e+02
2.916390075683593750e+02
2.916430053710937500e+02
2.916470031738281250e+02
2.916499938964843750e+02
2.919880065917968750e+02
2.919909973144531250e+02
2.923200073242187500e+02
2.923250122070312500e+02
2.923290100097656250e+02
2.923320007324218750e+02
2.926610107421875000e+02
2.926650085449218750e+02
2.926690063476562500e+02
2.926719970703125000e+02
2.938500061035156250e+02
2.938550109863281250e+02
2.938590087890625000e+02
2.938619995117187500e+02
2.940199890136718750e+02
2.940239868164062500e+02
2.940280151367187500e+02
2.940310058593750000e+02
2.941900024414062500e+02
2.941940002441406250e+02
2.941979980468750000e+02
2.942009887695312500e+02
2.943630065917968750e+02
2.943680114746093750e+02
2.943699951171875000e+02
2.946979980468750000e+02
2.947070007324218750e+02
2.947090148925781250e+02
2.950369873046875000e+02
2.950409851074218750e+02
2.950450134277343750e+02
2.950480041503906250e+02
2.953800048828125000e+02
2.953840026855468750e+02
2.953869934082031250e+02
2.958829956054687500e+02
2.958869934082031250e+02
2.958909912109375000e+02
2.958940124511718750e+02
2.960599975585937500e+02
2.960629882812500000e+02
2.963940124511718750e+02
2.963980102539062500e+02
2.964010009765625000e+02
2.965629882812500000e+02
2.965669860839843750e+02
2.965700073242187500e+02
2.972369995117187500e+02
2.972420043945312500e+02
2.972439880371093750e+02
2.974020080566406250e+02
2.974060058593750000e+02
2.974100036621093750e+02
2.974129943847656250e+02
2.975700073242187500e+02
2.975740051269531250e+02
2.975790100097656250e+02
2.975809936523437500e+02
2.980750122070312500e+02
2.980790100097656250e+02
2.980830078125000000e+02
2.980859985351562500e+02
2.985790100097656250e+02
2.985830078125000000e+02
2.985880126953125000e+02
2.985899963378906250e+02
2.989150085449218750e+02
2.989190063476562500e+02
2.989230041503906250e+02
2.989259948730468750e+02
2.994219970703125000e+02
2.994259948730468750e+02
2.994289855957031250e+02
2.995859985351562500e+02
2.995899963378906250e+02
2.995939941406250000e+02
2.995969848632812500e+02
3.007569885253906250e+02
3.007619934082031250e+02
3.007659912109375000e+02
3.007690124511718750e+02
3.019299926757812500e+02
3.019339904785156250e+02
3.019370117187500000e+02
3.020929870605468750e+02
3.020969848632812500e+02
3.021010131835937500e+02
3.021040039062500000e+02
3.022630004882812500e+02
3.022680053710937500e+02
3.022699890136718750e+02
3.025960083007812500e+02
3.026010131835937500e+02
3.026029968261718750e+02
3.027669982910156250e+02
3.027699890136718750e+02
3.034280090332031250e+02
3.034320068359375000e+02
3.034349975585937500e+02
3.035939941406250000e+02
3.035979919433593750e+02
3.036010131835937500e+02
3.042569885253906250e+02
3.042609863281250000e+02
3.042640075683593750e+02
3.044270019531250000e+02
3.044299926757812500e+02
3.045889892578125000e+02
3.045929870605468750e+02
3.045950012207031250e+02
3.049209899902343750e+02
3.049270019531250000e+02
3.052510070800781250e+02
3.052550048828125000e+02
3.052569885253906250e+02
3.054200134277343750e+02
3.054230041503906250e+02
3.057500000000000000e+02
3.057529907226562500e+02
3.059110107421875000e+02
3.059150085449218750e+02
3.059179992675781250e+02
3.060759887695312500e+02
3.060799865722656250e+02
3.060830078125000000e+02
3.065710144042968750e+02
3.065750122070312500e+02
3.065780029296875000e+02
3.068999938964843750e+02
3.069049987792968750e+02
3.069070129394531250e+02
3.072309875488281250e+02
3.072359924316406250e+02
3.073940124511718750e+02
3.073980102539062500e+02
3.074010009765625000e+02
3.082149963378906250e+02
3.082189941406250000e+02
3.082219848632812500e+02
3.085429992675781250e+02
3.096889953613281250e+02
3.096929931640625000e+02
3.096960144042968750e+02
3.098529968261718750e+02
3.098569946289062500e+02
3.098599853515625000e+02
3.101789855957031250e+02
3.101860046386718750e+02
3.105060119628906250e+02
3.105100097656250000e+02
3.105119934082031250e+02
3.111570129394531250e+02
3.111619873046875000e+02
3.111640014648437500e+02
3.113219909667968750e+02
3.113269958496093750e+02
3.116459960937500000e+02
3.116499938964843750e+02
3.116520080566406250e+02
3.118080139160156250e+02
3.118120117187500000e+02
3.118150024414062500e+02
3.121319885253906250e+02
3.121340026855468750e+02
3.121369934082031250e+02
3.121400146484375000e+02
3.124590148925781250e+02
3.124620056152343750e+02
3.124639892578125000e+02
3.127810058593750000e+02
3.127829895019531250e+02
3.127860107421875000e+02
3.127890014648437500e+02
3.131050109863281250e+02
3.131069946289062500e+02
3.131099853515625000e+02
3.131130065917968750e+02
3.139140014648437500e+02
3.139159851074218750e+02
3.139190063476562500e+02
3.139219970703125000e+02
3.143980102539062500e+02
3.144010009765625000e+02
3.144030151367187500e+02
3.144060058593750000e+02
3.152040100097656250e+02
3.152059936523437500e+02
3.152090148925781250e+02
3.152120056152343750e+02
3.163290100097656250e+02
3.163320007324218750e+02
3.163340148925781250e+02
3.163370056152343750e+02
3.168099975585937500e+02
3.168129882812500000e+02
3.168150024414062500e+02
3.168179931640625000e+02
3.169700012207031250e+02
3.169729919433593750e+02
3.169760131835937500e+02
3.169790039062500000e+02
3.172909851074218750e+02
3.172929992675781250e+02
3.172990112304687500e+02
3.179299926757812500e+02
3.179330139160156250e+02
3.179349975585937500e+02
3.179379882812500000e+02
3.187279968261718750e+02
3.187309875488281250e+02
3.187330017089843750e+02
3.187359924316406250e+02
3.188869934082031250e+02
3.188900146484375000e+02
3.188930053710937500e+02
3.188949890136718750e+02
3.192059936523437500e+02
3.192080078125000000e+02
3.192109985351562500e+02
3.192139892578125000e+02
3.193649902343750000e+02
3.193670043945312500e+02
3.193699951171875000e+02
3.193729858398437500e+02
3.198420104980468750e+02
3.198439941406250000e+02
3.198469848632812500e+02
3.198500061035156250e+02
3.201589965820312500e+02
3.201619873046875000e+02
3.201650085449218750e+02
3.201669921875000000e+02
3.204769897460937500e+02
3.204790039062500000e+02
3.204819946289062500e+02
3.204849853515625000e+02
3.207940063476562500e+02
3.207959899902343750e+02
3.207990112304687500e+02
3.208020019531250000e+02
3.212690124511718750e+02
3.212709960937500000e+02
3.212739868164062500e+02
3.215849914550781250e+02
3.215870056152343750e+02
3.215899963378906250e+02
3.215929870605468750e+02
3.219010009765625000e+02
3.219030151367187500e+02
3.219060058593750000e+02
3.219089965820312500e+02
3.220589904785156250e+02
3.220610046386718750e+02
3.220639953613281250e+02
3.220669860839843750e+02
3.228469848632812500e+02
3.228489990234375000e+02
3.228519897460937500e+02
3.228550109863281250e+02
3.231619873046875000e+02
3.231640014648437500e+02
3.231669921875000000e+02
3.231700134277343750e+02
3.233190002441406250e+02
3.233210144042968750e+02
3.233240051269531250e+02
3.233269958496093750e+02
3.234760131835937500e+02
3.234790039062500000e+02
3.234809875488281250e+02
3.234840087890625000e+02
3.239469909667968750e+02
3.239500122070312500e+02
3.239519958496093750e+02
3.239549865722656250e+02
3.244179992675781250e+02
3.244200134277343750e+02
3.244230041503906250e+02
3.244249877929687500e+02
3.245769958496093750e+02
3.245790100097656250e+02
3.245820007324218750e+02
3.248900146484375000e+02
3.248930053710937500e+02
3.248949890136718750e+02
3.253590087890625000e+02
3.253619995117187500e+02
3.253640136718750000e+02
3.255150146484375000e+02
3.255180053710937500e+02
3.255209960937500000e+02
3.258269958496093750e+02
3.258299865722656250e+02
3.258330078125000000e+02
3.261390075683593750e+02
3.261419982910156250e+02
3.261449890136718750e+02
3.262980041503906250e+02
3.263009948730468750e+02
3.264509887695312500e+02
3.264540100097656250e+02
3.264559936523437500e+02
3.269179992675781250e+02
3.269200134277343750e+02
3.269230041503906250e+02
3.270790100097656250e+02
3.273840026855468750e+02
3.273869934082031250e+02
3.273890075683593750e+02
3.275390014648437500e+02
3.275450134277343750e+02
3.276940002441406250e+02
3.276969909667968750e+02
3.277000122070312500e+02
3.280050048828125000e+02
3.280069885253906250e+02
3.280100097656250000e+02
3.283139953613281250e+02
3.283169860839843750e+02
3.283200073242187500e+02
3.289330139160156250e+02
3.289379882812500000e+02
3.290870056152343750e+02
3.290899963378906250e+02
3.290929870605468750e+02
3.293959960937500000e+02
3.293989868164062500e+02
3.294020080566406250e+02
3.301669921875000000e+02
3.301719970703125000e+02
3.304739990234375000e+02
3.304769897460937500e+02
3.304800109863281250e+02
3.312420043945312500e+02
3.312449951171875000e+02
3.312470092773437500e+02
3.315490112304687500e+02
3.315509948730468750e+02
3.315539855957031250e+02
3.326220092773437500e+02
3.326250000000000000e+02
3.350530090332031250e+02
3.350559997558593750e+02
3.350580139160156250e+02
3.353559875488281250e+02
3.353590087890625000e+02
3.356589965820312500e+02
3.356610107421875000e+02
3.356640014648437500e+02
3.364140014648437500e+02
3.364169921875000000e+02
3.364190063476562500e+02
3.379190063476562500e+02
3.379219970703125000e+02
3.379240112304687500e+02
3.391180114746093750e+02
3.391210021972656250e+02
3.391229858398437500e+02
3.392680053710937500e+02
3.392699890136718750e+02
3.392730102539062500e+02
3.398649902343750000e+02
3.398680114746093750e+02
3.398699951171875000e+02
3.401659851074218750e+02
3.401690063476562500e+02
3.406130065917968750e+02
3.406149902343750000e+02
3.419500122070312500e+02
3.419519958496093750e+02
3.420979919433593750e+02
3.426900024414062500e+02
3.426919860839843750e+02
3.441650085449218750e+02
3.441669921875000000e+02
3.443120117187500000e+02
3.443139953613281250e+02
3.446059875488281250e+02
3.446080017089843750e+02
3.451929931640625000e+02
3.451950073242187500e+02
3.484020080566406250e+02
3.484049987792968750e+02
3.489819946289062500e+02
3.489849853515625000e+02
