4.131100082397460938e+01
4.181200027465820312e+01
4.181399917602539062e+01
4.218899917602539062e+01
4.381600189208984375e+01
4.394100189208984375e+01
4.394300079345703125e+01
4.556299972534179688e+01
4.556499862670898438e+01
4.618600082397460938e+01
4.618799972534179688e+01
4.631299972534179688e+01
4.668600082397460938e+01
4.780300140380859375e+01
4.780500030517578125e+01
4.792699813842773438e+01
4.792900085449218750e+01
4.805099868774414062e+01
4.805300140380859375e+01
4.817499923706054688e+01
4.817699813842773438e+01
4.842399978637695312e+01
4.842599868774414062e+01
4.867200088500976562e+01
4.867399978637695312e+01
4.879600143432617188e+01
4.879800033569335938e+01
4.891999816894531250e+01
4.892200088500976562e+01
4.916799926757812500e+01
4.916999816894531250e+01
4.929199981689453125e+01
4.929399871826171875e+01
4.941600036621093750e+01
4.941799926757812500e+01
4.941999816894531250e+01
4.978799819946289062e+01
4.979000091552734375e+01
4.979199981689453125e+01
5.065399932861328125e+01
5.065700149536132812e+01
5.065900039672851562e+01
5.077999877929687500e+01
5.078300094604492188e+01
5.102600097656250000e+01
5.102799987792968750e+01
5.102999877929687500e+01
5.114899826049804688e+01
5.115200042724609375e+01
5.115399932861328125e+01
5.139699935913085938e+01
5.139899826049804688e+01
5.140100097656250000e+01
5.152000045776367188e+01
5.152199935913085938e+01
5.152500152587890625e+01
5.164400100708007812e+01
5.164799880981445312e+01
5.189099884033203125e+01
5.189300155639648438e+01
5.189500045776367188e+01
5.201499938964843750e+01
5.201699829101562500e+01
5.201900100708007812e+01
5.213800048828125000e+01
5.213999938964843750e+01
5.214199829101562500e+01
5.263199996948242188e+01
5.263399887084960938e+01
5.263600158691406250e+01
5.448199844360351562e+01
5.448699951171875000e+01
5.460599899291992188e+01
5.460800170898437500e+01
5.461000061035156250e+01
5.472900009155273438e+01
5.497499847412109375e+01
5.497700119018554688e+01
5.497999954223632812e+01
5.534500122070312500e+01
5.534700012207031250e+01
5.534899902343750000e+01
5.559099960327148438e+01
5.559299850463867188e+01
5.559500122070312500e+01
5.595999908447265625e+01
5.596200180053710938e+01
5.596500015258789062e+01
5.608300018310546875e+01
5.608499908447265625e+01
5.608800125122070312e+01
5.657500076293945312e+01
5.657699966430664062e+01
5.658000183105468750e+01
5.669800186157226562e+01
5.670000076293945312e+01
5.670299911499023438e+01
5.743600082397460938e+01
5.743799972534179688e+01
5.744100189208984375e+01
5.817300033569335938e+01
5.817499923706054688e+01
5.817800140380859375e+01
5.829600143432617188e+01
5.829800033569335938e+01
5.854100036621093750e+01
5.854299926757812500e+01
5.854600143432617188e+01
5.866400146484375000e+01
5.866600036621093750e+01
5.915499877929687500e+01
5.915700149536132812e+01
5.915999984741210938e+01
5.927700042724609375e+01
5.927999877929687500e+01
5.928300094604492188e+01
5.952299880981445312e+01
5.952500152587890625e+01
5.952799987792968750e+01
5.964599990844726562e+01
5.964799880981445312e+01
5.965100097656250000e+01
6.001399993896484375e+01
6.001599884033203125e+01
6.001900100708007812e+01
6.013800048828125000e+01
6.025899887084960938e+01
6.026100158691406250e+01
6.026399993896484375e+01
6.062699890136718750e+01
6.062900161743164062e+01
6.063199996948242188e+01
6.074900054931640625e+01
6.075099945068359375e+01
6.075400161743164062e+01
6.087400054931640625e+01
6.087699890136718750e+01
6.111700057983398438e+01
6.111899948120117188e+01
6.112200164794921875e+01
6.124000167846679688e+01
6.124200057983398438e+01
6.124499893188476562e+01
6.148500061035156250e+01
6.148699951171875000e+01
6.160699844360351562e+01
6.160900115966796875e+01
6.161199951171875000e+01
6.161500167846679688e+01
6.258700180053710938e+01
6.259199905395507812e+01
6.283200073242187500e+01
6.283399963378906250e+01
6.283700180053710938e+01
6.284000015258789062e+01
6.295399856567382812e+01
6.295600128173828125e+01
6.295899963378906250e+01
6.296200180053710938e+01
6.319900131225585938e+01
6.320100021362304688e+01
6.320399856567382812e+01
6.320700073242187500e+01
6.344599914550781250e+01
6.344900131225585938e+01
6.345199966430664062e+01
6.368899917602539062e+01
6.369100189208984375e+01
6.369400024414062500e+01
6.430100250244140625e+01
6.430300140380859375e+01
6.430599975585937500e+01
6.430899810791015625e+01
6.454499816894531250e+01
6.454699707031250000e+01
6.455000305175781250e+01
6.455300140380859375e+01
6.491400146484375000e+01
6.491699981689453125e+01
6.491999816894531250e+01
6.564800262451171875e+01
6.565100097656250000e+01
6.601499938964843750e+01
6.601799774169921875e+01
6.602100372314453125e+01
6.626000213623046875e+01
6.626300048828125000e+01
6.626599884033203125e+01
6.662599945068359375e+01
6.675199890136718750e+01
6.699299621582031250e+01
6.699900054931640625e+01
6.736000061035156250e+01
6.736299896240234375e+01
6.784899902343750000e+01
6.785199737548828125e+01
6.821499633789062500e+01
6.821800231933593750e+01
6.822100067138671875e+01
6.845999908447265625e+01
6.846299743652343750e+01
6.846600341796875000e+01
6.882599639892578125e+01
6.882900238037109375e+01
6.883300018310546875e+01
6.919300079345703125e+01
6.919599914550781250e+01
6.968199920654296875e+01
6.968499755859375000e+01
6.968800354003906250e+01
7.016999816894531250e+01
7.017299652099609375e+01
7.017600250244140625e+01
7.041500091552734375e+01
7.041799926757812500e+01
7.065899658203125000e+01
7.066200256347656250e+01
7.126999664306640625e+01
7.127300262451171875e+01
7.127600097656250000e+01
7.371299743652343750e+01
7.371600341796875000e+01
7.371900177001953125e+01
7.408000183105468750e+01
7.420500183105468750e+01
7.420800018310546875e+01
7.444699859619140625e+01
7.444999694824218750e+01
7.445300292968750000e+01
7.518000030517578125e+01
7.518299865722656250e+01
7.518599700927734375e+01
7.518800354003906250e+01
7.542500305175781250e+01
7.554699707031250000e+01
7.555000305175781250e+01
7.555300140380859375e+01
7.591400146484375000e+01
7.591699981689453125e+01
7.591999816894531250e+01
7.592299652099609375e+01
7.616100311279296875e+01
7.616400146484375000e+01
7.616799926757812500e+01
7.640299987792968750e+01
7.640599822998046875e+01
7.640899658203125000e+01
7.641100311279296875e+01
7.774800109863281250e+01
7.775399780273437500e+01
7.775700378417968750e+01
7.836000061035156250e+01
7.836299896240234375e+01
7.836599731445312500e+01
7.836799621582031250e+01
7.860500335693359375e+01
7.860800170898437500e+01
7.861100006103515625e+01
7.861299896240234375e+01
7.884999847412109375e+01
7.885299682617187500e+01
7.885600280761718750e+01
7.885800170898437500e+01
7.921700286865234375e+01
7.922000122070312500e+01
7.922299957275390625e+01
7.922499847412109375e+01
7.958499908447265625e+01
7.958799743652343750e+01
7.959100341796875000e+01
7.959300231933593750e+01
8.032299804687500000e+01
8.032599639892578125e+01
8.032800292968750000e+01
8.068699645996093750e+01
8.069000244140625000e+01
8.069300079345703125e+01
8.069499969482421875e+01
8.154799652099609375e+01
8.155100250244140625e+01
8.155300140380859375e+01
8.179299926757812500e+01
8.179599761962890625e+01
8.179900360107421875e+01
8.265200042724609375e+01
8.265499877929687500e+01
8.265699768066406250e+01
8.277200317382812500e+01
8.277500152587890625e+01
8.301999664306640625e+01
8.302300262451171875e+01
8.351100158691406250e+01
8.351399993896484375e+01
8.351699829101562500e+01
8.363700103759765625e+01
8.363899993896484375e+01
8.376000213623046875e+01
8.376200103759765625e+01
8.424800109863281250e+01
8.425099945068359375e+01
8.425399780273437500e+01
8.449400329589843750e+01
8.449900054931640625e+01
8.498600006103515625e+01
8.498899841308593750e+01
8.499099731445312500e+01
8.535500335693359375e+01
8.535800170898437500e+01
8.536000061035156250e+01
8.547799682617187500e+01
8.584700012207031250e+01
8.584999847412109375e+01
8.585199737548828125e+01
8.597000122070312500e+01
8.597499847412109375e+01
8.633899688720703125e+01
8.634200286865234375e+01
8.634400177001953125e+01
8.658499908447265625e+01
8.658799743652343750e+01
8.658999633789062500e+01
8.659400177001953125e+01
8.670800018310546875e+01
8.671099853515625000e+01
8.671399688720703125e+01
8.671600341796875000e+01
8.707800292968750000e+01
8.708100128173828125e+01
8.708300018310546875e+01
8.708499908447265625e+01
8.769400024414062500e+01
8.769699859619140625e+01
8.769899749755859375e+01
8.770099639892578125e+01
8.770400238037109375e+01
8.806400299072265625e+01
8.806700134277343750e+01
8.806900024414062500e+01
8.807099914550781250e+01
8.818699645996093750e+01
8.892700195312500000e+01
8.893099975585937500e+01
8.893299865722656250e+01
8.893499755859375000e+01
8.905100250244140625e+01
8.905400085449218750e+01
8.905599975585937500e+01
8.905799865722656250e+01
8.906099700927734375e+01
8.966799926757812500e+01
8.967099761962890625e+01
8.967400360107421875e+01
8.967600250244140625e+01
8.968000030517578125e+01
8.991899871826171875e+01
8.992099761962890625e+01
8.992299652099609375e+01
8.992600250244140625e+01
9.041000366210937500e+01
9.041300201416015625e+01
9.041500091552734375e+01
9.041699981689453125e+01
9.041999816894531250e+01
9.065699768066406250e+01
9.066000366210937500e+01
9.066200256347656250e+01
9.066500091552734375e+01
9.066799926757812500e+01
9.078399658203125000e+01
9.078600311279296875e+01
9.078800201416015625e+01
9.079100036621093750e+01
9.164700317382812500e+01
9.165000152587890625e+01
9.165200042724609375e+01
9.165499877929687500e+01
9.189499664306640625e+01
9.189800262451171875e+01
9.190000152587890625e+01
9.190200042724609375e+01
9.190499877929687500e+01
9.276300048828125000e+01
9.276599884033203125e+01
9.276799774169921875e+01
9.276999664306640625e+01
9.277500152587890625e+01
9.338300323486328125e+01
9.338600158691406250e+01
9.338800048828125000e+01
9.338999938964843750e+01
9.339499664306640625e+01
9.363099670410156250e+01
9.363400268554687500e+01
9.363899993896484375e+01
9.364199829101562500e+01
9.387999725341796875e+01
9.388200378417968750e+01
9.388500213623046875e+01
9.388700103759765625e+01
9.400700378417968750e+01
9.400900268554687500e+01
9.401100158691406250e+01
9.401499938964843750e+01
9.425199890136718750e+01
9.425499725341796875e+01
9.425700378417968750e+01
9.426000213623046875e+01
9.426399993896484375e+01
9.450099945068359375e+01
9.450399780273437500e+01
9.450800323486328125e+01
9.451200103759765625e+01
9.512999725341796875e+01
9.513300323486328125e+01
1.154110031127929688e+02
1.314170074462890625e+02
1.314199981689453125e+02
1.314230041503906250e+02
1.314270019531250000e+02
1.319589996337890625e+02
1.319620056152343750e+02
1.319640045166015625e+02
1.319689941406250000e+02
1.325010070800781250e+02
1.325039978027343750e+02
1.325070037841796875e+02
1.325119934082031250e+02
1.326369934082031250e+02
1.326399993896484375e+02
1.326430053710937500e+02
1.326470031738281250e+02
1.331809997558593750e+02
1.331840057373046875e+02
1.331869964599609375e+02
1.331909942626953125e+02
1.353650054931640625e+02
1.361869964599609375e+02
1.361900024414062500e+02
1.361940002441406250e+02
1.367359924316406250e+02
1.367389984130859375e+02
1.367429962158203125e+02
1.382510070800781250e+02
1.382550048828125000e+02
1.382599945068359375e+02
1.389429931640625000e+02
1.389459991455078125e+02
1.389510040283203125e+02
1.428410034179687500e+02
1.428450012207031250e+02
1.428500061035156250e+02
1.432660064697265625e+02
1.432709960937500000e+02
1.455149993896484375e+02
1.455189971923828125e+02
1.455240020751953125e+02
1.469309997558593750e+02
1.469349975585937500e+02
1.469400024414062500e+02
1.490679931640625000e+02
1.490720062255859375e+02
1.490769958496093750e+02
1.497839965820312500e+02
1.497879943847656250e+02
1.497929992675781250e+02
1.538280029296875000e+02
1.538329925537109375e+02
1.608789978027343750e+02
1.608860015869140625e+02
2.009669952392578125e+02
2.051660003662109375e+02
2.060059967041015625e+02
2.068509979248046875e+02
2.070200042724609375e+02
2.070249938964843750e+02
2.071940002441406250e+02
2.073589935302734375e+02
2.075279998779296875e+02
2.075330047607421875e+02
2.088860015869140625e+02
2.088899993896484375e+02
2.090559997558593750e+02
2.090599975585937500e+02
2.102469940185546875e+02
2.102510070800781250e+02
2.104170074462890625e+02
2.104210052490234375e+02
2.119539947509765625e+02
2.122960052490234375e+02
2.123000030517578125e+02
2.123040008544921875e+02
2.124669952392578125e+02
2.124709930419921875e+02
2.124750061035156250e+02
2.128119964599609375e+02
2.128170013427734375e+02
2.136660003662109375e+02
2.136699981689453125e+02
2.136739959716796875e+02
2.140090026855468750e+02
2.141809997558593750e+02
2.141849975585937500e+02
2.141889953613281250e+02
2.150399932861328125e+02
2.150440063476562500e+02
2.150480041503906250e+02
2.152120056152343750e+02
2.152160034179687500e+02
2.152200012207031250e+02
2.153840026855468750e+02
2.153880004882812500e+02
2.153919982910156250e+02
2.169340057373046875e+02
2.169380035400390625e+02
2.169429931640625000e+02
2.181430053710937500e+02
2.181470031738281250e+02
2.181510009765625000e+02
2.183159942626953125e+02
2.183200073242187500e+02
2.183240051269531250e+02
2.190079956054687500e+02
2.190119934082031250e+02
2.190160064697265625e+02
2.197010040283203125e+02
2.197050018310546875e+02
2.197089996337890625e+02
2.197129974365234375e+02
2.202209930419921875e+02
2.202250061035156250e+02
2.202290039062500000e+02
2.214360046386718750e+02
2.214400024414062500e+02
2.214440002441406250e+02
2.214479980468750000e+02
2.217839965820312500e+02
2.217920074462890625e+02
2.217949981689453125e+02
2.224790039062500000e+02
2.224830017089843750e+02
2.224869995117187500e+02
2.224909973144531250e+02
2.230019989013671875e+02
2.230059967041015625e+02
2.230099945068359375e+02
2.230140075683593750e+02
2.236979980468750000e+02
2.237030029296875000e+02
2.237070007324218750e+02
2.250939941406250000e+02
2.250980072021484375e+02
2.251029968261718750e+02
2.251069946289062500e+02
2.256179962158203125e+02
2.256230010986328125e+02
2.256269989013671875e+02
2.256309967041015625e+02
2.266679992675781250e+02
2.266719970703125000e+02
2.266759948730468750e+02
2.266799926757812500e+02
2.268430023193359375e+02
2.268470001220703125e+02
2.268509979248046875e+02
2.268549957275390625e+02
2.278939971923828125e+02
2.278979949951171875e+02
2.307059936523437500e+02
2.307120056152343750e+02
2.307169952392578125e+02
2.310540008544921875e+02
2.310579986572265625e+02
2.310619964599609375e+02
2.310650024414062500e+02
2.310690002441406250e+02
2.317579956054687500e+02
2.317619934082031250e+02
2.317660064697265625e+02
2.317689971923828125e+02
2.317729949951171875e+02
2.319380035400390625e+02
2.319420013427734375e+02
2.319450073242187500e+02
2.319490051269531250e+02
2.322899932861328125e+02
2.322940063476562500e+02
2.322969970703125000e+02
2.323009948730468750e+02
2.324620056152343750e+02
2.324660034179687500e+02
2.324700012207031250e+02
2.324730072021484375e+02
2.324770050048828125e+02
2.331710052490234375e+02
2.331750030517578125e+02
2.331779937744140625e+02
2.331820068359375000e+02
2.398860015869140625e+02
2.398899993896484375e+02
2.398930053710937500e+02
2.398970031738281250e+02
2.428999938964843750e+02
2.429040069580078125e+02
2.429069976806640625e+02
2.429129943847656250e+02
2.436100006103515625e+02
2.436139984130859375e+02
2.436170043945312500e+02
2.436219940185546875e+02
2.437870025634765625e+02
2.437910003662109375e+02
2.437980041503906250e+02
2.438020019531250000e+02
2.439640045166015625e+02
2.439689941406250000e+02
2.439720001220703125e+02
2.439750061035156250e+02
2.439790039062500000e+02
2.443190002441406250e+02
2.443240051269531250e+02
2.443269958496093750e+02
2.443329925537109375e+02
2.446739959716796875e+02
2.446790008544921875e+02
2.446820068359375000e+02
2.446849975585937500e+02
2.446900024414062500e+02
2.448589935302734375e+02
2.448650054931640625e+02
2.450299987792968750e+02
2.450370025634765625e+02
2.450399932861328125e+02
2.450449981689453125e+02
2.453849945068359375e+02
2.453890075683593750e+02
2.453919982910156250e+02
2.453959960937500000e+02
2.453999938964843750e+02
2.459170074462890625e+02
2.459219970703125000e+02
2.459250030517578125e+02
2.459279937744140625e+02
2.459329986572265625e+02
2.460950012207031250e+02
2.460989990234375000e+02
2.461020050048828125e+02
2.461060028076171875e+02
2.461100006103515625e+02
2.462729949951171875e+02
2.462769927978515625e+02
2.462799987792968750e+02
2.462839965820312500e+02
2.462879943847656250e+02
2.468049926757812500e+02
2.468099975585937500e+02
2.468130035400390625e+02
2.468159942626953125e+02
2.468209991455078125e+02
2.473379974365234375e+02
2.473430023193359375e+02
2.473459930419921875e+02
2.473489990234375000e+02
2.473540039062500000e+02
2.482270050048828125e+02
2.482310028076171875e+02
2.482339935302734375e+02
2.482380065917968750e+02
2.482420043945312500e+02
2.485820007324218750e+02
2.485859985351562500e+02
2.485890045166015625e+02
2.485930023193359375e+02
2.485970001220703125e+02
2.487599945068359375e+02
2.487640075683593750e+02
2.487669982910156250e+02
2.487709960937500000e+02
2.487749938964843750e+02
2.492929992675781250e+02
2.492969970703125000e+02
2.493000030517578125e+02
2.493040008544921875e+02
2.493079986572265625e+02
2.494700012207031250e+02
2.494750061035156250e+02
2.494779968261718750e+02
2.494810028076171875e+02
2.494859924316406250e+02
2.496479949951171875e+02
2.496519927978515625e+02
2.496549987792968750e+02
2.496589965820312500e+02
2.496629943847656250e+02
2.500039978027343750e+02
2.500079956054687500e+02
2.500110015869140625e+02
2.500140075683593750e+02
2.500189971923828125e+02
2.501809997558593750e+02
2.501860046386718750e+02
2.501889953613281250e+02
2.501920013427734375e+02
2.501970062255859375e+02
2.503589935302734375e+02
2.503630065917968750e+02
2.503659973144531250e+02
2.503699951171875000e+02
2.503739929199218750e+02
2.508919982910156250e+02
2.508990020751953125e+02
2.509029998779296875e+02
2.509080047607421875e+02
2.510740051269531250e+02
2.510769958496093750e+02
2.510809936523437500e+02
2.510859985351562500e+02
2.514250030517578125e+02
2.514299926757812500e+02
2.514329986572265625e+02
2.514360046386718750e+02
2.514409942626953125e+02
2.519579925537109375e+02
2.519629974365234375e+02
2.519660034179687500e+02
2.519689941406250000e+02
2.519739990234375000e+02
2.521360015869140625e+02
2.521399993896484375e+02
2.521439971923828125e+02
2.521470031738281250e+02
2.521519927978515625e+02
2.524909973144531250e+02
2.524960021972656250e+02
2.524989929199218750e+02
2.525019989013671875e+02
2.525070037841796875e+02
2.533800048828125000e+02
2.533840026855468750e+02
2.533869934082031250e+02
2.533910064697265625e+02
2.533959960937500000e+02
2.535579986572265625e+02
2.535619964599609375e+02
2.535650024414062500e+02
2.535690002441406250e+02
2.535740051269531250e+02
2.539129943847656250e+02
2.539170074462890625e+02
2.539199981689453125e+02
2.539239959716796875e+02
2.539290008544921875e+02
2.540950012207031250e+02
2.540980072021484375e+02
2.541020050048828125e+02
2.541069946289062500e+02
2.546239929199218750e+02
2.546280059814453125e+02
2.546309967041015625e+02
2.546349945068359375e+02
2.546399993896484375e+02
2.551569976806640625e+02
2.551609954833984375e+02
2.551640014648437500e+02
2.551679992675781250e+02
2.551730041503906250e+02
2.556940002441406250e+02
2.556970062255859375e+02
2.556999969482421875e+02
2.557050018310546875e+02
2.558670043945312500e+02
2.558710021972656250e+02
2.558750000000000000e+02
2.558780059814453125e+02
2.558829956054687500e+02
2.560450134277343750e+02
2.560520019531250000e+02
2.563999938964843750e+02
2.564039916992187500e+02
2.564070129394531250e+02
2.564110107421875000e+02
2.564159851074218750e+02
2.569330139160156250e+02
2.569370117187500000e+02
2.569400024414062500e+02
2.569440002441406250e+02
2.569490051269531250e+02
2.572919921875000000e+02
2.572950134277343750e+02
2.572990112304687500e+02
2.573039855957031250e+02
2.580020141601562500e+02
2.580050048828125000e+02
2.580140075683593750e+02
2.583529968261718750e+02
2.583569946289062500e+02
2.583599853515625000e+02
2.583640136718750000e+02
2.583689880371093750e+02
2.590669860839843750e+02
2.590700073242187500e+02
2.590729980468750000e+02
2.590790100097656250e+02
2.592399902343750000e+02
2.592439880371093750e+02
2.592470092773437500e+02
2.592510070800781250e+02
2.592560119628906250e+02
2.601270141601562500e+02
2.601310119628906250e+02
2.601340026855468750e+02
2.601380004882812500e+02
2.601430053710937500e+02
2.604809875488281250e+02
2.604859924316406250e+02
2.604890136718750000e+02
2.604920043945312500e+02
2.604979858398437500e+02
2.611900024414062500e+02
2.611950073242187500e+02
2.611979980468750000e+02
2.612009887695312500e+02
2.612070007324218750e+02
2.613680114746093750e+02
2.613720092773437500e+02
2.613750000000000000e+02
2.613789978027343750e+02
2.613840026855468750e+02
2.615450134277343750e+02
2.615490112304687500e+02
2.615520019531250000e+02
2.615559997558593750e+02
2.615610046386718750e+02
2.619039916992187500e+02
2.619070129394531250e+02
2.619100036621093750e+02
2.619150085449218750e+02
2.624299926757812500e+02
2.624349975585937500e+02
2.624379882812500000e+02
2.624419860839843750e+02
2.624469909667968750e+02
2.631430053710937500e+02
2.631459960937500000e+02
2.631499938964843750e+02
2.640239868164062500e+02
2.640280151367187500e+02
2.640310058593750000e+02
2.640350036621093750e+02
2.640400085449218750e+02
2.643779907226562500e+02
2.643819885253906250e+02
2.643850097656250000e+02
2.643890075683593750e+02
2.643940124511718750e+02
2.649079895019531250e+02
2.649159851074218750e+02
2.649190063476562500e+02
2.649249877929687500e+02
2.650849914550781250e+02
2.650889892578125000e+02
2.650929870605468750e+02
2.650960083007812500e+02
2.651019897460937500e+02
2.657919921875000000e+02
2.657969970703125000e+02
2.657999877929687500e+02
2.658030090332031250e+02
2.658089904785156250e+02
2.663219909667968750e+02
2.663269958496093750e+02
2.663299865722656250e+02
2.663330078125000000e+02
2.663389892578125000e+02
2.664989929199218750e+02
2.665100097656250000e+02
2.665150146484375000e+02
2.672049865722656250e+02
2.672090148925781250e+02
2.672120056152343750e+02
2.672160034179687500e+02
2.672210083007812500e+02
2.673819885253906250e+02
2.673859863281250000e+02
2.673890075683593750e+02
2.673919982910156250e+02
2.673980102539062500e+02
2.677420043945312500e+02
2.677449951171875000e+02
2.677510070800781250e+02
2.679150085449218750e+02
2.679179992675781250e+02
2.679219970703125000e+02
2.679280090332031250e+02
2.682659912109375000e+02
2.682690124511718750e+02
2.682749938964843750e+02
2.682799987792968750e+02
2.686210021972656250e+02
2.686239929199218750e+02
2.686270141601562500e+02
2.693259887695312500e+02
2.693290100097656250e+02
2.693320007324218750e+02
2.693380126953125000e+02
2.698540039062500000e+02
2.698569946289062500e+02
2.698599853515625000e+02
2.698670043945312500e+02
2.705580139160156250e+02
2.705610046386718750e+02
2.705650024414062500e+02
2.705710144042968750e+02
2.709100036621093750e+02
2.709129943847656250e+02
2.709159851074218750e+02
2.709230041503906250e+02
2.712619934082031250e+02
2.712650146484375000e+02
2.712680053710937500e+02
2.719649963378906250e+02
2.719679870605468750e+02
2.719710083007812500e+02
2.719739990234375000e+02
2.723160095214843750e+02
2.723229980468750000e+02
2.723259887695312500e+02
2.730190124511718750e+02
2.730220031738281250e+02
2.730249938964843750e+02
2.730280151367187500e+02
2.737200012207031250e+02
2.737229919433593750e+02
2.737269897460937500e+02
2.737309875488281250e+02
2.744219970703125000e+02
2.744249877929687500e+02
2.744280090332031250e+02
2.744330139160156250e+02
2.752969970703125000e+02
2.752999877929687500e+02
2.753039855957031250e+02
2.753089904785156250e+02
2.758219909667968750e+02
2.758250122070312500e+02
2.758290100097656250e+02
2.758349914550781250e+02
2.759970092773437500e+02
2.760000000000000000e+02
2.760029907226562500e+02
2.760100097656250000e+02
2.765220031738281250e+02
2.765249938964843750e+02
2.765280151367187500e+02
2.765339965820312500e+02
2.766960144042968750e+02
2.766990051269531250e+02
2.767030029296875000e+02
2.767090148925781250e+02
2.768770141601562500e+02
2.768840026855468750e+02
2.777439880371093750e+02
2.779179992675781250e+02
2.779209899902343750e+02
2.779249877929687500e+02
2.782669982910156250e+02
2.782699890136718750e+02
2.782739868164062500e+02
2.782799987792968750e+02
2.786159973144531250e+02
2.786189880371093750e+02
2.786220092773437500e+02
2.786279907226562500e+02
2.793129882812500000e+02
2.793190002441406250e+02
2.793250122070312500e+02
2.794869995117187500e+02
2.794899902343750000e+02
2.794930114746093750e+02
2.794989929199218750e+02
2.796610107421875000e+02
2.796640014648437500e+02
2.796669921875000000e+02
2.796730041503906250e+02
2.800090026855468750e+02
2.800209960937500000e+02
2.803559875488281250e+02
2.803590087890625000e+02
2.803630065917968750e+02
2.803689880371093750e+02
2.807070007324218750e+02
2.807099914550781250e+02
2.807170104980468750e+02
2.808779907226562500e+02
2.808810119628906250e+02
2.808900146484375000e+02
2.812250061035156250e+02
2.812309875488281250e+02
2.815719909667968750e+02
2.815750122070312500e+02
2.815790100097656250e+02
2.815849914550781250e+02
2.817460021972656250e+02
2.817489929199218750e+02
2.826189880371093750e+02
2.826250000000000000e+02
2.829620056152343750e+02
2.829649963378906250e+02
2.829710083007812500e+02
2.839970092773437500e+02
2.840000000000000000e+02
2.840029907226562500e+02
2.840090026855468750e+02
2.845150146484375000e+02
2.845180053710937500e+02
2.845220031738281250e+02
2.845280151367187500e+02
2.852059936523437500e+02
2.852090148925781250e+02
2.852120056152343750e+02
2.852179870605468750e+02
2.857229919433593750e+02
2.857359924316406250e+02
2.864119873046875000e+02
2.864179992675781250e+02
2.864249877929687500e+02
2.867560119628906250e+02
2.867590026855468750e+02
2.867630004882812500e+02
2.867690124511718750e+02
2.871000061035156250e+02
2.871029968261718750e+02
2.871069946289062500e+02
2.871130065917968750e+02
2.874440002441406250e+02
2.874469909667968750e+02
2.874500122070312500e+02
2.874570007324218750e+02
2.876159973144531250e+02
2.876189880371093750e+02
2.876279907226562500e+02
2.883030090332031250e+02
2.883059997558593750e+02
2.883089904785156250e+02
2.883150024414062500e+02
2.891629943847656250e+02
2.891659851074218750e+02
2.891719970703125000e+02
2.895020141601562500e+02
2.895050048828125000e+02
2.895150146484375000e+02
2.903569946289062500e+02
2.903599853515625000e+02
2.903640136718750000e+02
2.903699951171875000e+02
2.905280151367187500e+02
2.905350036621093750e+02
2.905409851074218750e+02
2.906990051269531250e+02
2.908699951171875000e+02
2.908729858398437500e+02
2.908760070800781250e+02
2.908819885253906250e+02
2.913819885253906250e+02
2.913880004882812500e+02
2.913940124511718750e+02
2.915520019531250000e+02
2.915549926757812500e+02
2.915589904785156250e+02
2.915650024414062500e+02
2.917229919433593750e+02
2.917260131835937500e+02
2.917290039062500000e+02
2.917349853515625000e+02
2.920639953613281250e+02
2.920669860839843750e+02
2.920700073242187500e+02
2.920759887695312500e+02
2.929150085449218750e+02
2.929179992675781250e+02
2.929209899902343750e+02
2.929270019531250000e+02
2.930849914550781250e+02
2.930880126953125000e+02
2.930910034179687500e+02
2.930969848632812500e+02
2.937640075683593750e+02
2.937770080566406250e+02
2.941040039062500000e+02
2.941069946289062500e+02
2.941099853515625000e+02
2.941159973144531250e+02
2.952900085449218750e+02
2.952919921875000000e+02
2.953020019531250000e+02
2.954590148925781250e+02
2.954620056152343750e+02
2.954649963378906250e+02
2.954710083007812500e+02
2.956279907226562500e+02
2.956310119628906250e+02
2.956340026855468750e+02
2.956400146484375000e+02
2.961350097656250000e+02
2.961380004882812500e+02
2.961409912109375000e+02
2.961470031738281250e+02
2.964729919433593750e+02
2.964750061035156250e+02
2.964790039062500000e+02
2.964849853515625000e+02
2.978210144042968750e+02
2.978240051269531250e+02
2.978269958496093750e+02
2.978330078125000000e+02
2.981600036621093750e+02
2.984930114746093750e+02
2.984960021972656250e+02
2.985000000000000000e+02
2.985060119628906250e+02
2.986610107421875000e+02
2.986640014648437500e+02
2.986679992675781250e+02
2.986740112304687500e+02
2.989970092773437500e+02
2.990000000000000000e+02
2.990029907226562500e+02
2.990090026855468750e+02
2.991650085449218750e+02
2.991679992675781250e+02
2.991709899902343750e+02
2.991770019531250000e+02
2.995000000000000000e+02
2.995029907226562500e+02
2.995069885253906250e+02
2.995130004882812500e+02
2.996679992675781250e+02
2.996709899902343750e+02
2.996740112304687500e+02
2.996799926757812500e+02
2.998359985351562500e+02
2.998380126953125000e+02
2.998420104980468750e+02
2.998479919433593750e+02
3.001700134277343750e+02
3.001730041503906250e+02
3.001770019531250000e+02
3.003380126953125000e+02
3.003410034179687500e+02
3.003439941406250000e+02
3.003500061035156250e+02
3.006749877929687500e+02
3.006780090332031250e+02
3.006839904785156250e+02
3.010060119628906250e+02
3.010090026855468750e+02
3.010130004882812500e+02
3.010190124511718750e+02
3.050000000000000000e+02
3.050029907226562500e+02
3.050090026855468750e+02
3.056610107421875000e+02
3.056640014648437500e+02
3.056700134277343750e+02
3.061560058593750000e+02
3.061589965820312500e+02
3.061650085449218750e+02
3.120490112304687500e+02
3.128599853515625000e+02
3.128640136718750000e+02
3.131839904785156250e+02
3.131879882812500000e+02
3.131929931640625000e+02
3.151220092773437500e+02
3.151250000000000000e+02
3.151310119628906250e+02
3.157659912109375000e+02
3.157690124511718750e+02
3.157749938964843750e+02
3.320859985351562500e+02
