Dust optical depth, Latitude [deg], Solar longitude [deg]
2.267868062912081317e+00 -4.200000000000000000e+01 2.202250061035156250e+02
2.039955612921962924e+00 -5.450000000000000000e+01 2.317619934082031250e+02
2.045912406557988561e+00 -3.650000000000000000e+01 2.324660034179687500e+02
2.307034267028576835e+00 -7.000000000000000000e+00 2.398899993896484375e+02
2.035438495189887842e+00 7.000000000000000000e+00 2.398930053710937500e+02
2.690808388915021165e+00 -1.100000000000000000e+01 2.437910003662109375e+02
2.245436696944193677e+00 -4.350000000000000000e+01 2.453849945068359375e+02
2.036453864759027788e+00 -5.000000000000000000e+00 2.468099975585937500e+02
2.171372604161174280e+00 -5.200000000000000000e+01 2.487599945068359375e+02
2.392890166913606453e+00 -1.000000000000000000e+01 2.487640075683593750e+02
2.143747730475769053e+00 -1.100000000000000000e+01 2.510740051269531250e+02
2.185040108108247114e+00 -1.800000000000000000e+01 2.521399993896484375e+02
2.413162437281274997e+00 6.000000000000000000e+00 2.521439971923828125e+02
2.226550045360646379e+00 -4.300000000000000000e+01 2.524909973144531250e+02
2.029314799502969890e+00 -3.000000000000000000e+01 2.524960021972656250e+02
2.387533370519290710e+00 -1.900000000000000000e+01 2.539170074462890625e+02
2.418536873002272714e+00 1.500000000000000000e+00 2.539199981689453125e+02
2.363370037457731332e+00 -1.000000000000000000e+00 2.556970062255859375e+02
2.031853257679627767e+00 9.000000000000000000e+00 2.558780059814453125e+02
2.152845781339655762e+00 -2.800000000000000000e+01 2.564039916992187500e+02
2.203416405029194003e+00 -1.650000000000000000e+01 2.613720092773437500e+02
2.125578155098530431e+00 2.200000000000000000e+01 2.643940124511718750e+02
2.171196123668735822e+00 2.950000000000000000e+01 2.651019897460937500e+02
2.525496993630443221e+00 3.000000000000000000e+00 2.663330078125000000e+02
2.126943504009911390e+00 2.500000000000000000e+01 2.663389892578125000e+02
2.414285162942985785e+00 -3.200000000000000000e+01 2.673859863281250000e+02
2.038750076817168910e+00 -1.200000000000000000e+01 2.673890075683593750e+02
2.328946228464836565e+00 2.400000000000000000e+01 2.686329956054687500e+02
2.154806100276780878e+00 2.100000000000000000e+01 2.693380126953125000e+02
2.264560486376983484e+00 -4.950000000000000000e+01 2.937640075683593750e+02
2.614240364291990470e+00 -4.900000000000000000e+01 2.961350097656250000e+02
2.032499140122553172e+00 -5.000000000000000000e+01 2.978210144042968750e+02
2.112575317774116002e+00 -5.300000000000000000e+01 2.996679992675781250e+02
2.253017519903132815e+00 -2.500000000000000000e+01 3.061589965820312500e+02
2.027695366411347955e+00 -3.900000000000000000e+01 3.131879882812500000e+02
