Dust optical depth, Latitude [deg], Solar longitude [deg]
8.685566959910998364e+00 -4.400000000000000000e+01 4.367599868774414062e+01
8.837814281477124112e+00 -4.400000000000000000e+01 4.507500076293945312e+01
2.220259746482101004e+00 1.000000000000000000e+00 1.852720031738281250e+02
2.037798454945371152e+00 4.000000000000000000e+00 2.023939971923828125e+02
2.214066893857025153e+00 3.000000000000000000e+00 2.340959930419921875e+02
2.182953763791541935e+00 -1.100000000000000000e+01 2.342769927978515625e+02
2.179710150710542305e+00 -2.200000000000000000e+01 2.371710052490234375e+02
2.114383089482251510e+00 -3.000000000000000000e+00 2.384479980468750000e+02
2.628825049313303630e+00 -4.000000000000000000e+00 2.395390014648437500e+02
2.427391729455867342e+00 -4.600000000000000000e+01 2.400740051269531250e+02
2.055178370923410824e+00 -2.850000000000000000e+01 2.455379943847656250e+02
2.067608338015142433e+00 -1.900000000000000000e+01 2.455489959716796875e+02
2.100368466561006731e+00 -5.800000000000000000e+01 3.158009948730468750e+02
2.090060913017958821e+00 -7.000000000000000000e+00 3.356480102539062500e+02
2.016979841822155617e+00 -9.000000000000000000e+00 3.373500061035156250e+02
