5.829999923706054688e+00
5.833000183105468750e+00
6.946000099182128906e+00
6.948999881744384766e+00
7.780000209808349609e+00
7.783999919891357422e+00
8.890000343322753906e+00
8.892999649047851562e+00
8.897000312805175781e+00
9.305000305175781250e+00
9.307999610900878906e+00
9.312000274658203125e+00
9.442999839782714844e+00
9.720000267028808594e+00
1.027200031280517578e+01
1.027499961853027344e+01
1.027799987792968750e+01
1.054699993133544922e+01
1.055099964141845703e+01
1.055399990081787109e+01
1.110099983215332031e+01
1.110499954223632812e+01
1.137300014495849609e+01
1.137600040435791016e+01
1.138000011444091797e+01
1.151000022888183594e+01
1.151399993896484375e+01
1.178499984741210938e+01
1.178800010681152344e+01
1.179199981689453125e+01
1.192199993133544922e+01
1.192599964141845703e+01
1.205900001525878906e+01
1.206299972534179688e+01
1.206599998474121094e+01
1.233399963378906250e+01
1.233699989318847656e+01
1.234000015258789062e+01
1.247099971771240234e+01
1.260799980163574219e+01
1.261100006103515625e+01
1.261400032043457031e+01
1.288099956512451172e+01
1.288500022888183594e+01
1.288799953460693359e+01
1.315499973297119141e+01
1.315799999237060547e+01
1.316199970245361328e+01
1.438300037384033203e+01
1.438599967956542969e+01
1.451900005340576172e+01
1.452299976348876953e+01
1.452600002288818359e+01
1.465499973297119141e+01
1.466199970245361328e+01
1.479199981689453125e+01
1.479500007629394531e+01
1.479800033569335938e+01
1.547099971771240234e+01
1.547500038146972656e+01
1.547799968719482422e+01
1.574300003051757812e+01
1.574600028991699219e+01
1.574899959564208984e+01
1.587899971008300781e+01
1.614999961853027344e+01
1.615299987792968750e+01
1.615600013732910156e+01
1.628499984741210938e+01
1.628899955749511719e+01
1.629199981689453125e+01
1.655599975585937500e+01
1.655900001525878906e+01
1.656299972534179688e+01
1.669099998474121094e+01
1.669499969482421875e+01
1.669799995422363281e+01
1.682699966430664062e+01
1.682999992370605469e+01
1.723200035095214844e+01
1.723600006103515625e+01
1.723900032043457031e+01
1.763800048828125000e+01
1.764100074768066406e+01
1.764399909973144531e+01
1.858099937438964844e+01
1.858499908447265625e+01
1.858799934387207031e+01
1.859000015258789062e+01
1.952300071716308594e+01
1.952599906921386719e+01
1.952899932861328125e+01
1.953199958801269531e+01
1.965699958801269531e+01
1.965999984741210938e+01
1.966300010681152344e+01
2.019400024414062500e+01
2.019700050354003906e+01
2.020000076293945312e+01
2.032799911499023438e+01
2.033099937438964844e+01
2.033399963378906250e+01
2.046199989318847656e+01
2.046500015258789062e+01
2.046800041198730469e+01
2.047100067138671875e+01
2.059600067138671875e+01
2.059900093078613281e+01
2.060199928283691406e+01
2.060499954223632812e+01
2.126399993896484375e+01
2.126700019836425781e+01
2.127099990844726562e+01
2.127300071716308594e+01
2.139699935913085938e+01
2.140099906921386719e+01
2.140399932861328125e+01
2.140699958801269531e+01
2.193199920654296875e+01
2.193499946594238281e+01
2.193899917602539062e+01
2.194099998474121094e+01
2.206500053405761719e+01
2.206900024414062500e+01
2.207200050354003906e+01
2.207399940490722656e+01
2.299799919128417969e+01
2.300099945068359375e+01
2.300699996948242188e+01
2.313100051879882812e+01
2.313400077819824219e+01
2.326399993896484375e+01
2.326700019836425781e+01
2.327099990844726562e+01
2.327300071716308594e+01
2.353000068664550781e+01
2.353300094604492188e+01
2.353700065612792969e+01
2.353899955749511719e+01
2.392900085449218750e+01
2.393199920654296875e+01
2.393499946594238281e+01
2.393799972534179688e+01
2.406100082397460938e+01
2.406500053405761719e+01
2.406800079345703125e+01
2.407099914550781250e+01
2.419400024414062500e+01
2.419700050354003906e+01
2.420000076293945312e+01
2.420299911499023438e+01
2.432699966430664062e+01
2.432999992370605469e+01
2.433300018310546875e+01
2.433600044250488281e+01
2.445899963378906250e+01
2.446199989318847656e+01
2.446599960327148438e+01
2.446800041198730469e+01
2.472400093078613281e+01
2.472800064086914062e+01
2.473100090026855469e+01
2.473399925231933594e+01
2.485700035095214844e+01
2.486000061035156250e+01
2.486300086975097656e+01
2.486599922180175781e+01
2.498900032043457031e+01
2.499200057983398438e+01
2.499600028991699219e+01
2.499799919128417969e+01
2.525399971008300781e+01
2.525699996948242188e+01
2.526000022888183594e+01
2.526300048828125000e+01
2.526399993896484375e+01
2.538599967956542969e+01
2.538899993896484375e+01
2.539299964904785156e+01
2.539500045776367188e+01
2.539699935913085938e+01
2.578300094604492188e+01
2.578599929809570312e+01
2.578899955749511719e+01
2.579199981689453125e+01
2.579299926757812500e+01
2.591500091552734375e+01
2.591799926757812500e+01
2.592099952697753906e+01
2.592399978637695312e+01
2.592499923706054688e+01
2.604700088500976562e+01
2.604999923706054688e+01
2.605400085449218750e+01
2.605599975585937500e+01
2.605800056457519531e+01
2.670700073242187500e+01
2.670999908447265625e+01
2.671299934387207031e+01
2.671599960327148438e+01
2.671699905395507812e+01
2.736599922180175781e+01
2.736899948120117188e+01
2.737199974060058594e+01
2.737400054931640625e+01
2.737599945068359375e+01
2.776000022888183594e+01
2.776399993896484375e+01
2.776700019836425781e+01
2.776899909973144531e+01
2.777099990844726562e+01
2.868000030517578125e+01
2.868300056457519531e+01
2.868600082397460938e+01
2.868899917602539062e+01
2.869099998474121094e+01
2.920499992370605469e+01
2.920800018310546875e+01
2.921100044250488281e+01
2.921299934387207031e+01
2.921599960327148438e+01
2.933600044250488281e+01
2.933900070190429688e+01
2.934399986267089844e+01
2.934700012207031250e+01
2.947500038146972656e+01
2.972900009155273438e+01
2.973200035095214844e+01
2.973500061035156250e+01
2.973699951171875000e+01
2.973999977111816406e+01
2.985899925231933594e+01
2.986300086975097656e+01
2.986599922180175781e+01
2.986800003051757812e+01
2.987000083923339844e+01
3.012100028991699219e+01
3.012400054931640625e+01
3.012700080871582031e+01
3.012999916076660156e+01
3.013199996948242188e+01
3.064399909973144531e+01
3.064699935913085938e+01
3.064999961853027344e+01
3.065299987792968750e+01
3.065500068664550781e+01
3.103599929809570312e+01
3.103899955749511719e+01
3.104199981689453125e+01
3.104400062561035156e+01
3.104700088500976562e+01
3.142700004577636719e+01
3.143000030517578125e+01
3.143300056457519531e+01
3.143600082397460938e+01
3.143799972534179688e+01
3.181800079345703125e+01
3.182099914550781250e+01
3.182699966430664062e+01
3.182900047302246094e+01
3.247200012207031250e+01
3.247499847412109375e+01
3.247800064086914062e+01
3.247999954223632812e+01
3.286199951171875000e+01
3.286600112915039062e+01
3.286800003051757812e+01
3.287099838256835938e+01
3.377500152587890625e+01
3.377700042724609375e+01
3.377999877929687500e+01
3.390100097656250000e+01
3.390399932861328125e+01
3.390700149536132812e+01
3.390900039672851562e+01
3.429000091552734375e+01
3.429299926757812500e+01
3.429499816894531250e+01
3.429800033569335938e+01
3.441999816894531250e+01
3.442300033569335938e+01
3.442499923706054688e+01
3.442800140380859375e+01
3.480799865722656250e+01
3.481100082397460938e+01
3.481399917602539062e+01
3.481600189208984375e+01
3.481800079345703125e+01
3.545500183105468750e+01
3.545800018310546875e+01
3.545999908447265625e+01
3.546300125122070312e+01
3.558399963378906250e+01
3.558700180053710938e+01
3.559000015258789062e+01
3.559199905395507812e+01
3.559500122070312500e+01
3.571400070190429688e+01
3.571699905395507812e+01
3.571900177001953125e+01
3.572100067138671875e+01
3.572299957275390625e+01
3.584299850463867188e+01
3.584600067138671875e+01
3.584799957275390625e+01
3.584999847412109375e+01
3.585300064086914062e+01
3.622999954223632812e+01
3.623300170898437500e+01
3.623500061035156250e+01
3.623799896240234375e+01
3.624100112915039062e+01
3.674599838256835938e+01
3.674900054931640625e+01
3.675099945068359375e+01
3.675400161743164062e+01
3.675699996948242188e+01
3.700400161743164062e+01
3.700699996948242188e+01
3.700899887084960938e+01
3.701100158691406250e+01
3.701399993896484375e+01
3.751900100708007812e+01
3.752199935913085938e+01
3.752500152587890625e+01
3.752700042724609375e+01
3.752999877929687500e+01
3.764799880981445312e+01
3.765100097656250000e+01
3.765299987792968750e+01
3.765499877929687500e+01
3.765900039672851562e+01
3.803400039672851562e+01
3.803699874877929688e+01
3.803900146484375000e+01
3.804100036621093750e+01
3.804499816894531250e+01
3.867800140380859375e+01
3.868199920654296875e+01
3.868399810791015625e+01
3.868799972534179688e+01
3.893399810791015625e+01
3.893700027465820312e+01
3.893899917602539062e+01
3.894100189208984375e+01
3.894499969482421875e+01
3.931900024414062500e+01
3.932199859619140625e+01
3.932400131225585938e+01
3.932600021362304688e+01
3.933000183105468750e+01
3.944699859619140625e+01
3.996500015258789062e+01
3.996699905395507812e+01
3.997000122070312500e+01
4.072800064086914062e+01
4.073600006103515625e+01
4.073899841308593750e+01
4.111199951171875000e+01
4.111500167846679688e+01
4.111700057983398438e+01
4.111899948120117188e+01
4.124000167846679688e+01
4.124499893188476562e+01
4.125000000000000000e+01
4.200600051879882812e+01
4.200899887084960938e+01
4.201200103759765625e+01
4.201399993896484375e+01
4.290000152587890625e+01
4.290299987792968750e+01
4.290499877929687500e+01
4.290700149536132812e+01
4.291099929809570312e+01
4.315399932861328125e+01
4.315800094604492188e+01
4.366899871826171875e+01
4.391899871826171875e+01
4.392200088500976562e+01
4.392399978637695312e+01
4.392599868774414062e+01
4.393000030517578125e+01
4.480899810791015625e+01
4.481200027465820312e+01
4.481399917602539062e+01
4.481600189208984375e+01
4.482099914550781250e+01
4.506299972534179688e+01
4.506600189208984375e+01
4.531700134277343750e+01
4.531999969482421875e+01
4.532199859619140625e+01
4.532400131225585938e+01
4.532899856567382812e+01
4.557400131225585938e+01
4.557600021362304688e+01
4.557799911499023438e+01
4.558300018310546875e+01
4.684199905395507812e+01
4.684500122070312500e+01
4.684700012207031250e+01
4.685100173950195312e+01
4.747200012207031250e+01
4.747600173950195312e+01
4.747800064086914062e+01
4.747999954223632812e+01
4.748400115966796875e+01
4.810499954223632812e+01
4.811199951171875000e+01
4.811500167846679688e+01
4.848400115966796875e+01
4.848799896240234375e+01
4.849000167846679688e+01
4.849200057983398438e+01
4.849599838256835938e+01
4.886700057983398438e+01
4.886899948120117188e+01
4.887099838256835938e+01
4.887500000000000000e+01
5.125999832153320312e+01
5.126300048828125000e+01
5.126599884033203125e+01
5.126800155639648438e+01
5.127199935913085938e+01
5.214199829101562500e+01
5.214500045776367188e+01
5.214699935913085938e+01
5.214899826049804688e+01
5.215299987792968750e+01
5.264500045776367188e+01
5.264799880981445312e+01
5.265000152587890625e+01
5.265200042724609375e+01
5.265599822998046875e+01
5.289599990844726562e+01
5.289899826049804688e+01
5.290100097656250000e+01
5.290299987792968750e+01
5.290800094604492188e+01
5.314799880981445312e+01
5.315100097656250000e+01
5.315299987792968750e+01
5.315499877929687500e+01
5.315900039672851562e+01
5.327600097656250000e+01
5.377600097656250000e+01
5.377899932861328125e+01
5.378099822998046875e+01
5.378300094604492188e+01
5.378699874877929688e+01
5.390100097656250000e+01
5.390399932861328125e+01
5.390700149536132812e+01
5.390900039672851562e+01
5.391099929809570312e+01
5.391500091552734375e+01
5.415299987792968750e+01
5.415599822998046875e+01
5.416400146484375000e+01
5.427799987792968750e+01
5.428099822998046875e+01
5.428300094604492188e+01
5.428499984741210938e+01
5.503099822998046875e+01
5.503400039672851562e+01
5.503599929809570312e+01
5.503799819946289062e+01
5.540700149536132812e+01
5.540999984741210938e+01
5.541199874877929688e+01
5.541400146484375000e+01
5.541899871826171875e+01
5.590900039672851562e+01
5.591199874877929688e+01
5.591400146484375000e+01
5.591999816894531250e+01
5.628499984741210938e+01
5.628799819946289062e+01
5.629000091552734375e+01
5.629199981689453125e+01
5.629600143432617188e+01
5.903799819946289062e+01
5.904100036621093750e+01
5.904299926757812500e+01
5.904499816894531250e+01
5.904899978637695312e+01
8.234300231933593750e+01
8.234500122070312500e+01
8.234700012207031250e+01
8.235099792480468750e+01
8.660099792480468750e+01
8.660600280761718750e+01
8.684999847412109375e+01
8.685199737548828125e+01
8.685700225830078125e+01
9.605500030517578125e+01
9.605699920654296875e+01
9.606199645996093750e+01
9.770600128173828125e+01
9.770899963378906250e+01
9.771299743652343750e+01
9.923699951171875000e+01
9.924099731445312500e+01
1.012850036621093750e+02
1.114960021972656250e+02
1.158280029296875000e+02
1.171520004272460938e+02
1.271129989624023438e+02
1.541439971923828125e+02
1.559230041503906250e+02
1.559259948730468750e+02
1.563699951171875000e+02
1.773540039062500000e+02
1.773580017089843750e+02
1.773609924316406250e+02
1.773630065917968750e+02
1.773690032958984375e+02
1.786329956054687500e+02
1.786369934082031250e+02
1.786390075683593750e+02
1.786419982910156250e+02
1.786459960937500000e+02
1.786499938964843750e+02
1.795950012207031250e+02
1.795989990234375000e+02
1.796020050048828125e+02
1.796049957275390625e+02
1.796100006103515625e+02
1.799170074462890625e+02
1.799259948730468750e+02
1.799320068359375000e+02
1.812089996337890625e+02
1.812120056152343750e+02
1.812149963378906250e+02
1.812209930419921875e+02
1.816900024414062500e+02
1.816940002441406250e+02
1.816970062255859375e+02
1.816990051269531250e+02
1.817050018310546875e+02
1.818520050048828125e+02
1.818560028076171875e+02
1.818580017089843750e+02
1.818609924316406250e+02
1.818650054931640625e+02
1.818690032958984375e+02
1.823370056152343750e+02
1.823410034179687500e+02
1.823470001220703125e+02
1.823529968261718750e+02
1.834730072021484375e+02
1.834770050048828125e+02
1.834790039062500000e+02
1.834819946289062500e+02
1.834880065917968750e+02
1.839609985351562500e+02
1.839700012207031250e+02
1.839759979248046875e+02
1.847749938964843750e+02
1.847790069580078125e+02
1.847819976806640625e+02
1.847850036621093750e+02
1.847910003662109375e+02
1.851009979248046875e+02
1.851080017089843750e+02
1.851109924316406250e+02
1.851170043945312500e+02
1.852649993896484375e+02
1.852689971923828125e+02
1.852720031738281250e+02
1.852740020751953125e+02
1.852779998779296875e+02
1.852819976806640625e+02
1.859190063476562500e+02
1.859230041503906250e+02
1.859250030517578125e+02
1.859279937744140625e+02
1.859340057373046875e+02
1.865740051269531250e+02
1.865780029296875000e+02
1.865809936523437500e+02
1.865829925537109375e+02
1.865890045166015625e+02
1.867380065917968750e+02
1.867420043945312500e+02
1.867449951171875000e+02
1.867469940185546875e+02
1.867510070800781250e+02
1.867550048828125000e+02
1.869109954833984375e+02
1.869149932861328125e+02
1.869190063476562500e+02
1.872299957275390625e+02
1.872339935302734375e+02
1.872369995117187500e+02
1.872400054931640625e+02
1.872460021972656250e+02
1.873950042724609375e+02
1.873990020751953125e+02
1.874010009765625000e+02
1.874040069580078125e+02
1.874080047607421875e+02
1.878880004882812500e+02
1.878919982910156250e+02
1.878950042724609375e+02
1.878970031738281250e+02
1.879029998779296875e+02
1.880520019531250000e+02
1.880619964599609375e+02
1.880659942626953125e+02
1.883820037841796875e+02
1.883860015869140625e+02
1.883890075683593750e+02
1.883910064697265625e+02
1.883970031738281250e+02
1.885509948730468750e+02
1.885529937744140625e+02
1.885599975585937500e+02
1.890420074462890625e+02
1.890460052490234375e+02
1.890480041503906250e+02
1.890509948730468750e+02
1.890570068359375000e+02
1.892070007324218750e+02
1.892109985351562500e+02
1.892140045166015625e+02
1.892200012207031250e+02
1.893760070800781250e+02
1.893789978027343750e+02
1.893809967041015625e+02
1.893849945068359375e+02
1.900410003662109375e+02
1.900440063476562500e+02
1.900500030517578125e+02
1.903659973144531250e+02
1.903699951171875000e+02
1.903730010986328125e+02
1.903760070800781250e+02
1.903820037841796875e+02
1.908699951171875000e+02
1.908719940185546875e+02
1.908760070800781250e+02
1.908820037841796875e+02
1.925350036621093750e+02
1.925420074462890625e+02
1.925449981689453125e+02
1.925509948730468750e+02
1.947189941406250000e+02
1.947220001220703125e+02
1.947250061035156250e+02
1.947279968261718750e+02
1.947339935302734375e+02
1.964100036621093750e+02
1.964129943847656250e+02
1.964160003662109375e+02
1.964190063476562500e+02
1.964219970703125000e+02
1.974279937744140625e+02
1.974309997558593750e+02
1.974340057373046875e+02
1.974369964599609375e+02
1.974440002441406250e+02
1.996430053710937500e+02
1.996459960937500000e+02
1.996490020751953125e+02
1.996519927978515625e+02
1.996580047607421875e+02
1.998139953613281250e+02
1.998200073242187500e+02
1.998229980468750000e+02
1.998289947509765625e+02
2.004980010986328125e+02
2.005010070800781250e+02
2.005039978027343750e+02
2.005070037841796875e+02
2.005130004882812500e+02
2.008410034179687500e+02
2.008430023193359375e+02
2.008459930419921875e+02
2.008500061035156250e+02
2.008560028076171875e+02
2.013639984130859375e+02
2.013699951171875000e+02
2.022160034179687500e+02
2.022189941406250000e+02
2.022220001220703125e+02
2.023849945068359375e+02
2.023880004882812500e+02
2.023910064697265625e+02
2.023939971923828125e+02
2.042810058593750000e+02
2.042830047607421875e+02
2.042859954833984375e+02
2.042899932861328125e+02
2.042960052490234375e+02
2.046260070800781250e+02
2.046289978027343750e+02
2.046320037841796875e+02
2.046410064697265625e+02
2.063600006103515625e+02
2.063630065917968750e+02
2.063670043945312500e+02
2.063730010986328125e+02
2.082720031738281250e+02
2.082749938964843750e+02
2.082790069580078125e+02
2.082850036621093750e+02
2.086179962158203125e+02
2.086210021972656250e+02
2.086269989013671875e+02
2.086329956054687500e+02
2.091439971923828125e+02
2.091569976806640625e+02
2.110670013427734375e+02
2.110700073242187500e+02
2.110729980468750000e+02
2.110800018310546875e+02
2.114170074462890625e+02
2.114199981689453125e+02
2.114239959716796875e+02
2.114299926757812500e+02
2.115899963378906250e+02
2.115930023193359375e+02
2.115959930419921875e+02
2.115989990234375000e+02
2.116049957275390625e+02
2.140529937744140625e+02
2.140559997558593750e+02
2.140659942626953125e+02
2.145820007324218750e+02
2.145850067138671875e+02
2.145879974365234375e+02
2.145939941406250000e+02
2.147579956054687500e+02
2.147640075683593750e+02
2.147709960937500000e+02
2.165240020751953125e+02
2.165269927978515625e+02
2.165310058593750000e+02
2.165370025634765625e+02
2.181190032958984375e+02
2.181219940185546875e+02
2.181250000000000000e+02
2.181320037841796875e+02
2.188289947509765625e+02
2.188320007324218750e+02
2.188419952392578125e+02
2.195399932861328125e+02
2.195429992675781250e+02
2.195460052490234375e+02
2.195529937744140625e+02
2.197169952392578125e+02
2.197200012207031250e+02
2.197239990234375000e+02
2.197299957275390625e+02
2.241779937744140625e+02
2.241820068359375000e+02
2.241849975585937500e+02
2.241920013427734375e+02
2.279470062255859375e+02
2.279499969482421875e+02
2.279539947509765625e+02
2.279600067138671875e+02
2.284869995117187500e+02
2.284940032958984375e+02
2.285000000000000000e+02
2.288470001220703125e+02
2.288500061035156250e+02
2.288540039062500000e+02
2.288600006103515625e+02
2.290269927978515625e+02
2.290299987792968750e+02
2.290339965820312500e+02
2.290399932861328125e+02
2.315520019531250000e+02
2.315549926757812500e+02
2.315590057373046875e+02
2.315639953613281250e+02
2.320970001220703125e+02
2.321000061035156250e+02
2.321060028076171875e+02
2.340859985351562500e+02
2.340899963378906250e+02
2.340959930419921875e+02
2.342669982910156250e+02
2.342709960937500000e+02
2.342769927978515625e+02
2.358950042724609375e+02
2.358979949951171875e+02
2.359010009765625000e+02
2.359080047607421875e+02
2.368009948730468750e+02
2.368049926757812500e+02
2.368079986572265625e+02
2.368150024414062500e+02
2.371640014648437500e+02
2.371679992675781250e+02
2.371710052490234375e+02
2.371779937744140625e+02
2.384349975585937500e+02
2.384380035400390625e+02
2.384420013427734375e+02
2.384479980468750000e+02
2.391620025634765625e+02
2.391649932861328125e+02
2.395249938964843750e+02
2.395279998779296875e+02
2.395319976806640625e+02
2.395390014648437500e+02
2.400700073242187500e+02
2.400740051269531250e+02
2.400769958496093750e+02
2.400839996337890625e+02
2.407980041503906250e+02
2.408009948730468750e+02
2.408110046386718750e+02
2.455350036621093750e+02
2.455379943847656250e+02
2.455489959716796875e+02
2.495460052490234375e+02
2.495489959716796875e+02
2.520989990234375000e+02
2.521020050048828125e+02
2.548339996337890625e+02
2.548370056152343750e+02
2.548489990234375000e+02
2.559279937744140625e+02
2.559309997558593750e+02
2.559420013427734375e+02
2.561130065917968750e+02
2.561239929199218750e+02
2.568389892578125000e+02
2.568420104980468750e+02
2.568529968261718750e+02
2.572030029296875000e+02
2.572070007324218750e+02
2.573890075683593750e+02
2.573999938964843750e+02
2.579320068359375000e+02
2.579349975585937500e+02
2.579460144042968750e+02
2.581180114746093750e+02
2.581289978027343750e+02
2.613940124511718750e+02
2.614020080566406250e+02
2.644830017089843750e+02
2.644909973144531250e+02
2.717219848632812500e+02
2.717309875488281250e+02
2.742439880371093750e+02
2.742520141601562500e+02
2.805199890136718750e+02
2.805280151367187500e+02
2.817669982910156250e+02
2.817760009765625000e+02
2.835450134277343750e+02
2.835530090332031250e+02
2.876140136718750000e+02
2.876220092773437500e+02
2.888460083007812500e+02
2.888550109863281250e+02
2.904270019531250000e+02
2.904360046386718750e+02
3.025480041503906250e+02
3.028900146484375000e+02
3.042529907226562500e+02
3.047630004882812500e+02
3.061189880371093750e+02
3.157980041503906250e+02
3.158009948730468750e+02
3.187539978027343750e+02
3.187569885253906250e+02
3.194070129394531250e+02
3.194100036621093750e+02
3.205480041503906250e+02
3.205509948730468750e+02
3.226560058593750000e+02
3.226589965820312500e+02
3.233020019531250000e+02
3.233049926757812500e+02
3.241080017089843750e+02
3.241109924316406250e+02
3.247510070800781250e+02
3.247569885253906250e+02
3.249110107421875000e+02
3.249140014648437500e+02
3.249169921875000000e+02
3.250719909667968750e+02
3.250750122070312500e+02
3.250780029296875000e+02
3.252319946289062500e+02
3.252349853515625000e+02
3.257130126953125000e+02
3.257160034179687500e+02
3.257189941406250000e+02
3.261960144042968750e+02
3.265130004882812500e+02
3.265159912109375000e+02
3.265190124511718750e+02
3.281069946289062500e+02
3.281090087890625000e+02
3.281119995117187500e+02
3.292179870605468750e+02
3.292200012207031250e+02
3.292229919433593750e+02
3.298510131835937500e+02
3.298529968261718750e+02
3.298559875488281250e+02
3.303250122070312500e+02
3.303269958496093750e+02
3.303299865722656250e+02
3.307980041503906250e+02
3.308009948730468750e+02
3.308039855957031250e+02
3.312709960937500000e+02
3.312730102539062500e+02
3.312760009765625000e+02
3.325270080566406250e+02
3.325299987792968750e+02
3.325329895019531250e+02
3.336229858398437500e+02
3.336260070800781250e+02
3.336289978027343750e+02
3.337789916992187500e+02
3.337850036621093750e+02
3.344060058593750000e+02
3.344089965820312500e+02
3.345599975585937500e+02
3.345650024414062500e+02
3.348699951171875000e+02
3.348729858398437500e+02
3.348760070800781250e+02
3.354920043945312500e+02
3.354949951171875000e+02
3.354979858398437500e+02
3.356480102539062500e+02
3.356499938964843750e+02
3.356530151367187500e+02
3.358030090332031250e+02
3.358049926757812500e+02
3.358080139160156250e+02
3.361159973144531250e+02
3.361189880371093750e+02
3.365780029296875000e+02
3.365799865722656250e+02
3.365830078125000000e+02
3.368869934082031250e+02
3.368900146484375000e+02
3.368930053710937500e+02
3.373500061035156250e+02
3.373529968261718750e+02
3.373559875488281250e+02
3.378129882812500000e+02
3.378160095214843750e+02
3.378190002441406250e+02
3.379670104980468750e+02
3.379700012207031250e+02
3.387369995117187500e+02
3.387390136718750000e+02
3.387420043945312500e+02
3.391969909667968750e+02
3.392000122070312500e+02
3.392030029296875000e+02
3.401170043945312500e+02
3.401199951171875000e+02
3.401220092773437500e+02
3.402699890136718750e+02
3.402720031738281250e+02
3.402749938964843750e+02
3.405759887695312500e+02
3.405780029296875000e+02
3.405809936523437500e+02
3.410390014648437500e+02
3.414909973144531250e+02
3.414930114746093750e+02
3.414960021972656250e+02
3.416430053710937500e+02
3.416459960937500000e+02
3.416489868164062500e+02
3.421000061035156250e+02
3.421019897460937500e+02
3.421050109863281250e+02
3.440690002441406250e+02
3.440719909667968750e+02
3.440750122070312500e+02
3.440809936523437500e+02
3.446730041503906250e+02
3.446759948730468750e+02
3.446780090332031250e+02
3.446849975585937500e+02
3.461770019531250000e+02
3.461789855957031250e+02
3.461820068359375000e+02
3.461879882812500000e+02
3.463269958496093750e+02
3.463290100097656250e+02
3.463320007324218750e+02
3.463380126953125000e+02
3.464739990234375000e+02
3.464790039062500000e+02
3.464819946289062500e+02
3.464880065917968750e+02
3.470750122070312500e+02
3.470780029296875000e+02
3.470809936523437500e+02
3.470870056152343750e+02
3.482699890136718750e+02
3.482720031738281250e+02
3.482749938964843750e+02
3.482810058593750000e+02
3.484179992675781250e+02
3.484209899902343750e+02
3.484240112304687500e+02
3.484299926757812500e+02
3.485650024414062500e+02
3.485669860839843750e+02
3.485790100097656250e+02
3.494590148925781250e+02
3.494620056152343750e+02
3.494639892578125000e+02
3.494710083007812500e+02
3.503479919433593750e+02
3.503510131835937500e+02
3.503540039062500000e+02
3.503599853515625000e+02
3.504960021972656250e+02
3.504989929199218750e+02
3.505020141601562500e+02
3.506419982910156250e+02
3.506440124511718750e+02
3.506470031738281250e+02
3.506489868164062500e+02
3.506560058593750000e+02
3.509400024414062500e+02
3.509419860839843750e+02
3.509450073242187500e+02
3.509509887695312500e+02
3.512319946289062500e+02
3.512399902343750000e+02
3.513819885253906250e+02
3.513850097656250000e+02
3.513880004882812500e+02
3.513940124511718750e+02
3.516770019531250000e+02
3.516799926757812500e+02
3.516830139160156250e+02
3.516889953613281250e+02
3.521189880371093750e+02
3.521210021972656250e+02
3.521239929199218750e+02
3.521300048828125000e+02
3.530060119628906250e+02
3.530119934082031250e+02
3.534400024414062500e+02
3.534429931640625000e+02
3.534519958496093750e+02
3.535870056152343750e+02
3.535889892578125000e+02
3.535920104980468750e+02
3.535979919433593750e+02
3.547560119628906250e+02
3.547579956054687500e+02
3.547609863281250000e+02
3.547669982910156250e+02
3.548989868164062500e+02
3.549020080566406250e+02
3.549070129394531250e+02
3.549129943847656250e+02
3.556300048828125000e+02
3.556319885253906250e+02
3.556350097656250000e+02
3.556409912109375000e+02
3.565020141601562500e+02
3.565039978027343750e+02
3.565069885253906250e+02
3.565130004882812500e+02
3.566470031738281250e+02
3.566489868164062500e+02
3.566520080566406250e+02
3.566579895019531250e+02
3.570809936523437500e+02
3.570840148925781250e+02
3.570859985351562500e+02
3.570929870605468750e+02
3.575150146484375000e+02
3.575180053710937500e+02
3.575199890136718750e+02
3.575270080566406250e+02
3.579490051269531250e+02
3.579509887695312500e+02
3.579599914550781250e+02
3.583819885253906250e+02
3.583840026855468750e+02
3.583869934082031250e+02
3.585260009765625000e+02
3.585310058593750000e+02
3.585369873046875000e+02
3.586700134277343750e+02
3.586719970703125000e+02
3.586749877929687500e+02
3.586809997558593750e+02
3.591019897460937500e+02
3.591040039062500000e+02
3.591069946289062500e+02
3.591130065917968750e+02
3.593890075683593750e+02
3.593919982910156250e+02
3.593940124511718750e+02
