Longitude[deg], Latitude[deg], Dust optical depth
1.380000000000000000e+02 -1.100000000000000000e+01 nan
1.380000000000000000e+02 -1.000000000000000000e+01 nan
1.380000000000000000e+02 -9.000000000000000000e+00 nan
1.380000000000000000e+02 -8.000000000000000000e+00 nan
1.380000000000000000e+02 -7.000000000000000000e+00 nan
1.380000000000000000e+02 -6.000000000000000000e+00 nan
1.380000000000000000e+02 -5.000000000000000000e+00 nan
1.380000000000000000e+02 -4.000000000000000000e+00 nan
1.380000000000000000e+02 -3.000000000000000000e+00 nan
1.380000000000000000e+02 -2.000000000000000000e+00 nan
1.380000000000000000e+02 -1.000000000000000000e+00 nan
1.380000000000000000e+02 0.000000000000000000e+00 nan
1.380000000000000000e+02 1.000000000000000000e+00 nan
1.380000000000000000e+02 2.000000000000000000e+00 nan
1.380000000000000000e+02 3.000000000000000000e+00 nan
1.380000000000000000e+02 4.000000000000000000e+00 nan
1.380000000000000000e+02 5.000000000000000000e+00 nan
1.390000000000000000e+02 -1.100000000000000000e+01 1.226300558190796863e+00
1.390000000000000000e+02 -1.000000000000000000e+01 1.194536402474513315e+00
1.390000000000000000e+02 -9.000000000000000000e+00 1.074611452690810376e+00
1.390000000000000000e+02 -8.000000000000000000e+00 1.185643440187576170e+00
1.390000000000000000e+02 -7.000000000000000000e+00 1.295227650139508579e+00
1.390000000000000000e+02 -6.000000000000000000e+00 1.283925982625050199e+00
1.390000000000000000e+02 -5.000000000000000000e+00 1.360625041344408537e+00
1.390000000000000000e+02 -4.000000000000000000e+00 1.432699478220824441e+00
1.390000000000000000e+02 -3.000000000000000000e+00 1.377451153939357686e+00
1.390000000000000000e+02 -2.000000000000000000e+00 1.450125832834885165e+00
1.390000000000000000e+02 -1.000000000000000000e+00 1.558300512223397494e+00
1.390000000000000000e+02 0.000000000000000000e+00 1.572274074982432213e+00
1.390000000000000000e+02 1.000000000000000000e+00 1.576875440110730331e+00
1.390000000000000000e+02 2.000000000000000000e+00 1.653520310037505103e+00
1.390000000000000000e+02 3.000000000000000000e+00 1.742254081566619872e+00
1.390000000000000000e+02 4.000000000000000000e+00 1.931405896104815278e+00
1.390000000000000000e+02 5.000000000000000000e+00 nan
1.400000000000000000e+02 -1.100000000000000000e+01 1.217821446175323175e+00
1.400000000000000000e+02 -1.000000000000000000e+01 1.119711230455431972e+00
1.400000000000000000e+02 -9.000000000000000000e+00 1.019562563455358672e+00
1.400000000000000000e+02 -8.000000000000000000e+00 1.134927334860398318e+00
1.400000000000000000e+02 -7.000000000000000000e+00 1.275931980852471836e+00
1.400000000000000000e+02 -6.000000000000000000e+00 1.285478184799059953e+00
1.400000000000000000e+02 -5.000000000000000000e+00 1.369106271178927248e+00
1.400000000000000000e+02 -4.000000000000000000e+00 1.429747997935760351e+00
1.400000000000000000e+02 -3.000000000000000000e+00 1.380793426781832034e+00
1.400000000000000000e+02 -2.000000000000000000e+00 1.450673795622294593e+00
1.400000000000000000e+02 -1.000000000000000000e+00 1.557446442761737826e+00
1.400000000000000000e+02 0.000000000000000000e+00 1.536408182356584939e+00
1.400000000000000000e+02 1.000000000000000000e+00 1.532547984810465502e+00
1.400000000000000000e+02 2.000000000000000000e+00 1.569841261919017184e+00
1.400000000000000000e+02 3.000000000000000000e+00 1.683228651445869639e+00
1.400000000000000000e+02 4.000000000000000000e+00 1.873691882113865059e+00
1.400000000000000000e+02 5.000000000000000000e+00 2.255744269591990481e+00
1.410000000000000000e+02 -1.100000000000000000e+01 1.150158348189492585e+00
1.410000000000000000e+02 -1.000000000000000000e+01 1.007324358523275398e+00
1.410000000000000000e+02 -9.000000000000000000e+00 9.848716676375337542e-01
1.410000000000000000e+02 -8.000000000000000000e+00 1.090684690141065838e+00
1.410000000000000000e+02 -7.000000000000000000e+00 1.216248080366021833e+00
1.410000000000000000e+02 -6.000000000000000000e+00 1.293043750063839425e+00
1.410000000000000000e+02 -5.000000000000000000e+00 1.374169777598374997e+00
1.410000000000000000e+02 -4.000000000000000000e+00 1.427567117732045920e+00
1.410000000000000000e+02 -3.000000000000000000e+00 1.381439768973581339e+00
1.410000000000000000e+02 -2.000000000000000000e+00 1.452322547494741434e+00
1.410000000000000000e+02 -1.000000000000000000e+00 1.557135132975664193e+00
1.410000000000000000e+02 0.000000000000000000e+00 1.526346854656199570e+00
1.410000000000000000e+02 1.000000000000000000e+00 1.526089510385290282e+00
1.410000000000000000e+02 2.000000000000000000e+00 1.546609928487367114e+00
1.410000000000000000e+02 3.000000000000000000e+00 1.664867419553641481e+00
1.410000000000000000e+02 4.000000000000000000e+00 1.855732647368726562e+00
1.410000000000000000e+02 5.000000000000000000e+00 nan
