Vincendon retrievals, Our retrievals, y=ax+b
2.870000 4.990798 0.216456
0.990000 1.666892 0.262655
0.770000 0.857913 0.138796
1.110000 0.719707 0.178819
0.610000 0.564150 0.241201
0.830000 0.301811 0.136277
0.890000 0.570484 0.180254
1.150000 1.501112 0.364619
0.980000 0.278709 0.190341
0.670000 0.490427 0.299282
0.660000 1.250015 0.665290
1.310000 0.766241 0.319594
0.730000 0.485317 0.309192
0.580000 0.559090 0.258722
1.000000 0.524847 0.373297
3.000000 4.905097 0.276309
0.550000 0.573464 0.335720
0.950000 0.772385 0.196951
3.850000 6.970913 0.374817
2.840000 5.898054 0.419096
0.840000 0.785945 0.407875
0.930000 0.747888 0.431269
0.930000 0.413903 0.164296
0.340000 0.362143 0.254169
2.170000 3.337642 0.234297
2.000000 4.053392 0.222250
