Temperature deviation [K], Dust optical depth deviation
-1.000000000000000000e+01 1.168419239134167453e-01
-9.000000000000000000e+00 1.058007659997087790e-01
-8.000000000000000000e+00 9.467753679228407826e-02
-7.000000000000000000e+00 8.347114974597513726e-02
-6.000000000000000000e+00 7.218049523272895840e-02
-5.000000000000000000e+00 6.080444003411478171e-02
-4.000000000000000000e+00 4.934182681869458964e-02
-3.000000000000000000e+00 3.779147360374801590e-02
-2.000000000000000000e+00 2.615217320085000408e-02
-1.000000000000000000e+00 1.339473438956856333e-02
0.000000000000000000e+00 0.000000000000000000e+00
1.000000000000000000e+00 -1.352836492492853759e-02
2.000000000000000000e+00 -2.719261942073597504e-02
3.000000000000000000e+00 -4.099507773097077479e-02
4.000000000000000000e+00 -5.493811089824329752e-02
5.000000000000000000e+00 -6.902414841230181120e-02
6.000000000000000000e+00 -8.325567991751212094e-02
7.000000000000000000e+00 -9.763525698223637916e-02
8.000000000000000000e+00 -1.121654949327129946e-01
9.000000000000000000e+00 -1.268490747541557162e-01
1.000000000000000000e+01 -1.416887450619625788e-01
