Instrument noise deviation[DN], Dust optical depth deviation
-1.850000023841857910e+00 -5.554903676458424755e-01
-1.800000071525573730e+00 -5.404768719050734305e-01
-1.750000000000000000e+00 -5.254635898491284429e-01
-1.700000047683715820e+00 -5.104503077931834554e-01
-1.649999976158142090e+00 -4.954370257372384678e-01
-1.600000023841857910e+00 -4.804239573661175378e-01
-1.549999952316284180e+00 -4.654106753101725502e-01
-1.500000000000000000e+00 -4.503973932542275627e-01
-1.450000047683715820e+00 -4.353841111982825751e-01
-1.399999976158142090e+00 -4.203708291423380317e-01
-1.350000023841857910e+00 -4.053577607712171016e-01
-1.299999952316284180e+00 -3.903444787152721140e-01
-1.250000000000000000e+00 -3.753311966593271265e-01
-1.200000047683715820e+00 -3.603179146033821389e-01
-1.150000095367431641e+00 -3.453046325474371514e-01
-1.100000023841857910e+00 -3.302915641763166654e-01
-1.049999952316284180e+00 -3.152782821203716779e-01
-1.000000000000000000e+00 -3.002650000644266903e-01
-9.499999880790710449e-01 -2.852517180084817028e-01
-9.000000357627868652e-01 -2.702384359525367152e-01
-8.500000238418579102e-01 -2.552253675814157852e-01
-7.999999523162841797e-01 -2.402120855254712417e-01
-7.500000000000000000e-01 -2.251988034695262542e-01
-7.000000476837158203e-01 -2.101855214135808225e-01
-6.499999761581420898e-01 -1.951720256728122216e-01
-6.000000238418579102e-01 -1.801591709865153490e-01
-5.499999523162841797e-01 -1.651458889305703615e-01
-5.000000000000000000e-01 -1.501323931898013164e-01
-4.500000476837158203e-01 -1.351191111338567730e-01
-3.999999761581420898e-01 -1.201058290779113413e-01
-3.500000238418579102e-01 -1.050927607067908554e-01
-2.999999523162841797e-01 -9.007947865084586780e-02
-2.500000000000000000e-01 -7.506619659490088026e-02
-2.000000476837158203e-01 -6.005291453895589271e-02
-1.499999761581420898e-01 -4.503963248301090516e-02
-1.000000238418579102e-01 -3.002656411188997509e-02
-4.999995231628417969e-02 -1.501328205594498755e-02
0.000000000000000000e+00 0.000000000000000000e+00
4.999995231628417969e-02 1.501328205594498755e-02
1.000000238418579102e-01 3.002656411188997509e-02
1.499999761581420898e-01 4.503963248301046107e-02
1.999999284744262695e-01 6.005291453895589271e-02
2.500001192092895508e-01 7.506619659490043617e-02
3.000000715255737305e-01 9.007947865084542372e-02
3.500000238418579102e-01 1.050927607067904113e-01
3.999999761581420898e-01 1.201058290779108972e-01
4.499999284744262695e-01 1.351191111338563289e-01
5.000001192092895508e-01 1.501323931898013164e-01
5.500000715255737305e-01 1.651456752457458599e-01
6.000000238418579102e-01 1.801591709865149049e-01
6.499999761581420898e-01 1.951720256728117775e-01
6.999999284744262695e-01 2.101853077287567650e-01
7.500001192092895508e-01 2.251985897847013085e-01
8.000000715255737305e-01 2.402120855254703535e-01
8.500000238418579102e-01 2.552253675814157852e-01
8.999999761581420898e-01 2.702382222677122137e-01
9.499999284744262695e-01 2.852517180084812587e-01
1.000000119209289551e+00 3.002650000644262462e-01
1.050000071525573730e+00 3.152782821203712338e-01
1.100000023841857910e+00 3.302915641763157772e-01
1.149999976158142090e+00 3.453046325474371514e-01
1.199999928474426270e+00 3.603179146033816949e-01
1.250000119209289551e+00 3.753309829745026249e-01
1.300000071525573730e+00 3.903444787152716700e-01
1.350000023841857910e+00 4.053579744560407150e-01
1.399999976158142090e+00 4.203706154575135301e-01
1.449999928474426270e+00 4.353841111982825751e-01
1.500000119209289551e+00 4.503976069390516201e-01
1.550000071525573730e+00 4.654106753101721061e-01
1.600000023841857910e+00 4.804241710509411512e-01
1.649999976158142090e+00 4.954372394220620812e-01
1.699999928474426270e+00 5.104503077931830113e-01
1.750000119209289551e+00 5.254638035339520563e-01
1.800000071525573730e+00 5.404768719050725423e-01
1.850000023841857910e+00 5.554903676458415873e-01
