Temperature deviation [K], Dust optical depth deviation
-1.000000000000000000e+01 4.390720452033258780e-02
-9.000000000000000000e+00 3.950746608744948318e-02
-8.000000000000000000e+00 3.510970874360208605e-02
-7.000000000000000000e+00 3.071394464770982324e-02
-6.000000000000000000e+00 2.632018388247381324e-02
-5.000000000000000000e+00 2.192843448560299890e-02
-4.000000000000000000e+00 1.753870248040856339e-02
-3.000000000000000000e+00 1.315099190577462274e-02
-2.000000000000000000e+00 8.765304845516519450e-03
-1.000000000000000000e+00 4.381641457140039719e-03
0.000000000000000000e+00 0.000000000000000000e+00
1.000000000000000000e+00 -4.379623137121591014e-03
2.000000000000000000e+00 -8.757233409019349324e-03
3.000000000000000000e+00 -1.313283808763254790e-02
4.000000000000000000e+00 -1.750644623617825246e-02
5.000000000000000000e+00 -2.187806868383557202e-02
6.000000000000000000e+00 -2.624771800097525087e-02
7.000000000000000000e+00 -3.061540847492660866e-02
8.000000000000000000e+00 -3.498115608627516693e-02
9.000000000000000000e+00 -3.934497848568319078e-02
1.000000000000000000e+01 -4.370689497122626221e-02
