Instrument noise deviation[DN], Dust optical depth deviation
-1.850000023841857910e+00 -6.359562947072348038e-01
-1.800000071525573730e+00 -6.187681138014360371e-01
-1.750000000000000000e+00 -6.015799328956372705e-01
-1.700000047683715820e+00 -5.843922442057873923e-01
-1.649999976158142090e+00 -5.672040632999877374e-01
-1.600000023841857910e+00 -5.500163746101369711e-01
-1.549999952316284180e+00 -5.328277014883902041e-01
-1.500000000000000000e+00 -5.156400127985394377e-01
-1.450000047683715820e+00 -4.984523241086886713e-01
-1.399999976158142090e+00 -4.812641432028899047e-01
-1.350000023841857910e+00 -4.640759622970911380e-01
-1.299999952316284180e+00 -4.468877813912914831e-01
-1.250000000000000000e+00 -4.297000927014407168e-01
-1.200000047683715820e+00 -4.125124040115890622e-01
-1.150000095367431641e+00 -3.953237308898431834e-01
-1.100000023841857910e+00 -3.781360421999915289e-01
-1.049999952316284180e+00 -3.609478612941927622e-01
-1.000000000000000000e+00 -3.437601726043419959e-01
-9.499999880790710449e-01 -3.265724839144912295e-01
-9.000000357627868652e-01 -3.093838107927444625e-01
-8.500000238418579102e-01 -2.921961221028936961e-01
-7.999999523162841797e-01 -2.750079411970940413e-01
-7.500000000000000000e-01 -2.578197602912952746e-01
-7.000000476837158203e-01 -2.406320716014453964e-01
-6.499999761581420898e-01 -2.234438906956457416e-01
-6.000000238418579102e-01 -2.062562020057949752e-01
-5.499999523162841797e-01 -1.890675288840482082e-01
-5.000000000000000000e-01 -1.718798401941974419e-01
-4.500000476837158203e-01 -1.546921515043457873e-01
-3.999999761581420898e-01 -1.375039705985470206e-01
-3.500000238418579102e-01 -1.203162819086962543e-01
-2.999999523162841797e-01 -1.031276087869494873e-01
-2.500000000000000000e-01 -8.593992009709872093e-02
-2.000000476837158203e-01 -6.875223140724706639e-02
-1.499999761581420898e-01 -5.156355828550118758e-02
-1.000000238418579102e-01 -3.437586959564953304e-02
-4.999995231628417969e-02 -1.718768868985076637e-02
0.000000000000000000e+00 0.000000000000000000e+00
4.999995231628417969e-02 1.718768868985076637e-02
1.000000238418579102e-01 3.437636181159753335e-02
1.499999761581420898e-01 5.156405050144829971e-02
1.999999284744262695e-01 6.875223140724795456e-02
2.500001192092895508e-01 8.593992009709872093e-02
3.000000715255737305e-01 1.031281010028965994e-01
3.500000238418579102e-01 1.203162819086962543e-01
3.999999761581420898e-01 1.375039705985470206e-01
4.499999284744262695e-01 1.546926437202937876e-01
5.000001192092895508e-01 1.718803324101445540e-01
5.500000715255737305e-01 1.890680210999962085e-01
6.000000238418579102e-01 2.062562020057949752e-01
6.499999761581420898e-01 2.234438906956457416e-01
6.999999284744262695e-01 2.406325638173925086e-01
7.500001192092895508e-01 2.578202525072432749e-01
8.000000715255737305e-01 2.750079411970940413e-01
8.500000238418579102e-01 2.921966143188408083e-01
8.999999761581420898e-01 3.093843030086924628e-01
9.499999284744262695e-01 3.265724839144912295e-01
1.000000119209289551e+00 3.437601726043419959e-01
1.050000071525573730e+00 3.609478612941927622e-01
1.100000023841857910e+00 3.781365344159395292e-01
1.149999976158142090e+00 3.953242231057902956e-01
1.199999928474426270e+00 4.125124040115899504e-01
1.250000119209289551e+00 4.297000927014407168e-01
1.300000071525573730e+00 4.468882736072394835e-01
1.350000023841857910e+00 4.640764545130382501e-01
1.399999976158142090e+00 4.812641432028890165e-01
1.449999928474426270e+00 4.984528163246366717e-01
1.500000119209289551e+00 5.156405050144865498e-01
1.550000071525573730e+00 5.328281937043382044e-01
1.600000023841857910e+00 5.500163746101369711e-01
1.649999976158142090e+00 5.672040632999877374e-01
1.699999928474426270e+00 5.843927364217345044e-01
1.750000119209289551e+00 6.015804251115852708e-01
1.800000071525573730e+00 6.187681138014360371e-01
1.850000023841857910e+00 6.359562947072356920e-01
