Temperature deviation [K], Dust optical depth deviation
-1.000000000000000000e+01 8.681932765481503722e-02
-9.000000000000000000e+00 7.774140803955598145e-02
-8.000000000000000000e+00 6.869060380131930543e-02
-7.000000000000000000e+00 5.966692957136165987e-02
-6.000000000000000000e+00 5.067039683346852286e-02
-5.000000000000000000e+00 4.170101399013770305e-02
-4.000000000000000000e+00 3.275878642745455593e-02
-3.000000000000000000e+00 2.440360101754990296e-02
-2.000000000000000000e+00 1.624185994343241290e-02
-1.000000000000000000e+00 8.107327243488171575e-03
0.000000000000000000e+00 0.000000000000000000e+00
1.000000000000000000e+00 -8.080127215837507038e-03
2.000000000000000000e+00 -1.613306228754485261e-02
3.000000000000000000e+00 -2.415881549792109340e-02
4.000000000000000000e+00 -3.215739947479701044e-02
5.000000000000000000e+00 -4.012882913764581616e-02
6.000000000000000000e+00 -4.807312164526678089e-02
7.000000000000000000e+00 -5.599029634447028059e-02
8.000000000000000000e+00 -6.388037471962704217e-02
9.000000000000000000e+00 -7.174338034323923807e-02
1.000000000000000000e+01 -7.957933882742507237e-02
