Atmospheric pressure deviation [Pa], Dust optical depth deviation
-5.000000000000000000e+01 -1.860677024832586568e-01
-4.900000000000000000e+01 -1.824827872140455387e-01
-4.800000000000000000e+01 -1.788926773250736346e-01
-4.700000000000000000e+01 -1.752973499805634550e-01
-4.600000000000000000e+01 -1.716967823030994822e-01
-4.500000000000000000e+01 -1.680909513729824667e-01
-4.400000000000000000e+01 -1.644798342275837211e-01
-4.300000000000000000e+01 -1.608634078606967499e-01
-4.200000000000000000e+01 -1.572416492218957629e-01
-4.100000000000000000e+01 -1.536145352158861943e-01
-4.000000000000000000e+01 -1.499820427018656588e-01
-3.900000000000000000e+01 -1.463441484928806879e-01
-3.800000000000000000e+01 -1.427008293551865759e-01
-3.700000000000000000e+01 -1.390520620076076685e-01
-3.600000000000000000e+01 -1.353978231208943228e-01
-3.500000000000000000e+01 -1.317380893170889689e-01
-3.400000000000000000e+01 -1.280728371688866218e-01
-3.300000000000000000e+01 -1.244020431989956155e-01
-3.200000000000000000e+01 -1.207256838795010001e-01
-3.100000000000000000e+01 -1.170437356312334920e-01
-3.000000000000000000e+01 -1.133561748231237676e-01
-2.900000000000000000e+01 -1.096629777715778520e-01
-2.800000000000000000e+01 -1.059641207398334117e-01
-2.700000000000000000e+01 -1.022595799373302583e-01
-2.600000000000000000e+01 -9.854933151907396827e-02
-2.500000000000000000e+01 -9.483335158499994755e-02
-2.400000000000000000e+01 -9.111161617934016022e-02
-2.300000000000000000e+01 -8.738410128999296589e-02
-2.200000000000000000e+01 -8.365078284788074470e-02
-2.100000000000000000e+01 -7.991163672632173309e-02
-2.000000000000000000e+01 -7.616663874039475424e-02
-1.900000000000000000e+01 -7.241576464630394838e-02
-1.800000000000000000e+01 -6.865899014074350326e-02
-1.700000000000000000e+01 -6.489629086026305060e-02
-1.600000000000000000e+01 -6.112764238063550515e-02
-1.500000000000000000e+01 -5.735302021621491164e-02
-1.400000000000000000e+01 -5.357239981930872474e-02
-1.300000000000000000e+01 -4.978575657953632216e-02
-1.200000000000000000e+01 -4.599306582319107051e-02
-1.100000000000000000e+01 -4.219430281260772020e-02
-1.000000000000000000e+01 -3.838944274552247293e-02
-9.000000000000000000e+00 -3.457846075443105072e-02
-8.000000000000000000e+00 -3.076133190595564670e-02
-7.000000000000000000e+00 -2.693803120020099584e-02
-6.000000000000000000e+00 -2.310853357011311004e-02
-5.000000000000000000e+00 -1.927281388084223224e-02
-4.000000000000000000e+00 -1.543084692909313382e-02
-3.000000000000000000e+00 -1.158260744249206553e-02
-2.000000000000000000e+00 -7.728070078932836040e-03
-1.000000000000000000e+00 -3.867209425935325129e-03
0.000000000000000000e+00 0.000000000000000000e+00
1.000000000000000000e+00 3.873583754036458160e-03
2.000000000000000000e+00 7.753567463657518033e-03
3.000000000000000000e+00 1.163997682930983935e-02
4.000000000000000000e+00 1.553283762505675014e-02
5.000000000000000000e+00 1.943217569923039179e-02
6.000000000000000000e+00 2.333801697508164352e-02
7.000000000000000000e+00 2.725038745144159336e-02
8.000000000000000000e+00 3.116931320337368305e-02
9.000000000000000000e+00 3.509482038282762950e-02
1.000000000000000000e+01 3.902693521930666876e-02
1.100000000000000000e+01 4.296568402051992308e-02
1.200000000000000000e+01 4.691109317305386384e-02
1.300000000000000000e+01 5.086318914302623284e-02
1.400000000000000000e+01 5.482199847675950366e-02
1.500000000000000000e+01 5.878754780144257452e-02
1.600000000000000000e+01 6.275986382580045486e-02
1.700000000000000000e+01 6.673897334077150134e-02
1.800000000000000000e+01 7.072490322017088715e-02
1.900000000000000000e+01 7.471768042136939236e-02
2.000000000000000000e+01 7.871733198596841952e-02
2.100000000000000000e+01 8.272388504048522329e-02
2.200000000000000000e+01 8.673736679701815611e-02
2.300000000000000000e+01 9.075780455394366619e-02
2.400000000000000000e+01 9.478522569659753039e-02
2.500000000000000000e+01 9.881965769795209020e-02
2.600000000000000000e+01 1.028611281193165805e-01
2.700000000000000000e+01 1.069096646110234694e-01
2.800000000000000000e+01 1.109652949131192390e-01
2.900000000000000000e+01 1.150280468560669345e-01
3.000000000000000000e+01 1.190979483614331702e-01
3.100000000000000000e+01 1.231750274426022251e-01
3.200000000000000000e+01 1.272593122054643811e-01
3.300000000000000000e+01 1.313508308491333487e-01
3.400000000000000000e+01 1.354496116666457084e-01
3.500000000000000000e+01 1.395556830456745612e-01
3.600000000000000000e+01 1.436690734692440685e-01
3.700000000000000000e+01 1.477898115164406612e-01
3.800000000000000000e+01 1.519179258631329077e-01
3.900000000000000000e+01 1.560534452826942697e-01
4.000000000000000000e+01 1.601963986467287437e-01
4.100000000000000000e+01 1.643468149257867328e-01
4.200000000000000000e+01 1.685047231901086739e-01
4.300000000000000000e+01 1.726701526103464612e-01
4.400000000000000000e+01 1.768431324583061848e-01
4.500000000000000000e+01 1.810236921076797678e-01
4.600000000000000000e+01 1.852118610347930350e-01
4.700000000000000000e+01 1.894076688193429003e-01
4.800000000000000000e+01 1.936111451451494325e-01
4.900000000000000000e+01 1.978223198009063655e-01
5.000000000000000000e+01 2.020412226809340517e-01
