Instrument noise deviation[DN], Dust optical depth deviation
-1.850000023841857910e+00 -5.642917287763298262e-01
-1.800000071525573730e+00 -5.490404904196739544e-01
-1.750000000000000000e+00 -5.337894673482779240e-01
-1.700000047683715820e+00 -5.185382289916224963e-01
-1.649999976158142090e+00 -5.032869906349666245e-01
-1.600000023841857910e+00 -4.880361828488299913e-01
-1.549999952316284180e+00 -4.727849444921741195e-01
-1.500000000000000000e+00 -4.575337061355182477e-01
-1.450000047683715820e+00 -4.422824677788628200e-01
-1.399999976158142090e+00 -4.270312294222069482e-01
-1.350000023841857910e+00 -4.117804216360703151e-01
-1.299999952316284180e+00 -3.965291832794148874e-01
-1.250000000000000000e+00 -3.812779449227590156e-01
-1.200000047683715820e+00 -3.660271371366223825e-01
-1.150000095367431641e+00 -3.507758987799669548e-01
-1.100000023841857910e+00 -3.355250909938303217e-01
-1.049999952316284180e+00 -3.202738526371744499e-01
-1.000000000000000000e+00 -3.050226142805185781e-01
-9.499999880790710449e-01 -2.897713759238631503e-01
-9.000000357627868652e-01 -2.745201375672072786e-01
-8.500000238418579102e-01 -2.592693297810706454e-01
-7.999999523162841797e-01 -2.440180914244152177e-01
-7.500000000000000000e-01 -2.287668530677593459e-01
-7.000000476837158203e-01 -2.135156147111034741e-01
-6.499999761581420898e-01 -1.982643763544476023e-01
-6.000000238418579102e-01 -1.830135685683109692e-01
-5.499999523162841797e-01 -1.677623302116555415e-01
-5.000000000000000000e-01 -1.525110918550001138e-01
-4.500000476837158203e-01 -1.372602840688634807e-01
-3.999999761581420898e-01 -1.220090457122076089e-01
-3.500000238418579102e-01 -1.067582379260709757e-01
-2.999999523162841797e-01 -9.150699956941510393e-02
-2.500000000000000000e-01 -7.625576121275923214e-02
-2.000000476837158203e-01 -6.100452285610380443e-02
-1.499999761581420898e-01 -4.575328449944793263e-02
-1.000000238418579102e-01 -3.050247671331129951e-02
-4.999995231628417969e-02 -1.525123835665587180e-02
0.000000000000000000e+00 0.000000000000000000e+00
4.999995231628417969e-02 1.525123835665587180e-02
1.000000238418579102e-01 3.050247671331129951e-02
1.499999761581420898e-01 4.575328449944793263e-02
1.999999284744262695e-01 6.100452285610380443e-02
2.500001192092895508e-01 7.625576121275923214e-02
3.000000715255737305e-01 9.150656899889586526e-02
3.500000238418579102e-01 1.067578073555512930e-01
3.999999761581420898e-01 1.220090457122076089e-01
4.499999284744262695e-01 1.372598534983442420e-01
5.000001192092895508e-01 1.525110918549996697e-01
5.500000715255737305e-01 1.677623302116559856e-01
6.000000238418579102e-01 1.830135685683114133e-01
6.499999761581420898e-01 1.982643763544480464e-01
6.999999284744262695e-01 2.135156147111034741e-01
7.500001192092895508e-01 2.287668530677597900e-01
8.000000715255737305e-01 2.440180914244152177e-01
8.500000238418579102e-01 2.592693297810715336e-01
8.999999761581420898e-01 2.745201375672081667e-01
9.499999284744262695e-01 2.897713759238635944e-01
1.000000119209289551e+00 3.050226142805190221e-01
1.050000071525573730e+00 3.202738526371744499e-01
1.100000023841857910e+00 3.355246604233110830e-01
1.149999976158142090e+00 3.507758987799665107e-01
1.199999928474426270e+00 3.660267065661031438e-01
1.250000119209289551e+00 3.812779449227585715e-01
1.300000071525573730e+00 3.965291832794148874e-01
1.350000023841857910e+00 4.117804216360703151e-01
1.399999976158142090e+00 4.270312294222069482e-01
1.449999928474426270e+00 4.422824677788632641e-01
1.500000119209289551e+00 4.575337061355186918e-01
1.550000071525573730e+00 4.727849444921741195e-01
1.600000023841857910e+00 4.880361828488304354e-01
1.649999976158142090e+00 5.032869906349670686e-01
1.699999928474426270e+00 5.185382289916224963e-01
1.750000119209289551e+00 5.337894673482779240e-01
1.800000071525573730e+00 5.490407057049342399e-01
1.850000023841857910e+00 5.642915134910699848e-01
