Instrument noise deviation[DN], Dust optical depth deviation
-1.850000023841857910e+00 -2.520204933657961277e-01
-1.800000071525573730e+00 -2.452091127668468706e-01
-1.750000000000000000e+00 -2.383977321678976136e-01
-1.700000047683715820e+00 -2.315863515689483565e-01
-1.649999976158142090e+00 -2.247749709699990994e-01
-1.600000023841857910e+00 -2.179636885036042582e-01
-1.549999952316284180e+00 -2.111523079046548901e-01
-1.500000000000000000e+00 -2.043409273057057440e-01
-1.450000047683715820e+00 -1.975295467067563759e-01
-1.399999976158142090e+00 -1.907181661078072299e-01
-1.350000023841857910e+00 -1.839068836414123886e-01
-1.299999952316284180e+00 -1.770955030424630205e-01
-1.250000000000000000e+00 -1.702841224435138745e-01
-1.200000047683715820e+00 -1.634727418445645064e-01
-1.150000095367431641e+00 -1.566613612456153604e-01
-1.100000023841857910e+00 -1.498500787792202971e-01
-1.049999952316284180e+00 -1.430386981802711510e-01
-1.000000000000000000e+00 -1.362273175813220050e-01
-9.499999880790710449e-01 -1.294159369823726369e-01
-9.000000357627868652e-01 -1.226045563834232688e-01
-8.500000238418579102e-01 -1.157932739170284275e-01
-7.999999523162841797e-01 -1.089818933180792815e-01
-7.500000000000000000e-01 -1.021705127191299134e-01
-7.000000476837158203e-01 -9.535903398762624050e-02
-6.499999761581420898e-01 -8.854765338867709445e-02
-6.000000238418579102e-01 -8.173646905483655800e-02
-5.499999523162841797e-01 -7.492499032333288511e-02
-5.000000000000000000e-01 -6.811360972438373906e-02
-4.500000476837158203e-01 -6.130222912543437097e-02
-3.999999761581420898e-01 -5.449084852648522492e-02
-3.500000238418579102e-01 -4.767956606009038367e-02
-2.999999523162841797e-01 -4.086818546114101558e-02
-2.500000000000000000e-01 -3.405680486219186953e-02
-2.000000476837158203e-01 -2.724542426324250144e-02
-1.499999761581420898e-01 -2.043404366429335539e-02
-1.000000238418579102e-01 -1.362276119789829210e-02
-4.999995231628417969e-02 -6.811380598949146048e-03
0.000000000000000000e+00 0.000000000000000000e+00
4.999995231628417969e-02 6.811380598949368093e-03
1.000000238418579102e-01 1.362276119789851414e-02
1.499999761581420898e-01 2.043404366429357744e-02
1.999999284744262695e-01 2.724542426324272348e-02
2.500001192092895508e-01 3.405680486219209158e-02
3.000000715255737305e-01 4.086818546114123762e-02
3.500000238418579102e-01 4.767956606009038367e-02
3.999999761581420898e-01 5.449084852648544697e-02
4.499999284744262695e-01 6.130222912543459302e-02
5.000001192092895508e-01 6.811360972438373906e-02
5.500000715255737305e-01 7.492499032333310716e-02
6.000000238418579102e-01 8.173637092228247525e-02
6.499999761581420898e-01 8.854765338867731650e-02
6.999999284744262695e-01 9.535903398762646255e-02
7.500001192092895508e-01 1.021704145865758306e-01
8.000000715255737305e-01 1.089818933180795035e-01
8.500000238418579102e-01 1.157932739170286496e-01
8.999999761581420898e-01 1.226044582508691860e-01
9.499999284744262695e-01 1.294159369823728589e-01
1.000000119209289551e+00 1.362273175813220050e-01
1.050000071525573730e+00 1.430386981802713731e-01
1.100000023841857910e+00 1.498500787792205191e-01
1.149999976158142090e+00 1.566613612456153604e-01
1.199999928474426270e+00 1.634727418445647285e-01
1.250000119209289551e+00 1.702841224435138745e-01
1.300000071525573730e+00 1.770955030424632426e-01
1.350000023841857910e+00 1.839068836414123886e-01
1.399999976158142090e+00 1.907181661078074519e-01
1.449999928474426270e+00 1.975295467067565980e-01
1.500000119209289551e+00 2.043409273057059661e-01
1.550000071525573730e+00 2.111523079046551121e-01
1.600000023841857910e+00 2.179636885036044802e-01
1.649999976158142090e+00 2.247749709699993215e-01
1.699999928474426270e+00 2.315863515689486896e-01
1.750000119209289551e+00 2.383977321678978356e-01
1.800000071525573730e+00 2.452091127668469817e-01
1.850000023841857910e+00 2.520204933657963497e-01
