Atmospheric pressure deviation [Pa], Dust optical depth deviation
-5.000000000000000000e+01 -4.336374373896849654e-01
-4.900000000000000000e+01 -4.251356342876619898e-01
-4.800000000000000000e+01 -4.166272422134653652e-01
-4.700000000000000000e+01 -4.081122369153771245e-01
-4.600000000000000000e+01 -3.995905941435529130e-01
-4.500000000000000000e+01 -3.910622896495401513e-01
-4.400000000000000000e+01 -3.825272991858730265e-01
-4.300000000000000000e+01 -3.739855985056399490e-01
-4.200000000000000000e+01 -3.654371633620510096e-01
-4.100000000000000000e+01 -3.568819695080169829e-01
-4.000000000000000000e+01 -3.483199926957341042e-01
-3.900000000000000000e+01 -3.397512086762648487e-01
-3.800000000000000000e+01 -3.311755931991098301e-01
-3.700000000000000000e+01 -3.225931220117974618e-01
-3.600000000000000000e+01 -3.140037708594896060e-01
-3.500000000000000000e+01 -3.054075154845397044e-01
-3.400000000000000000e+01 -2.968043316260966513e-01
-3.300000000000000000e+01 -2.881941950197166591e-01
-3.200000000000000000e+01 -2.795770813969382651e-01
-3.100000000000000000e+01 -2.709529664848799868e-01
-3.000000000000000000e+01 -2.623218260058335360e-01
-2.900000000000000000e+01 -2.536836356769129885e-01
-2.800000000000000000e+01 -2.450383712095849376e-01
-2.700000000000000000e+01 -2.363860083093225484e-01
-2.600000000000000000e+01 -2.277265226751983285e-01
-2.500000000000000000e+01 -2.190598899994893323e-01
-2.400000000000000000e+01 -2.103860859673023498e-01
-2.300000000000000000e+01 -2.017050862561835523e-01
-2.200000000000000000e+01 -1.930168665357010482e-01
-2.100000000000000000e+01 -1.843214024670900564e-01
-2.000000000000000000e+01 -1.756186697028629951e-01
-1.900000000000000000e+01 -1.669086438864533228e-01
-1.800000000000000000e+01 -1.581913006517861042e-01
-1.700000000000000000e+01 -1.494666156229347287e-01
-1.600000000000000000e+01 -1.407345644137478757e-01
-1.500000000000000000e+01 -1.319951226274285183e-01
-1.400000000000000000e+01 -1.232482658562306099e-01
-1.300000000000000000e+01 -1.144939696810420848e-01
-1.200000000000000000e+01 -1.057322096710158199e-01
-1.100000000000000000e+01 -9.696296138321214286e-02
-1.000000000000000000e+01 -8.818620036223956404e-02
-9.000000000000000000e+00 -7.940190213986619838e-02
-8.000000000000000000e+00 -7.061004223466005314e-02
-7.000000000000000000e+00 -6.181059615163064791e-02
-6.000000000000000000e+00 -5.300353938191104675e-02
-5.000000000000000000e+00 -4.418884740230577535e-02
-4.000000000000000000e+00 -3.536649567499994262e-02
-3.000000000000000000e+00 -2.653645964717110672e-02
-2.000000000000000000e+00 -1.769871475065132316e-02
-1.000000000000000000e+00 -8.853236401570541148e-03
0.000000000000000000e+00 0.000000000000000000e+00
1.000000000000000000e+00 8.861019070452336166e-03
2.000000000000000000e+00 1.772984544289801789e-02
3.000000000000000000e+00 2.660650376757711655e-02
4.000000000000000000e+00 3.549101871221882476e-02
5.000000000000000000e+00 4.438341496235098660e-02
6.000000000000000000e+00 5.328371722168512292e-02
7.000000000000000000e+00 6.219195021243351107e-02
8.000000000000000000e+00 7.110813867566578850e-02
9.000000000000000000e+00 8.003230737166022735e-02
1.000000000000000000e+01 8.896448108024257451e-02
1.100000000000000000e+01 9.790468460110979265e-02
1.200000000000000000e+01 1.068529427542195265e-01
1.300000000000000000e+01 1.158092803800734316e-01
1.400000000000000000e+01 1.247737223400964268e-01
1.500000000000000000e+01 1.337462935169506650e-01
1.600000000000000000e+01 1.427270188148987984e-01
1.700000000000000000e+01 1.517159231601237224e-01
1.800000000000000000e+01 1.607130315010625310e-01
1.900000000000000000e+01 1.697183688087324782e-01
2.000000000000000000e+01 1.787319600771306582e-01
2.100000000000000000e+01 1.877538303234489447e-01
2.200000000000000000e+01 1.967840045885047573e-01
2.300000000000000000e+01 2.058225079370794575e-01
2.400000000000000000e+01 2.148693654581519397e-01
2.500000000000000000e+01 2.239246022653205159e-01
2.600000000000000000e+01 2.329882434970977911e-01
2.700000000000000000e+01 2.420603143172659344e-01
2.800000000000000000e+01 2.511408399151378035e-01
2.900000000000000000e+01 2.602298455059575133e-01
3.000000000000000000e+01 2.693273563312033048e-01
3.100000000000000000e+01 2.784333976589028481e-01
3.200000000000000000e+01 2.875479947839467698e-01
3.300000000000000000e+01 2.966711730284776749e-01
3.400000000000000000e+01 3.058029577421219614e-01
3.500000000000000000e+01 3.149433743024170340e-01
3.600000000000000000e+01 3.240924481150244674e-01
3.700000000000000000e+01 3.332502046141261332e-01
3.800000000000000000e+01 3.424166692627457209e-01
3.900000000000000000e+01 3.515918675530453896e-01
4.000000000000000000e+01 3.607758250066286365e-01
4.100000000000000000e+01 3.699685671749231020e-01
4.200000000000000000e+01 3.791701196394399176e-01
4.300000000000000000e+01 3.883805080121254250e-01
4.400000000000000000e+01 3.975997579356826961e-01
4.500000000000000000e+01 4.062904087571963530e-01
4.600000000000000000e+01 4.128647442771065101e-01
4.700000000000000000e+01 4.194469684460697678e-01
4.800000000000000000e+01 4.260371045779605126e-01
4.900000000000000000e+01 4.326351760343438713e-01
5.000000000000000000e+01 4.392412062248167715e-01
