Atmospheric pressure deviation [Pa], Dust optical depth deviation
-5.000000000000000000e+01 -5.455284639870146002e-01
-4.900000000000000000e+01 -5.336627489902381338e-01
-4.800000000000000000e+01 -5.218400698716609831e-01
-4.700000000000000000e+01 -5.100601456212736640e-01
-4.600000000000000000e+01 -4.983226978668574558e-01
-4.500000000000000000e+01 -4.866274508417711142e-01
-4.400000000000000000e+01 -4.749741313532050979e-01
-4.300000000000000000e+01 -4.633624687509335094e-01
-4.200000000000000000e+01 -4.517921948965057388e-01
-4.100000000000000000e+01 -4.402630441329127287e-01
-4.000000000000000000e+01 -4.287747532547075968e-01
-3.900000000000000000e+01 -4.173270614785692945e-01
-3.800000000000000000e+01 -4.059197104142736601e-01
-3.700000000000000000e+01 -3.945524440361208862e-01
-3.600000000000000000e+01 -3.832250086547833168e-01
-3.500000000000000000e+01 -3.719371528895499268e-01
-3.400000000000000000e+01 -3.606886276409790870e-01
-3.300000000000000000e+01 -3.494791860639681058e-01
-3.200000000000000000e+01 -3.383085835411731024e-01
-3.100000000000000000e+01 -3.271765776568651418e-01
-3.000000000000000000e+01 -3.160829281711300953e-01
-2.900000000000000000e+01 -3.050273969944477526e-01
-2.800000000000000000e+01 -2.940097481626413600e-01
-2.700000000000000000e+01 -2.830297478121685528e-01
-2.600000000000000000e+01 -2.720871641558100240e-01
-2.500000000000000000e+01 -2.611817674586335292e-01
-2.400000000000000000e+01 -2.503133300143756679e-01
-2.300000000000000000e+01 -2.394816261221015541e-01
-2.200000000000000000e+01 -2.286864320632269743e-01
-2.100000000000000000e+01 -2.179275260788375024e-01
-2.000000000000000000e+01 -2.072046883473714352e-01
-1.900000000000000000e+01 -1.965177009625446447e-01
-1.800000000000000000e+01 -1.858663479116692274e-01
-1.700000000000000000e+01 -1.752504150542039119e-01
-1.600000000000000000e+01 -1.646696901006384772e-01
-1.500000000000000000e+01 -1.541239625916726030e-01
-1.400000000000000000e+01 -1.436130238776484880e-01
-1.300000000000000000e+01 -1.331366670983213374e-01
-1.200000000000000000e+01 -1.226946871628660229e-01
-1.100000000000000000e+01 -1.122868807301745375e-01
-1.000000000000000000e+01 -1.019130461894197925e-01
-9.000000000000000000e+00 -9.157298364088017895e-02
-8.000000000000000000e+00 -8.126649487704212804e-02
-7.000000000000000000e+00 -7.099338336395011329e-02
-6.000000000000000000e+00 -6.075345422279196383e-02
-5.000000000000000000e+00 -5.054651421176944992e-02
-4.000000000000000000e+00 -4.037237170817578602e-02
-3.000000000000000000e+00 -3.023083669074758117e-02
-2.000000000000000000e+00 -2.012172072222839780e-02
-1.000000000000000000e+00 -1.004483693217683715e-02
0.000000000000000000e+00 0.000000000000000000e+00
1.000000000000000000e+00 1.001297386177346649e-02
2.000000000000000000e+00 1.999426692401845562e-02
3.000000000000000000e+00 2.905865395399337414e-02
4.000000000000000000e+00 3.784386456237731622e-02
5.000000000000000000e+00 4.661232561365680205e-02
6.000000000000000000e+00 5.536411154410358915e-02
7.000000000000000000e+00 6.409929627558602627e-02
8.000000000000000000e+00 7.281795322039363860e-02
9.000000000000000000e+00 8.152015528598488547e-02
1.000000000000000000e+01 9.020597487969783668e-02
1.100000000000000000e+01 9.887548391337669385e-02
1.200000000000000000e+01 1.075287538079836569e-01
1.300000000000000000e+01 1.161658554981189195e-01
1.400000000000000000e+01 1.247868594365171280e-01
1.500000000000000000e+01 1.333918355984627935e-01
1.600000000000000000e+01 1.419808534861941585e-01
1.700000000000000000e+01 1.505539821332066985e-01
1.800000000000000000e+01 1.591112901085572906e-01
1.900000000000000000e+01 1.676528455210745672e-01
2.000000000000000000e+01 1.761787160235561700e-01
2.100000000000000000e+01 1.846889688168960042e-01
2.200000000000000000e+01 1.931836706541750770e-01
2.300000000000000000e+01 2.016628878446897755e-01
2.400000000000000000e+01 2.101266862579748151e-01
2.500000000000000000e+01 2.185751313277106700e-01
2.600000000000000000e+01 2.270082880556696381e-01
2.700000000000000000e+01 2.354262210155519952e-01
2.800000000000000000e+01 2.438289943568039408e-01
2.900000000000000000e+01 2.522166718084062342e-01
3.000000000000000000e+01 2.605893166825927754e-01
3.100000000000000000e+01 2.689469918785434288e-01
3.200000000000000000e+01 2.772897598860357693e-01
3.300000000000000000e+01 2.856176827890527514e-01
3.400000000000000000e+01 2.939308222693499673e-01
3.500000000000000000e+01 3.022292396099883760e-01
3.600000000000000000e+01 3.105129956988120776e-01
3.700000000000000000e+01 3.187821510319153173e-01
3.800000000000000000e+01 3.266538065330718554e-01
3.900000000000000000e+01 3.342383864045787023e-01
4.000000000000000000e+01 3.418161406884963061e-01
4.100000000000000000e+01 3.493870980901621071e-01
4.200000000000000000e+01 3.569512871403195398e-01
4.300000000000000000e+01 3.645087361965938522e-01
4.400000000000000000e+01 3.720594734449245156e-01
4.500000000000000000e+01 3.796035269010020752e-01
4.600000000000000000e+01 3.871409244116712500e-01
4.700000000000000000e+01 3.946716936563539058e-01
4.800000000000000000e+01 4.021958621484139629e-01
4.900000000000000000e+01 4.097134572365317418e-01
5.000000000000000000e+01 4.172245061060689819e-01
