Atmospheric pressure deviation [Pa], Dust optical depth deviation
-5.000000000000000000e+01 -3.923928728396934851e-01
-4.900000000000000000e+01 -3.846276465011131407e-01
-4.800000000000000000e+01 -3.768593576737893081e-01
-4.700000000000000000e+01 -3.690879864663054732e-01
-4.600000000000000000e+01 -3.613135130348665847e-01
-4.500000000000000000e+01 -3.535359175827794687e-01
-4.400000000000000000e+01 -3.457551803598648554e-01
-4.300000000000000000e+01 -3.379712816619386828e-01
-4.200000000000000000e+01 -3.301842018302254544e-01
-4.100000000000000000e+01 -3.223939212508701857e-01
-4.000000000000000000e+01 -3.146004203543624200e-01
-3.900000000000000000e+01 -3.068036796150748202e-01
-3.800000000000000000e+01 -2.990036795506521017e-01
-3.700000000000000000e+01 -2.912004007215576173e-01
-3.600000000000000000e+01 -2.833938237305311247e-01
-3.500000000000000000e+01 -2.755839292220971792e-01
-3.400000000000000000e+01 -2.677706978820575401e-01
-3.300000000000000000e+01 -2.599541104369511579e-01
-3.200000000000000000e+01 -2.521341476536278492e-01
-3.100000000000000000e+01 -2.443107903387078395e-01
-3.000000000000000000e+01 -2.364840193380954858e-01
-2.900000000000000000e+01 -2.286538155365223091e-01
-2.800000000000000000e+01 -2.208201598570442847e-01
-2.700000000000000000e+01 -2.129830332605724408e-01
-2.600000000000000000e+01 -2.051424167454158898e-01
-2.500000000000000000e+01 -1.972982913467955512e-01
-2.400000000000000000e+01 -1.894506381363956216e-01
-2.300000000000000000e+01 -1.815994382218790726e-01
-2.200000000000000000e+01 -1.737446727464750929e-01
-2.100000000000000000e+01 -1.658863228884865926e-01
-2.000000000000000000e+01 -1.580243698608723157e-01
-1.900000000000000000e+01 -1.501587949107805464e-01
-1.800000000000000000e+01 -1.422895793191254477e-01
-1.700000000000000000e+01 -1.344167044001238764e-01
-1.600000000000000000e+01 -1.265401515009116906e-01
-1.500000000000000000e+01 -1.186599020010605798e-01
-1.400000000000000000e+01 -1.107759373121868229e-01
-1.300000000000000000e+01 -1.028882388775023138e-01
-1.200000000000000000e+01 -9.499678817142553910e-02
-1.100000000000000000e+01 -8.710156669913704519e-02
-1.000000000000000000e+01 -7.920255599619308029e-02
-9.000000000000000000e+00 -7.129973762808994309e-02
-8.000000000000000000e+00 -6.339309318987851327e-02
-7.000000000000000000e+00 -5.548260430574325497e-02
-6.000000000000000000e+00 -4.756825262862207637e-02
-5.000000000000000000e+00 -3.965001983979510314e-02
-4.000000000000000000e+00 -3.172788764850320575e-02
-3.000000000000000000e+00 -2.380183779155187196e-02
-2.000000000000000000e+00 -1.587185203289820379e-02
-1.000000000000000000e+00 -7.937912163324511994e-03
0.000000000000000000e+00 0.000000000000000000e+00
1.000000000000000000e+00 7.941902613866513860e-03
2.000000000000000000e+00 1.588781380941162169e-02
3.000000000000000000e+00 2.383775169247837056e-02
4.000000000000000000e+00 3.179173434402393639e-02
5.000000000000000000e+00 3.974977982042959823e-02
6.000000000000000000e+00 4.771190615391818213e-02
7.000000000000000000e+00 5.567813135287291715e-02
8.000000000000000000e+00 6.364847340223755978e-02
9.000000000000000000e+00 7.162295026383125318e-02
1.000000000000000000e+01 7.960157987675087199e-02
1.100000000000000000e+01 8.758438015765968032e-02
1.200000000000000000e+01 9.557136900120077883e-02
1.300000000000000000e+01 1.035625642803061908e-01
1.400000000000000000e+01 1.115579838465277085e-01
1.500000000000000000e+01 1.195576455304183661e-01
1.600000000000000000e+01 1.275615671418526276e-01
1.700000000000000000e+01 1.355697664703594540e-01
1.800000000000000000e+01 1.435822612854389391e-01
1.900000000000000000e+01 1.515990693369322351e-01
2.000000000000000000e+01 1.596202083553244222e-01
2.100000000000000000e+01 1.676456960520829043e-01
2.200000000000000000e+01 1.756755501199704916e-01
2.300000000000000000e+01 1.837097882333815768e-01
2.400000000000000000e+01 1.917484280486538850e-01
2.500000000000000000e+01 1.997914872043859980e-01
2.600000000000000000e+01 2.078389833217495486e-01
2.700000000000000000e+01 2.158909340048302816e-01
2.800000000000000000e+01 2.239473568408874016e-01
2.900000000000000000e+01 2.320082694007239432e-01
3.000000000000000000e+01 2.400736892389332411e-01
3.100000000000000000e+01 2.481436338942697439e-01
3.200000000000000000e+01 2.562181208898910434e-01
3.300000000000000000e+01 2.642971677336909408e-01
3.400000000000000000e+01 2.723807919186063131e-01
3.500000000000000000e+01 2.804690109228782369e-01
3.600000000000000000e+01 2.885618422103970460e-01
3.700000000000000000e+01 2.966593032309585709e-01
3.800000000000000000e+01 3.047614114205550173e-01
3.900000000000000000e+01 3.128681842016982628e-01
4.000000000000000000e+01 3.209796389836720998e-01
4.100000000000000000e+01 3.290957931628382127e-01
4.200000000000000000e+01 3.372166641229119577e-01
4.300000000000000000e+01 3.453422692352461354e-01
4.400000000000000000e+01 3.534726258591236459e-01
4.500000000000000000e+01 3.616077513420123957e-01
4.600000000000000000e+01 3.697476630198703873e-01
4.700000000000000000e+01 3.778923782173784218e-01
4.800000000000000000e+01 3.860419142482935939e-01
4.900000000000000000e+01 3.941962884156207103e-01
5.000000000000000000e+01 4.023555180119724461e-01
