Atmospheric pressure deviation [Pa], Dust optical depth deviation
-5.000000000000000000e+01 -4.682797852483862044e-01
-4.900000000000000000e+01 -4.591611166942692890e-01
-4.800000000000000000e+01 -4.500328168639224913e-01
-4.700000000000000000e+01 -4.408948583516814068e-01
-4.600000000000000000e+01 -4.317472137077595917e-01
-4.500000000000000000e+01 -4.225898554378018090e-01
-4.400000000000000000e+01 -4.134227560025598436e-01
-4.300000000000000000e+01 -4.042458878176331538e-01
-4.200000000000000000e+01 -3.950592232530283354e-01
-4.100000000000000000e+01 -3.858627346329175367e-01
-4.000000000000000000e+01 -3.766563942351881522e-01
-3.900000000000000000e+01 -3.674401742912412061e-01
-3.800000000000000000e+01 -3.582140469855348286e-01
-3.700000000000000000e+01 -3.489779844553373422e-01
-3.600000000000000000e+01 -3.397319587903311344e-01
-3.500000000000000000e+01 -3.304759420322707086e-01
-3.400000000000000000e+01 -3.212099061746656048e-01
-3.300000000000000000e+01 -3.119338231624988467e-01
-3.200000000000000000e+01 -3.026476648918103862e-01
-3.100000000000000000e+01 -2.933514032093134105e-01
-3.000000000000000000e+01 -2.840450099122104888e-01
-2.900000000000000000e+01 -2.747284567477343842e-01
-2.800000000000000000e+01 -2.654017154128229805e-01
-2.700000000000000000e+01 -2.560647575538270715e-01
-2.600000000000000000e+01 -2.467175547661426549e-01
-2.500000000000000000e+01 -2.373600785938627666e-01
-2.400000000000000000e+01 -2.279923005294408611e-01
-2.300000000000000000e+01 -2.186141920133772842e-01
-2.200000000000000000e+01 -2.092257244338329158e-01
-2.100000000000000000e+01 -1.998268691263032082e-01
-2.000000000000000000e+01 -1.904175973733543970e-01
-1.900000000000000000e+01 -1.809978804041190159e-01
-1.800000000000000000e+01 -1.715676893941244785e-01
-1.700000000000000000e+01 -1.621269954648445477e-01
-1.600000000000000000e+01 -1.526757696833866973e-01
-1.500000000000000000e+01 -1.432139830621599330e-01
-1.400000000000000000e+01 -1.337416065585337321e-01
-1.300000000000000000e+01 -1.242586110744330341e-01
-1.200000000000000000e+01 -1.147649674560975441e-01
-1.100000000000000000e+01 -1.052606464936829411e-01
-1.000000000000000000e+01 -9.574561892088961912e-02
-9.000000000000000000e+00 -8.621985541463761393e-02
-8.000000000000000000e+00 -7.668332659477261615e-02
-7.000000000000000000e+00 -6.713600302364408634e-02
-6.000000000000000000e+00 -5.757785520577396454e-02
-5.000000000000000000e+00 -4.800885358757778221e-02
-4.000000000000000000e+00 -3.842896855691879665e-02
-3.000000000000000000e+00 -2.883817044281844488e-02
-2.000000000000000000e+00 -1.923642951509574317e-02
-1.000000000000000000e+00 -9.623715984038661020e-03
0.000000000000000000e+00 0.000000000000000000e+00
1.000000000000000000e+00 9.634748346913468708e-03
2.000000000000000000e+00 1.928055902715186676e-02
3.000000000000000000e+00 2.893746207219383137e-02
4.000000000000000000e+00 3.860548757474724368e-02
5.000000000000000000e+00 4.828466568924838498e-02
6.000000000000000000e+00 5.797502663209286311e-02
7.000000000000000000e+00 6.767660068205838542e-02
8.000000000000000000e+00 7.738941818065736555e-02
9.000000000000000000e+00 8.711350953245222684e-02
1.000000000000000000e+01 9.684890520543554260e-02
1.100000000000000000e+01 1.065956357313853076e-01
1.200000000000000000e+01 1.163537317062539600e-01
1.300000000000000000e+01 1.261232237904623688e-01
1.400000000000000000e+01 1.359041427092781973e-01
1.500000000000000000e+01 1.456965192532155839e-01
1.600000000000000000e+01 1.555003842783522217e-01
1.700000000000000000e+01 1.653157687066988402e-01
1.800000000000000000e+01 1.751427035265527010e-01
1.900000000000000000e+01 1.849812197929114888e-01
2.000000000000000000e+01 1.948313486277486462e-01
2.100000000000000000e+01 2.046931212204423645e-01
2.200000000000000000e+01 2.145665688281264138e-01
2.300000000000000000e+01 2.244517227760187694e-01
2.400000000000000000e+01 2.343486144578506014e-01
2.500000000000000000e+01 2.442572753361931248e-01
2.600000000000000000e+01 2.541777369428057654e-01
2.700000000000000000e+01 2.641100308790154116e-01
2.800000000000000000e+01 2.740541888161729389e-01
2.900000000000000000e+01 2.840102424958921290e-01
3.000000000000000000e+01 2.939782237304520152e-01
3.100000000000000000e+01 3.039581644032613994e-01
3.200000000000000000e+01 3.139500964691084306e-01
3.300000000000000000e+01 3.239540519545860420e-01
3.400000000000000000e+01 3.339700629584783087e-01
3.500000000000000000e+01 3.439981616521681218e-01
3.600000000000000000e+01 3.540383802799080826e-01
3.700000000000000000e+01 3.640907511592494927e-01
3.800000000000000000e+01 3.741553066815042072e-01
3.900000000000000000e+01 3.842320793119462508e-01
4.000000000000000000e+01 3.943211015903811401e-01
4.100000000000000000e+01 4.044224061313803631e-01
4.200000000000000000e+01 4.145360256247334618e-01
4.300000000000000000e+01 4.246619928358503770e-01
4.400000000000000000e+01 4.348003406060687581e-01
4.500000000000000000e+01 4.449511018530634132e-01
4.600000000000000000e+01 4.551143095713241493e-01
4.700000000000000000e+01 4.652899968324097912e-01
4.800000000000000000e+01 4.754781967853904945e-01
4.900000000000000000e+01 4.856789426572696300e-01
5.000000000000000000e+01 4.958922677533408319e-01
