Instrument noise deviation[DN], Dust optical depth deviation
-1.850000023841857910e+00 -7.442457544957686855e-01
-1.800000071525573730e+00 -7.241310969662120289e-01
-1.750000000000000000e+00 -7.040163076711871692e-01
-1.700000047683715820e+00 -6.839013866106943285e-01
-1.649999976158142090e+00 -6.637868608466056530e-01
-1.600000023841857910e+00 -6.436719397861128122e-01
-1.549999952316284180e+00 -6.235574140220241368e-01
-1.500000000000000000e+00 -6.034424929615312960e-01
-1.450000047683715820e+00 -5.833277036665065474e-01
-1.399999976158142090e+00 -5.632130461369497798e-01
-1.350000023841857910e+00 -5.430982568419249201e-01
-1.299999952316284180e+00 -5.229835993123682636e-01
-1.250000000000000000e+00 -5.028688100173435149e-01
-1.200000047683715820e+00 -4.827540207223186552e-01
-1.150000095367431641e+00 -4.626393631927619432e-01
-1.100000023841857910e+00 -4.425244421322690469e-01
-1.049999952316284180e+00 -4.224099163681803715e-01
-1.000000000000000000e+00 -4.022949953076875307e-01
-9.499999880790710449e-01 -3.821802060126627265e-01
-9.000000357627868652e-01 -3.620655484831060145e-01
-8.500000238418579102e-01 -3.419507591880812103e-01
-7.999999523162841797e-01 -3.218361016585244982e-01
-7.500000000000000000e-01 -3.017213123634996941e-01
-7.000000476837158203e-01 -2.816065230684748899e-01
-6.499999761581420898e-01 -2.614918655389181779e-01
-6.000000238418579102e-01 -2.413769444784252816e-01
-5.499999523162841797e-01 -2.212624187143366616e-01
-5.000000000000000000e-01 -2.011474976538437653e-01
-4.500000476837158203e-01 -1.810327083588189612e-01
-3.999999761581420898e-01 -1.609180508292622491e-01
-3.500000238418579102e-01 -1.408032615342374727e-01
-2.999999523162841797e-01 -1.206886040046807329e-01
-2.500000000000000000e-01 -1.005738147096559287e-01
-2.000000476837158203e-01 -8.045902541463112456e-02
-1.499999761581420898e-01 -6.034436788507441252e-02
-1.000000238418579102e-01 -4.022944682458154397e-02
-4.999995231628417969e-02 -2.011492106049289630e-02
0.000000000000000000e+00 0.000000000000000000e+00
4.999995231628417969e-02 2.011478929502474866e-02
1.000000238418579102e-01 3.812920966351129870e-02
1.499999761581420898e-01 5.589298637514683588e-02
1.999999284744262695e-01 7.365664672203608987e-02
2.500001192092895508e-01 9.142042343367162704e-02
3.000000715255737305e-01 1.091842001453071642e-01
3.500000238418579102e-01 1.269479768569427569e-01
3.999999761581420898e-01 1.447117535685782941e-01
4.499999284744262695e-01 1.624752975507212094e-01
5.000001192092895508e-01 1.802390742623567466e-01
5.500000715255737305e-01 1.980028509739923948e-01
6.000000238418579102e-01 2.157666276856279319e-01
6.499999761581420898e-01 2.335304043972634691e-01
6.999999284744262695e-01 2.512939483794063289e-01
7.500001192092895508e-01 2.690579578205345435e-01
8.000000715255737305e-01 2.868217345321700806e-01
8.500000238418579102e-01 3.045852785143130514e-01
8.999999761581420898e-01 3.223405873406587352e-01
9.499999284744262695e-01 3.384106897226556443e-01
1.000000119209289551e+00 3.544807921046525534e-01
1.050000071525573730e+00 3.705508944866494625e-01
1.100000023841857910e+00 3.866207863285774371e-01
1.149999976158142090e+00 4.026908887105743462e-01
1.199999928474426270e+00 4.187609910925712553e-01
1.250000119209289551e+00 4.348310934745681644e-01
1.300000071525573730e+00 4.509011958565650735e-01
1.350000023841857910e+00 4.669712982385619826e-01
1.399999976158142090e+00 4.830414006205588917e-01
1.449999928474426270e+00 4.991112924624867553e-01
1.500000119209289551e+00 5.151813948444837754e-01
1.550000071525573730e+00 5.312514972264806845e-01
1.600000023841857910e+00 5.473215996084774826e-01
1.649999976158142090e+00 5.633917019904743917e-01
1.699999928474426270e+00 5.794615938324023663e-01
1.750000119209289551e+00 5.955319067544682099e-01
1.800000071525573730e+00 6.116020091364651190e-01
1.850000023841857910e+00 6.272558562262388060e-01
