wavelength, MY27:ORB0518_3, MY28:ORB3198_5
2.527539968490600586e+00 1.268878817558288574e+00 5.817617177963256836e-01
2.548530101776123047e+00 1.181451320648193359e+00 3.644412457942962646e-01
2.569570064544677734e+00 1.072033762931823730e+00 3.680433332920074463e-01
2.590300083160400391e+00 1.106318950653076172e+00 5.636934638023376465e-01
2.611129999160766602e+00 1.035497784614562988e+00 4.279558658599853516e-01
2.632829904556274414e+00 9.539995789527893066e-01 nan
2.652499914169311523e+00 2.171941995620727539e-01 4.258169829845428467e-01
2.673480033874511719e+00 1.878402009606361389e-02 2.225674688816070557e-01
2.694309949874877930e+00 6.560564786195755005e-02 1.313788164407014847e-02
2.714940071105957031e+00 1.242422387003898621e-01 2.086633071303367615e-02
2.735529899597167969e+00 1.110329385846853256e-02 7.017355412244796753e-02
2.755850076675415039e+00 7.246510125696659088e-03 1.228188071399927139e-02
2.776910066604614258e+00 2.337546832859516144e-02 2.543178290181913326e-08
2.797580003738403320e+00 6.256926059722900391e-02 1.197297964245080948e-02
2.818320035934448242e+00 9.116712212562561035e-02 4.216482117772102356e-02
2.838769912719726562e+00 1.142454221844673157e-01 6.357286870479583740e-02
2.859819889068603516e+00 1.275094300508499146e-01 8.514945954084396362e-02
2.880749940872192383e+00 1.391814351081848145e-01 1.063407510519027710e-01
2.902420043945312500e+00 1.334061175584793091e-01 1.177723556756973267e-01
2.923019886016845703e+00 1.326102912425994873e-01 1.102816984057426453e-01
2.943959951400756836e+00 1.322653889656066895e-01 1.037119552493095398e-01
2.964270114898681641e+00 1.310524791479110718e-01 1.033210679888725281e-01
2.985100030899047852e+00 1.288835406303405762e-01 9.818380326032638550e-02
3.005919933319091797e+00 1.348311752080917358e-01 1.028385311365127563e-01
3.026799917221069336e+00 1.369893699884414673e-01 1.023686230182647705e-01
3.048360109329223633e+00 1.358429938554763794e-01 1.034345477819442749e-01
3.068559885025024414e+00 1.392269581556320190e-01 1.080782711505889893e-01
3.089390039443969727e+00 1.369155496358871460e-01 nan
3.109750032424926758e+00 1.432769745588302612e-01 1.093140840530395508e-01
3.130500078201293945e+00 1.478593647480010986e-01 1.084132939577102661e-01
3.151550054550170898e+00 nan nan
3.172590017318725586e+00 1.520942747592926025e-01 1.082463786005973816e-01
3.192830085754394531e+00 1.569751948118209839e-01 1.120780557394027710e-01
3.213740110397338867e+00 1.593887656927108765e-01 1.160717755556106567e-01
3.234659910202026367e+00 1.583257913589477539e-01 nan
3.255419969558715820e+00 1.635846346616744995e-01 1.097173467278480530e-01
3.276329994201660156e+00 1.671911031007766724e-01 1.155136525630950928e-01
3.297549962997436523e+00 1.696583926677703857e-01 1.259377598762512207e-01
3.318180084228515625e+00 1.737377047538757324e-01 1.248755604028701782e-01
3.339370012283325195e+00 1.753302663564682007e-01 1.263727247714996338e-01
3.359719991683959961e+00 1.781336665153503418e-01 1.273274123668670654e-01
3.380880117416381836e+00 1.851643919944763184e-01 1.344633102416992188e-01
3.401779890060424805e+00 1.881963908672332764e-01 1.336709111928939819e-01
3.422630071640014648e+00 2.007118463516235352e-01 1.346883028745651245e-01
3.443429946899414062e+00 2.027700990438461304e-01 1.407883614301681519e-01
3.464139938354492188e+00 2.063705921173095703e-01 1.425543427467346191e-01
3.484620094299316406e+00 2.071640938520431519e-01 1.507666707038879395e-01
3.505029916763305664e+00 2.156609445810317993e-01 1.442437022924423218e-01
3.525510072708129883e+00 2.114338874816894531e-01 1.456470489501953125e-01
3.546210050582885742e+00 2.147446572780609131e-01 1.485316604375839233e-01
3.566760063171386719e+00 2.111987918615341187e-01 1.449866145849227905e-01
3.587790012359619141e+00 2.133445292711257935e-01 1.531695425510406494e-01
3.607949972152709961e+00 2.104979753494262695e-01 1.546244025230407715e-01
3.628489971160888672e+00 2.075541466474533081e-01 1.562120914459228516e-01
3.649159908294677734e+00 2.117641270160675049e-01 1.618634015321731567e-01
3.669600009918212891e+00 2.109818607568740845e-01 1.602399051189422607e-01
3.690180063247680664e+00 2.088803350925445557e-01 1.616348028182983398e-01
3.710589885711669922e+00 2.088461369276046753e-01 1.598303467035293579e-01
3.731400012969970703e+00 2.031332403421401978e-01 1.620272099971771240e-01
3.752569913864135742e+00 2.000581771135330200e-01 1.650811880826950073e-01
3.773040056228637695e+00 1.936098933219909668e-01 nan
3.793979883193969727e+00 1.849992871284484863e-01 1.543883085250854492e-01
3.814320087432861328e+00 1.828820854425430298e-01 1.570436656475067139e-01
3.835180044174194336e+00 1.795544773340225220e-01 nan
3.855679988861083984e+00 1.817899346351623535e-01 1.651420146226882935e-01
3.876270055770874023e+00 1.777661591768264771e-01 1.699185073375701904e-01
3.896509885787963867e+00 1.779337823390960693e-01 1.738182455301284790e-01
3.916409969329833984e+00 1.748447716236114502e-01 1.718450635671615601e-01
3.937119960784912109e+00 1.680398583412170410e-01 1.762221604585647583e-01
3.957479953765869141e+00 1.608967036008834839e-01 1.742856651544570923e-01
3.977619886398315430e+00 1.560219824314117432e-01 1.732182949781417847e-01
3.998260021209716797e+00 1.526076197624206543e-01 1.745716482400894165e-01
4.017940044403076172e+00 1.467730104923248291e-01 1.679998785257339478e-01
4.038360118865966797e+00 1.472531408071517944e-01 1.829914152622222900e-01
4.058619976043701172e+00 1.382251232862472534e-01 1.856681555509567261e-01
4.078619956970214844e+00 1.265186518430709839e-01 1.875693351030349731e-01
4.098760128021240234e+00 1.091019585728645325e-01 1.837150305509567261e-01
4.118619918823242188e+00 7.882881164550781250e-02 1.786518543958663940e-01
4.138659954071044922e+00 5.008551105856895447e-02 1.589816361665725708e-01
4.159180164337158203e+00 2.085069566965103149e-02 1.288914680480957031e-01
4.179729938507080078e+00 1.170142088085412979e-02 8.226399868726730347e-02
4.199930191040039062e+00 5.930619779974222183e-03 2.079328894615173340e-02
4.219900131225585938e+00 5.627135280519723892e-03 2.343233209103345871e-03
4.240670204162597656e+00 8.933590725064277649e-03 1.172465970739722252e-03
4.260499954223632812e+00 1.170704234391450882e-02 5.290661007165908813e-03
4.280109882354736328e+00 1.364161539822816849e-02 1.408524252474308014e-02
4.300310134887695312e+00 1.587347127497196198e-02 9.955902583897113800e-03
4.319900035858154297e+00 1.115771662443876266e-02 1.341586094349622726e-02
4.339890003204345703e+00 1.654097810387611389e-02 1.435330696403980255e-02
4.359459877014160156e+00 1.519726682454347610e-02 1.134207379072904587e-02
4.379340171813964844e+00 1.740230061113834381e-02 1.344341505318880081e-02
4.399290084838867188e+00 1.782796718180179596e-02 1.127644628286361694e-02
4.418039798736572266e+00 2.038051187992095947e-02 1.365306228399276733e-02
4.436880111694335938e+00 3.666568547487258911e-02 2.727631106972694397e-02
4.456329822540283203e+00 nan nan
4.481639862060546875e+00 9.714379906654357910e-02 1.524195075035095215e-01
4.499780178070068359e+00 1.279206275939941406e-01 2.764817774295806885e-01
4.517489910125732422e+00 1.100100502371788025e-01 2.723637819290161133e-01
4.535510063171386719e+00 1.052335798740386963e-01 2.865034937858581543e-01
4.555359840393066406e+00 1.041500717401504517e-01 2.949422895908355713e-01
4.574910163879394531e+00 1.019003614783287048e-01 2.896552085876464844e-01
4.594900131225585938e+00 1.009919270873069763e-01 3.048729598522186279e-01
4.614140033721923828e+00 1.026031672954559326e-01 2.974764108657836914e-01
4.634300231933593750e+00 1.090147867798805237e-01 2.980167865753173828e-01
4.653279781341552734e+00 1.086260974407196045e-01 3.082500100135803223e-01
4.672430038452148438e+00 9.864737093448638916e-02 3.512841165065765381e-01
4.691790103912353516e+00 9.492053091526031494e-02 3.334311544895172119e-01
4.711110115051269531e+00 9.894318133592605591e-02 3.318215310573577881e-01
4.730500221252441406e+00 1.009138375520706177e-01 3.407551348209381104e-01
4.750289916992187500e+00 1.059728860855102539e-01 3.477089405059814453e-01
4.769199848175048828e+00 1.014666333794593811e-01 3.597165048122406006e-01
4.788390159606933594e+00 8.362377434968948364e-02 3.611973524093627930e-01
4.807209968566894531e+00 8.866454660892486572e-02 3.349876999855041504e-01
4.826290130615234375e+00 9.323619306087493896e-02 3.230952918529510498e-01
4.844530105590820312e+00 9.720242768526077271e-02 3.551868498325347900e-01
4.864399909973144531e+00 1.112655773758888245e-01 3.662927746772766113e-01
4.883029937744140625e+00 1.145546659827232361e-01 3.875579833984375000e-01
4.902309894561767578e+00 1.210496947169303894e-01 4.358392059803009033e-01
4.921040058135986328e+00 1.291848272085189819e-01 4.532524943351745605e-01
4.939390182495117188e+00 1.318625658750534058e-01 4.854641258716583252e-01
4.957970142364501953e+00 1.295521855354309082e-01 5.076562762260437012e-01
4.976290225982666016e+00 1.350450217723846436e-01 5.285272002220153809e-01
4.994900226593017578e+00 1.350673288106918335e-01 5.485634207725524902e-01
5.014989852905273438e+00 1.406213939189910889e-01 5.692114233970642090e-01
5.033510208129882812e+00 1.418395489454269409e-01 5.795897245407104492e-01
5.051799774169921875e+00 1.448114216327667236e-01 6.050494909286499023e-01
5.070909976959228516e+00 1.449315696954727173e-01 6.115248799324035645e-01
