Longitude[deg], Latitude[deg], Dust optical depth
-1.310000000000000000e+02 4.000000000000000000e+00 nan
-1.310000000000000000e+02 5.000000000000000000e+00 nan
-1.310000000000000000e+02 6.000000000000000000e+00 nan
-1.310000000000000000e+02 7.000000000000000000e+00 nan
-1.310000000000000000e+02 8.000000000000000000e+00 nan
-1.310000000000000000e+02 9.000000000000000000e+00 nan
-1.310000000000000000e+02 1.000000000000000000e+01 nan
-1.310000000000000000e+02 1.100000000000000000e+01 nan
-1.310000000000000000e+02 1.200000000000000000e+01 nan
-1.310000000000000000e+02 1.300000000000000000e+01 nan
-1.310000000000000000e+02 1.400000000000000000e+01 nan
-1.310000000000000000e+02 1.500000000000000000e+01 nan
-1.310000000000000000e+02 1.600000000000000000e+01 nan
-1.310000000000000000e+02 1.700000000000000000e+01 nan
-1.310000000000000000e+02 1.800000000000000000e+01 nan
-1.310000000000000000e+02 1.900000000000000000e+01 nan
-1.310000000000000000e+02 2.000000000000000000e+01 nan
-1.310000000000000000e+02 2.100000000000000000e+01 nan
-1.310000000000000000e+02 2.200000000000000000e+01 nan
-1.310000000000000000e+02 2.300000000000000000e+01 nan
-1.310000000000000000e+02 2.400000000000000000e+01 nan
-1.310000000000000000e+02 2.500000000000000000e+01 nan
-1.310000000000000000e+02 2.600000000000000000e+01 nan
-1.310000000000000000e+02 2.700000000000000000e+01 nan
-1.310000000000000000e+02 2.800000000000000000e+01 nan
-1.310000000000000000e+02 2.900000000000000000e+01 nan
-1.310000000000000000e+02 3.000000000000000000e+01 nan
-1.300000000000000000e+02 4.000000000000000000e+00 nan
-1.300000000000000000e+02 5.000000000000000000e+00 nan
-1.300000000000000000e+02 6.000000000000000000e+00 nan
-1.300000000000000000e+02 7.000000000000000000e+00 nan
-1.300000000000000000e+02 8.000000000000000000e+00 nan
-1.300000000000000000e+02 9.000000000000000000e+00 nan
-1.300000000000000000e+02 1.000000000000000000e+01 nan
-1.300000000000000000e+02 1.100000000000000000e+01 nan
-1.300000000000000000e+02 1.200000000000000000e+01 nan
-1.300000000000000000e+02 1.300000000000000000e+01 nan
-1.300000000000000000e+02 1.400000000000000000e+01 nan
-1.300000000000000000e+02 1.500000000000000000e+01 nan
-1.300000000000000000e+02 1.600000000000000000e+01 nan
-1.300000000000000000e+02 1.700000000000000000e+01 nan
-1.300000000000000000e+02 1.800000000000000000e+01 nan
-1.300000000000000000e+02 1.900000000000000000e+01 nan
-1.300000000000000000e+02 2.000000000000000000e+01 nan
-1.300000000000000000e+02 2.100000000000000000e+01 nan
-1.300000000000000000e+02 2.200000000000000000e+01 nan
-1.300000000000000000e+02 2.300000000000000000e+01 nan
-1.300000000000000000e+02 2.400000000000000000e+01 nan
-1.300000000000000000e+02 2.500000000000000000e+01 5.363289128250807281e+00
-1.300000000000000000e+02 2.600000000000000000e+01 5.315179522973365600e+00
-1.300000000000000000e+02 2.700000000000000000e+01 5.129771254465563146e+00
-1.300000000000000000e+02 2.800000000000000000e+01 5.023187102310379792e+00
-1.300000000000000000e+02 2.900000000000000000e+01 4.996911289291806391e+00
-1.300000000000000000e+02 3.000000000000000000e+01 nan
-1.290000000000000000e+02 4.000000000000000000e+00 nan
-1.290000000000000000e+02 5.000000000000000000e+00 nan
-1.290000000000000000e+02 6.000000000000000000e+00 nan
-1.290000000000000000e+02 7.000000000000000000e+00 nan
-1.290000000000000000e+02 8.000000000000000000e+00 nan
-1.290000000000000000e+02 9.000000000000000000e+00 nan
-1.290000000000000000e+02 1.000000000000000000e+01 nan
-1.290000000000000000e+02 1.100000000000000000e+01 nan
-1.290000000000000000e+02 1.200000000000000000e+01 nan
-1.290000000000000000e+02 1.300000000000000000e+01 nan
-1.290000000000000000e+02 1.400000000000000000e+01 nan
-1.290000000000000000e+02 1.500000000000000000e+01 nan
-1.290000000000000000e+02 1.600000000000000000e+01 nan
-1.290000000000000000e+02 1.700000000000000000e+01 nan
-1.290000000000000000e+02 1.800000000000000000e+01 nan
-1.290000000000000000e+02 1.900000000000000000e+01 nan
-1.290000000000000000e+02 2.000000000000000000e+01 nan
-1.290000000000000000e+02 2.100000000000000000e+01 5.544184419985043633e+00
-1.290000000000000000e+02 2.200000000000000000e+01 5.301104611152160473e+00
-1.290000000000000000e+02 2.300000000000000000e+01 5.097461409064429461e+00
-1.290000000000000000e+02 2.400000000000000000e+01 5.193744430910542498e+00
-1.290000000000000000e+02 2.500000000000000000e+01 5.332400629717481522e+00
-1.290000000000000000e+02 2.600000000000000000e+01 5.315179522973365600e+00
-1.290000000000000000e+02 2.700000000000000000e+01 5.130640197926654267e+00
-1.290000000000000000e+02 2.800000000000000000e+01 5.000278479299439027e+00
-1.290000000000000000e+02 2.900000000000000000e+01 4.951176027877809638e+00
-1.290000000000000000e+02 3.000000000000000000e+01 4.887793449345551267e+00
-1.280000000000000000e+02 4.000000000000000000e+00 nan
-1.280000000000000000e+02 5.000000000000000000e+00 nan
-1.280000000000000000e+02 6.000000000000000000e+00 nan
-1.280000000000000000e+02 7.000000000000000000e+00 nan
-1.280000000000000000e+02 8.000000000000000000e+00 nan
-1.280000000000000000e+02 9.000000000000000000e+00 nan
-1.280000000000000000e+02 1.000000000000000000e+01 nan
-1.280000000000000000e+02 1.100000000000000000e+01 nan
-1.280000000000000000e+02 1.200000000000000000e+01 nan
-1.280000000000000000e+02 1.300000000000000000e+01 nan
-1.280000000000000000e+02 1.400000000000000000e+01 nan
-1.280000000000000000e+02 1.500000000000000000e+01 4.957400283164676402e+00
-1.280000000000000000e+02 1.600000000000000000e+01 4.943492856394251511e+00
-1.280000000000000000e+02 1.700000000000000000e+01 4.918044602673079524e+00
-1.280000000000000000e+02 1.800000000000000000e+01 4.920914140183653807e+00
-1.280000000000000000e+02 1.900000000000000000e+01 5.031315381952084387e+00
-1.280000000000000000e+02 2.000000000000000000e+01 5.228040074068285747e+00
-1.280000000000000000e+02 2.100000000000000000e+01 5.443675104634762008e+00
-1.280000000000000000e+02 2.200000000000000000e+01 5.306934372090744922e+00
-1.280000000000000000e+02 2.300000000000000000e+01 5.126607470780255582e+00
-1.280000000000000000e+02 2.400000000000000000e+01 5.183940806436874382e+00
-1.280000000000000000e+02 2.500000000000000000e+01 5.321591822510334246e+00
-1.280000000000000000e+02 2.600000000000000000e+01 5.266343122784835629e+00
-1.280000000000000000e+02 2.700000000000000000e+01 5.075879842654922314e+00
-1.280000000000000000e+02 2.800000000000000000e+01 4.921887352132946702e+00
-1.280000000000000000e+02 2.900000000000000000e+01 4.880710696840162122e+00
-1.280000000000000000e+02 3.000000000000000000e+01 4.866226087867427275e+00
-1.270000000000000000e+02 4.000000000000000000e+00 nan
-1.270000000000000000e+02 5.000000000000000000e+00 nan
-1.270000000000000000e+02 6.000000000000000000e+00 nan
-1.270000000000000000e+02 7.000000000000000000e+00 nan
-1.270000000000000000e+02 8.000000000000000000e+00 4.782889607472295523e+00
-1.270000000000000000e+02 9.000000000000000000e+00 4.679202895918369798e+00
-1.270000000000000000e+02 1.000000000000000000e+01 4.711578660298827437e+00
-1.270000000000000000e+02 1.100000000000000000e+01 4.712901885982564210e+00
-1.270000000000000000e+02 1.200000000000000000e+01 4.745735671676788670e+00
-1.270000000000000000e+02 1.300000000000000000e+01 4.771703966278417752e+00
-1.270000000000000000e+02 1.400000000000000000e+01 4.729224961383979853e+00
-1.270000000000000000e+02 1.500000000000000000e+01 4.832109323811289769e+00
-1.270000000000000000e+02 1.600000000000000000e+01 4.930215739485155346e+00
-1.270000000000000000e+02 1.700000000000000000e+01 4.926353300779023670e+00
-1.270000000000000000e+02 1.800000000000000000e+01 4.890418147847958252e+00
-1.270000000000000000e+02 1.900000000000000000e+01 4.968761741856021708e+00
-1.270000000000000000e+02 2.000000000000000000e+01 5.124564966304298252e+00
-1.270000000000000000e+02 2.100000000000000000e+01 5.329596808303759481e+00
-1.270000000000000000e+02 2.200000000000000000e+01 5.300107130687809587e+00
-1.270000000000000000e+02 2.300000000000000000e+01 5.138602231685339916e+00
-1.270000000000000000e+02 2.400000000000000000e+01 5.105353105575693107e+00
-1.270000000000000000e+02 2.500000000000000000e+01 5.216227491271388850e+00
-1.270000000000000000e+02 2.600000000000000000e+01 5.220953508337681015e+00
-1.270000000000000000e+02 2.700000000000000000e+01 5.058695221973672496e+00
-1.270000000000000000e+02 2.800000000000000000e+01 4.926370592695281658e+00
-1.270000000000000000e+02 2.900000000000000000e+01 4.925158544295492824e+00
-1.270000000000000000e+02 3.000000000000000000e+01 4.886023972196157139e+00
-1.260000000000000000e+02 4.000000000000000000e+00 5.003395347826188555e+00
-1.260000000000000000e+02 5.000000000000000000e+00 5.024289749543377148e+00
-1.260000000000000000e+02 6.000000000000000000e+00 4.925818592944630758e+00
-1.260000000000000000e+02 7.000000000000000000e+00 4.857559328093190132e+00
-1.260000000000000000e+02 8.000000000000000000e+00 4.841477652391898090e+00
-1.260000000000000000e+02 9.000000000000000000e+00 4.767918550337666872e+00
-1.260000000000000000e+02 1.000000000000000000e+01 4.769414128425080612e+00
-1.260000000000000000e+02 1.100000000000000000e+01 4.755250167762895330e+00
-1.260000000000000000e+02 1.200000000000000000e+01 4.740483269100476349e+00
-1.260000000000000000e+02 1.300000000000000000e+01 4.707524856329052376e+00
-1.260000000000000000e+02 1.400000000000000000e+01 4.646912196741831202e+00
-1.260000000000000000e+02 1.500000000000000000e+01 4.705432873638507374e+00
-1.260000000000000000e+02 1.600000000000000000e+01 4.851830889212667586e+00
-1.260000000000000000e+02 1.700000000000000000e+01 4.877980612390262039e+00
-1.260000000000000000e+02 1.800000000000000000e+01 4.846474627900833276e+00
-1.260000000000000000e+02 1.900000000000000000e+01 4.885541079891450700e+00
-1.260000000000000000e+02 2.000000000000000000e+01 5.033615693821734460e+00
-1.260000000000000000e+02 2.100000000000000000e+01 5.208131852969204445e+00
-1.260000000000000000e+02 2.200000000000000000e+01 5.266494356189133086e+00
-1.260000000000000000e+02 2.300000000000000000e+01 5.210463246591915620e+00
-1.260000000000000000e+02 2.400000000000000000e+01 5.090728949732254982e+00
-1.260000000000000000e+02 2.500000000000000000e+01 5.118842016662366490e+00
-1.260000000000000000e+02 2.600000000000000000e+01 5.224364379355340482e+00
-1.260000000000000000e+02 2.700000000000000000e+01 5.145689040921698876e+00
-1.260000000000000000e+02 2.800000000000000000e+01 5.014552014629477306e+00
-1.260000000000000000e+02 2.900000000000000000e+01 5.021110846948159789e+00
-1.260000000000000000e+02 3.000000000000000000e+01 4.979038683312623448e+00
-1.250000000000000000e+02 4.000000000000000000e+00 5.197006735578102443e+00
-1.250000000000000000e+02 5.000000000000000000e+00 5.151358381289675492e+00
-1.250000000000000000e+02 6.000000000000000000e+00 5.052236465981683189e+00
-1.250000000000000000e+02 7.000000000000000000e+00 4.943695178362020215e+00
-1.250000000000000000e+02 8.000000000000000000e+00 4.919824649599650712e+00
-1.250000000000000000e+02 9.000000000000000000e+00 4.854708378804230229e+00
-1.250000000000000000e+02 1.000000000000000000e+01 4.836791850971675188e+00
-1.250000000000000000e+02 1.100000000000000000e+01 4.798221030276423882e+00
-1.250000000000000000e+02 1.200000000000000000e+01 4.738915137968969127e+00
-1.250000000000000000e+02 1.300000000000000000e+01 4.676160860408415054e+00
-1.250000000000000000e+02 1.400000000000000000e+01 4.604006081040727949e+00
-1.250000000000000000e+02 1.500000000000000000e+01 4.628524799754202945e+00
-1.250000000000000000e+02 1.600000000000000000e+01 4.758312204610920304e+00
-1.250000000000000000e+02 1.700000000000000000e+01 4.839207930088684328e+00
-1.250000000000000000e+02 1.800000000000000000e+01 4.842248987075104871e+00
-1.250000000000000000e+02 1.900000000000000000e+01 4.894546379238018829e+00
-1.250000000000000000e+02 2.000000000000000000e+01 5.014887980854186189e+00
-1.250000000000000000e+02 2.100000000000000000e+01 5.171997439921808493e+00
-1.250000000000000000e+02 2.200000000000000000e+01 5.274133354105478233e+00
-1.250000000000000000e+02 2.300000000000000000e+01 5.284321749511045496e+00
-1.250000000000000000e+02 2.400000000000000000e+01 5.184386922712428181e+00
-1.250000000000000000e+02 2.500000000000000000e+01 5.115118150210886228e+00
-1.250000000000000000e+02 2.600000000000000000e+01 5.258522416323754278e+00
-1.250000000000000000e+02 2.700000000000000000e+01 5.252762691388892513e+00
-1.250000000000000000e+02 2.800000000000000000e+01 5.092280359043195759e+00
-1.250000000000000000e+02 2.900000000000000000e+01 5.092721684190633979e+00
-1.250000000000000000e+02 3.000000000000000000e+01 5.091522188973721441e+00
-1.240000000000000000e+02 4.000000000000000000e+00 5.546934584370426080e+00
-1.240000000000000000e+02 5.000000000000000000e+00 5.525206698810857908e+00
-1.240000000000000000e+02 6.000000000000000000e+00 5.506001849056283426e+00
-1.240000000000000000e+02 7.000000000000000000e+00 5.443896397923762898e+00
-1.240000000000000000e+02 8.000000000000000000e+00 5.311448398922413716e+00
-1.240000000000000000e+02 9.000000000000000000e+00 5.187328162521352759e+00
-1.240000000000000000e+02 1.000000000000000000e+01 5.063967265865024991e+00
-1.240000000000000000e+02 1.100000000000000000e+01 4.920146940472958974e+00
-1.240000000000000000e+02 1.200000000000000000e+01 4.845750897800192192e+00
-1.240000000000000000e+02 1.300000000000000000e+01 4.739977655644140420e+00
-1.240000000000000000e+02 1.400000000000000000e+01 4.672088470345116207e+00
-1.240000000000000000e+02 1.500000000000000000e+01 4.689777954595968801e+00
-1.240000000000000000e+02 1.600000000000000000e+01 4.768213050587421620e+00
-1.240000000000000000e+02 1.700000000000000000e+01 4.855567007226180287e+00
-1.240000000000000000e+02 1.800000000000000000e+01 4.874766801878235967e+00
-1.240000000000000000e+02 1.900000000000000000e+01 4.946168170649296592e+00
-1.240000000000000000e+02 2.000000000000000000e+01 5.054428200141332539e+00
-1.240000000000000000e+02 2.100000000000000000e+01 5.195629533675604428e+00
-1.240000000000000000e+02 2.200000000000000000e+01 5.301378613558121344e+00
-1.240000000000000000e+02 2.300000000000000000e+01 5.311423506028745578e+00
-1.240000000000000000e+02 2.400000000000000000e+01 5.234848646224083524e+00
-1.240000000000000000e+02 2.500000000000000000e+01 5.127820686189230592e+00
-1.240000000000000000e+02 2.600000000000000000e+01 5.282468374798965804e+00
-1.240000000000000000e+02 2.700000000000000000e+01 5.327360645339257239e+00
-1.240000000000000000e+02 2.800000000000000000e+01 5.121896914075716012e+00
-1.240000000000000000e+02 2.900000000000000000e+01 5.121896914075716012e+00
-1.240000000000000000e+02 3.000000000000000000e+01 5.137507289040003755e+00
-1.230000000000000000e+02 4.000000000000000000e+00 5.755421460336067163e+00
-1.230000000000000000e+02 5.000000000000000000e+00 5.765025898899564183e+00
-1.230000000000000000e+02 6.000000000000000000e+00 5.788194606324581493e+00
-1.230000000000000000e+02 7.000000000000000000e+00 5.710684648100109229e+00
-1.230000000000000000e+02 8.000000000000000000e+00 5.550266441567110576e+00
-1.230000000000000000e+02 9.000000000000000000e+00 5.411915810609789546e+00
-1.230000000000000000e+02 1.000000000000000000e+01 5.254413369168234205e+00
-1.230000000000000000e+02 1.100000000000000000e+01 5.070289285283652525e+00
-1.230000000000000000e+02 1.200000000000000000e+01 4.988165588406419104e+00
-1.230000000000000000e+02 1.300000000000000000e+01 4.843399038295383541e+00
-1.230000000000000000e+02 1.400000000000000000e+01 4.709023254166442740e+00
-1.230000000000000000e+02 1.500000000000000000e+01 4.758157201096487654e+00
-1.230000000000000000e+02 1.600000000000000000e+01 4.815259226442878848e+00
-1.230000000000000000e+02 1.700000000000000000e+01 4.868390784323942455e+00
-1.230000000000000000e+02 1.800000000000000000e+01 4.895631464570666225e+00
-1.230000000000000000e+02 1.900000000000000000e+01 4.985014275054608035e+00
-1.230000000000000000e+02 2.000000000000000000e+01 5.124222632927643239e+00
-1.230000000000000000e+02 2.100000000000000000e+01 5.228215765606251786e+00
-1.230000000000000000e+02 2.200000000000000000e+01 5.302138828946568516e+00
-1.230000000000000000e+02 2.300000000000000000e+01 5.352844437983717896e+00
-1.230000000000000000e+02 2.400000000000000000e+01 5.248265151298680209e+00
-1.230000000000000000e+02 2.500000000000000000e+01 nan
-1.230000000000000000e+02 2.600000000000000000e+01 nan
-1.230000000000000000e+02 2.700000000000000000e+01 nan
-1.230000000000000000e+02 2.800000000000000000e+01 nan
-1.230000000000000000e+02 2.900000000000000000e+01 nan
-1.230000000000000000e+02 3.000000000000000000e+01 nan
-1.220000000000000000e+02 4.000000000000000000e+00 nan
-1.220000000000000000e+02 5.000000000000000000e+00 nan
-1.220000000000000000e+02 6.000000000000000000e+00 nan
-1.220000000000000000e+02 7.000000000000000000e+00 nan
-1.220000000000000000e+02 8.000000000000000000e+00 nan
-1.220000000000000000e+02 9.000000000000000000e+00 nan
-1.220000000000000000e+02 1.000000000000000000e+01 nan
-1.220000000000000000e+02 1.100000000000000000e+01 nan
-1.220000000000000000e+02 1.200000000000000000e+01 nan
-1.220000000000000000e+02 1.300000000000000000e+01 nan
-1.220000000000000000e+02 1.400000000000000000e+01 nan
-1.220000000000000000e+02 1.500000000000000000e+01 nan
-1.220000000000000000e+02 1.600000000000000000e+01 nan
-1.220000000000000000e+02 1.700000000000000000e+01 nan
-1.220000000000000000e+02 1.800000000000000000e+01 nan
-1.220000000000000000e+02 1.900000000000000000e+01 nan
-1.220000000000000000e+02 2.000000000000000000e+01 nan
-1.220000000000000000e+02 2.100000000000000000e+01 nan
-1.220000000000000000e+02 2.200000000000000000e+01 nan
-1.220000000000000000e+02 2.300000000000000000e+01 nan
-1.220000000000000000e+02 2.400000000000000000e+01 nan
-1.220000000000000000e+02 2.500000000000000000e+01 nan
-1.220000000000000000e+02 2.600000000000000000e+01 nan
-1.220000000000000000e+02 2.700000000000000000e+01 nan
-1.220000000000000000e+02 2.800000000000000000e+01 nan
-1.220000000000000000e+02 2.900000000000000000e+01 nan
-1.220000000000000000e+02 3.000000000000000000e+01 nan
