Longitude[deg], Latitude[deg], Dust optical depth
-7.500000000000000000e+01 -3.000000000000000000e+01 2.521300318948123564e+00
-7.500000000000000000e+01 -2.900000000000000000e+01 2.174298278727456513e+00
-7.500000000000000000e+01 -2.800000000000000000e+01 1.711341635081715884e+00
-7.500000000000000000e+01 -2.700000000000000000e+01 1.512684509535829225e+00
-7.500000000000000000e+01 -2.600000000000000000e+01 1.391342753405368837e+00
-7.500000000000000000e+01 -2.500000000000000000e+01 1.391342753405368837e+00
-7.500000000000000000e+01 -2.400000000000000000e+01 1.384180483408036233e+00
-7.500000000000000000e+01 -2.300000000000000000e+01 1.372349419960316341e+00
-7.500000000000000000e+01 -2.200000000000000000e+01 1.523240709589273489e+00
-7.500000000000000000e+01 -2.100000000000000000e+01 1.804451432514144527e+00
-7.500000000000000000e+01 -2.000000000000000000e+01 1.999351210023193826e+00
-7.500000000000000000e+01 -1.900000000000000000e+01 2.028182688252376131e+00
-7.500000000000000000e+01 -1.800000000000000000e+01 2.078404013528845962e+00
-7.500000000000000000e+01 -1.700000000000000000e+01 2.029127651016282563e+00
-7.500000000000000000e+01 -1.600000000000000000e+01 2.238021355600667839e+00
-7.500000000000000000e+01 -1.500000000000000000e+01 2.174529948605066654e+00
-7.500000000000000000e+01 -1.400000000000000000e+01 2.147132193935153310e+00
-7.500000000000000000e+01 -1.300000000000000000e+01 1.833465053293416469e+00
-7.500000000000000000e+01 -1.200000000000000000e+01 1.636958488554436153e+00
-7.500000000000000000e+01 -1.100000000000000000e+01 1.651850901896309010e+00
-7.500000000000000000e+01 -1.000000000000000000e+01 1.651289976780081936e+00
-7.500000000000000000e+01 -9.000000000000000000e+00 1.732580144018342150e+00
-7.500000000000000000e+01 -8.000000000000000000e+00 1.765046473907734281e+00
-7.500000000000000000e+01 -7.000000000000000000e+00 1.592078174813046587e+00
-7.500000000000000000e+01 -6.000000000000000000e+00 1.583081850679608271e+00
-7.500000000000000000e+01 -5.000000000000000000e+00 1.719947567328540261e+00
-7.500000000000000000e+01 -4.000000000000000000e+00 1.761081991739054109e+00
-7.500000000000000000e+01 -3.000000000000000000e+00 nan
-7.400000000000000000e+01 -3.000000000000000000e+01 2.496063914329774480e+00
-7.400000000000000000e+01 -2.900000000000000000e+01 2.183618227247037247e+00
-7.400000000000000000e+01 -2.800000000000000000e+01 1.720955497809178336e+00
-7.400000000000000000e+01 -2.700000000000000000e+01 1.544988825684168621e+00
-7.400000000000000000e+01 -2.600000000000000000e+01 1.392133350532088532e+00
-7.400000000000000000e+01 -2.500000000000000000e+01 1.413215670107972555e+00
-7.400000000000000000e+01 -2.400000000000000000e+01 1.383056322907078028e+00
-7.400000000000000000e+01 -2.300000000000000000e+01 1.372555534224743745e+00
-7.400000000000000000e+01 -2.200000000000000000e+01 1.523390396750253561e+00
-7.400000000000000000e+01 -2.100000000000000000e+01 1.756931079701355314e+00
-7.400000000000000000e+01 -2.000000000000000000e+01 1.982796956641160069e+00
-7.400000000000000000e+01 -1.900000000000000000e+01 2.026422150794350951e+00
-7.400000000000000000e+01 -1.800000000000000000e+01 2.095996272460121101e+00
-7.400000000000000000e+01 -1.700000000000000000e+01 2.029476427235172409e+00
-7.400000000000000000e+01 -1.600000000000000000e+01 2.218388394494566374e+00
-7.400000000000000000e+01 -1.500000000000000000e+01 2.243786636449649929e+00
-7.400000000000000000e+01 -1.400000000000000000e+01 2.149279097294968910e+00
-7.400000000000000000e+01 -1.300000000000000000e+01 1.859815152597100507e+00
-7.400000000000000000e+01 -1.200000000000000000e+01 1.626419196134145650e+00
-7.400000000000000000e+01 -1.100000000000000000e+01 1.651940815279210772e+00
-7.400000000000000000e+01 -1.000000000000000000e+01 1.656163585958725593e+00
-7.400000000000000000e+01 -9.000000000000000000e+00 1.735912776829125592e+00
-7.400000000000000000e+01 -8.000000000000000000e+00 1.789995402172362082e+00
-7.400000000000000000e+01 -7.000000000000000000e+00 1.597397176185250123e+00
-7.400000000000000000e+01 -6.000000000000000000e+00 1.581798498438697465e+00
-7.400000000000000000e+01 -5.000000000000000000e+00 1.717850929591044240e+00
-7.400000000000000000e+01 -4.000000000000000000e+00 1.755680878417001711e+00
-7.400000000000000000e+01 -3.000000000000000000e+00 nan
-7.300000000000000000e+01 -3.000000000000000000e+01 2.490942259170529471e+00
-7.300000000000000000e+01 -2.900000000000000000e+01 2.194028531393070747e+00
-7.300000000000000000e+01 -2.800000000000000000e+01 1.721960009775858058e+00
-7.300000000000000000e+01 -2.700000000000000000e+01 1.551411688067300343e+00
-7.300000000000000000e+01 -2.600000000000000000e+01 1.393062863601156831e+00
-7.300000000000000000e+01 -2.500000000000000000e+01 1.548569697579134541e+00
-7.300000000000000000e+01 -2.400000000000000000e+01 1.380692596644707448e+00
-7.300000000000000000e+01 -2.300000000000000000e+01 1.372823202992749847e+00
-7.300000000000000000e+01 -2.200000000000000000e+01 1.523390396750253561e+00
-7.300000000000000000e+01 -2.100000000000000000e+01 1.734474709873065290e+00
-7.300000000000000000e+01 -2.000000000000000000e+01 1.963718849431344671e+00
-7.300000000000000000e+01 -1.900000000000000000e+01 2.024741079322879500e+00
-7.300000000000000000e+01 -1.800000000000000000e+01 2.113691131398654832e+00
-7.300000000000000000e+01 -1.700000000000000000e+01 2.029869742829422563e+00
-7.300000000000000000e+01 -1.600000000000000000e+01 2.194122077670743298e+00
-7.300000000000000000e+01 -1.500000000000000000e+01 2.317988385208737956e+00
-7.300000000000000000e+01 -1.400000000000000000e+01 2.151007416405439798e+00
-7.300000000000000000e+01 -1.300000000000000000e+01 1.897046603899249062e+00
-7.300000000000000000e+01 -1.200000000000000000e+01 1.615512913458100996e+00
-7.300000000000000000e+01 -1.100000000000000000e+01 1.654896052614736268e+00
-7.300000000000000000e+01 -1.000000000000000000e+01 1.672279096813512611e+00
-7.300000000000000000e+01 -9.000000000000000000e+00 1.739550459964189111e+00
-7.300000000000000000e+01 -8.000000000000000000e+00 2.001768753620253971e+00
-7.300000000000000000e+01 -7.000000000000000000e+00 1.680364224553834607e+00
-7.300000000000000000e+01 -6.000000000000000000e+00 1.556291437947615597e+00
-7.300000000000000000e+01 -5.000000000000000000e+00 1.695466084280760954e+00
-7.300000000000000000e+01 -4.000000000000000000e+00 nan
-7.300000000000000000e+01 -3.000000000000000000e+00 nan
