Longitude[deg], Latitude[deg], Dust optical depth
1.720000000000000000e+02 2.100000000000000000e+01 nan
1.720000000000000000e+02 2.200000000000000000e+01 nan
1.720000000000000000e+02 2.300000000000000000e+01 nan
1.720000000000000000e+02 2.400000000000000000e+01 nan
1.720000000000000000e+02 2.500000000000000000e+01 nan
1.720000000000000000e+02 2.600000000000000000e+01 nan
1.720000000000000000e+02 2.700000000000000000e+01 nan
1.720000000000000000e+02 2.800000000000000000e+01 nan
1.720000000000000000e+02 2.900000000000000000e+01 nan
1.720000000000000000e+02 3.000000000000000000e+01 nan
1.720000000000000000e+02 3.100000000000000000e+01 nan
1.720000000000000000e+02 3.200000000000000000e+01 nan
1.720000000000000000e+02 3.300000000000000000e+01 nan
1.720000000000000000e+02 3.400000000000000000e+01 nan
1.720000000000000000e+02 3.500000000000000000e+01 nan
1.720000000000000000e+02 3.600000000000000000e+01 nan
1.720000000000000000e+02 3.700000000000000000e+01 nan
1.720000000000000000e+02 3.800000000000000000e+01 nan
1.720000000000000000e+02 3.900000000000000000e+01 nan
1.720000000000000000e+02 4.000000000000000000e+01 nan
1.720000000000000000e+02 4.100000000000000000e+01 nan
1.730000000000000000e+02 2.100000000000000000e+01 nan
1.730000000000000000e+02 2.200000000000000000e+01 nan
1.730000000000000000e+02 2.300000000000000000e+01 nan
1.730000000000000000e+02 2.400000000000000000e+01 nan
1.730000000000000000e+02 2.500000000000000000e+01 nan
1.730000000000000000e+02 2.600000000000000000e+01 nan
1.730000000000000000e+02 2.700000000000000000e+01 nan
1.730000000000000000e+02 2.800000000000000000e+01 nan
1.730000000000000000e+02 2.900000000000000000e+01 nan
1.730000000000000000e+02 3.000000000000000000e+01 nan
1.730000000000000000e+02 3.100000000000000000e+01 nan
1.730000000000000000e+02 3.200000000000000000e+01 nan
1.730000000000000000e+02 3.300000000000000000e+01 5.104607470150387405e-01
1.730000000000000000e+02 3.400000000000000000e+01 nan
1.730000000000000000e+02 3.500000000000000000e+01 nan
1.730000000000000000e+02 3.600000000000000000e+01 nan
1.730000000000000000e+02 3.700000000000000000e+01 nan
1.730000000000000000e+02 3.800000000000000000e+01 nan
1.730000000000000000e+02 3.900000000000000000e+01 nan
1.730000000000000000e+02 4.000000000000000000e+01 nan
1.730000000000000000e+02 4.100000000000000000e+01 nan
1.740000000000000000e+02 2.100000000000000000e+01 nan
1.740000000000000000e+02 2.200000000000000000e+01 nan
1.740000000000000000e+02 2.300000000000000000e+01 nan
1.740000000000000000e+02 2.400000000000000000e+01 nan
1.740000000000000000e+02 2.500000000000000000e+01 nan
1.740000000000000000e+02 2.600000000000000000e+01 nan
1.740000000000000000e+02 2.700000000000000000e+01 nan
1.740000000000000000e+02 2.800000000000000000e+01 6.013612937897051536e-01
1.740000000000000000e+02 2.900000000000000000e+01 5.594746944656054932e-01
1.740000000000000000e+02 3.000000000000000000e+01 5.361570731473762619e-01
1.740000000000000000e+02 3.100000000000000000e+01 5.175118068958053374e-01
1.740000000000000000e+02 3.200000000000000000e+01 4.959987829012639238e-01
1.740000000000000000e+02 3.300000000000000000e+01 5.050463005540137829e-01
1.740000000000000000e+02 3.400000000000000000e+01 5.302387108050642395e-01
1.740000000000000000e+02 3.500000000000000000e+01 nan
1.740000000000000000e+02 3.600000000000000000e+01 nan
1.740000000000000000e+02 3.700000000000000000e+01 nan
1.740000000000000000e+02 3.800000000000000000e+01 nan
1.740000000000000000e+02 3.900000000000000000e+01 nan
1.740000000000000000e+02 4.000000000000000000e+01 nan
1.740000000000000000e+02 4.100000000000000000e+01 nan
1.750000000000000000e+02 2.100000000000000000e+01 nan
1.750000000000000000e+02 2.200000000000000000e+01 1.281308402371975408e+00
1.750000000000000000e+02 2.300000000000000000e+01 1.238514310666476659e+00
1.750000000000000000e+02 2.400000000000000000e+01 1.214138184979468349e+00
1.750000000000000000e+02 2.500000000000000000e+01 1.153459868745411621e+00
1.750000000000000000e+02 2.600000000000000000e+01 1.073981941397364803e+00
1.750000000000000000e+02 2.700000000000000000e+01 9.150779513776728935e-01
1.750000000000000000e+02 2.800000000000000000e+01 6.632079080560999707e-01
1.750000000000000000e+02 2.900000000000000000e+01 5.558000786441198438e-01
1.750000000000000000e+02 3.000000000000000000e+01 5.208677093110906098e-01
1.750000000000000000e+02 3.100000000000000000e+01 5.090626536262792268e-01
1.750000000000000000e+02 3.200000000000000000e+01 4.883448167160839293e-01
1.750000000000000000e+02 3.300000000000000000e+01 4.932671298931788351e-01
1.750000000000000000e+02 3.400000000000000000e+01 5.153692976179464758e-01
1.750000000000000000e+02 3.500000000000000000e+01 nan
1.750000000000000000e+02 3.600000000000000000e+01 nan
1.750000000000000000e+02 3.700000000000000000e+01 nan
1.750000000000000000e+02 3.800000000000000000e+01 nan
1.750000000000000000e+02 3.900000000000000000e+01 nan
1.750000000000000000e+02 4.000000000000000000e+01 nan
1.750000000000000000e+02 4.100000000000000000e+01 nan
1.760000000000000000e+02 2.100000000000000000e+01 1.357257979312043172e+00
1.760000000000000000e+02 2.200000000000000000e+01 1.322436708233063474e+00
1.760000000000000000e+02 2.300000000000000000e+01 1.273058953770419333e+00
1.760000000000000000e+02 2.400000000000000000e+01 1.214388011722235650e+00
1.760000000000000000e+02 2.500000000000000000e+01 1.115547012682654104e+00
1.760000000000000000e+02 2.600000000000000000e+01 1.031306674220888064e+00
1.760000000000000000e+02 2.700000000000000000e+01 9.133564665077521516e-01
1.760000000000000000e+02 2.800000000000000000e+01 6.751703780944435795e-01
1.760000000000000000e+02 2.900000000000000000e+01 5.462812343276091109e-01
1.760000000000000000e+02 3.000000000000000000e+01 5.132040311471117722e-01
1.760000000000000000e+02 3.100000000000000000e+01 4.980333443802285598e-01
1.760000000000000000e+02 3.200000000000000000e+01 4.912870411835454365e-01
1.760000000000000000e+02 3.300000000000000000e+01 4.931907601115836925e-01
1.760000000000000000e+02 3.400000000000000000e+01 4.909909246275793726e-01
1.760000000000000000e+02 3.500000000000000000e+01 nan
1.760000000000000000e+02 3.600000000000000000e+01 nan
1.760000000000000000e+02 3.700000000000000000e+01 nan
1.760000000000000000e+02 3.800000000000000000e+01 nan
1.760000000000000000e+02 3.900000000000000000e+01 nan
1.760000000000000000e+02 4.000000000000000000e+01 nan
1.760000000000000000e+02 4.100000000000000000e+01 nan
1.770000000000000000e+02 2.100000000000000000e+01 1.335293896394224689e+00
1.770000000000000000e+02 2.200000000000000000e+01 1.314595199571791051e+00
1.770000000000000000e+02 2.300000000000000000e+01 1.259710005299722768e+00
1.770000000000000000e+02 2.400000000000000000e+01 1.165100256809698420e+00
1.770000000000000000e+02 2.500000000000000000e+01 1.001774123307083375e+00
1.770000000000000000e+02 2.600000000000000000e+01 8.220873021236665412e-01
1.770000000000000000e+02 2.700000000000000000e+01 7.424810872062813649e-01
1.770000000000000000e+02 2.800000000000000000e+01 6.305061242155710621e-01
1.770000000000000000e+02 2.900000000000000000e+01 5.359029751383845852e-01
1.770000000000000000e+02 3.000000000000000000e+01 5.050410265066471727e-01
1.770000000000000000e+02 3.100000000000000000e+01 4.869370597232802189e-01
1.770000000000000000e+02 3.200000000000000000e+01 5.038180275951021914e-01
1.770000000000000000e+02 3.300000000000000000e+01 5.002886098858639885e-01
1.770000000000000000e+02 3.400000000000000000e+01 4.813278201526955957e-01
1.770000000000000000e+02 3.500000000000000000e+01 nan
1.770000000000000000e+02 3.600000000000000000e+01 nan
1.770000000000000000e+02 3.700000000000000000e+01 nan
1.770000000000000000e+02 3.800000000000000000e+01 nan
1.770000000000000000e+02 3.900000000000000000e+01 nan
1.770000000000000000e+02 4.000000000000000000e+01 nan
1.770000000000000000e+02 4.100000000000000000e+01 nan
1.780000000000000000e+02 2.100000000000000000e+01 1.311772545412054125e+00
1.780000000000000000e+02 2.200000000000000000e+01 1.282305433697923824e+00
1.780000000000000000e+02 2.300000000000000000e+01 1.215354556848439405e+00
1.780000000000000000e+02 2.400000000000000000e+01 1.118449699514145523e+00
1.780000000000000000e+02 2.500000000000000000e+01 9.411666853966936808e-01
1.780000000000000000e+02 2.600000000000000000e+01 6.858080206771228760e-01
1.780000000000000000e+02 2.700000000000000000e+01 6.295874201732934994e-01
1.780000000000000000e+02 2.800000000000000000e+01 6.049870816358879910e-01
1.780000000000000000e+02 2.900000000000000000e+01 5.347551317611607402e-01
1.780000000000000000e+02 3.000000000000000000e+01 5.043788494242006371e-01
1.780000000000000000e+02 3.100000000000000000e+01 4.826789215895507246e-01
1.780000000000000000e+02 3.200000000000000000e+01 4.936962698547970874e-01
1.780000000000000000e+02 3.300000000000000000e+01 4.936962698547970874e-01
1.780000000000000000e+02 3.400000000000000000e+01 4.779331968261550379e-01
1.780000000000000000e+02 3.500000000000000000e+01 nan
1.780000000000000000e+02 3.600000000000000000e+01 nan
1.780000000000000000e+02 3.700000000000000000e+01 nan
1.780000000000000000e+02 3.800000000000000000e+01 nan
1.780000000000000000e+02 3.900000000000000000e+01 nan
1.780000000000000000e+02 4.000000000000000000e+01 nan
1.780000000000000000e+02 4.100000000000000000e+01 nan
1.790000000000000000e+02 2.100000000000000000e+01 1.304125015263925658e+00
1.790000000000000000e+02 2.200000000000000000e+01 1.261742362290924735e+00
1.790000000000000000e+02 2.300000000000000000e+01 1.204751096486272877e+00
1.790000000000000000e+02 2.400000000000000000e+01 1.126318055192485179e+00
1.790000000000000000e+02 2.500000000000000000e+01 9.670052098011778785e-01
1.790000000000000000e+02 2.600000000000000000e+01 7.097292887642344672e-01
1.790000000000000000e+02 2.700000000000000000e+01 6.362492697401511688e-01
1.790000000000000000e+02 2.800000000000000000e+01 6.078004163380303915e-01
1.790000000000000000e+02 2.900000000000000000e+01 5.305323712607856734e-01
1.790000000000000000e+02 3.000000000000000000e+01 5.022910350561733406e-01
1.790000000000000000e+02 3.100000000000000000e+01 4.751949595451604447e-01
1.790000000000000000e+02 3.200000000000000000e+01 4.846111617113113557e-01
1.790000000000000000e+02 3.300000000000000000e+01 4.898230304649697220e-01
1.790000000000000000e+02 3.400000000000000000e+01 4.452489741003319845e-01
1.790000000000000000e+02 3.500000000000000000e+01 nan
1.790000000000000000e+02 3.600000000000000000e+01 nan
1.790000000000000000e+02 3.700000000000000000e+01 nan
1.790000000000000000e+02 3.800000000000000000e+01 nan
1.790000000000000000e+02 3.900000000000000000e+01 nan
1.790000000000000000e+02 4.000000000000000000e+01 nan
1.790000000000000000e+02 4.100000000000000000e+01 nan
-1.800000000000000000e+02 2.100000000000000000e+01 nan
-1.800000000000000000e+02 2.200000000000000000e+01 nan
-1.800000000000000000e+02 2.300000000000000000e+01 nan
-1.800000000000000000e+02 2.400000000000000000e+01 nan
-1.800000000000000000e+02 2.500000000000000000e+01 nan
-1.800000000000000000e+02 2.600000000000000000e+01 nan
-1.800000000000000000e+02 2.700000000000000000e+01 nan
-1.800000000000000000e+02 2.800000000000000000e+01 nan
-1.800000000000000000e+02 2.900000000000000000e+01 nan
-1.800000000000000000e+02 3.000000000000000000e+01 nan
-1.800000000000000000e+02 3.100000000000000000e+01 nan
-1.800000000000000000e+02 3.200000000000000000e+01 nan
-1.800000000000000000e+02 3.300000000000000000e+01 nan
-1.800000000000000000e+02 3.400000000000000000e+01 nan
-1.800000000000000000e+02 3.500000000000000000e+01 nan
-1.800000000000000000e+02 3.600000000000000000e+01 nan
-1.800000000000000000e+02 3.700000000000000000e+01 nan
-1.800000000000000000e+02 3.800000000000000000e+01 nan
-1.800000000000000000e+02 3.900000000000000000e+01 nan
-1.800000000000000000e+02 4.000000000000000000e+01 nan
-1.800000000000000000e+02 4.100000000000000000e+01 nan
