Longitude[deg], Latitude[deg], Dust optical depth
-1.200000000000000000e+02 -5.000000000000000000e+01 3.692945819653803419e+00
-1.200000000000000000e+02 -4.900000000000000000e+01 3.662155732427505583e+00
-1.200000000000000000e+02 -4.800000000000000000e+01 3.639795954545498535e+00
-1.200000000000000000e+02 -4.700000000000000000e+01 3.707416273284228403e+00
-1.200000000000000000e+02 -4.600000000000000000e+01 3.739863129477615455e+00
-1.200000000000000000e+02 -4.500000000000000000e+01 4.012830036490011132e+00
-1.200000000000000000e+02 -4.400000000000000000e+01 nan
-1.200000000000000000e+02 -4.300000000000000000e+01 nan
-1.200000000000000000e+02 -4.200000000000000000e+01 nan
-1.200000000000000000e+02 -4.100000000000000000e+01 nan
-1.200000000000000000e+02 -4.000000000000000000e+01 nan
-1.200000000000000000e+02 -3.900000000000000000e+01 nan
-1.200000000000000000e+02 -3.800000000000000000e+01 nan
-1.200000000000000000e+02 -3.700000000000000000e+01 nan
-1.200000000000000000e+02 -3.600000000000000000e+01 nan
-1.200000000000000000e+02 -3.500000000000000000e+01 nan
-1.200000000000000000e+02 -3.400000000000000000e+01 nan
-1.200000000000000000e+02 -3.300000000000000000e+01 nan
-1.200000000000000000e+02 -3.200000000000000000e+01 nan
-1.200000000000000000e+02 -3.100000000000000000e+01 nan
-1.200000000000000000e+02 -3.000000000000000000e+01 nan
-1.200000000000000000e+02 -2.900000000000000000e+01 nan
-1.200000000000000000e+02 -2.800000000000000000e+01 nan
-1.200000000000000000e+02 -2.700000000000000000e+01 nan
-1.200000000000000000e+02 -2.600000000000000000e+01 nan
-1.200000000000000000e+02 -2.500000000000000000e+01 nan
-1.200000000000000000e+02 -2.400000000000000000e+01 nan
-1.200000000000000000e+02 -2.300000000000000000e+01 nan
-1.190000000000000000e+02 -5.000000000000000000e+01 3.684956863956199591e+00
-1.190000000000000000e+02 -4.900000000000000000e+01 3.641659960310727140e+00
-1.190000000000000000e+02 -4.800000000000000000e+01 3.611585487180145826e+00
-1.190000000000000000e+02 -4.700000000000000000e+01 3.720558703614926355e+00
-1.190000000000000000e+02 -4.600000000000000000e+01 3.764707705854595243e+00
-1.190000000000000000e+02 -4.500000000000000000e+01 4.329012861874889317e+00
-1.190000000000000000e+02 -4.400000000000000000e+01 5.078596474932780325e+00
-1.190000000000000000e+02 -4.300000000000000000e+01 5.593958050707299456e+00
-1.190000000000000000e+02 -4.200000000000000000e+01 6.034762228213423008e+00
-1.190000000000000000e+02 -4.100000000000000000e+01 6.443062289407587961e+00
-1.190000000000000000e+02 -4.000000000000000000e+01 6.466757869446481344e+00
-1.190000000000000000e+02 -3.900000000000000000e+01 6.462890890157695800e+00
-1.190000000000000000e+02 -3.800000000000000000e+01 6.367256579730987909e+00
-1.190000000000000000e+02 -3.700000000000000000e+01 6.456430104490101129e+00
-1.190000000000000000e+02 -3.600000000000000000e+01 6.732201003055453548e+00
-1.190000000000000000e+02 -3.500000000000000000e+01 6.898039121923383199e+00
-1.190000000000000000e+02 -3.400000000000000000e+01 6.988881900788363133e+00
-1.190000000000000000e+02 -3.300000000000000000e+01 7.214006288408076450e+00
-1.190000000000000000e+02 -3.200000000000000000e+01 7.076466660924608298e+00
-1.190000000000000000e+02 -3.100000000000000000e+01 6.923140547207776940e+00
-1.190000000000000000e+02 -3.000000000000000000e+01 6.893683036621751192e+00
-1.190000000000000000e+02 -2.900000000000000000e+01 6.808617830325117914e+00
-1.190000000000000000e+02 -2.800000000000000000e+01 6.805698846021987158e+00
-1.190000000000000000e+02 -2.700000000000000000e+01 6.838817111150411243e+00
-1.190000000000000000e+02 -2.600000000000000000e+01 7.071966641182423352e+00
-1.190000000000000000e+02 -2.500000000000000000e+01 7.402681613808368866e+00
-1.190000000000000000e+02 -2.400000000000000000e+01 7.552894100829579571e+00
-1.190000000000000000e+02 -2.300000000000000000e+01 nan
-1.180000000000000000e+02 -5.000000000000000000e+01 3.667681587103635454e+00
-1.180000000000000000e+02 -4.900000000000000000e+01 3.610260918325442603e+00
-1.180000000000000000e+02 -4.800000000000000000e+01 3.599664634982764788e+00
-1.180000000000000000e+02 -4.700000000000000000e+01 3.723269161135134286e+00
-1.180000000000000000e+02 -4.600000000000000000e+01 3.950703332429943870e+00
-1.180000000000000000e+02 -4.500000000000000000e+01 4.479212898536236054e+00
-1.180000000000000000e+02 -4.400000000000000000e+01 5.080691242458507340e+00
-1.180000000000000000e+02 -4.300000000000000000e+01 5.593958050707299456e+00
-1.180000000000000000e+02 -4.200000000000000000e+01 6.034762228213423008e+00
-1.180000000000000000e+02 -4.100000000000000000e+01 6.443062289407587961e+00
-1.180000000000000000e+02 -4.000000000000000000e+01 6.466757869446481344e+00
-1.180000000000000000e+02 -3.900000000000000000e+01 6.462890890157695800e+00
-1.180000000000000000e+02 -3.800000000000000000e+01 6.367256579730987909e+00
-1.180000000000000000e+02 -3.700000000000000000e+01 6.456430104490101129e+00
-1.180000000000000000e+02 -3.600000000000000000e+01 6.732201003055453548e+00
-1.180000000000000000e+02 -3.500000000000000000e+01 6.898039121923383199e+00
-1.180000000000000000e+02 -3.400000000000000000e+01 6.988881900788363133e+00
-1.180000000000000000e+02 -3.300000000000000000e+01 7.214006288408076450e+00
-1.180000000000000000e+02 -3.200000000000000000e+01 7.076466660924608298e+00
-1.180000000000000000e+02 -3.100000000000000000e+01 6.923140547207776940e+00
-1.180000000000000000e+02 -3.000000000000000000e+01 6.893683036621751192e+00
-1.180000000000000000e+02 -2.900000000000000000e+01 6.808617830325117914e+00
-1.180000000000000000e+02 -2.800000000000000000e+01 6.805698846021987158e+00
-1.180000000000000000e+02 -2.700000000000000000e+01 6.838817111150411243e+00
-1.180000000000000000e+02 -2.600000000000000000e+01 7.071966641182423352e+00
-1.180000000000000000e+02 -2.500000000000000000e+01 7.402681613808368866e+00
-1.180000000000000000e+02 -2.400000000000000000e+01 7.552894100829579571e+00
-1.180000000000000000e+02 -2.300000000000000000e+01 nan
