Longitude[deg], Latitude[deg], Dust optical depth
1.700000000000000000e+02 1.700000000000000000e+01 nan
1.700000000000000000e+02 1.800000000000000000e+01 nan
1.700000000000000000e+02 1.900000000000000000e+01 nan
1.700000000000000000e+02 2.000000000000000000e+01 nan
1.700000000000000000e+02 2.100000000000000000e+01 nan
1.700000000000000000e+02 2.200000000000000000e+01 nan
1.700000000000000000e+02 2.300000000000000000e+01 nan
1.700000000000000000e+02 2.400000000000000000e+01 nan
1.700000000000000000e+02 2.500000000000000000e+01 nan
1.700000000000000000e+02 2.600000000000000000e+01 nan
1.700000000000000000e+02 2.700000000000000000e+01 nan
1.700000000000000000e+02 2.800000000000000000e+01 nan
1.700000000000000000e+02 2.900000000000000000e+01 nan
1.700000000000000000e+02 3.000000000000000000e+01 nan
1.700000000000000000e+02 3.100000000000000000e+01 nan
1.700000000000000000e+02 3.200000000000000000e+01 nan
1.700000000000000000e+02 3.300000000000000000e+01 nan
1.700000000000000000e+02 3.400000000000000000e+01 nan
1.700000000000000000e+02 3.500000000000000000e+01 nan
1.700000000000000000e+02 3.600000000000000000e+01 nan
1.700000000000000000e+02 3.700000000000000000e+01 nan
1.700000000000000000e+02 3.800000000000000000e+01 nan
1.700000000000000000e+02 3.900000000000000000e+01 nan
1.700000000000000000e+02 4.000000000000000000e+01 nan
1.710000000000000000e+02 1.700000000000000000e+01 nan
1.710000000000000000e+02 1.800000000000000000e+01 nan
1.710000000000000000e+02 1.900000000000000000e+01 nan
1.710000000000000000e+02 2.000000000000000000e+01 nan
1.710000000000000000e+02 2.100000000000000000e+01 nan
1.710000000000000000e+02 2.200000000000000000e+01 nan
1.710000000000000000e+02 2.300000000000000000e+01 nan
1.710000000000000000e+02 2.400000000000000000e+01 nan
1.710000000000000000e+02 2.500000000000000000e+01 nan
1.710000000000000000e+02 2.600000000000000000e+01 nan
1.710000000000000000e+02 2.700000000000000000e+01 nan
1.710000000000000000e+02 2.800000000000000000e+01 nan
1.710000000000000000e+02 2.900000000000000000e+01 nan
1.710000000000000000e+02 3.000000000000000000e+01 nan
1.710000000000000000e+02 3.100000000000000000e+01 nan
1.710000000000000000e+02 3.200000000000000000e+01 nan
1.710000000000000000e+02 3.300000000000000000e+01 nan
1.710000000000000000e+02 3.400000000000000000e+01 nan
1.710000000000000000e+02 3.500000000000000000e+01 nan
1.710000000000000000e+02 3.600000000000000000e+01 nan
1.710000000000000000e+02 3.700000000000000000e+01 nan
1.710000000000000000e+02 3.800000000000000000e+01 nan
1.710000000000000000e+02 3.900000000000000000e+01 nan
1.710000000000000000e+02 4.000000000000000000e+01 nan
1.720000000000000000e+02 1.700000000000000000e+01 nan
1.720000000000000000e+02 1.800000000000000000e+01 nan
1.720000000000000000e+02 1.900000000000000000e+01 nan
1.720000000000000000e+02 2.000000000000000000e+01 nan
1.720000000000000000e+02 2.100000000000000000e+01 nan
1.720000000000000000e+02 2.200000000000000000e+01 nan
1.720000000000000000e+02 2.300000000000000000e+01 nan
1.720000000000000000e+02 2.400000000000000000e+01 nan
1.720000000000000000e+02 2.500000000000000000e+01 nan
1.720000000000000000e+02 2.600000000000000000e+01 nan
1.720000000000000000e+02 2.700000000000000000e+01 nan
1.720000000000000000e+02 2.800000000000000000e+01 nan
1.720000000000000000e+02 2.900000000000000000e+01 nan
1.720000000000000000e+02 3.000000000000000000e+01 1.847895140780000611e+00
1.720000000000000000e+02 3.100000000000000000e+01 1.848183842526123666e+00
1.720000000000000000e+02 3.200000000000000000e+01 nan
1.720000000000000000e+02 3.300000000000000000e+01 nan
1.720000000000000000e+02 3.400000000000000000e+01 nan
1.720000000000000000e+02 3.500000000000000000e+01 nan
1.720000000000000000e+02 3.600000000000000000e+01 nan
1.720000000000000000e+02 3.700000000000000000e+01 nan
1.720000000000000000e+02 3.800000000000000000e+01 nan
1.720000000000000000e+02 3.900000000000000000e+01 nan
1.720000000000000000e+02 4.000000000000000000e+01 nan
1.730000000000000000e+02 1.700000000000000000e+01 nan
1.730000000000000000e+02 1.800000000000000000e+01 nan
1.730000000000000000e+02 1.900000000000000000e+01 nan
1.730000000000000000e+02 2.000000000000000000e+01 nan
1.730000000000000000e+02 2.100000000000000000e+01 nan
1.730000000000000000e+02 2.200000000000000000e+01 nan
1.730000000000000000e+02 2.300000000000000000e+01 nan
1.730000000000000000e+02 2.400000000000000000e+01 1.887672135014550445e+00
1.730000000000000000e+02 2.500000000000000000e+01 1.951617154081372485e+00
1.730000000000000000e+02 2.600000000000000000e+01 1.918705853524401261e+00
1.730000000000000000e+02 2.700000000000000000e+01 1.826541448092661390e+00
1.730000000000000000e+02 2.800000000000000000e+01 1.804156241190728593e+00
1.730000000000000000e+02 2.900000000000000000e+01 1.842089387585682081e+00
1.730000000000000000e+02 3.000000000000000000e+01 1.831825799440315983e+00
1.730000000000000000e+02 3.100000000000000000e+01 1.832445000476602193e+00
1.730000000000000000e+02 3.200000000000000000e+01 1.884691622552112422e+00
1.730000000000000000e+02 3.300000000000000000e+01 nan
1.730000000000000000e+02 3.400000000000000000e+01 nan
1.730000000000000000e+02 3.500000000000000000e+01 nan
1.730000000000000000e+02 3.600000000000000000e+01 nan
1.730000000000000000e+02 3.700000000000000000e+01 nan
1.730000000000000000e+02 3.800000000000000000e+01 nan
1.730000000000000000e+02 3.900000000000000000e+01 nan
1.730000000000000000e+02 4.000000000000000000e+01 nan
1.740000000000000000e+02 1.700000000000000000e+01 nan
1.740000000000000000e+02 1.800000000000000000e+01 1.690272092091055889e+00
1.740000000000000000e+02 1.900000000000000000e+01 1.756072885797038241e+00
1.740000000000000000e+02 2.000000000000000000e+01 1.851541513101266245e+00
1.740000000000000000e+02 2.100000000000000000e+01 1.883308464680136352e+00
1.740000000000000000e+02 2.200000000000000000e+01 1.822127807387179610e+00
1.740000000000000000e+02 2.300000000000000000e+01 1.796395607727758748e+00
1.740000000000000000e+02 2.400000000000000000e+01 1.859797922110524526e+00
1.740000000000000000e+02 2.500000000000000000e+01 1.912449921395501518e+00
1.740000000000000000e+02 2.600000000000000000e+01 1.905146769598369261e+00
1.740000000000000000e+02 2.700000000000000000e+01 1.847748565315396663e+00
1.740000000000000000e+02 2.800000000000000000e+01 1.819773933834392787e+00
1.740000000000000000e+02 2.900000000000000000e+01 1.826938698742949452e+00
1.740000000000000000e+02 3.000000000000000000e+01 1.815812334786042204e+00
1.740000000000000000e+02 3.100000000000000000e+01 1.825819676016591675e+00
1.740000000000000000e+02 3.200000000000000000e+01 1.870204859772681028e+00
1.740000000000000000e+02 3.300000000000000000e+01 nan
1.740000000000000000e+02 3.400000000000000000e+01 nan
1.740000000000000000e+02 3.500000000000000000e+01 nan
1.740000000000000000e+02 3.600000000000000000e+01 nan
1.740000000000000000e+02 3.700000000000000000e+01 nan
1.740000000000000000e+02 3.800000000000000000e+01 nan
1.740000000000000000e+02 3.900000000000000000e+01 nan
1.740000000000000000e+02 4.000000000000000000e+01 nan
1.750000000000000000e+02 1.700000000000000000e+01 1.681385932490920609e+00
1.750000000000000000e+02 1.800000000000000000e+01 1.650301119227853164e+00
1.750000000000000000e+02 1.900000000000000000e+01 1.684172310329405065e+00
1.750000000000000000e+02 2.000000000000000000e+01 1.805465074460779196e+00
1.750000000000000000e+02 2.100000000000000000e+01 1.862562732149517730e+00
1.750000000000000000e+02 2.200000000000000000e+01 1.812915195260593526e+00
1.750000000000000000e+02 2.300000000000000000e+01 1.785470541981115877e+00
1.750000000000000000e+02 2.400000000000000000e+01 1.838785365472424438e+00
1.750000000000000000e+02 2.500000000000000000e+01 1.902783374681014328e+00
1.750000000000000000e+02 2.600000000000000000e+01 1.903365778398712349e+00
1.750000000000000000e+02 2.700000000000000000e+01 1.869827676461266908e+00
1.750000000000000000e+02 2.800000000000000000e+01 1.854868093797028550e+00
1.750000000000000000e+02 2.900000000000000000e+01 1.836946446345870232e+00
1.750000000000000000e+02 3.000000000000000000e+01 1.834935214104512990e+00
1.750000000000000000e+02 3.100000000000000000e+01 1.830679011530783828e+00
1.750000000000000000e+02 3.200000000000000000e+01 1.833127233348440965e+00
1.750000000000000000e+02 3.300000000000000000e+01 nan
1.750000000000000000e+02 3.400000000000000000e+01 nan
1.750000000000000000e+02 3.500000000000000000e+01 nan
1.750000000000000000e+02 3.600000000000000000e+01 nan
1.750000000000000000e+02 3.700000000000000000e+01 nan
1.750000000000000000e+02 3.800000000000000000e+01 nan
1.750000000000000000e+02 3.900000000000000000e+01 nan
1.750000000000000000e+02 4.000000000000000000e+01 nan
1.760000000000000000e+02 1.700000000000000000e+01 1.686617648937380531e+00
1.760000000000000000e+02 1.800000000000000000e+01 1.629406640203832968e+00
1.760000000000000000e+02 1.900000000000000000e+01 1.633341408639352288e+00
1.760000000000000000e+02 2.000000000000000000e+01 1.752488027645966895e+00
1.760000000000000000e+02 2.100000000000000000e+01 1.841136010193328953e+00
1.760000000000000000e+02 2.200000000000000000e+01 1.807782662431751453e+00
1.760000000000000000e+02 2.300000000000000000e+01 1.769350790393741102e+00
1.760000000000000000e+02 2.400000000000000000e+01 1.801366609040473632e+00
1.760000000000000000e+02 2.500000000000000000e+01 1.886279798440720024e+00
1.760000000000000000e+02 2.600000000000000000e+01 1.905285116541719725e+00
1.760000000000000000e+02 2.700000000000000000e+01 1.891296296103815999e+00
1.760000000000000000e+02 2.800000000000000000e+01 1.886216163190651107e+00
1.760000000000000000e+02 2.900000000000000000e+01 1.878277338851619849e+00
1.760000000000000000e+02 3.000000000000000000e+01 1.868937399975375779e+00
1.760000000000000000e+02 3.100000000000000000e+01 1.863576441661445315e+00
1.760000000000000000e+02 3.200000000000000000e+01 1.873601526555037200e+00
1.760000000000000000e+02 3.300000000000000000e+01 nan
1.760000000000000000e+02 3.400000000000000000e+01 nan
1.760000000000000000e+02 3.500000000000000000e+01 nan
1.760000000000000000e+02 3.600000000000000000e+01 nan
1.760000000000000000e+02 3.700000000000000000e+01 nan
1.760000000000000000e+02 3.800000000000000000e+01 nan
1.760000000000000000e+02 3.900000000000000000e+01 nan
1.760000000000000000e+02 4.000000000000000000e+01 nan
1.770000000000000000e+02 1.700000000000000000e+01 1.699761324775958649e+00
1.770000000000000000e+02 1.800000000000000000e+01 1.637538353289260229e+00
1.770000000000000000e+02 1.900000000000000000e+01 1.626511375858553876e+00
1.770000000000000000e+02 2.000000000000000000e+01 1.741244423374896932e+00
1.770000000000000000e+02 2.100000000000000000e+01 1.829926267250910898e+00
1.770000000000000000e+02 2.200000000000000000e+01 1.812759735978492381e+00
1.770000000000000000e+02 2.300000000000000000e+01 1.773145588682962348e+00
1.770000000000000000e+02 2.400000000000000000e+01 1.792377963489073300e+00
1.770000000000000000e+02 2.500000000000000000e+01 1.881226263948121202e+00
1.770000000000000000e+02 2.600000000000000000e+01 1.922395438791402844e+00
1.770000000000000000e+02 2.700000000000000000e+01 1.927261074481930958e+00
1.770000000000000000e+02 2.800000000000000000e+01 1.911490497910792508e+00
1.770000000000000000e+02 2.900000000000000000e+01 1.911749671786176386e+00
1.770000000000000000e+02 3.000000000000000000e+01 1.892948698732626056e+00
1.770000000000000000e+02 3.100000000000000000e+01 1.891294225649424288e+00
1.770000000000000000e+02 3.200000000000000000e+01 1.926857688346075514e+00
1.770000000000000000e+02 3.300000000000000000e+01 nan
1.770000000000000000e+02 3.400000000000000000e+01 nan
1.770000000000000000e+02 3.500000000000000000e+01 nan
1.770000000000000000e+02 3.600000000000000000e+01 nan
1.770000000000000000e+02 3.700000000000000000e+01 nan
1.770000000000000000e+02 3.800000000000000000e+01 nan
1.770000000000000000e+02 3.900000000000000000e+01 nan
1.770000000000000000e+02 4.000000000000000000e+01 nan
1.780000000000000000e+02 1.700000000000000000e+01 1.714049132108121265e+00
1.780000000000000000e+02 1.800000000000000000e+01 1.655345970135669642e+00
1.780000000000000000e+02 1.900000000000000000e+01 1.649865958978022018e+00
1.780000000000000000e+02 2.000000000000000000e+01 1.762788761869911625e+00
1.780000000000000000e+02 2.100000000000000000e+01 1.832652264357731209e+00
1.780000000000000000e+02 2.200000000000000000e+01 1.821530450879617291e+00
1.780000000000000000e+02 2.300000000000000000e+01 1.790843690699205570e+00
1.780000000000000000e+02 2.400000000000000000e+01 1.811828195454762369e+00
1.780000000000000000e+02 2.500000000000000000e+01 1.893043177891443385e+00
1.780000000000000000e+02 2.600000000000000000e+01 1.948372855907982037e+00
1.780000000000000000e+02 2.700000000000000000e+01 1.968220349624620447e+00
1.780000000000000000e+02 2.800000000000000000e+01 1.931040096724421895e+00
1.780000000000000000e+02 2.900000000000000000e+01 1.940641315498686348e+00
1.780000000000000000e+02 3.000000000000000000e+01 1.931828776543582649e+00
1.780000000000000000e+02 3.100000000000000000e+01 1.934952854671239564e+00
1.780000000000000000e+02 3.200000000000000000e+01 nan
1.780000000000000000e+02 3.300000000000000000e+01 nan
1.780000000000000000e+02 3.400000000000000000e+01 nan
1.780000000000000000e+02 3.500000000000000000e+01 nan
1.780000000000000000e+02 3.600000000000000000e+01 nan
1.780000000000000000e+02 3.700000000000000000e+01 nan
1.780000000000000000e+02 3.800000000000000000e+01 nan
1.780000000000000000e+02 3.900000000000000000e+01 nan
1.780000000000000000e+02 4.000000000000000000e+01 nan
