Longitude[deg], Latitude[deg], Dust optical depth
3.800000000000000000e+01 -5.700000000000000000e+01 nan
3.800000000000000000e+01 -5.600000000000000000e+01 nan
3.800000000000000000e+01 -5.500000000000000000e+01 nan
3.800000000000000000e+01 -5.400000000000000000e+01 nan
3.800000000000000000e+01 -5.300000000000000000e+01 nan
3.800000000000000000e+01 -5.200000000000000000e+01 nan
3.800000000000000000e+01 -5.100000000000000000e+01 nan
3.800000000000000000e+01 -5.000000000000000000e+01 nan
3.800000000000000000e+01 -4.900000000000000000e+01 nan
3.800000000000000000e+01 -4.800000000000000000e+01 nan
3.800000000000000000e+01 -4.700000000000000000e+01 nan
3.800000000000000000e+01 -4.600000000000000000e+01 nan
3.800000000000000000e+01 -4.500000000000000000e+01 nan
3.800000000000000000e+01 -4.400000000000000000e+01 nan
3.800000000000000000e+01 -4.300000000000000000e+01 nan
3.800000000000000000e+01 -4.200000000000000000e+01 nan
3.800000000000000000e+01 -4.100000000000000000e+01 nan
3.800000000000000000e+01 -4.000000000000000000e+01 nan
3.800000000000000000e+01 -3.900000000000000000e+01 nan
3.800000000000000000e+01 -3.800000000000000000e+01 nan
3.800000000000000000e+01 -3.700000000000000000e+01 nan
3.800000000000000000e+01 -3.600000000000000000e+01 nan
3.800000000000000000e+01 -3.500000000000000000e+01 nan
3.800000000000000000e+01 -3.400000000000000000e+01 nan
3.800000000000000000e+01 -3.300000000000000000e+01 nan
3.800000000000000000e+01 -3.200000000000000000e+01 nan
3.800000000000000000e+01 -3.100000000000000000e+01 nan
3.800000000000000000e+01 -3.000000000000000000e+01 nan
3.900000000000000000e+01 -5.700000000000000000e+01 4.045876974550869143e+00
3.900000000000000000e+01 -5.600000000000000000e+01 4.336877145581496507e+00
3.900000000000000000e+01 -5.500000000000000000e+01 4.514424744218617391e+00
3.900000000000000000e+01 -5.400000000000000000e+01 4.760690894040855881e+00
3.900000000000000000e+01 -5.300000000000000000e+01 4.950367792243033804e+00
3.900000000000000000e+01 -5.200000000000000000e+01 4.987021548340688781e+00
3.900000000000000000e+01 -5.100000000000000000e+01 5.004836097025718189e+00
3.900000000000000000e+01 -5.000000000000000000e+01 4.847001000765379430e+00
3.900000000000000000e+01 -4.900000000000000000e+01 4.870655889756517531e+00
3.900000000000000000e+01 -4.800000000000000000e+01 4.882596552987712002e+00
3.900000000000000000e+01 -4.700000000000000000e+01 5.033821537163212234e+00
3.900000000000000000e+01 -4.600000000000000000e+01 4.985057119747843934e+00
3.900000000000000000e+01 -4.500000000000000000e+01 nan
3.900000000000000000e+01 -4.400000000000000000e+01 nan
3.900000000000000000e+01 -4.300000000000000000e+01 nan
3.900000000000000000e+01 -4.200000000000000000e+01 nan
3.900000000000000000e+01 -4.100000000000000000e+01 nan
3.900000000000000000e+01 -4.000000000000000000e+01 nan
3.900000000000000000e+01 -3.900000000000000000e+01 nan
3.900000000000000000e+01 -3.800000000000000000e+01 nan
3.900000000000000000e+01 -3.700000000000000000e+01 nan
3.900000000000000000e+01 -3.600000000000000000e+01 nan
3.900000000000000000e+01 -3.500000000000000000e+01 nan
3.900000000000000000e+01 -3.400000000000000000e+01 nan
3.900000000000000000e+01 -3.300000000000000000e+01 nan
3.900000000000000000e+01 -3.200000000000000000e+01 nan
3.900000000000000000e+01 -3.100000000000000000e+01 nan
3.900000000000000000e+01 -3.000000000000000000e+01 nan
4.000000000000000000e+01 -5.700000000000000000e+01 4.045876974550869143e+00
4.000000000000000000e+01 -5.600000000000000000e+01 4.336877145581496507e+00
4.000000000000000000e+01 -5.500000000000000000e+01 4.514424744218617391e+00
4.000000000000000000e+01 -5.400000000000000000e+01 4.760651421665764715e+00
4.000000000000000000e+01 -5.300000000000000000e+01 4.957224705794021524e+00
4.000000000000000000e+01 -5.200000000000000000e+01 4.983352827045737676e+00
4.000000000000000000e+01 -5.100000000000000000e+01 4.972632832054377339e+00
4.000000000000000000e+01 -5.000000000000000000e+01 4.839594668821046497e+00
4.000000000000000000e+01 -4.900000000000000000e+01 4.876833107342291029e+00
4.000000000000000000e+01 -4.800000000000000000e+01 5.035700677669644243e+00
4.000000000000000000e+01 -4.700000000000000000e+01 5.056576063867209925e+00
4.000000000000000000e+01 -4.600000000000000000e+01 5.267228483197979649e+00
4.000000000000000000e+01 -4.500000000000000000e+01 5.550993685237773256e+00
4.000000000000000000e+01 -4.400000000000000000e+01 5.875075235017206410e+00
4.000000000000000000e+01 -4.300000000000000000e+01 5.891350143566202568e+00
4.000000000000000000e+01 -4.200000000000000000e+01 5.999728744246516143e+00
4.000000000000000000e+01 -4.100000000000000000e+01 6.107274009226301814e+00
4.000000000000000000e+01 -4.000000000000000000e+01 6.347866940851021766e+00
4.000000000000000000e+01 -3.900000000000000000e+01 6.413814696865843601e+00
4.000000000000000000e+01 -3.800000000000000000e+01 6.513007367436560280e+00
4.000000000000000000e+01 -3.700000000000000000e+01 6.605564290303182595e+00
4.000000000000000000e+01 -3.600000000000000000e+01 6.809922397880472822e+00
4.000000000000000000e+01 -3.500000000000000000e+01 6.999686158325535423e+00
4.000000000000000000e+01 -3.400000000000000000e+01 7.177694467529722289e+00
4.000000000000000000e+01 -3.300000000000000000e+01 7.379580781801375444e+00
4.000000000000000000e+01 -3.200000000000000000e+01 7.527667907895416732e+00
4.000000000000000000e+01 -3.100000000000000000e+01 8.152763935501191384e+00
4.000000000000000000e+01 -3.000000000000000000e+01 nan
4.100000000000000000e+01 -5.700000000000000000e+01 nan
4.100000000000000000e+01 -5.600000000000000000e+01 nan
4.100000000000000000e+01 -5.500000000000000000e+01 nan
4.100000000000000000e+01 -5.400000000000000000e+01 nan
4.100000000000000000e+01 -5.300000000000000000e+01 4.976286762801137797e+00
4.100000000000000000e+01 -5.200000000000000000e+01 4.976105810120021289e+00
4.100000000000000000e+01 -5.100000000000000000e+01 4.854353795148321105e+00
4.100000000000000000e+01 -5.000000000000000000e+01 4.803995511135150664e+00
4.100000000000000000e+01 -4.900000000000000000e+01 4.880766008159117320e+00
4.100000000000000000e+01 -4.800000000000000000e+01 5.044779040734767683e+00
4.100000000000000000e+01 -4.700000000000000000e+01 5.071776282948500914e+00
4.100000000000000000e+01 -4.600000000000000000e+01 5.268024173957556400e+00
4.100000000000000000e+01 -4.500000000000000000e+01 5.550993685237773256e+00
4.100000000000000000e+01 -4.400000000000000000e+01 5.875075235017206410e+00
4.100000000000000000e+01 -4.300000000000000000e+01 5.891350143566202568e+00
4.100000000000000000e+01 -4.200000000000000000e+01 5.999728744246516143e+00
4.100000000000000000e+01 -4.100000000000000000e+01 6.107274009226301814e+00
4.100000000000000000e+01 -4.000000000000000000e+01 6.347866940851021766e+00
4.100000000000000000e+01 -3.900000000000000000e+01 6.413814696865843601e+00
4.100000000000000000e+01 -3.800000000000000000e+01 6.513007367436560280e+00
4.100000000000000000e+01 -3.700000000000000000e+01 6.605564290303182595e+00
4.100000000000000000e+01 -3.600000000000000000e+01 6.809922397880472822e+00
4.100000000000000000e+01 -3.500000000000000000e+01 6.999686158325535423e+00
4.100000000000000000e+01 -3.400000000000000000e+01 7.177694467529722289e+00
4.100000000000000000e+01 -3.300000000000000000e+01 7.379580781801375444e+00
4.100000000000000000e+01 -3.200000000000000000e+01 7.527667907895416732e+00
4.100000000000000000e+01 -3.100000000000000000e+01 8.152763935501191384e+00
4.100000000000000000e+01 -3.000000000000000000e+01 nan
