Longitude[deg], Latitude[deg], Dust optical depth
4.700000000000000000e+01 2.900000000000000000e+01 nan
4.700000000000000000e+01 3.000000000000000000e+01 nan
4.700000000000000000e+01 3.100000000000000000e+01 nan
4.700000000000000000e+01 3.200000000000000000e+01 nan
4.700000000000000000e+01 3.300000000000000000e+01 nan
4.700000000000000000e+01 3.400000000000000000e+01 nan
4.700000000000000000e+01 3.500000000000000000e+01 nan
4.700000000000000000e+01 3.600000000000000000e+01 nan
4.700000000000000000e+01 3.700000000000000000e+01 nan
4.700000000000000000e+01 3.800000000000000000e+01 nan
4.700000000000000000e+01 3.900000000000000000e+01 nan
4.700000000000000000e+01 4.000000000000000000e+01 nan
4.700000000000000000e+01 4.100000000000000000e+01 nan
4.700000000000000000e+01 4.200000000000000000e+01 nan
4.700000000000000000e+01 4.300000000000000000e+01 nan
4.700000000000000000e+01 4.400000000000000000e+01 nan
4.700000000000000000e+01 4.500000000000000000e+01 nan
4.700000000000000000e+01 4.600000000000000000e+01 3.550491562075620555e-01
4.700000000000000000e+01 4.700000000000000000e+01 3.580647316034267225e-01
4.700000000000000000e+01 4.800000000000000000e+01 nan
4.800000000000000000e+01 2.900000000000000000e+01 nan
4.800000000000000000e+01 3.000000000000000000e+01 nan
4.800000000000000000e+01 3.100000000000000000e+01 nan
4.800000000000000000e+01 3.200000000000000000e+01 nan
4.800000000000000000e+01 3.300000000000000000e+01 nan
4.800000000000000000e+01 3.400000000000000000e+01 nan
4.800000000000000000e+01 3.500000000000000000e+01 nan
4.800000000000000000e+01 3.600000000000000000e+01 nan
4.800000000000000000e+01 3.700000000000000000e+01 nan
4.800000000000000000e+01 3.800000000000000000e+01 nan
4.800000000000000000e+01 3.900000000000000000e+01 nan
4.800000000000000000e+01 4.000000000000000000e+01 nan
4.800000000000000000e+01 4.100000000000000000e+01 nan
4.800000000000000000e+01 4.200000000000000000e+01 4.979623193383524438e-01
4.800000000000000000e+01 4.300000000000000000e+01 4.855591669596732718e-01
4.800000000000000000e+01 4.400000000000000000e+01 4.074081849459684213e-01
4.800000000000000000e+01 4.500000000000000000e+01 3.383442561165720397e-01
4.800000000000000000e+01 4.600000000000000000e+01 3.663201570594676881e-01
4.800000000000000000e+01 4.700000000000000000e+01 4.151105944595941954e-01
4.800000000000000000e+01 4.800000000000000000e+01 nan
4.900000000000000000e+01 2.900000000000000000e+01 nan
4.900000000000000000e+01 3.000000000000000000e+01 nan
4.900000000000000000e+01 3.100000000000000000e+01 nan
4.900000000000000000e+01 3.200000000000000000e+01 nan
4.900000000000000000e+01 3.300000000000000000e+01 nan
4.900000000000000000e+01 3.400000000000000000e+01 nan
4.900000000000000000e+01 3.500000000000000000e+01 nan
4.900000000000000000e+01 3.600000000000000000e+01 1.304108057779274521e+00
4.900000000000000000e+01 3.700000000000000000e+01 1.255952494202011049e+00
4.900000000000000000e+01 3.800000000000000000e+01 1.103854206316211339e+00
4.900000000000000000e+01 3.900000000000000000e+01 7.291598968632582167e-01
4.900000000000000000e+01 4.000000000000000000e+01 5.961444588791549037e-01
4.900000000000000000e+01 4.100000000000000000e+01 5.342668647970488793e-01
4.900000000000000000e+01 4.200000000000000000e+01 4.976459760546077526e-01
4.900000000000000000e+01 4.300000000000000000e+01 4.781998959505018854e-01
4.900000000000000000e+01 4.400000000000000000e+01 4.072750268545496377e-01
4.900000000000000000e+01 4.500000000000000000e+01 3.428500848475750651e-01
4.900000000000000000e+01 4.600000000000000000e+01 3.615246342101816612e-01
4.900000000000000000e+01 4.700000000000000000e+01 4.256978555283743026e-01
4.900000000000000000e+01 4.800000000000000000e+01 4.741953787423580091e-01
5.000000000000000000e+01 2.900000000000000000e+01 nan
5.000000000000000000e+01 3.000000000000000000e+01 1.027059147044232956e+00
5.000000000000000000e+01 3.100000000000000000e+01 1.040578890769389808e+00
5.000000000000000000e+01 3.200000000000000000e+01 1.139541581886375443e+00
5.000000000000000000e+01 3.300000000000000000e+01 1.243818049321923747e+00
5.000000000000000000e+01 3.400000000000000000e+01 1.219966061250391309e+00
5.000000000000000000e+01 3.500000000000000000e+01 1.225309209870097282e+00
5.000000000000000000e+01 3.600000000000000000e+01 1.280204109316427585e+00
5.000000000000000000e+01 3.700000000000000000e+01 1.184189769040212115e+00
5.000000000000000000e+01 3.800000000000000000e+01 8.705840562536594218e-01
5.000000000000000000e+01 3.900000000000000000e+01 6.697338388705716961e-01
5.000000000000000000e+01 4.000000000000000000e+01 5.770642123230813603e-01
5.000000000000000000e+01 4.100000000000000000e+01 5.362477727858407928e-01
5.000000000000000000e+01 4.200000000000000000e+01 5.055051597760102933e-01
5.000000000000000000e+01 4.300000000000000000e+01 4.832978080353789174e-01
5.000000000000000000e+01 4.400000000000000000e+01 4.213382845542602562e-01
5.000000000000000000e+01 4.500000000000000000e+01 3.588318339436394888e-01
5.000000000000000000e+01 4.600000000000000000e+01 3.496755123145877109e-01
5.000000000000000000e+01 4.700000000000000000e+01 3.955352125926676066e-01
5.000000000000000000e+01 4.800000000000000000e+01 4.635803847230111630e-01
5.100000000000000000e+01 2.900000000000000000e+01 1.089265979197219902e+00
5.100000000000000000e+01 3.000000000000000000e+01 1.058913205040115546e+00
5.100000000000000000e+01 3.100000000000000000e+01 1.074781339422899551e+00
5.100000000000000000e+01 3.200000000000000000e+01 1.157724106139564224e+00
5.100000000000000000e+01 3.300000000000000000e+01 1.223562506144379114e+00
5.100000000000000000e+01 3.400000000000000000e+01 1.207663183118428796e+00
5.100000000000000000e+01 3.500000000000000000e+01 1.214655405722326886e+00
5.100000000000000000e+01 3.600000000000000000e+01 1.243749887565127610e+00
5.100000000000000000e+01 3.700000000000000000e+01 1.130531829087063622e+00
5.100000000000000000e+01 3.800000000000000000e+01 7.066111716695206990e-01
5.100000000000000000e+01 3.900000000000000000e+01 6.021725583073651578e-01
5.100000000000000000e+01 4.000000000000000000e+01 5.433870783618715006e-01
5.100000000000000000e+01 4.100000000000000000e+01 5.371587308629636182e-01
5.100000000000000000e+01 4.200000000000000000e+01 5.091413373595973235e-01
5.100000000000000000e+01 4.300000000000000000e+01 4.843651478564471313e-01
5.100000000000000000e+01 4.400000000000000000e+01 4.401683337869810586e-01
5.100000000000000000e+01 4.500000000000000000e+01 3.687038331252292522e-01
5.100000000000000000e+01 4.600000000000000000e+01 3.460950913421604880e-01
5.100000000000000000e+01 4.700000000000000000e+01 3.628574260779989791e-01
5.100000000000000000e+01 4.800000000000000000e+01 4.368593163657678580e-01
5.200000000000000000e+01 2.900000000000000000e+01 1.125902284431993028e+00
5.200000000000000000e+01 3.000000000000000000e+01 1.109807317123255643e+00
5.200000000000000000e+01 3.100000000000000000e+01 1.115456402940341762e+00
5.200000000000000000e+01 3.200000000000000000e+01 1.165329231345971550e+00
5.200000000000000000e+01 3.300000000000000000e+01 1.200754018400302270e+00
5.200000000000000000e+01 3.400000000000000000e+01 1.200144783090198786e+00
5.200000000000000000e+01 3.500000000000000000e+01 1.193260432600642185e+00
5.200000000000000000e+01 3.600000000000000000e+01 1.187224529337810086e+00
5.200000000000000000e+01 3.700000000000000000e+01 1.059701291839934889e+00
5.200000000000000000e+01 3.800000000000000000e+01 6.862170401800765651e-01
5.200000000000000000e+01 3.900000000000000000e+01 5.620205009281029618e-01
5.200000000000000000e+01 4.000000000000000000e+01 5.184203670787780327e-01
5.200000000000000000e+01 4.100000000000000000e+01 5.387189800654548222e-01
5.200000000000000000e+01 4.200000000000000000e+01 5.055187877653392059e-01
5.200000000000000000e+01 4.300000000000000000e+01 4.826657088671956197e-01
5.200000000000000000e+01 4.400000000000000000e+01 4.496701354927784555e-01
5.200000000000000000e+01 4.500000000000000000e+01 3.665067088727849698e-01
5.200000000000000000e+01 4.600000000000000000e+01 3.534917335354588186e-01
5.200000000000000000e+01 4.700000000000000000e+01 3.996661103856460895e-01
5.200000000000000000e+01 4.800000000000000000e+01 4.136690346232559379e-01
5.300000000000000000e+01 2.900000000000000000e+01 1.207970030042128107e+00
5.300000000000000000e+01 3.000000000000000000e+01 1.183370256855829750e+00
5.300000000000000000e+01 3.100000000000000000e+01 1.144827045754388539e+00
5.300000000000000000e+01 3.200000000000000000e+01 1.170766413815161444e+00
5.300000000000000000e+01 3.300000000000000000e+01 1.203638636970755904e+00
5.300000000000000000e+01 3.400000000000000000e+01 1.184571654535163221e+00
5.300000000000000000e+01 3.500000000000000000e+01 1.136376022626621296e+00
5.300000000000000000e+01 3.600000000000000000e+01 1.056211497721253556e+00
5.300000000000000000e+01 3.700000000000000000e+01 9.197031334845253703e-01
5.300000000000000000e+01 3.800000000000000000e+01 6.588017934689663901e-01
5.300000000000000000e+01 3.900000000000000000e+01 5.305948222089528210e-01
5.300000000000000000e+01 4.000000000000000000e+01 5.173903083368176503e-01
5.300000000000000000e+01 4.100000000000000000e+01 5.578687424064167066e-01
5.300000000000000000e+01 4.200000000000000000e+01 5.167017383358438742e-01
5.300000000000000000e+01 4.300000000000000000e+01 4.773667184020650711e-01
5.300000000000000000e+01 4.400000000000000000e+01 4.509519585535552433e-01
5.300000000000000000e+01 4.500000000000000000e+01 3.733238179903421439e-01
5.300000000000000000e+01 4.600000000000000000e+01 3.607705035680737193e-01
5.300000000000000000e+01 4.700000000000000000e+01 4.190535638241015826e-01
5.300000000000000000e+01 4.800000000000000000e+01 4.134569811440220732e-01
5.400000000000000000e+01 2.900000000000000000e+01 1.259018887221606153e+00
5.400000000000000000e+01 3.000000000000000000e+01 1.210455358872228437e+00
5.400000000000000000e+01 3.100000000000000000e+01 1.153205878693193798e+00
5.400000000000000000e+01 3.200000000000000000e+01 1.167708808485497407e+00
5.400000000000000000e+01 3.300000000000000000e+01 1.207608676828801908e+00
5.400000000000000000e+01 3.400000000000000000e+01 1.153783519288843040e+00
5.400000000000000000e+01 3.500000000000000000e+01 1.056288484737505584e+00
5.400000000000000000e+01 3.600000000000000000e+01 9.422411428143960821e-01
5.400000000000000000e+01 3.700000000000000000e+01 7.451622629787458818e-01
5.400000000000000000e+01 3.800000000000000000e+01 5.918307275562053604e-01
5.400000000000000000e+01 3.900000000000000000e+01 5.076729563104164233e-01
5.400000000000000000e+01 4.000000000000000000e+01 5.173554650027081259e-01
5.400000000000000000e+01 4.100000000000000000e+01 5.763697612963951666e-01
5.400000000000000000e+01 4.200000000000000000e+01 5.207191561307600303e-01
5.400000000000000000e+01 4.300000000000000000e+01 4.639528893687977495e-01
5.400000000000000000e+01 4.400000000000000000e+01 4.467906690677403980e-01
5.400000000000000000e+01 4.500000000000000000e+01 4.046237128686547835e-01
5.400000000000000000e+01 4.600000000000000000e+01 3.971252522843635724e-01
5.400000000000000000e+01 4.700000000000000000e+01 4.150247684115233593e-01
5.400000000000000000e+01 4.800000000000000000e+01 nan
5.500000000000000000e+01 2.900000000000000000e+01 nan
5.500000000000000000e+01 3.000000000000000000e+01 1.215300044352044972e+00
5.500000000000000000e+01 3.100000000000000000e+01 1.152351231145207322e+00
5.500000000000000000e+01 3.200000000000000000e+01 1.163565794073094573e+00
5.500000000000000000e+01 3.300000000000000000e+01 1.190669249142997543e+00
5.500000000000000000e+01 3.400000000000000000e+01 1.079694767947681378e+00
5.500000000000000000e+01 3.500000000000000000e+01 1.009073562582605499e+00
5.500000000000000000e+01 3.600000000000000000e+01 8.401428879335560707e-01
5.500000000000000000e+01 3.700000000000000000e+01 nan
5.500000000000000000e+01 3.800000000000000000e+01 5.501076112853688915e-01
5.500000000000000000e+01 3.900000000000000000e+01 nan
5.500000000000000000e+01 4.000000000000000000e+01 nan
5.500000000000000000e+01 4.100000000000000000e+01 nan
5.500000000000000000e+01 4.200000000000000000e+01 nan
5.500000000000000000e+01 4.300000000000000000e+01 nan
5.500000000000000000e+01 4.400000000000000000e+01 nan
5.500000000000000000e+01 4.500000000000000000e+01 nan
5.500000000000000000e+01 4.600000000000000000e+01 nan
5.500000000000000000e+01 4.700000000000000000e+01 nan
5.500000000000000000e+01 4.800000000000000000e+01 nan
