Longitude[deg], Latitude[deg], Dust optical depth
-9.400000000000000000e+01 -1.600000000000000000e+01 nan
-9.400000000000000000e+01 -1.500000000000000000e+01 nan
-9.400000000000000000e+01 -1.400000000000000000e+01 nan
-9.400000000000000000e+01 -1.300000000000000000e+01 nan
-9.400000000000000000e+01 -1.200000000000000000e+01 nan
-9.400000000000000000e+01 -1.100000000000000000e+01 nan
-9.400000000000000000e+01 -1.000000000000000000e+01 nan
-9.400000000000000000e+01 -9.000000000000000000e+00 nan
-9.400000000000000000e+01 -8.000000000000000000e+00 nan
-9.400000000000000000e+01 -7.000000000000000000e+00 nan
-9.400000000000000000e+01 -6.000000000000000000e+00 nan
-9.400000000000000000e+01 -5.000000000000000000e+00 nan
-9.400000000000000000e+01 -4.000000000000000000e+00 nan
-9.400000000000000000e+01 -3.000000000000000000e+00 nan
-9.400000000000000000e+01 -2.000000000000000000e+00 nan
-9.400000000000000000e+01 -1.000000000000000000e+00 nan
-9.400000000000000000e+01 0.000000000000000000e+00 5.128780762911871349e+00
-9.400000000000000000e+01 1.000000000000000000e+00 5.048012876658540371e+00
-9.400000000000000000e+01 2.000000000000000000e+00 5.048137021525524126e+00
-9.400000000000000000e+01 3.000000000000000000e+00 4.953731504608303027e+00
-9.400000000000000000e+01 4.000000000000000000e+00 4.822355082075176824e+00
-9.300000000000000000e+01 -1.600000000000000000e+01 nan
-9.300000000000000000e+01 -1.500000000000000000e+01 nan
-9.300000000000000000e+01 -1.400000000000000000e+01 nan
-9.300000000000000000e+01 -1.300000000000000000e+01 nan
-9.300000000000000000e+01 -1.200000000000000000e+01 nan
-9.300000000000000000e+01 -1.100000000000000000e+01 5.464707773207174490e+00
-9.300000000000000000e+01 -1.000000000000000000e+01 5.372621566247111069e+00
-9.300000000000000000e+01 -9.000000000000000000e+00 5.101503453272674626e+00
-9.300000000000000000e+01 -8.000000000000000000e+00 5.063022098436258389e+00
-9.300000000000000000e+01 -7.000000000000000000e+00 5.069496277182008903e+00
-9.300000000000000000e+01 -6.000000000000000000e+00 4.914868944951752638e+00
-9.300000000000000000e+01 -5.000000000000000000e+00 4.805515287371004085e+00
-9.300000000000000000e+01 -4.000000000000000000e+00 5.314951961349803966e+00
-9.300000000000000000e+01 -3.000000000000000000e+00 5.340786441044063970e+00
-9.300000000000000000e+01 -2.000000000000000000e+00 5.232067131412312833e+00
-9.300000000000000000e+01 -1.000000000000000000e+00 5.139032329257286591e+00
-9.300000000000000000e+01 0.000000000000000000e+00 5.093724161826780339e+00
-9.300000000000000000e+01 1.000000000000000000e+00 5.029544169944990983e+00
-9.300000000000000000e+01 2.000000000000000000e+00 4.934442918291960467e+00
-9.300000000000000000e+01 3.000000000000000000e+00 4.879101683008022938e+00
-9.300000000000000000e+01 4.000000000000000000e+00 4.771681670800420605e+00
-9.200000000000000000e+01 -1.600000000000000000e+01 nan
-9.200000000000000000e+01 -1.500000000000000000e+01 nan
-9.200000000000000000e+01 -1.400000000000000000e+01 nan
-9.200000000000000000e+01 -1.300000000000000000e+01 nan
-9.200000000000000000e+01 -1.200000000000000000e+01 nan
-9.200000000000000000e+01 -1.100000000000000000e+01 5.418911351471531468e+00
-9.200000000000000000e+01 -1.000000000000000000e+01 5.363124267954201940e+00
-9.200000000000000000e+01 -9.000000000000000000e+00 5.298193976210261447e+00
-9.200000000000000000e+01 -8.000000000000000000e+00 5.170408864834406870e+00
-9.200000000000000000e+01 -7.000000000000000000e+00 5.002646115705483787e+00
-9.200000000000000000e+01 -6.000000000000000000e+00 4.880426986517005794e+00
-9.200000000000000000e+01 -5.000000000000000000e+00 4.839740309113581773e+00
-9.200000000000000000e+01 -4.000000000000000000e+00 5.301442003998339203e+00
-9.200000000000000000e+01 -3.000000000000000000e+00 5.311786748259973656e+00
-9.200000000000000000e+01 -2.000000000000000000e+00 5.224892872162379298e+00
-9.200000000000000000e+01 -1.000000000000000000e+00 5.139374234986483714e+00
-9.200000000000000000e+01 0.000000000000000000e+00 5.076090411864931262e+00
-9.200000000000000000e+01 1.000000000000000000e+00 5.005574136113659200e+00
-9.200000000000000000e+01 2.000000000000000000e+00 4.877670102631038063e+00
-9.200000000000000000e+01 3.000000000000000000e+00 4.776173550077820629e+00
-9.200000000000000000e+01 4.000000000000000000e+00 4.722975928413599256e+00
-9.100000000000000000e+01 -1.600000000000000000e+01 nan
-9.100000000000000000e+01 -1.500000000000000000e+01 nan
-9.100000000000000000e+01 -1.400000000000000000e+01 nan
-9.100000000000000000e+01 -1.300000000000000000e+01 nan
-9.100000000000000000e+01 -1.200000000000000000e+01 5.732765108344049843e+00
-9.100000000000000000e+01 -1.100000000000000000e+01 5.552556661330889654e+00
-9.100000000000000000e+01 -1.000000000000000000e+01 5.384834403001461212e+00
-9.100000000000000000e+01 -9.000000000000000000e+00 5.407265666537859339e+00
-9.100000000000000000e+01 -8.000000000000000000e+00 5.302441902166799004e+00
-9.100000000000000000e+01 -7.000000000000000000e+00 4.968029124093000348e+00
-9.100000000000000000e+01 -6.000000000000000000e+00 4.855569152486476803e+00
-9.100000000000000000e+01 -5.000000000000000000e+00 4.909051970838302914e+00
-9.100000000000000000e+01 -4.000000000000000000e+00 5.192105020408845029e+00
-9.100000000000000000e+01 -3.000000000000000000e+00 5.218283928668189020e+00
-9.100000000000000000e+01 -2.000000000000000000e+00 5.207149309383421354e+00
-9.100000000000000000e+01 -1.000000000000000000e+00 5.135996116172626635e+00
-9.100000000000000000e+01 0.000000000000000000e+00 5.060052791656998394e+00
-9.100000000000000000e+01 1.000000000000000000e+00 4.958587968099363863e+00
-9.100000000000000000e+01 2.000000000000000000e+00 4.778558250002017616e+00
-9.100000000000000000e+01 3.000000000000000000e+00 4.679740646471066690e+00
-9.100000000000000000e+01 4.000000000000000000e+00 4.586041784939619781e+00
-9.000000000000000000e+01 -1.600000000000000000e+01 nan
-9.000000000000000000e+01 -1.500000000000000000e+01 nan
-9.000000000000000000e+01 -1.400000000000000000e+01 nan
-9.000000000000000000e+01 -1.300000000000000000e+01 nan
-9.000000000000000000e+01 -1.200000000000000000e+01 5.732765108344049843e+00
-9.000000000000000000e+01 -1.100000000000000000e+01 5.736171459234838288e+00
-9.000000000000000000e+01 -1.000000000000000000e+01 5.560836146017037684e+00
-9.000000000000000000e+01 -9.000000000000000000e+00 5.627298413436995439e+00
-9.000000000000000000e+01 -8.000000000000000000e+00 5.623273263124385579e+00
-9.000000000000000000e+01 -7.000000000000000000e+00 4.955902306599485385e+00
-9.000000000000000000e+01 -6.000000000000000000e+00 4.821571076359707497e+00
-9.000000000000000000e+01 -5.000000000000000000e+00 4.956968824834877552e+00
-9.000000000000000000e+01 -4.000000000000000000e+00 5.153116506486775883e+00
-9.000000000000000000e+01 -3.000000000000000000e+00 5.182334749881361446e+00
-9.000000000000000000e+01 -2.000000000000000000e+00 5.176319052069768389e+00
-9.000000000000000000e+01 -1.000000000000000000e+00 5.134819951623006418e+00
-9.000000000000000000e+01 0.000000000000000000e+00 5.057880886752625926e+00
-9.000000000000000000e+01 1.000000000000000000e+00 4.939557430330123289e+00
-9.000000000000000000e+01 2.000000000000000000e+00 4.741251679858613954e+00
-9.000000000000000000e+01 3.000000000000000000e+00 4.576431005495221527e+00
-9.000000000000000000e+01 4.000000000000000000e+00 4.460416598426863999e+00
-8.900000000000000000e+01 -1.600000000000000000e+01 nan
-8.900000000000000000e+01 -1.500000000000000000e+01 nan
-8.900000000000000000e+01 -1.400000000000000000e+01 nan
-8.900000000000000000e+01 -1.300000000000000000e+01 nan
-8.900000000000000000e+01 -1.200000000000000000e+01 nan
-8.900000000000000000e+01 -1.100000000000000000e+01 nan
-8.900000000000000000e+01 -1.000000000000000000e+01 nan
-8.900000000000000000e+01 -9.000000000000000000e+00 nan
-8.900000000000000000e+01 -8.000000000000000000e+00 nan
-8.900000000000000000e+01 -7.000000000000000000e+00 nan
-8.900000000000000000e+01 -6.000000000000000000e+00 nan
-8.900000000000000000e+01 -5.000000000000000000e+00 nan
-8.900000000000000000e+01 -4.000000000000000000e+00 nan
-8.900000000000000000e+01 -3.000000000000000000e+00 nan
-8.900000000000000000e+01 -2.000000000000000000e+00 nan
-8.900000000000000000e+01 -1.000000000000000000e+00 nan
-8.900000000000000000e+01 0.000000000000000000e+00 nan
-8.900000000000000000e+01 1.000000000000000000e+00 nan
-8.900000000000000000e+01 2.000000000000000000e+00 nan
-8.900000000000000000e+01 3.000000000000000000e+00 nan
-8.900000000000000000e+01 4.000000000000000000e+00 nan
