Longitude[deg], Latitude[deg], Dust optical depth
3.300000000000000000e+01 4.000000000000000000e+00 nan
3.300000000000000000e+01 5.000000000000000000e+00 nan
3.300000000000000000e+01 6.000000000000000000e+00 nan
3.300000000000000000e+01 7.000000000000000000e+00 nan
3.300000000000000000e+01 8.000000000000000000e+00 nan
3.300000000000000000e+01 9.000000000000000000e+00 nan
3.300000000000000000e+01 1.000000000000000000e+01 nan
3.300000000000000000e+01 1.100000000000000000e+01 nan
3.300000000000000000e+01 1.200000000000000000e+01 nan
3.300000000000000000e+01 1.300000000000000000e+01 nan
3.300000000000000000e+01 1.400000000000000000e+01 nan
3.300000000000000000e+01 1.500000000000000000e+01 nan
3.300000000000000000e+01 1.600000000000000000e+01 nan
3.300000000000000000e+01 1.700000000000000000e+01 nan
3.300000000000000000e+01 1.800000000000000000e+01 nan
3.300000000000000000e+01 1.900000000000000000e+01 nan
3.300000000000000000e+01 2.000000000000000000e+01 nan
3.300000000000000000e+01 2.100000000000000000e+01 nan
3.300000000000000000e+01 2.200000000000000000e+01 nan
3.300000000000000000e+01 2.300000000000000000e+01 nan
3.300000000000000000e+01 2.400000000000000000e+01 nan
3.300000000000000000e+01 2.500000000000000000e+01 nan
3.300000000000000000e+01 2.600000000000000000e+01 nan
3.300000000000000000e+01 2.700000000000000000e+01 5.468920724433533387e+00
3.300000000000000000e+01 2.800000000000000000e+01 5.468920724433533387e+00
3.300000000000000000e+01 2.900000000000000000e+01 nan
3.300000000000000000e+01 3.000000000000000000e+01 nan
3.400000000000000000e+01 4.000000000000000000e+00 nan
3.400000000000000000e+01 5.000000000000000000e+00 nan
3.400000000000000000e+01 6.000000000000000000e+00 nan
3.400000000000000000e+01 7.000000000000000000e+00 nan
3.400000000000000000e+01 8.000000000000000000e+00 nan
3.400000000000000000e+01 9.000000000000000000e+00 nan
3.400000000000000000e+01 1.000000000000000000e+01 nan
3.400000000000000000e+01 1.100000000000000000e+01 nan
3.400000000000000000e+01 1.200000000000000000e+01 nan
3.400000000000000000e+01 1.300000000000000000e+01 nan
3.400000000000000000e+01 1.400000000000000000e+01 nan
3.400000000000000000e+01 1.500000000000000000e+01 nan
3.400000000000000000e+01 1.600000000000000000e+01 nan
3.400000000000000000e+01 1.700000000000000000e+01 nan
3.400000000000000000e+01 1.800000000000000000e+01 nan
3.400000000000000000e+01 1.900000000000000000e+01 nan
3.400000000000000000e+01 2.000000000000000000e+01 nan
3.400000000000000000e+01 2.100000000000000000e+01 nan
3.400000000000000000e+01 2.200000000000000000e+01 5.649921793766279343e+00
3.400000000000000000e+01 2.300000000000000000e+01 5.617626497322353529e+00
3.400000000000000000e+01 2.400000000000000000e+01 5.599148064685552484e+00
3.400000000000000000e+01 2.500000000000000000e+01 5.542049668041699739e+00
3.400000000000000000e+01 2.600000000000000000e+01 5.390264437774849426e+00
3.400000000000000000e+01 2.700000000000000000e+01 5.363810683492236109e+00
3.400000000000000000e+01 2.800000000000000000e+01 5.509667828825523195e+00
3.400000000000000000e+01 2.900000000000000000e+01 nan
3.400000000000000000e+01 3.000000000000000000e+01 nan
3.500000000000000000e+01 4.000000000000000000e+00 nan
3.500000000000000000e+01 5.000000000000000000e+00 nan
3.500000000000000000e+01 6.000000000000000000e+00 nan
3.500000000000000000e+01 7.000000000000000000e+00 nan
3.500000000000000000e+01 8.000000000000000000e+00 nan
3.500000000000000000e+01 9.000000000000000000e+00 nan
3.500000000000000000e+01 1.000000000000000000e+01 nan
3.500000000000000000e+01 1.100000000000000000e+01 nan
3.500000000000000000e+01 1.200000000000000000e+01 nan
3.500000000000000000e+01 1.300000000000000000e+01 nan
3.500000000000000000e+01 1.400000000000000000e+01 nan
3.500000000000000000e+01 1.500000000000000000e+01 nan
3.500000000000000000e+01 1.600000000000000000e+01 nan
3.500000000000000000e+01 1.700000000000000000e+01 5.807182833772721153e+00
3.500000000000000000e+01 1.800000000000000000e+01 5.856273660678240844e+00
3.500000000000000000e+01 1.900000000000000000e+01 5.895183617244920349e+00
3.500000000000000000e+01 2.000000000000000000e+01 5.769475575844494664e+00
3.500000000000000000e+01 2.100000000000000000e+01 5.601321300743726361e+00
3.500000000000000000e+01 2.200000000000000000e+01 5.619518481915888763e+00
3.500000000000000000e+01 2.300000000000000000e+01 5.623683917453270453e+00
3.500000000000000000e+01 2.400000000000000000e+01 5.562861297914896141e+00
3.500000000000000000e+01 2.500000000000000000e+01 5.468087372464374596e+00
3.500000000000000000e+01 2.600000000000000000e+01 5.322194658536242073e+00
3.500000000000000000e+01 2.700000000000000000e+01 5.296282049939496694e+00
3.500000000000000000e+01 2.800000000000000000e+01 5.573227056661324674e+00
3.500000000000000000e+01 2.900000000000000000e+01 nan
3.500000000000000000e+01 3.000000000000000000e+01 nan
3.600000000000000000e+01 4.000000000000000000e+00 nan
3.600000000000000000e+01 5.000000000000000000e+00 nan
3.600000000000000000e+01 6.000000000000000000e+00 nan
3.600000000000000000e+01 7.000000000000000000e+00 nan
3.600000000000000000e+01 8.000000000000000000e+00 nan
3.600000000000000000e+01 9.000000000000000000e+00 nan
3.600000000000000000e+01 1.000000000000000000e+01 nan
3.600000000000000000e+01 1.100000000000000000e+01 5.898045832788135101e+00
3.600000000000000000e+01 1.200000000000000000e+01 6.065116754875291782e+00
3.600000000000000000e+01 1.300000000000000000e+01 6.061122610219546125e+00
3.600000000000000000e+01 1.400000000000000000e+01 5.919470837263261842e+00
3.600000000000000000e+01 1.500000000000000000e+01 5.791154669594016369e+00
3.600000000000000000e+01 1.600000000000000000e+01 5.682706646276512785e+00
3.600000000000000000e+01 1.700000000000000000e+01 5.718441286925703970e+00
3.600000000000000000e+01 1.800000000000000000e+01 5.822055137106302070e+00
3.600000000000000000e+01 1.900000000000000000e+01 5.864446054410963782e+00
3.600000000000000000e+01 2.000000000000000000e+01 5.803134300577555749e+00
3.600000000000000000e+01 2.100000000000000000e+01 5.634462030220260154e+00
3.600000000000000000e+01 2.200000000000000000e+01 5.594011119435586821e+00
3.600000000000000000e+01 2.300000000000000000e+01 5.576463102830115481e+00
3.600000000000000000e+01 2.400000000000000000e+01 5.487875903975320213e+00
3.600000000000000000e+01 2.500000000000000000e+01 5.384668578331980981e+00
3.600000000000000000e+01 2.600000000000000000e+01 5.269517636194113841e+00
3.600000000000000000e+01 2.700000000000000000e+01 5.225341712414465434e+00
3.600000000000000000e+01 2.800000000000000000e+01 nan
3.600000000000000000e+01 2.900000000000000000e+01 nan
3.600000000000000000e+01 3.000000000000000000e+01 nan
3.700000000000000000e+01 4.000000000000000000e+00 6.337912704359772498e+00
3.700000000000000000e+01 5.000000000000000000e+00 6.493715402177572926e+00
3.700000000000000000e+01 6.000000000000000000e+00 6.343181198111226493e+00
3.700000000000000000e+01 7.000000000000000000e+00 6.126086110857603018e+00
3.700000000000000000e+01 8.000000000000000000e+00 6.119753275188804409e+00
3.700000000000000000e+01 9.000000000000000000e+00 5.970921252902203769e+00
3.700000000000000000e+01 1.000000000000000000e+01 5.812915447145215353e+00
3.700000000000000000e+01 1.100000000000000000e+01 5.858042978887645802e+00
3.700000000000000000e+01 1.200000000000000000e+01 5.959393585453737430e+00
3.700000000000000000e+01 1.300000000000000000e+01 5.973640616247362090e+00
3.700000000000000000e+01 1.400000000000000000e+01 5.911865239737267075e+00
3.700000000000000000e+01 1.500000000000000000e+01 5.791598611115522210e+00
3.700000000000000000e+01 1.600000000000000000e+01 5.669613560215966075e+00
3.700000000000000000e+01 1.700000000000000000e+01 5.673302484020271486e+00
3.700000000000000000e+01 1.800000000000000000e+01 5.746407289204407576e+00
3.700000000000000000e+01 1.900000000000000000e+01 5.800577386154574633e+00
3.700000000000000000e+01 2.000000000000000000e+01 5.829598160582109223e+00
3.700000000000000000e+01 2.100000000000000000e+01 5.752549918823074648e+00
3.700000000000000000e+01 2.200000000000000000e+01 5.653519029819518593e+00
3.700000000000000000e+01 2.300000000000000000e+01 5.585278958861429999e+00
3.700000000000000000e+01 2.400000000000000000e+01 5.463110999466330497e+00
3.700000000000000000e+01 2.500000000000000000e+01 5.378806134675546247e+00
3.700000000000000000e+01 2.600000000000000000e+01 5.328345498608268116e+00
3.700000000000000000e+01 2.700000000000000000e+01 nan
3.700000000000000000e+01 2.800000000000000000e+01 nan
3.700000000000000000e+01 2.900000000000000000e+01 nan
3.700000000000000000e+01 3.000000000000000000e+01 nan
3.800000000000000000e+01 4.000000000000000000e+00 6.376008526643063057e+00
3.800000000000000000e+01 5.000000000000000000e+00 6.468556628563853828e+00
3.800000000000000000e+01 6.000000000000000000e+00 6.352598773133064647e+00
3.800000000000000000e+01 7.000000000000000000e+00 6.050821875042793785e+00
3.800000000000000000e+01 8.000000000000000000e+00 6.063289860183861180e+00
3.800000000000000000e+01 9.000000000000000000e+00 5.957950673047352375e+00
3.800000000000000000e+01 1.000000000000000000e+01 5.763801000759832149e+00
3.800000000000000000e+01 1.100000000000000000e+01 5.816474535501932941e+00
3.800000000000000000e+01 1.200000000000000000e+01 5.930697773331307765e+00
3.800000000000000000e+01 1.300000000000000000e+01 5.905042061646924800e+00
3.800000000000000000e+01 1.400000000000000000e+01 5.878921251064665121e+00
3.800000000000000000e+01 1.500000000000000000e+01 5.804286874597520018e+00
3.800000000000000000e+01 1.600000000000000000e+01 5.700629692565045481e+00
3.800000000000000000e+01 1.700000000000000000e+01 5.696030827777500249e+00
3.800000000000000000e+01 1.800000000000000000e+01 5.720491618432413716e+00
3.800000000000000000e+01 1.900000000000000000e+01 5.759601861296305358e+00
3.800000000000000000e+01 2.000000000000000000e+01 5.868075451122013675e+00
3.800000000000000000e+01 2.100000000000000000e+01 5.893825254811520864e+00
3.800000000000000000e+01 2.200000000000000000e+01 5.781386249676368827e+00
3.800000000000000000e+01 2.300000000000000000e+01 5.685042155875784431e+00
3.800000000000000000e+01 2.400000000000000000e+01 5.542643037582376309e+00
3.800000000000000000e+01 2.500000000000000000e+01 5.441847044823506785e+00
3.800000000000000000e+01 2.600000000000000000e+01 5.410217243431260314e+00
3.800000000000000000e+01 2.700000000000000000e+01 5.412182337991473524e+00
3.800000000000000000e+01 2.800000000000000000e+01 nan
3.800000000000000000e+01 2.900000000000000000e+01 nan
3.800000000000000000e+01 3.000000000000000000e+01 nan
3.900000000000000000e+01 4.000000000000000000e+00 6.326930245013819842e+00
3.900000000000000000e+01 5.000000000000000000e+00 6.395147594902013566e+00
3.900000000000000000e+01 6.000000000000000000e+00 6.315804327708085530e+00
3.900000000000000000e+01 7.000000000000000000e+00 6.024447263964135324e+00
3.900000000000000000e+01 8.000000000000000000e+00 6.015336286457459991e+00
3.900000000000000000e+01 9.000000000000000000e+00 5.948048631746421400e+00
3.900000000000000000e+01 1.000000000000000000e+01 5.739894149626033837e+00
3.900000000000000000e+01 1.100000000000000000e+01 5.767675487594114969e+00
3.900000000000000000e+01 1.200000000000000000e+01 5.929829592483566003e+00
3.900000000000000000e+01 1.300000000000000000e+01 5.946481001296682223e+00
3.900000000000000000e+01 1.400000000000000000e+01 5.915685361513411067e+00
3.900000000000000000e+01 1.500000000000000000e+01 5.857289015160204393e+00
3.900000000000000000e+01 1.600000000000000000e+01 5.795022111421142874e+00
3.900000000000000000e+01 1.700000000000000000e+01 5.803092968738429391e+00
3.900000000000000000e+01 1.800000000000000000e+01 5.798604088611406304e+00
3.900000000000000000e+01 1.900000000000000000e+01 5.782704446834265433e+00
3.900000000000000000e+01 2.000000000000000000e+01 5.926818808373941927e+00
3.900000000000000000e+01 2.100000000000000000e+01 6.011350974543812953e+00
3.900000000000000000e+01 2.200000000000000000e+01 5.882255950320901761e+00
3.900000000000000000e+01 2.300000000000000000e+01 5.781528619727070328e+00
3.900000000000000000e+01 2.400000000000000000e+01 5.655831037121047622e+00
3.900000000000000000e+01 2.500000000000000000e+01 5.546356005737671069e+00
3.900000000000000000e+01 2.600000000000000000e+01 5.465108135326183891e+00
3.900000000000000000e+01 2.700000000000000000e+01 5.479551710083680582e+00
3.900000000000000000e+01 2.800000000000000000e+01 nan
3.900000000000000000e+01 2.900000000000000000e+01 nan
3.900000000000000000e+01 3.000000000000000000e+01 nan
4.000000000000000000e+01 4.000000000000000000e+00 6.199417555647888989e+00
4.000000000000000000e+01 5.000000000000000000e+00 6.265808719540626015e+00
4.000000000000000000e+01 6.000000000000000000e+00 6.251238029910796357e+00
4.000000000000000000e+01 7.000000000000000000e+00 6.019240437850065462e+00
4.000000000000000000e+01 8.000000000000000000e+00 5.961683407185024208e+00
4.000000000000000000e+01 9.000000000000000000e+00 5.949340553528912778e+00
4.000000000000000000e+01 1.000000000000000000e+01 5.757648995240356449e+00
4.000000000000000000e+01 1.100000000000000000e+01 5.754253960007614133e+00
4.000000000000000000e+01 1.200000000000000000e+01 5.934491373863009400e+00
4.000000000000000000e+01 1.300000000000000000e+01 6.036534256177646718e+00
4.000000000000000000e+01 1.400000000000000000e+01 6.013897320320716666e+00
4.000000000000000000e+01 1.500000000000000000e+01 5.900823903343378696e+00
4.000000000000000000e+01 1.600000000000000000e+01 5.845785667962062782e+00
4.000000000000000000e+01 1.700000000000000000e+01 5.869607868468358802e+00
4.000000000000000000e+01 1.800000000000000000e+01 5.870816813299565951e+00
4.000000000000000000e+01 1.900000000000000000e+01 5.828076689320871751e+00
4.000000000000000000e+01 2.000000000000000000e+01 5.956054953421602960e+00
4.000000000000000000e+01 2.100000000000000000e+01 6.055576045172599287e+00
4.000000000000000000e+01 2.200000000000000000e+01 5.918697785176327386e+00
4.000000000000000000e+01 2.300000000000000000e+01 5.833613889213363990e+00
4.000000000000000000e+01 2.400000000000000000e+01 5.740563744839583649e+00
4.000000000000000000e+01 2.500000000000000000e+01 5.655099873883930428e+00
4.000000000000000000e+01 2.600000000000000000e+01 5.563445002302723985e+00
4.000000000000000000e+01 2.700000000000000000e+01 5.554148950818926345e+00
4.000000000000000000e+01 2.800000000000000000e+01 nan
4.000000000000000000e+01 2.900000000000000000e+01 nan
4.000000000000000000e+01 3.000000000000000000e+01 nan
4.100000000000000000e+01 4.000000000000000000e+00 6.068266907313415892e+00
4.100000000000000000e+01 5.000000000000000000e+00 6.161057115834886133e+00
4.100000000000000000e+01 6.000000000000000000e+00 6.164011104344147896e+00
4.100000000000000000e+01 7.000000000000000000e+00 5.945812857030017717e+00
4.100000000000000000e+01 8.000000000000000000e+00 5.908830781364680540e+00
4.100000000000000000e+01 9.000000000000000000e+00 5.945064884721944054e+00
4.100000000000000000e+01 1.000000000000000000e+01 5.792082884764101713e+00
4.100000000000000000e+01 1.100000000000000000e+01 5.759883226400613232e+00
4.100000000000000000e+01 1.200000000000000000e+01 5.971450594549216007e+00
4.100000000000000000e+01 1.300000000000000000e+01 6.098414567513755991e+00
4.100000000000000000e+01 1.400000000000000000e+01 6.062252936997243324e+00
4.100000000000000000e+01 1.500000000000000000e+01 nan
4.100000000000000000e+01 1.600000000000000000e+01 nan
4.100000000000000000e+01 1.700000000000000000e+01 nan
4.100000000000000000e+01 1.800000000000000000e+01 nan
4.100000000000000000e+01 1.900000000000000000e+01 nan
4.100000000000000000e+01 2.000000000000000000e+01 nan
4.100000000000000000e+01 2.100000000000000000e+01 nan
4.100000000000000000e+01 2.200000000000000000e+01 nan
4.100000000000000000e+01 2.300000000000000000e+01 nan
4.100000000000000000e+01 2.400000000000000000e+01 nan
4.100000000000000000e+01 2.500000000000000000e+01 nan
4.100000000000000000e+01 2.600000000000000000e+01 nan
4.100000000000000000e+01 2.700000000000000000e+01 nan
4.100000000000000000e+01 2.800000000000000000e+01 nan
4.100000000000000000e+01 2.900000000000000000e+01 nan
4.100000000000000000e+01 3.000000000000000000e+01 nan
