Longitude[deg], Latitude[deg], Dust optical depth
1.510000000000000000e+02 1.300000000000000000e+01 nan
1.510000000000000000e+02 1.400000000000000000e+01 nan
1.510000000000000000e+02 1.500000000000000000e+01 nan
1.510000000000000000e+02 1.600000000000000000e+01 nan
1.510000000000000000e+02 1.700000000000000000e+01 nan
1.510000000000000000e+02 1.800000000000000000e+01 nan
1.510000000000000000e+02 1.900000000000000000e+01 nan
1.510000000000000000e+02 2.000000000000000000e+01 nan
1.510000000000000000e+02 2.100000000000000000e+01 nan
1.510000000000000000e+02 2.200000000000000000e+01 nan
1.510000000000000000e+02 2.300000000000000000e+01 nan
1.510000000000000000e+02 2.400000000000000000e+01 nan
1.510000000000000000e+02 2.500000000000000000e+01 nan
1.510000000000000000e+02 2.600000000000000000e+01 nan
1.510000000000000000e+02 2.700000000000000000e+01 nan
1.510000000000000000e+02 2.800000000000000000e+01 nan
1.510000000000000000e+02 2.900000000000000000e+01 nan
1.510000000000000000e+02 3.000000000000000000e+01 1.070473352063438188e+00
1.510000000000000000e+02 3.100000000000000000e+01 1.018072924320461592e+00
1.510000000000000000e+02 3.200000000000000000e+01 1.017508858430526297e+00
1.510000000000000000e+02 3.300000000000000000e+01 1.016371643043291417e+00
1.510000000000000000e+02 3.400000000000000000e+01 nan
1.520000000000000000e+02 1.300000000000000000e+01 nan
1.520000000000000000e+02 1.400000000000000000e+01 nan
1.520000000000000000e+02 1.500000000000000000e+01 nan
1.520000000000000000e+02 1.600000000000000000e+01 nan
1.520000000000000000e+02 1.700000000000000000e+01 nan
1.520000000000000000e+02 1.800000000000000000e+01 nan
1.520000000000000000e+02 1.900000000000000000e+01 nan
1.520000000000000000e+02 2.000000000000000000e+01 1.100223289973895291e+00
1.520000000000000000e+02 2.100000000000000000e+01 1.091583246647642280e+00
1.520000000000000000e+02 2.200000000000000000e+01 1.091583246647642280e+00
1.520000000000000000e+02 2.300000000000000000e+01 1.135386845841559245e+00
1.520000000000000000e+02 2.400000000000000000e+01 1.139697263781084935e+00
1.520000000000000000e+02 2.500000000000000000e+01 1.130734849184596102e+00
1.520000000000000000e+02 2.600000000000000000e+01 1.195427599154741838e+00
1.520000000000000000e+02 2.700000000000000000e+01 1.212910605575036049e+00
1.520000000000000000e+02 2.800000000000000000e+01 1.193192262941236148e+00
1.520000000000000000e+02 2.900000000000000000e+01 1.190155718718229005e+00
1.520000000000000000e+02 3.000000000000000000e+01 1.101313638655307736e+00
1.520000000000000000e+02 3.100000000000000000e+01 1.021975235074758404e+00
1.520000000000000000e+02 3.200000000000000000e+01 1.021245754625242030e+00
1.520000000000000000e+02 3.300000000000000000e+01 1.005476339221819781e+00
1.520000000000000000e+02 3.400000000000000000e+01 nan
1.530000000000000000e+02 1.300000000000000000e+01 1.091881417374413354e+00
1.530000000000000000e+02 1.400000000000000000e+01 1.115685752546625498e+00
1.530000000000000000e+02 1.500000000000000000e+01 1.141136847564304446e+00
1.530000000000000000e+02 1.600000000000000000e+01 1.169181292463765676e+00
1.530000000000000000e+02 1.700000000000000000e+01 1.186524343733134534e+00
1.530000000000000000e+02 1.800000000000000000e+01 1.177199263689945763e+00
1.530000000000000000e+02 1.900000000000000000e+01 1.155517247756485011e+00
1.530000000000000000e+02 2.000000000000000000e+01 1.093146527326301021e+00
1.530000000000000000e+02 2.100000000000000000e+01 1.072610645308218480e+00
1.530000000000000000e+02 2.200000000000000000e+01 1.086061611358800860e+00
1.530000000000000000e+02 2.300000000000000000e+01 1.176532121602637870e+00
1.530000000000000000e+02 2.400000000000000000e+01 1.240968999121665695e+00
1.530000000000000000e+02 2.500000000000000000e+01 1.205501848851057822e+00
1.530000000000000000e+02 2.600000000000000000e+01 1.211085561483454143e+00
1.530000000000000000e+02 2.700000000000000000e+01 1.216290882054735123e+00
1.530000000000000000e+02 2.800000000000000000e+01 1.194248728617435251e+00
1.530000000000000000e+02 2.900000000000000000e+01 1.193963558912833234e+00
1.530000000000000000e+02 3.000000000000000000e+01 1.114010625101749419e+00
1.530000000000000000e+02 3.100000000000000000e+01 1.025889017654191937e+00
1.530000000000000000e+02 3.200000000000000000e+01 1.022684030208635964e+00
1.530000000000000000e+02 3.300000000000000000e+01 1.006702175798244170e+00
1.530000000000000000e+02 3.400000000000000000e+01 9.410949079529784544e-01
1.540000000000000000e+02 1.300000000000000000e+01 1.018832305638138758e+00
1.540000000000000000e+02 1.400000000000000000e+01 1.080105608796245065e+00
1.540000000000000000e+02 1.500000000000000000e+01 1.124467911897041983e+00
1.540000000000000000e+02 1.600000000000000000e+01 1.150917221381369204e+00
1.540000000000000000e+02 1.700000000000000000e+01 1.195740872851863035e+00
1.540000000000000000e+02 1.800000000000000000e+01 1.231644132919810009e+00
1.540000000000000000e+02 1.900000000000000000e+01 1.170357503138812039e+00
1.540000000000000000e+02 2.000000000000000000e+01 1.149061807812248981e+00
1.540000000000000000e+02 2.100000000000000000e+01 1.087948356909316683e+00
1.540000000000000000e+02 2.200000000000000000e+01 1.148311646312816015e+00
1.540000000000000000e+02 2.300000000000000000e+01 1.259203582831946777e+00
1.540000000000000000e+02 2.400000000000000000e+01 1.309967436862675472e+00
1.540000000000000000e+02 2.500000000000000000e+01 1.268325554113963527e+00
1.540000000000000000e+02 2.600000000000000000e+01 1.225762066708873332e+00
1.540000000000000000e+02 2.700000000000000000e+01 1.236995387267354474e+00
1.540000000000000000e+02 2.800000000000000000e+01 1.189230075841618550e+00
1.540000000000000000e+02 2.900000000000000000e+01 1.185786706234262633e+00
1.540000000000000000e+02 3.000000000000000000e+01 1.126084027474702598e+00
1.540000000000000000e+02 3.100000000000000000e+01 1.039472504261966135e+00
1.540000000000000000e+02 3.200000000000000000e+01 1.015259688320865994e+00
1.540000000000000000e+02 3.300000000000000000e+01 1.000659244317938734e+00
1.540000000000000000e+02 3.400000000000000000e+01 9.570571208103170191e-01
1.550000000000000000e+02 1.300000000000000000e+01 1.003037340351268458e+00
1.550000000000000000e+02 1.400000000000000000e+01 1.072949424922286621e+00
1.550000000000000000e+02 1.500000000000000000e+01 1.112771309843846090e+00
1.550000000000000000e+02 1.600000000000000000e+01 1.136970755303886804e+00
1.550000000000000000e+02 1.700000000000000000e+01 1.204710247032248160e+00
1.550000000000000000e+02 1.800000000000000000e+01 1.244448624722469532e+00
1.550000000000000000e+02 1.900000000000000000e+01 1.240415889464120847e+00
1.550000000000000000e+02 2.000000000000000000e+01 1.186244248808187018e+00
1.550000000000000000e+02 2.100000000000000000e+01 1.149456416323912489e+00
1.550000000000000000e+02 2.200000000000000000e+01 1.222474759410765444e+00
1.550000000000000000e+02 2.300000000000000000e+01 1.314138866114925586e+00
1.550000000000000000e+02 2.400000000000000000e+01 1.333474037883456198e+00
1.550000000000000000e+02 2.500000000000000000e+01 1.280479872755584392e+00
1.550000000000000000e+02 2.600000000000000000e+01 1.250190007667924652e+00
1.550000000000000000e+02 2.700000000000000000e+01 1.263258517104599354e+00
1.550000000000000000e+02 2.800000000000000000e+01 1.184036933564981631e+00
1.550000000000000000e+02 2.900000000000000000e+01 1.173928161553816185e+00
1.550000000000000000e+02 3.000000000000000000e+01 1.129900978122657218e+00
1.550000000000000000e+02 3.100000000000000000e+01 1.042585156671396396e+00
1.550000000000000000e+02 3.200000000000000000e+01 1.009792016047841967e+00
1.550000000000000000e+02 3.300000000000000000e+01 9.846440005474521584e-01
1.550000000000000000e+02 3.400000000000000000e+01 9.557932899844346908e-01
1.560000000000000000e+02 1.300000000000000000e+01 nan
1.560000000000000000e+02 1.400000000000000000e+01 1.088691568414357214e+00
1.560000000000000000e+02 1.500000000000000000e+01 1.097548322249436437e+00
1.560000000000000000e+02 1.600000000000000000e+01 1.144896473933998848e+00
1.560000000000000000e+02 1.700000000000000000e+01 1.246204552705372004e+00
1.560000000000000000e+02 1.800000000000000000e+01 1.257894162921632253e+00
1.560000000000000000e+02 1.900000000000000000e+01 1.319727044940168792e+00
1.560000000000000000e+02 2.000000000000000000e+01 1.327840399968165386e+00
1.560000000000000000e+02 2.100000000000000000e+01 1.253917961648789436e+00
1.560000000000000000e+02 2.200000000000000000e+01 1.266309348144598612e+00
1.560000000000000000e+02 2.300000000000000000e+01 1.320895441755147726e+00
1.560000000000000000e+02 2.400000000000000000e+01 1.353851307860175712e+00
1.560000000000000000e+02 2.500000000000000000e+01 1.306649298034749496e+00
1.560000000000000000e+02 2.600000000000000000e+01 nan
1.560000000000000000e+02 2.700000000000000000e+01 nan
1.560000000000000000e+02 2.800000000000000000e+01 nan
1.560000000000000000e+02 2.900000000000000000e+01 nan
1.560000000000000000e+02 3.000000000000000000e+01 nan
1.560000000000000000e+02 3.100000000000000000e+01 nan
1.560000000000000000e+02 3.200000000000000000e+01 nan
1.560000000000000000e+02 3.300000000000000000e+01 nan
1.560000000000000000e+02 3.400000000000000000e+01 nan
