Longitude[deg], Latitude[deg], Dust optical depth
1.100000000000000000e+02 -2.000000000000000000e+01 nan
1.100000000000000000e+02 -1.900000000000000000e+01 nan
1.100000000000000000e+02 -1.800000000000000000e+01 nan
1.100000000000000000e+02 -1.700000000000000000e+01 nan
1.100000000000000000e+02 -1.600000000000000000e+01 nan
1.100000000000000000e+02 -1.500000000000000000e+01 nan
1.100000000000000000e+02 -1.400000000000000000e+01 nan
1.100000000000000000e+02 -1.300000000000000000e+01 nan
1.100000000000000000e+02 -1.200000000000000000e+01 nan
1.100000000000000000e+02 -1.100000000000000000e+01 nan
1.100000000000000000e+02 -1.000000000000000000e+01 nan
1.100000000000000000e+02 -9.000000000000000000e+00 3.804606397416541608e+00
1.100000000000000000e+02 -8.000000000000000000e+00 3.556523104050208328e+00
1.100000000000000000e+02 -7.000000000000000000e+00 3.306955977941710589e+00
1.100000000000000000e+02 -6.000000000000000000e+00 3.283458943704703259e+00
1.100000000000000000e+02 -5.000000000000000000e+00 3.283458943704703259e+00
1.100000000000000000e+02 -4.000000000000000000e+00 nan
1.110000000000000000e+02 -2.000000000000000000e+01 5.013753784603143693e+00
1.110000000000000000e+02 -1.900000000000000000e+01 4.940709117053969202e+00
1.110000000000000000e+02 -1.800000000000000000e+01 4.778855268174243776e+00
1.110000000000000000e+02 -1.700000000000000000e+01 4.558714184131500424e+00
1.110000000000000000e+02 -1.600000000000000000e+01 4.540779653478338673e+00
1.110000000000000000e+02 -1.500000000000000000e+01 4.704218566185358164e+00
1.110000000000000000e+02 -1.400000000000000000e+01 4.566368627638144773e+00
1.110000000000000000e+02 -1.300000000000000000e+01 4.539178876208792346e+00
1.110000000000000000e+02 -1.200000000000000000e+01 4.248916525542612455e+00
1.110000000000000000e+02 -1.100000000000000000e+01 4.137956044385870946e+00
1.110000000000000000e+02 -1.000000000000000000e+01 4.079275202018190605e+00
1.110000000000000000e+02 -9.000000000000000000e+00 3.951403211847153152e+00
1.110000000000000000e+02 -8.000000000000000000e+00 3.690124631307001302e+00
1.110000000000000000e+02 -7.000000000000000000e+00 3.414256543141486855e+00
1.110000000000000000e+02 -6.000000000000000000e+00 3.337577755778930122e+00
1.110000000000000000e+02 -5.000000000000000000e+00 3.354842244660581230e+00
1.110000000000000000e+02 -4.000000000000000000e+00 nan
1.120000000000000000e+02 -2.000000000000000000e+01 5.043669340076464280e+00
1.120000000000000000e+02 -1.900000000000000000e+01 4.956333112981323730e+00
1.120000000000000000e+02 -1.800000000000000000e+01 4.803672990237828344e+00
1.120000000000000000e+02 -1.700000000000000000e+01 4.687090525609085567e+00
1.120000000000000000e+02 -1.600000000000000000e+01 4.686216265419532512e+00
1.120000000000000000e+02 -1.500000000000000000e+01 4.734007850996222899e+00
1.120000000000000000e+02 -1.400000000000000000e+01 4.580480082743063619e+00
1.120000000000000000e+02 -1.300000000000000000e+01 4.523986663845156464e+00
1.120000000000000000e+02 -1.200000000000000000e+01 4.235926131004132067e+00
1.120000000000000000e+02 -1.100000000000000000e+01 4.132802981744039705e+00
1.120000000000000000e+02 -1.000000000000000000e+01 4.082776412857908710e+00
1.120000000000000000e+02 -9.000000000000000000e+00 3.968900019273224444e+00
1.120000000000000000e+02 -8.000000000000000000e+00 3.730430084434600779e+00
1.120000000000000000e+02 -7.000000000000000000e+00 3.574025203488466307e+00
1.120000000000000000e+02 -6.000000000000000000e+00 3.427907928539506877e+00
1.120000000000000000e+02 -5.000000000000000000e+00 3.539802748217958595e+00
1.120000000000000000e+02 -4.000000000000000000e+00 nan
1.130000000000000000e+02 -2.000000000000000000e+01 5.078981160484522306e+00
1.130000000000000000e+02 -1.900000000000000000e+01 4.973694910852210604e+00
1.130000000000000000e+02 -1.800000000000000000e+01 4.833512827283260371e+00
1.130000000000000000e+02 -1.700000000000000000e+01 4.722993207345049349e+00
1.130000000000000000e+02 -1.600000000000000000e+01 4.737269416891852103e+00
1.130000000000000000e+02 -1.500000000000000000e+01 4.745857565535994027e+00
1.130000000000000000e+02 -1.400000000000000000e+01 4.630509096227472199e+00
1.130000000000000000e+02 -1.300000000000000000e+01 4.489754586512634482e+00
1.130000000000000000e+02 -1.200000000000000000e+01 4.193673284796283873e+00
1.130000000000000000e+02 -1.100000000000000000e+01 4.119829520284677749e+00
1.130000000000000000e+02 -1.000000000000000000e+01 4.095058633269538895e+00
1.130000000000000000e+02 -9.000000000000000000e+00 3.971678522262755084e+00
1.130000000000000000e+02 -8.000000000000000000e+00 3.813208588170731606e+00
1.130000000000000000e+02 -7.000000000000000000e+00 3.615191379698885488e+00
1.130000000000000000e+02 -6.000000000000000000e+00 3.603459677060683930e+00
1.130000000000000000e+02 -5.000000000000000000e+00 3.605860193564850213e+00
1.130000000000000000e+02 -4.000000000000000000e+00 nan
