Longitude[deg], Latitude[deg], Dust optical depth
-2.500000000000000000e+01 -2.800000000000000000e+01 nan
-2.500000000000000000e+01 -2.700000000000000000e+01 nan
-2.500000000000000000e+01 -2.600000000000000000e+01 nan
-2.500000000000000000e+01 -2.500000000000000000e+01 nan
-2.500000000000000000e+01 -2.400000000000000000e+01 nan
-2.500000000000000000e+01 -2.300000000000000000e+01 nan
-2.500000000000000000e+01 -2.200000000000000000e+01 nan
-2.500000000000000000e+01 -2.100000000000000000e+01 nan
-2.500000000000000000e+01 -2.000000000000000000e+01 nan
-2.500000000000000000e+01 -1.900000000000000000e+01 nan
-2.500000000000000000e+01 -1.800000000000000000e+01 nan
-2.500000000000000000e+01 -1.700000000000000000e+01 nan
-2.500000000000000000e+01 -1.600000000000000000e+01 4.915747995276776194e+00
-2.500000000000000000e+01 -1.500000000000000000e+01 4.892718736579808159e+00
-2.500000000000000000e+01 -1.400000000000000000e+01 4.844925424651856716e+00
-2.500000000000000000e+01 -1.300000000000000000e+01 4.776579409962576683e+00
-2.500000000000000000e+01 -1.200000000000000000e+01 nan
-2.400000000000000000e+01 -2.800000000000000000e+01 5.744792362165227928e+00
-2.400000000000000000e+01 -2.700000000000000000e+01 5.878497835386570003e+00
-2.400000000000000000e+01 -2.600000000000000000e+01 6.108803822150964180e+00
-2.400000000000000000e+01 -2.500000000000000000e+01 6.137319505418465937e+00
-2.400000000000000000e+01 -2.400000000000000000e+01 6.019782843646100723e+00
-2.400000000000000000e+01 -2.300000000000000000e+01 5.833107087680200920e+00
-2.400000000000000000e+01 -2.200000000000000000e+01 5.640688739975437294e+00
-2.400000000000000000e+01 -2.100000000000000000e+01 5.576256079989093450e+00
-2.400000000000000000e+01 -2.000000000000000000e+01 5.496315944793337849e+00
-2.400000000000000000e+01 -1.900000000000000000e+01 5.372582715832123768e+00
-2.400000000000000000e+01 -1.800000000000000000e+01 5.303850634843337630e+00
-2.400000000000000000e+01 -1.700000000000000000e+01 5.052319539149735306e+00
-2.400000000000000000e+01 -1.600000000000000000e+01 4.919538977275441205e+00
-2.400000000000000000e+01 -1.500000000000000000e+01 4.875573243286806857e+00
-2.400000000000000000e+01 -1.400000000000000000e+01 4.844793455155543604e+00
-2.400000000000000000e+01 -1.300000000000000000e+01 4.716471650427314977e+00
-2.400000000000000000e+01 -1.200000000000000000e+01 nan
-2.300000000000000000e+01 -2.800000000000000000e+01 5.770148241841797976e+00
-2.300000000000000000e+01 -2.700000000000000000e+01 5.896818556857954086e+00
-2.300000000000000000e+01 -2.600000000000000000e+01 6.116415210497160970e+00
-2.300000000000000000e+01 -2.500000000000000000e+01 6.143004420008474575e+00
-2.300000000000000000e+01 -2.400000000000000000e+01 6.018572052390588567e+00
-2.300000000000000000e+01 -2.300000000000000000e+01 5.915460519155120167e+00
-2.300000000000000000e+01 -2.200000000000000000e+01 5.678406770048427532e+00
-2.300000000000000000e+01 -2.100000000000000000e+01 5.598060897765705590e+00
-2.300000000000000000e+01 -2.000000000000000000e+01 5.447248802691065706e+00
-2.300000000000000000e+01 -1.900000000000000000e+01 5.378647317469029687e+00
-2.300000000000000000e+01 -1.800000000000000000e+01 5.273400857761976646e+00
-2.300000000000000000e+01 -1.700000000000000000e+01 5.061745640982723060e+00
-2.300000000000000000e+01 -1.600000000000000000e+01 4.941165566834300193e+00
-2.300000000000000000e+01 -1.500000000000000000e+01 4.884904039157142996e+00
-2.300000000000000000e+01 -1.400000000000000000e+01 4.832282670296493166e+00
-2.300000000000000000e+01 -1.300000000000000000e+01 4.703607552903164013e+00
-2.300000000000000000e+01 -1.200000000000000000e+01 nan
-2.200000000000000000e+01 -2.800000000000000000e+01 5.803301924120784605e+00
-2.200000000000000000e+01 -2.700000000000000000e+01 5.899771704222221302e+00
-2.200000000000000000e+01 -2.600000000000000000e+01 6.122124741523158775e+00
-2.200000000000000000e+01 -2.500000000000000000e+01 6.144869913106526305e+00
-2.200000000000000000e+01 -2.400000000000000000e+01 6.016144244127102247e+00
-2.200000000000000000e+01 -2.300000000000000000e+01 5.957284217114648506e+00
-2.200000000000000000e+01 -2.200000000000000000e+01 5.749381348717595763e+00
-2.200000000000000000e+01 -2.100000000000000000e+01 5.635113155061871382e+00
-2.200000000000000000e+01 -2.000000000000000000e+01 5.436726317869014835e+00
-2.200000000000000000e+01 -1.900000000000000000e+01 5.388480475824070304e+00
-2.200000000000000000e+01 -1.800000000000000000e+01 5.199030770601303253e+00
-2.200000000000000000e+01 -1.700000000000000000e+01 5.091139765149790719e+00
-2.200000000000000000e+01 -1.600000000000000000e+01 4.971289643697341276e+00
-2.200000000000000000e+01 -1.500000000000000000e+01 4.939751143873756689e+00
-2.200000000000000000e+01 -1.400000000000000000e+01 4.822205332269557054e+00
-2.200000000000000000e+01 -1.300000000000000000e+01 4.716295298800706526e+00
-2.200000000000000000e+01 -1.200000000000000000e+01 nan
