Longitude[deg], Latitude[deg], Dust optical depth
9.000000000000000000e+00 -5.200000000000000000e+01 5.030651982524268817e+00
9.000000000000000000e+00 -5.100000000000000000e+01 4.984961783183989859e+00
9.000000000000000000e+00 -5.000000000000000000e+01 4.904568817826057803e+00
9.000000000000000000e+00 -4.900000000000000000e+01 4.576875216285728243e+00
9.000000000000000000e+00 -4.800000000000000000e+01 nan
9.000000000000000000e+00 -4.700000000000000000e+01 nan
9.000000000000000000e+00 -4.600000000000000000e+01 nan
9.000000000000000000e+00 -4.500000000000000000e+01 nan
9.000000000000000000e+00 -4.400000000000000000e+01 nan
9.000000000000000000e+00 -4.300000000000000000e+01 nan
9.000000000000000000e+00 -4.200000000000000000e+01 nan
9.000000000000000000e+00 -4.100000000000000000e+01 nan
9.000000000000000000e+00 -4.000000000000000000e+01 nan
9.000000000000000000e+00 -3.900000000000000000e+01 nan
9.000000000000000000e+00 -3.800000000000000000e+01 nan
9.000000000000000000e+00 -3.700000000000000000e+01 nan
9.000000000000000000e+00 -3.600000000000000000e+01 nan
9.000000000000000000e+00 -3.500000000000000000e+01 nan
9.000000000000000000e+00 -3.400000000000000000e+01 nan
9.000000000000000000e+00 -3.300000000000000000e+01 nan
9.000000000000000000e+00 -3.200000000000000000e+01 nan
9.000000000000000000e+00 -3.100000000000000000e+01 nan
9.000000000000000000e+00 -3.000000000000000000e+01 nan
9.000000000000000000e+00 -2.900000000000000000e+01 nan
9.000000000000000000e+00 -2.800000000000000000e+01 nan
9.000000000000000000e+00 -2.700000000000000000e+01 nan
9.000000000000000000e+00 -2.600000000000000000e+01 nan
9.000000000000000000e+00 -2.500000000000000000e+01 nan
1.000000000000000000e+01 -5.200000000000000000e+01 5.022282036452103249e+00
1.000000000000000000e+01 -5.100000000000000000e+01 4.945327146383516670e+00
1.000000000000000000e+01 -5.000000000000000000e+01 4.769255600404516571e+00
1.000000000000000000e+01 -4.900000000000000000e+01 4.584067639116495840e+00
1.000000000000000000e+01 -4.800000000000000000e+01 4.607101414506359127e+00
1.000000000000000000e+01 -4.700000000000000000e+01 4.618597440057038206e+00
1.000000000000000000e+01 -4.600000000000000000e+01 4.672636522958998562e+00
1.000000000000000000e+01 -4.500000000000000000e+01 4.773066184867140294e+00
1.000000000000000000e+01 -4.400000000000000000e+01 4.797896342924739876e+00
1.000000000000000000e+01 -4.300000000000000000e+01 4.983460330703627150e+00
1.000000000000000000e+01 -4.200000000000000000e+01 5.013858657970382104e+00
1.000000000000000000e+01 -4.100000000000000000e+01 5.125312401524158012e+00
1.000000000000000000e+01 -4.000000000000000000e+01 5.226984133787729192e+00
1.000000000000000000e+01 -3.900000000000000000e+01 5.439702271227398356e+00
1.000000000000000000e+01 -3.800000000000000000e+01 5.590250020004212672e+00
1.000000000000000000e+01 -3.700000000000000000e+01 5.738602978224746742e+00
1.000000000000000000e+01 -3.600000000000000000e+01 5.828416683306098633e+00
1.000000000000000000e+01 -3.500000000000000000e+01 5.830318638495246120e+00
1.000000000000000000e+01 -3.400000000000000000e+01 5.945929605446367283e+00
1.000000000000000000e+01 -3.300000000000000000e+01 5.884639983882327563e+00
1.000000000000000000e+01 -3.200000000000000000e+01 5.686085686520939042e+00
1.000000000000000000e+01 -3.100000000000000000e+01 5.391314232099031045e+00
1.000000000000000000e+01 -3.000000000000000000e+01 5.319704173755672727e+00
1.000000000000000000e+01 -2.900000000000000000e+01 5.551306624641460630e+00
1.000000000000000000e+01 -2.800000000000000000e+01 5.526806060179778157e+00
1.000000000000000000e+01 -2.700000000000000000e+01 5.444452980381882412e+00
1.000000000000000000e+01 -2.600000000000000000e+01 5.173348635329821477e+00
1.000000000000000000e+01 -2.500000000000000000e+01 nan
1.100000000000000000e+01 -5.200000000000000000e+01 5.002524502098663284e+00
1.100000000000000000e+01 -5.100000000000000000e+01 4.927478336926976787e+00
1.100000000000000000e+01 -5.000000000000000000e+01 4.748756591888674272e+00
1.100000000000000000e+01 -4.900000000000000000e+01 4.585508670302451684e+00
1.100000000000000000e+01 -4.800000000000000000e+01 4.607242621232094493e+00
1.100000000000000000e+01 -4.700000000000000000e+01 4.618597440057038206e+00
1.100000000000000000e+01 -4.600000000000000000e+01 4.672636522958998562e+00
1.100000000000000000e+01 -4.500000000000000000e+01 4.773066184867140294e+00
1.100000000000000000e+01 -4.400000000000000000e+01 4.797896342924739876e+00
1.100000000000000000e+01 -4.300000000000000000e+01 4.983460330703627150e+00
1.100000000000000000e+01 -4.200000000000000000e+01 5.013858657970382104e+00
1.100000000000000000e+01 -4.100000000000000000e+01 5.125312401524158012e+00
1.100000000000000000e+01 -4.000000000000000000e+01 5.226984133787729192e+00
1.100000000000000000e+01 -3.900000000000000000e+01 5.439702271227398356e+00
1.100000000000000000e+01 -3.800000000000000000e+01 5.590250020004212672e+00
1.100000000000000000e+01 -3.700000000000000000e+01 5.738602978224746742e+00
1.100000000000000000e+01 -3.600000000000000000e+01 5.828416683306098633e+00
1.100000000000000000e+01 -3.500000000000000000e+01 5.830318638495246120e+00
1.100000000000000000e+01 -3.400000000000000000e+01 5.945929605446367283e+00
1.100000000000000000e+01 -3.300000000000000000e+01 5.884639983882327563e+00
1.100000000000000000e+01 -3.200000000000000000e+01 5.683107538861415620e+00
1.100000000000000000e+01 -3.100000000000000000e+01 5.379883644456013414e+00
1.100000000000000000e+01 -3.000000000000000000e+01 5.318794474300704955e+00
1.100000000000000000e+01 -2.900000000000000000e+01 5.550354376008008295e+00
1.100000000000000000e+01 -2.800000000000000000e+01 5.525745540829887226e+00
1.100000000000000000e+01 -2.700000000000000000e+01 5.443626753506936922e+00
1.100000000000000000e+01 -2.600000000000000000e+01 5.173348635329821477e+00
1.100000000000000000e+01 -2.500000000000000000e+01 nan
1.200000000000000000e+01 -5.200000000000000000e+01 nan
1.200000000000000000e+01 -5.100000000000000000e+01 nan
1.200000000000000000e+01 -5.000000000000000000e+01 nan
1.200000000000000000e+01 -4.900000000000000000e+01 nan
1.200000000000000000e+01 -4.800000000000000000e+01 nan
1.200000000000000000e+01 -4.700000000000000000e+01 nan
1.200000000000000000e+01 -4.600000000000000000e+01 nan
1.200000000000000000e+01 -4.500000000000000000e+01 nan
1.200000000000000000e+01 -4.400000000000000000e+01 nan
1.200000000000000000e+01 -4.300000000000000000e+01 nan
1.200000000000000000e+01 -4.200000000000000000e+01 nan
1.200000000000000000e+01 -4.100000000000000000e+01 nan
1.200000000000000000e+01 -4.000000000000000000e+01 nan
1.200000000000000000e+01 -3.900000000000000000e+01 nan
1.200000000000000000e+01 -3.800000000000000000e+01 nan
1.200000000000000000e+01 -3.700000000000000000e+01 nan
1.200000000000000000e+01 -3.600000000000000000e+01 nan
1.200000000000000000e+01 -3.500000000000000000e+01 nan
1.200000000000000000e+01 -3.400000000000000000e+01 nan
1.200000000000000000e+01 -3.300000000000000000e+01 nan
1.200000000000000000e+01 -3.200000000000000000e+01 nan
1.200000000000000000e+01 -3.100000000000000000e+01 5.226538163905016354e+00
1.200000000000000000e+01 -3.000000000000000000e+01 5.301189282221155707e+00
1.200000000000000000e+01 -2.900000000000000000e+01 5.488735581957812748e+00
1.200000000000000000e+01 -2.800000000000000000e+01 5.486988430035607323e+00
1.200000000000000000e+01 -2.700000000000000000e+01 5.428180216473237785e+00
1.200000000000000000e+01 -2.600000000000000000e+01 nan
1.200000000000000000e+01 -2.500000000000000000e+01 nan
