Longitude[deg], Latitude[deg], Dust optical depth
3.900000000000000000e+01 -3.000000000000000000e+01 8.878094060915293184e+00
3.900000000000000000e+01 -2.900000000000000000e+01 8.882484513587876052e+00
3.900000000000000000e+01 -2.800000000000000000e+01 8.951640424768704918e+00
3.900000000000000000e+01 -2.700000000000000000e+01 9.026759717129571925e+00
3.900000000000000000e+01 -2.600000000000000000e+01 8.971919290038821160e+00
3.900000000000000000e+01 -2.500000000000000000e+01 9.062953595084143998e+00
3.900000000000000000e+01 -2.400000000000000000e+01 8.869648647818726417e+00
3.900000000000000000e+01 -2.300000000000000000e+01 8.798255741116735251e+00
3.900000000000000000e+01 -2.200000000000000000e+01 8.450297826929832112e+00
3.900000000000000000e+01 -2.100000000000000000e+01 8.243542422371573863e+00
3.900000000000000000e+01 -2.000000000000000000e+01 8.325869267495423998e+00
3.900000000000000000e+01 -1.900000000000000000e+01 8.347635375843674765e+00
3.900000000000000000e+01 -1.800000000000000000e+01 8.320135961778948541e+00
3.900000000000000000e+01 -1.700000000000000000e+01 8.297632419705566420e+00
3.900000000000000000e+01 -1.600000000000000000e+01 8.290959729709749482e+00
3.900000000000000000e+01 -1.500000000000000000e+01 nan
3.900000000000000000e+01 -1.400000000000000000e+01 nan
4.000000000000000000e+01 -3.000000000000000000e+01 8.822039913223852281e+00
4.000000000000000000e+01 -2.900000000000000000e+01 8.897226761887884194e+00
4.000000000000000000e+01 -2.800000000000000000e+01 8.894851203890384639e+00
4.000000000000000000e+01 -2.700000000000000000e+01 8.955783441355720242e+00
4.000000000000000000e+01 -2.600000000000000000e+01 8.951265503316079730e+00
4.000000000000000000e+01 -2.500000000000000000e+01 8.857747313555421442e+00
4.000000000000000000e+01 -2.400000000000000000e+01 8.758496735335789651e+00
4.000000000000000000e+01 -2.300000000000000000e+01 8.629929014901534856e+00
4.000000000000000000e+01 -2.200000000000000000e+01 8.380948990047590641e+00
4.000000000000000000e+01 -2.100000000000000000e+01 8.157443991782981740e+00
4.000000000000000000e+01 -2.000000000000000000e+01 8.192463691869626530e+00
4.000000000000000000e+01 -1.900000000000000000e+01 8.278553353601072473e+00
4.000000000000000000e+01 -1.800000000000000000e+01 8.278408393270437315e+00
4.000000000000000000e+01 -1.700000000000000000e+01 8.251509300155079885e+00
4.000000000000000000e+01 -1.600000000000000000e+01 8.258091007726370947e+00
4.000000000000000000e+01 -1.500000000000000000e+01 8.251929021076303883e+00
4.000000000000000000e+01 -1.400000000000000000e+01 nan
4.100000000000000000e+01 -3.000000000000000000e+01 8.813321991813701572e+00
4.100000000000000000e+01 -2.900000000000000000e+01 8.882548347230912356e+00
4.100000000000000000e+01 -2.800000000000000000e+01 8.879882974890094260e+00
4.100000000000000000e+01 -2.700000000000000000e+01 8.940267160657379364e+00
4.100000000000000000e+01 -2.600000000000000000e+01 8.926087073983909548e+00
4.100000000000000000e+01 -2.500000000000000000e+01 8.822174957160600073e+00
4.100000000000000000e+01 -2.400000000000000000e+01 8.708307510794961459e+00
4.100000000000000000e+01 -2.300000000000000000e+01 8.498750932778442291e+00
4.100000000000000000e+01 -2.200000000000000000e+01 8.353728856690818105e+00
4.100000000000000000e+01 -2.100000000000000000e+01 8.111126721482358803e+00
4.100000000000000000e+01 -2.000000000000000000e+01 8.136699034346280612e+00
4.100000000000000000e+01 -1.900000000000000000e+01 8.229416305956775091e+00
4.100000000000000000e+01 -1.800000000000000000e+01 8.238223143073904353e+00
4.100000000000000000e+01 -1.700000000000000000e+01 8.182140232934347779e+00
4.100000000000000000e+01 -1.600000000000000000e+01 8.220718668304725085e+00
4.100000000000000000e+01 -1.500000000000000000e+01 8.247001727316989772e+00
4.100000000000000000e+01 -1.400000000000000000e+01 nan
4.200000000000000000e+01 -3.000000000000000000e+01 8.809646005825143789e+00
4.200000000000000000e+01 -2.900000000000000000e+01 8.795009591153950979e+00
4.200000000000000000e+01 -2.800000000000000000e+01 8.816307628490317683e+00
4.200000000000000000e+01 -2.700000000000000000e+01 8.930598095540574377e+00
4.200000000000000000e+01 -2.600000000000000000e+01 8.880123987531465701e+00
4.200000000000000000e+01 -2.500000000000000000e+01 8.762088812591290576e+00
4.200000000000000000e+01 -2.400000000000000000e+01 8.523096648808838438e+00
4.200000000000000000e+01 -2.300000000000000000e+01 8.453687820170797451e+00
4.200000000000000000e+01 -2.200000000000000000e+01 8.241394961023848609e+00
4.200000000000000000e+01 -2.100000000000000000e+01 8.073173670441759597e+00
4.200000000000000000e+01 -2.000000000000000000e+01 8.094220031186555531e+00
4.200000000000000000e+01 -1.900000000000000000e+01 8.201841510827229342e+00
4.200000000000000000e+01 -1.800000000000000000e+01 8.161601273682441260e+00
4.200000000000000000e+01 -1.700000000000000000e+01 8.034829871248607702e+00
4.200000000000000000e+01 -1.600000000000000000e+01 8.045414925682708329e+00
4.200000000000000000e+01 -1.500000000000000000e+01 nan
4.200000000000000000e+01 -1.400000000000000000e+01 nan
