Longitude[deg], Latitude[deg], Dust optical depth
5.200000000000000000e+01 3.600000000000000000e+01 nan
5.200000000000000000e+01 3.700000000000000000e+01 nan
5.200000000000000000e+01 3.800000000000000000e+01 nan
5.200000000000000000e+01 3.900000000000000000e+01 nan
5.200000000000000000e+01 4.000000000000000000e+01 nan
5.200000000000000000e+01 4.100000000000000000e+01 nan
5.200000000000000000e+01 4.200000000000000000e+01 nan
5.200000000000000000e+01 4.300000000000000000e+01 nan
5.200000000000000000e+01 4.400000000000000000e+01 nan
5.200000000000000000e+01 4.500000000000000000e+01 nan
5.200000000000000000e+01 4.600000000000000000e+01 nan
5.200000000000000000e+01 4.700000000000000000e+01 nan
5.200000000000000000e+01 4.800000000000000000e+01 nan
5.200000000000000000e+01 4.900000000000000000e+01 nan
5.200000000000000000e+01 5.000000000000000000e+01 nan
5.200000000000000000e+01 5.100000000000000000e+01 nan
5.200000000000000000e+01 5.200000000000000000e+01 nan
5.300000000000000000e+01 3.600000000000000000e+01 nan
5.300000000000000000e+01 3.700000000000000000e+01 nan
5.300000000000000000e+01 3.800000000000000000e+01 nan
5.300000000000000000e+01 3.900000000000000000e+01 nan
5.300000000000000000e+01 4.000000000000000000e+01 nan
5.300000000000000000e+01 4.100000000000000000e+01 nan
5.300000000000000000e+01 4.200000000000000000e+01 nan
5.300000000000000000e+01 4.300000000000000000e+01 nan
5.300000000000000000e+01 4.400000000000000000e+01 nan
5.300000000000000000e+01 4.500000000000000000e+01 nan
5.300000000000000000e+01 4.600000000000000000e+01 nan
5.300000000000000000e+01 4.700000000000000000e+01 nan
5.300000000000000000e+01 4.800000000000000000e+01 nan
5.300000000000000000e+01 4.900000000000000000e+01 nan
5.300000000000000000e+01 5.000000000000000000e+01 nan
5.300000000000000000e+01 5.100000000000000000e+01 nan
5.300000000000000000e+01 5.200000000000000000e+01 nan
5.400000000000000000e+01 3.600000000000000000e+01 nan
5.400000000000000000e+01 3.700000000000000000e+01 nan
5.400000000000000000e+01 3.800000000000000000e+01 nan
5.400000000000000000e+01 3.900000000000000000e+01 nan
5.400000000000000000e+01 4.000000000000000000e+01 4.829952654288065528e-01
5.400000000000000000e+01 4.100000000000000000e+01 5.471528685301345618e-01
5.400000000000000000e+01 4.200000000000000000e+01 6.245269233875759829e-01
5.400000000000000000e+01 4.300000000000000000e+01 6.863399707440617226e-01
5.400000000000000000e+01 4.400000000000000000e+01 7.117421961145611320e-01
5.400000000000000000e+01 4.500000000000000000e+01 6.677529358325235975e-01
5.400000000000000000e+01 4.600000000000000000e+01 6.585233845361568861e-01
5.400000000000000000e+01 4.700000000000000000e+01 6.529079583111453422e-01
5.400000000000000000e+01 4.800000000000000000e+01 5.935412718797964393e-01
5.400000000000000000e+01 4.900000000000000000e+01 nan
5.400000000000000000e+01 5.000000000000000000e+01 nan
5.400000000000000000e+01 5.100000000000000000e+01 nan
5.400000000000000000e+01 5.200000000000000000e+01 nan
5.500000000000000000e+01 3.600000000000000000e+01 nan
5.500000000000000000e+01 3.700000000000000000e+01 5.643038184900912579e-01
5.500000000000000000e+01 3.800000000000000000e+01 5.324910668649597278e-01
5.500000000000000000e+01 3.900000000000000000e+01 5.268943663825598200e-01
5.500000000000000000e+01 4.000000000000000000e+01 5.364559470329227642e-01
5.500000000000000000e+01 4.100000000000000000e+01 5.623504346197375492e-01
5.500000000000000000e+01 4.200000000000000000e+01 6.287054124388591347e-01
5.500000000000000000e+01 4.300000000000000000e+01 7.004530565415517662e-01
5.500000000000000000e+01 4.400000000000000000e+01 7.250589804432275853e-01
5.500000000000000000e+01 4.500000000000000000e+01 6.511971982597725139e-01
5.500000000000000000e+01 4.600000000000000000e+01 6.354246296391429238e-01
5.500000000000000000e+01 4.700000000000000000e+01 6.526086575188487782e-01
5.500000000000000000e+01 4.800000000000000000e+01 nan
5.500000000000000000e+01 4.900000000000000000e+01 nan
5.500000000000000000e+01 5.000000000000000000e+01 nan
5.500000000000000000e+01 5.100000000000000000e+01 nan
5.500000000000000000e+01 5.200000000000000000e+01 nan
5.600000000000000000e+01 3.600000000000000000e+01 4.875757617630654961e-01
5.600000000000000000e+01 3.700000000000000000e+01 5.387579350075059059e-01
5.600000000000000000e+01 3.800000000000000000e+01 5.425427320609577109e-01
5.600000000000000000e+01 3.900000000000000000e+01 5.775409368607724581e-01
5.600000000000000000e+01 4.000000000000000000e+01 5.868556345231432658e-01
5.600000000000000000e+01 4.100000000000000000e+01 6.103359026261075959e-01
5.600000000000000000e+01 4.200000000000000000e+01 6.973546922657896108e-01
5.600000000000000000e+01 4.300000000000000000e+01 7.385015168080230064e-01
5.600000000000000000e+01 4.400000000000000000e+01 7.103870425839873270e-01
5.600000000000000000e+01 4.500000000000000000e+01 6.136466766401681427e-01
5.600000000000000000e+01 4.600000000000000000e+01 5.931253009449936053e-01
5.600000000000000000e+01 4.700000000000000000e+01 6.140381818206495090e-01
5.600000000000000000e+01 4.800000000000000000e+01 nan
5.600000000000000000e+01 4.900000000000000000e+01 nan
5.600000000000000000e+01 5.000000000000000000e+01 nan
5.600000000000000000e+01 5.100000000000000000e+01 nan
5.600000000000000000e+01 5.200000000000000000e+01 nan
5.700000000000000000e+01 3.600000000000000000e+01 5.303877734517677967e-01
5.700000000000000000e+01 3.700000000000000000e+01 5.823283875903256801e-01
5.700000000000000000e+01 3.800000000000000000e+01 6.238474434006722191e-01
5.700000000000000000e+01 3.900000000000000000e+01 6.744533572814721545e-01
5.700000000000000000e+01 4.000000000000000000e+01 6.595474377617465134e-01
5.700000000000000000e+01 4.100000000000000000e+01 7.066791322623293681e-01
5.700000000000000000e+01 4.200000000000000000e+01 7.838005678054802416e-01
5.700000000000000000e+01 4.300000000000000000e+01 7.400782897561054563e-01
5.700000000000000000e+01 4.400000000000000000e+01 6.269851941619620783e-01
5.700000000000000000e+01 4.500000000000000000e+01 5.489267397008980032e-01
5.700000000000000000e+01 4.600000000000000000e+01 5.637155184564338617e-01
5.700000000000000000e+01 4.700000000000000000e+01 5.807144268860066072e-01
5.700000000000000000e+01 4.800000000000000000e+01 nan
5.700000000000000000e+01 4.900000000000000000e+01 nan
5.700000000000000000e+01 5.000000000000000000e+01 nan
5.700000000000000000e+01 5.100000000000000000e+01 nan
5.700000000000000000e+01 5.200000000000000000e+01 nan
5.800000000000000000e+01 3.600000000000000000e+01 6.525086418823737855e-01
5.800000000000000000e+01 3.700000000000000000e+01 6.556388073262456873e-01
5.800000000000000000e+01 3.800000000000000000e+01 6.695321847892823364e-01
5.800000000000000000e+01 3.900000000000000000e+01 6.733798026113092527e-01
5.800000000000000000e+01 4.000000000000000000e+01 6.729051489871651359e-01
5.800000000000000000e+01 4.100000000000000000e+01 7.631343325738114691e-01
5.800000000000000000e+01 4.200000000000000000e+01 7.947313050836802839e-01
5.800000000000000000e+01 4.300000000000000000e+01 7.260601965901306576e-01
5.800000000000000000e+01 4.400000000000000000e+01 5.971374617310659660e-01
5.800000000000000000e+01 4.500000000000000000e+01 5.381941311027961250e-01
5.800000000000000000e+01 4.600000000000000000e+01 5.635135591651433407e-01
5.800000000000000000e+01 4.700000000000000000e+01 nan
5.800000000000000000e+01 4.800000000000000000e+01 nan
5.800000000000000000e+01 4.900000000000000000e+01 nan
5.800000000000000000e+01 5.000000000000000000e+01 nan
5.800000000000000000e+01 5.100000000000000000e+01 nan
5.800000000000000000e+01 5.200000000000000000e+01 nan
5.900000000000000000e+01 3.600000000000000000e+01 nan
5.900000000000000000e+01 3.700000000000000000e+01 6.817576000830544158e-01
5.900000000000000000e+01 3.800000000000000000e+01 6.673956485881420431e-01
5.900000000000000000e+01 3.900000000000000000e+01 6.316074342735559233e-01
5.900000000000000000e+01 4.000000000000000000e+01 6.475705460777737565e-01
5.900000000000000000e+01 4.100000000000000000e+01 7.426500836303079334e-01
5.900000000000000000e+01 4.200000000000000000e+01 7.797198369161607578e-01
5.900000000000000000e+01 4.300000000000000000e+01 7.338912764929512722e-01
5.900000000000000000e+01 4.400000000000000000e+01 6.044441027022342539e-01
5.900000000000000000e+01 4.500000000000000000e+01 5.525075686146461162e-01
5.900000000000000000e+01 4.600000000000000000e+01 5.674465378694569795e-01
5.900000000000000000e+01 4.700000000000000000e+01 nan
5.900000000000000000e+01 4.800000000000000000e+01 nan
5.900000000000000000e+01 4.900000000000000000e+01 nan
5.900000000000000000e+01 5.000000000000000000e+01 nan
5.900000000000000000e+01 5.100000000000000000e+01 nan
5.900000000000000000e+01 5.200000000000000000e+01 nan
6.000000000000000000e+01 3.600000000000000000e+01 nan
6.000000000000000000e+01 3.700000000000000000e+01 nan
6.000000000000000000e+01 3.800000000000000000e+01 nan
6.000000000000000000e+01 3.900000000000000000e+01 nan
6.000000000000000000e+01 4.000000000000000000e+01 nan
6.000000000000000000e+01 4.100000000000000000e+01 nan
6.000000000000000000e+01 4.200000000000000000e+01 nan
6.000000000000000000e+01 4.300000000000000000e+01 nan
6.000000000000000000e+01 4.400000000000000000e+01 nan
6.000000000000000000e+01 4.500000000000000000e+01 nan
6.000000000000000000e+01 4.600000000000000000e+01 nan
6.000000000000000000e+01 4.700000000000000000e+01 nan
6.000000000000000000e+01 4.800000000000000000e+01 nan
6.000000000000000000e+01 4.900000000000000000e+01 nan
6.000000000000000000e+01 5.000000000000000000e+01 nan
6.000000000000000000e+01 5.100000000000000000e+01 nan
6.000000000000000000e+01 5.200000000000000000e+01 nan
