Longitude[deg], Latitude[deg], Dust optical depth
5.500000000000000000e+01 1.700000000000000000e+01 nan
5.500000000000000000e+01 1.800000000000000000e+01 nan
5.500000000000000000e+01 1.900000000000000000e+01 nan
5.500000000000000000e+01 2.000000000000000000e+01 nan
5.500000000000000000e+01 2.100000000000000000e+01 nan
5.500000000000000000e+01 2.200000000000000000e+01 nan
5.500000000000000000e+01 2.300000000000000000e+01 nan
5.500000000000000000e+01 2.400000000000000000e+01 nan
5.500000000000000000e+01 2.500000000000000000e+01 nan
5.500000000000000000e+01 2.600000000000000000e+01 nan
5.500000000000000000e+01 2.700000000000000000e+01 nan
5.500000000000000000e+01 2.800000000000000000e+01 nan
5.500000000000000000e+01 2.900000000000000000e+01 nan
5.500000000000000000e+01 3.000000000000000000e+01 nan
5.500000000000000000e+01 3.100000000000000000e+01 nan
5.500000000000000000e+01 3.200000000000000000e+01 8.147724400879603479e-01
5.500000000000000000e+01 3.300000000000000000e+01 7.065109650939808139e-01
5.500000000000000000e+01 3.400000000000000000e+01 6.422557090676733749e-01
5.500000000000000000e+01 3.500000000000000000e+01 5.878429481119965549e-01
5.500000000000000000e+01 3.600000000000000000e+01 5.836482612383246948e-01
5.500000000000000000e+01 3.700000000000000000e+01 5.988455412258132382e-01
5.600000000000000000e+01 1.700000000000000000e+01 nan
5.600000000000000000e+01 1.800000000000000000e+01 nan
5.600000000000000000e+01 1.900000000000000000e+01 nan
5.600000000000000000e+01 2.000000000000000000e+01 nan
5.600000000000000000e+01 2.100000000000000000e+01 1.035286196490042165e+00
5.600000000000000000e+01 2.200000000000000000e+01 1.033864003859800373e+00
5.600000000000000000e+01 2.300000000000000000e+01 1.035550316768744983e+00
5.600000000000000000e+01 2.400000000000000000e+01 1.095067433957941594e+00
5.600000000000000000e+01 2.500000000000000000e+01 1.023268145617968194e+00
5.600000000000000000e+01 2.600000000000000000e+01 9.128568316789550385e-01
5.600000000000000000e+01 2.700000000000000000e+01 1.001557749949808063e+00
5.600000000000000000e+01 2.800000000000000000e+01 9.907638830571482425e-01
5.600000000000000000e+01 2.900000000000000000e+01 8.634276919424944685e-01
5.600000000000000000e+01 3.000000000000000000e+01 8.101308440130456923e-01
5.600000000000000000e+01 3.100000000000000000e+01 7.799145387698960263e-01
5.600000000000000000e+01 3.200000000000000000e+01 7.178315593812844009e-01
5.600000000000000000e+01 3.300000000000000000e+01 6.671122291387245884e-01
5.600000000000000000e+01 3.400000000000000000e+01 6.322403771453020127e-01
5.600000000000000000e+01 3.500000000000000000e+01 5.905501994568554958e-01
5.600000000000000000e+01 3.600000000000000000e+01 5.356389424824479217e-01
5.600000000000000000e+01 3.700000000000000000e+01 5.315978519147092074e-01
5.700000000000000000e+01 1.700000000000000000e+01 1.048983575404185853e+00
5.700000000000000000e+01 1.800000000000000000e+01 1.089678089805533379e+00
5.700000000000000000e+01 1.900000000000000000e+01 1.064299069915725315e+00
5.700000000000000000e+01 2.000000000000000000e+01 1.041582125489311395e+00
5.700000000000000000e+01 2.100000000000000000e+01 1.036526657402565998e+00
5.700000000000000000e+01 2.200000000000000000e+01 1.028984170852917268e+00
5.700000000000000000e+01 2.300000000000000000e+01 1.042907780485285762e+00
5.700000000000000000e+01 2.400000000000000000e+01 1.080954050938645938e+00
5.700000000000000000e+01 2.500000000000000000e+01 1.035032009306148915e+00
5.700000000000000000e+01 2.600000000000000000e+01 9.346600736872346937e-01
5.700000000000000000e+01 2.700000000000000000e+01 1.002644983606446605e+00
5.700000000000000000e+01 2.800000000000000000e+01 9.484060744751163785e-01
5.700000000000000000e+01 2.900000000000000000e+01 8.480279488087124617e-01
5.700000000000000000e+01 3.000000000000000000e+01 7.896010980641836596e-01
5.700000000000000000e+01 3.100000000000000000e+01 7.353162371418632270e-01
5.700000000000000000e+01 3.200000000000000000e+01 6.563274800077467663e-01
5.700000000000000000e+01 3.300000000000000000e+01 6.035855939636651790e-01
5.700000000000000000e+01 3.400000000000000000e+01 5.917875107240808674e-01
5.700000000000000000e+01 3.500000000000000000e+01 5.593809366310213971e-01
5.700000000000000000e+01 3.600000000000000000e+01 5.352724563034839678e-01
5.700000000000000000e+01 3.700000000000000000e+01 5.658397389886171691e-01
5.800000000000000000e+01 1.700000000000000000e+01 9.683326506894889274e-01
5.800000000000000000e+01 1.800000000000000000e+01 1.026876213450439890e+00
5.800000000000000000e+01 1.900000000000000000e+01 9.834739987977521025e-01
5.800000000000000000e+01 2.000000000000000000e+01 9.275134194656180497e-01
5.800000000000000000e+01 2.100000000000000000e+01 9.300690196195048332e-01
5.800000000000000000e+01 2.200000000000000000e+01 9.493974935878273236e-01
5.800000000000000000e+01 2.300000000000000000e+01 9.942990817689338900e-01
5.800000000000000000e+01 2.400000000000000000e+01 1.043161577473654678e+00
5.800000000000000000e+01 2.500000000000000000e+01 1.049915376533766986e+00
5.800000000000000000e+01 2.600000000000000000e+01 1.005208011911488342e+00
5.800000000000000000e+01 2.700000000000000000e+01 9.957242365454714861e-01
5.800000000000000000e+01 2.800000000000000000e+01 9.256055495893374951e-01
5.800000000000000000e+01 2.900000000000000000e+01 8.344424242124448554e-01
5.800000000000000000e+01 3.000000000000000000e+01 7.589616967125508706e-01
5.800000000000000000e+01 3.100000000000000000e+01 6.769551909797232314e-01
5.800000000000000000e+01 3.200000000000000000e+01 5.852255492766328393e-01
5.800000000000000000e+01 3.300000000000000000e+01 5.374125674707043165e-01
5.800000000000000000e+01 3.400000000000000000e+01 5.280646975986326153e-01
5.800000000000000000e+01 3.500000000000000000e+01 5.117772286313229113e-01
5.800000000000000000e+01 3.600000000000000000e+01 5.804261190058671582e-01
5.800000000000000000e+01 3.700000000000000000e+01 6.868027778343072098e-01
5.900000000000000000e+01 1.700000000000000000e+01 8.965773315595441106e-01
5.900000000000000000e+01 1.800000000000000000e+01 9.559129325621128492e-01
5.900000000000000000e+01 1.900000000000000000e+01 8.895894937691432025e-01
5.900000000000000000e+01 2.000000000000000000e+01 8.338455006431583216e-01
5.900000000000000000e+01 2.100000000000000000e+01 8.372462820035349029e-01
5.900000000000000000e+01 2.200000000000000000e+01 8.508153139962132405e-01
5.900000000000000000e+01 2.300000000000000000e+01 9.328580826384206270e-01
5.900000000000000000e+01 2.400000000000000000e+01 1.018911443736537636e+00
5.900000000000000000e+01 2.500000000000000000e+01 1.060118146479460455e+00
5.900000000000000000e+01 2.600000000000000000e+01 1.044049172146646054e+00
5.900000000000000000e+01 2.700000000000000000e+01 9.853261001187665347e-01
5.900000000000000000e+01 2.800000000000000000e+01 9.129585883576110117e-01
5.900000000000000000e+01 2.900000000000000000e+01 8.214595684130415743e-01
5.900000000000000000e+01 3.000000000000000000e+01 7.314171948990467742e-01
5.900000000000000000e+01 3.100000000000000000e+01 6.597975417437350609e-01
5.900000000000000000e+01 3.200000000000000000e+01 5.624211251750093066e-01
5.900000000000000000e+01 3.300000000000000000e+01 4.943384860533920899e-01
5.900000000000000000e+01 3.400000000000000000e+01 4.890064522218309784e-01
5.900000000000000000e+01 3.500000000000000000e+01 4.888030009489875982e-01
5.900000000000000000e+01 3.600000000000000000e+01 5.961674400021403919e-01
5.900000000000000000e+01 3.700000000000000000e+01 7.313985761474133263e-01
6.000000000000000000e+01 1.700000000000000000e+01 nan
6.000000000000000000e+01 1.800000000000000000e+01 8.947559791773203042e-01
6.000000000000000000e+01 1.900000000000000000e+01 8.395347146707575758e-01
6.000000000000000000e+01 2.000000000000000000e+01 nan
6.000000000000000000e+01 2.100000000000000000e+01 nan
6.000000000000000000e+01 2.200000000000000000e+01 nan
6.000000000000000000e+01 2.300000000000000000e+01 nan
6.000000000000000000e+01 2.400000000000000000e+01 nan
6.000000000000000000e+01 2.500000000000000000e+01 nan
6.000000000000000000e+01 2.600000000000000000e+01 nan
6.000000000000000000e+01 2.700000000000000000e+01 nan
6.000000000000000000e+01 2.800000000000000000e+01 nan
6.000000000000000000e+01 2.900000000000000000e+01 nan
6.000000000000000000e+01 3.000000000000000000e+01 nan
6.000000000000000000e+01 3.100000000000000000e+01 nan
6.000000000000000000e+01 3.200000000000000000e+01 nan
6.000000000000000000e+01 3.300000000000000000e+01 nan
6.000000000000000000e+01 3.400000000000000000e+01 nan
6.000000000000000000e+01 3.500000000000000000e+01 nan
6.000000000000000000e+01 3.600000000000000000e+01 nan
6.000000000000000000e+01 3.700000000000000000e+01 nan
