Longitude[deg], Latitude[deg], Dust optical depth
1.900000000000000000e+01 -6.000000000000000000e+00 nan
1.900000000000000000e+01 -5.000000000000000000e+00 nan
1.900000000000000000e+01 -4.000000000000000000e+00 nan
1.900000000000000000e+01 -3.000000000000000000e+00 nan
1.900000000000000000e+01 -2.000000000000000000e+00 nan
1.900000000000000000e+01 -1.000000000000000000e+00 nan
1.900000000000000000e+01 0.000000000000000000e+00 nan
1.900000000000000000e+01 1.000000000000000000e+00 nan
1.900000000000000000e+01 2.000000000000000000e+00 nan
1.900000000000000000e+01 3.000000000000000000e+00 nan
1.900000000000000000e+01 4.000000000000000000e+00 nan
1.900000000000000000e+01 5.000000000000000000e+00 nan
1.900000000000000000e+01 6.000000000000000000e+00 nan
1.900000000000000000e+01 7.000000000000000000e+00 nan
1.900000000000000000e+01 8.000000000000000000e+00 nan
1.900000000000000000e+01 9.000000000000000000e+00 nan
2.000000000000000000e+01 -6.000000000000000000e+00 1.168366827054579060e+00
2.000000000000000000e+01 -5.000000000000000000e+00 1.371790262193064880e+00
2.000000000000000000e+01 -4.000000000000000000e+00 1.344837399445166559e+00
2.000000000000000000e+01 -3.000000000000000000e+00 1.434987817297518120e+00
2.000000000000000000e+01 -2.000000000000000000e+00 1.952512537493310996e+00
2.000000000000000000e+01 -1.000000000000000000e+00 1.907860007134175140e+00
2.000000000000000000e+01 0.000000000000000000e+00 1.574698088455849243e+00
2.000000000000000000e+01 1.000000000000000000e+00 1.521439306489411614e+00
2.000000000000000000e+01 2.000000000000000000e+00 1.478162793062817393e+00
2.000000000000000000e+01 3.000000000000000000e+00 1.478917196565374237e+00
2.000000000000000000e+01 4.000000000000000000e+00 1.517675333423485817e+00
2.000000000000000000e+01 5.000000000000000000e+00 1.474112346547929331e+00
2.000000000000000000e+01 6.000000000000000000e+00 1.433195514965698303e+00
2.000000000000000000e+01 7.000000000000000000e+00 1.538022692022066984e+00
2.000000000000000000e+01 8.000000000000000000e+00 1.665425164969678962e+00
2.000000000000000000e+01 9.000000000000000000e+00 1.838318363716978654e+00
2.100000000000000000e+01 -6.000000000000000000e+00 1.154343452592024866e+00
2.100000000000000000e+01 -5.000000000000000000e+00 1.364579296446478018e+00
2.100000000000000000e+01 -4.000000000000000000e+00 1.351680215731964285e+00
2.100000000000000000e+01 -3.000000000000000000e+00 1.530309560245543432e+00
2.100000000000000000e+01 -2.000000000000000000e+00 2.057625859070312924e+00
2.100000000000000000e+01 -1.000000000000000000e+00 1.891768116376132625e+00
2.100000000000000000e+01 0.000000000000000000e+00 1.631559731641061273e+00
2.100000000000000000e+01 1.000000000000000000e+00 1.520839610955324162e+00
2.100000000000000000e+01 2.000000000000000000e+00 1.439872745959357880e+00
2.100000000000000000e+01 3.000000000000000000e+00 1.469896150644141031e+00
2.100000000000000000e+01 4.000000000000000000e+00 1.500193606730497287e+00
2.100000000000000000e+01 5.000000000000000000e+00 1.459098330046568970e+00
2.100000000000000000e+01 6.000000000000000000e+00 1.453247786614659809e+00
2.100000000000000000e+01 7.000000000000000000e+00 1.573350906682937200e+00
2.100000000000000000e+01 8.000000000000000000e+00 1.640697700740339382e+00
2.100000000000000000e+01 9.000000000000000000e+00 1.824091007227386596e+00
2.200000000000000000e+01 -6.000000000000000000e+00 1.149429774037507679e+00
2.200000000000000000e+01 -5.000000000000000000e+00 1.360821638738614503e+00
2.200000000000000000e+01 -4.000000000000000000e+00 1.354027310138973927e+00
2.200000000000000000e+01 -3.000000000000000000e+00 1.607488895664114681e+00
2.200000000000000000e+01 -2.000000000000000000e+00 2.085946190371124054e+00
2.200000000000000000e+01 -1.000000000000000000e+00 1.884577861882349881e+00
2.200000000000000000e+01 0.000000000000000000e+00 1.724800376737213092e+00
2.200000000000000000e+01 1.000000000000000000e+00 1.520660557540424174e+00
2.200000000000000000e+01 2.000000000000000000e+00 1.423874796428602041e+00
2.200000000000000000e+01 3.000000000000000000e+00 1.453230440530697498e+00
2.200000000000000000e+01 4.000000000000000000e+00 1.485256501007062191e+00
2.200000000000000000e+01 5.000000000000000000e+00 1.435555255904705341e+00
2.200000000000000000e+01 6.000000000000000000e+00 1.487645892617716070e+00
2.200000000000000000e+01 7.000000000000000000e+00 1.605301231313676524e+00
2.200000000000000000e+01 8.000000000000000000e+00 1.613958700119454193e+00
2.200000000000000000e+01 9.000000000000000000e+00 nan
