Longitude[deg], Latitude[deg], Dust optical depth
1.710000000000000000e+02 -5.600000000000000000e+01 2.699586514188379915e+00
1.710000000000000000e+02 -5.500000000000000000e+01 2.694626585274282782e+00
1.710000000000000000e+02 -5.400000000000000000e+01 2.817034031625916146e+00
1.710000000000000000e+02 -5.300000000000000000e+01 3.104456603826594385e+00
1.710000000000000000e+02 -5.200000000000000000e+01 3.313883425262869942e+00
1.710000000000000000e+02 -5.100000000000000000e+01 3.345698137106008829e+00
1.710000000000000000e+02 -5.000000000000000000e+01 3.237495874406354002e+00
1.710000000000000000e+02 -4.900000000000000000e+01 3.326126944518676076e+00
1.710000000000000000e+02 -4.800000000000000000e+01 nan
1.710000000000000000e+02 -4.700000000000000000e+01 nan
1.710000000000000000e+02 -4.600000000000000000e+01 nan
1.710000000000000000e+02 -4.500000000000000000e+01 nan
1.710000000000000000e+02 -4.400000000000000000e+01 nan
1.710000000000000000e+02 -4.300000000000000000e+01 nan
1.710000000000000000e+02 -4.200000000000000000e+01 nan
1.710000000000000000e+02 -4.100000000000000000e+01 nan
1.710000000000000000e+02 -4.000000000000000000e+01 nan
1.710000000000000000e+02 -3.900000000000000000e+01 nan
1.710000000000000000e+02 -3.800000000000000000e+01 nan
1.710000000000000000e+02 -3.700000000000000000e+01 nan
1.710000000000000000e+02 -3.600000000000000000e+01 nan
1.710000000000000000e+02 -3.500000000000000000e+01 nan
1.710000000000000000e+02 -3.400000000000000000e+01 nan
1.710000000000000000e+02 -3.300000000000000000e+01 nan
1.710000000000000000e+02 -3.200000000000000000e+01 nan
1.710000000000000000e+02 -3.100000000000000000e+01 nan
1.710000000000000000e+02 -3.000000000000000000e+01 nan
1.720000000000000000e+02 -5.600000000000000000e+01 2.699411167791514021e+00
1.720000000000000000e+02 -5.500000000000000000e+01 2.697080820486462027e+00
1.720000000000000000e+02 -5.400000000000000000e+01 2.835609618818434541e+00
1.720000000000000000e+02 -5.300000000000000000e+01 3.115885457929685742e+00
1.720000000000000000e+02 -5.200000000000000000e+01 3.323062126960772300e+00
1.720000000000000000e+02 -5.100000000000000000e+01 3.321913334917479421e+00
1.720000000000000000e+02 -5.000000000000000000e+01 3.308122825407475265e+00
1.720000000000000000e+02 -4.900000000000000000e+01 3.579408875479351160e+00
1.720000000000000000e+02 -4.800000000000000000e+01 3.728207682487324259e+00
1.720000000000000000e+02 -4.700000000000000000e+01 3.734164346613205510e+00
1.720000000000000000e+02 -4.600000000000000000e+01 3.729589006693622366e+00
1.720000000000000000e+02 -4.500000000000000000e+01 3.989782336245740080e+00
1.720000000000000000e+02 -4.400000000000000000e+01 4.334902410875873358e+00
1.720000000000000000e+02 -4.300000000000000000e+01 4.840678472894206941e+00
1.720000000000000000e+02 -4.200000000000000000e+01 5.410249977121709186e+00
1.720000000000000000e+02 -4.100000000000000000e+01 6.002002656093940125e+00
1.720000000000000000e+02 -4.000000000000000000e+01 6.186686041470114361e+00
1.720000000000000000e+02 -3.900000000000000000e+01 6.221117768172029550e+00
1.720000000000000000e+02 -3.800000000000000000e+01 6.494392693074887646e+00
1.720000000000000000e+02 -3.700000000000000000e+01 6.833657694062392984e+00
1.720000000000000000e+02 -3.600000000000000000e+01 7.110906468672147263e+00
1.720000000000000000e+02 -3.500000000000000000e+01 6.983707631457315657e+00
1.720000000000000000e+02 -3.400000000000000000e+01 6.866272291214651879e+00
1.720000000000000000e+02 -3.300000000000000000e+01 6.641497656104104585e+00
1.720000000000000000e+02 -3.200000000000000000e+01 6.891325979947798608e+00
1.720000000000000000e+02 -3.100000000000000000e+01 6.943132308386637419e+00
1.720000000000000000e+02 -3.000000000000000000e+01 nan
1.730000000000000000e+02 -5.600000000000000000e+01 2.697460287244503263e+00
1.730000000000000000e+02 -5.500000000000000000e+01 2.706918530587569371e+00
1.730000000000000000e+02 -5.400000000000000000e+01 3.014864106544100864e+00
1.730000000000000000e+02 -5.300000000000000000e+01 3.133884255662920726e+00
1.730000000000000000e+02 -5.200000000000000000e+01 3.326323008815947002e+00
1.730000000000000000e+02 -5.100000000000000000e+01 3.305044802659511838e+00
1.730000000000000000e+02 -5.000000000000000000e+01 3.308948572421448908e+00
1.730000000000000000e+02 -4.900000000000000000e+01 3.584166211349980813e+00
1.730000000000000000e+02 -4.800000000000000000e+01 3.728207682487324259e+00
1.730000000000000000e+02 -4.700000000000000000e+01 3.734164346613205510e+00
1.730000000000000000e+02 -4.600000000000000000e+01 3.729589006693622366e+00
1.730000000000000000e+02 -4.500000000000000000e+01 3.989782336245740080e+00
1.730000000000000000e+02 -4.400000000000000000e+01 4.334902410875873358e+00
1.730000000000000000e+02 -4.300000000000000000e+01 4.840678472894206941e+00
1.730000000000000000e+02 -4.200000000000000000e+01 5.410249977121709186e+00
1.730000000000000000e+02 -4.100000000000000000e+01 6.002002656093940125e+00
1.730000000000000000e+02 -4.000000000000000000e+01 6.186686041470114361e+00
1.730000000000000000e+02 -3.900000000000000000e+01 6.221117768172029550e+00
1.730000000000000000e+02 -3.800000000000000000e+01 6.494392693074887646e+00
1.730000000000000000e+02 -3.700000000000000000e+01 6.833657694062392984e+00
1.730000000000000000e+02 -3.600000000000000000e+01 7.110906468672147263e+00
1.730000000000000000e+02 -3.500000000000000000e+01 6.983707631457315657e+00
1.730000000000000000e+02 -3.400000000000000000e+01 6.866272291214651879e+00
1.730000000000000000e+02 -3.300000000000000000e+01 6.641497656104104585e+00
1.730000000000000000e+02 -3.200000000000000000e+01 6.891325979947798608e+00
1.730000000000000000e+02 -3.100000000000000000e+01 6.943132308386637419e+00
1.730000000000000000e+02 -3.000000000000000000e+01 nan
