Longitude[deg], Latitude[deg], Dust optical depth
-7.800000000000000000e+01 -7.000000000000000000e+00 1.157726678741997528e+00
-7.800000000000000000e+01 -6.000000000000000000e+00 1.075283469162544359e+00
-7.800000000000000000e+01 -5.000000000000000000e+00 1.132106686375061289e+00
-7.800000000000000000e+01 -4.000000000000000000e+00 1.313632683486466446e+00
-7.800000000000000000e+01 -3.000000000000000000e+00 1.326769996537053631e+00
-7.800000000000000000e+01 -2.000000000000000000e+00 1.029569195044757413e+00
-7.800000000000000000e+01 -1.000000000000000000e+00 1.013431831728218491e+00
-7.800000000000000000e+01 0.000000000000000000e+00 1.476282059825296589e+00
-7.800000000000000000e+01 1.000000000000000000e+00 1.496827567985650642e+00
-7.800000000000000000e+01 2.000000000000000000e+00 1.285393116148209502e+00
-7.800000000000000000e+01 3.000000000000000000e+00 1.204860392129239788e+00
-7.800000000000000000e+01 4.000000000000000000e+00 1.049921059692181968e+00
-7.800000000000000000e+01 5.000000000000000000e+00 9.006683450351871123e-01
-7.800000000000000000e+01 6.000000000000000000e+00 8.796295471091940543e-01
-7.800000000000000000e+01 7.000000000000000000e+00 8.283010704811121228e-01
-7.800000000000000000e+01 8.000000000000000000e+00 8.074187665948850956e-01
-7.800000000000000000e+01 9.000000000000000000e+00 nan
-7.700000000000000000e+01 -7.000000000000000000e+00 1.180689553420894322e+00
-7.700000000000000000e+01 -6.000000000000000000e+00 1.124418823275600055e+00
-7.700000000000000000e+01 -5.000000000000000000e+00 1.068037262841930790e+00
-7.700000000000000000e+01 -4.000000000000000000e+00 1.317874041196474444e+00
-7.700000000000000000e+01 -3.000000000000000000e+00 1.355750421877457423e+00
-7.700000000000000000e+01 -2.000000000000000000e+00 1.036144962570304529e+00
-7.700000000000000000e+01 -1.000000000000000000e+00 9.980966292273503182e-01
-7.700000000000000000e+01 0.000000000000000000e+00 1.329830801402855700e+00
-7.700000000000000000e+01 1.000000000000000000e+00 1.536134841995736799e+00
-7.700000000000000000e+01 2.000000000000000000e+00 1.372520996360383272e+00
-7.700000000000000000e+01 3.000000000000000000e+00 1.284274691940926472e+00
-7.700000000000000000e+01 4.000000000000000000e+00 1.130112818380196948e+00
-7.700000000000000000e+01 5.000000000000000000e+00 9.622737601067534730e-01
-7.700000000000000000e+01 6.000000000000000000e+00 8.913421016592725232e-01
-7.700000000000000000e+01 7.000000000000000000e+00 8.320550637331683985e-01
-7.700000000000000000e+01 8.000000000000000000e+00 8.076366545394683127e-01
-7.700000000000000000e+01 9.000000000000000000e+00 7.318508062031223727e-01
-7.600000000000000000e+01 -7.000000000000000000e+00 1.174682468667676005e+00
-7.600000000000000000e+01 -6.000000000000000000e+00 1.120227639198216885e+00
-7.600000000000000000e+01 -5.000000000000000000e+00 1.054430557627920484e+00
-7.600000000000000000e+01 -4.000000000000000000e+00 1.316517134001060185e+00
-7.600000000000000000e+01 -3.000000000000000000e+00 1.362805007113975675e+00
-7.600000000000000000e+01 -2.000000000000000000e+00 1.043209211825062654e+00
-7.600000000000000000e+01 -1.000000000000000000e+00 9.962693936920288262e-01
-7.600000000000000000e+01 0.000000000000000000e+00 1.305046598164973259e+00
-7.600000000000000000e+01 1.000000000000000000e+00 1.559177054674805829e+00
-7.600000000000000000e+01 2.000000000000000000e+00 1.440305167467297753e+00
-7.600000000000000000e+01 3.000000000000000000e+00 1.334678340012417808e+00
-7.600000000000000000e+01 4.000000000000000000e+00 1.170642164637393901e+00
-7.600000000000000000e+01 5.000000000000000000e+00 1.027205170807455215e+00
-7.600000000000000000e+01 6.000000000000000000e+00 9.383852493625525204e-01
-7.600000000000000000e+01 7.000000000000000000e+00 8.352664194087472405e-01
-7.600000000000000000e+01 8.000000000000000000e+00 8.081152343151348783e-01
-7.600000000000000000e+01 9.000000000000000000e+00 7.262706698621329560e-01
-7.500000000000000000e+01 -7.000000000000000000e+00 1.098837622316523710e+00
-7.500000000000000000e+01 -6.000000000000000000e+00 1.076469587552902452e+00
-7.500000000000000000e+01 -5.000000000000000000e+00 1.058692830877230540e+00
-7.500000000000000000e+01 -4.000000000000000000e+00 1.268367861720627543e+00
-7.500000000000000000e+01 -3.000000000000000000e+00 1.380770415828435516e+00
-7.500000000000000000e+01 -2.000000000000000000e+00 1.383485956245874560e+00
-7.500000000000000000e+01 -1.000000000000000000e+00 nan
-7.500000000000000000e+01 0.000000000000000000e+00 nan
-7.500000000000000000e+01 1.000000000000000000e+00 nan
-7.500000000000000000e+01 2.000000000000000000e+00 nan
-7.500000000000000000e+01 3.000000000000000000e+00 nan
-7.500000000000000000e+01 4.000000000000000000e+00 nan
-7.500000000000000000e+01 5.000000000000000000e+00 nan
-7.500000000000000000e+01 6.000000000000000000e+00 nan
-7.500000000000000000e+01 7.000000000000000000e+00 nan
-7.500000000000000000e+01 8.000000000000000000e+00 nan
-7.500000000000000000e+01 9.000000000000000000e+00 nan
