Longitude[deg], Latitude[deg], Dust optical depth
-8.900000000000000000e+01 1.900000000000000000e+01 nan
-8.900000000000000000e+01 2.000000000000000000e+01 nan
-8.900000000000000000e+01 2.100000000000000000e+01 nan
-8.900000000000000000e+01 2.200000000000000000e+01 nan
-8.900000000000000000e+01 2.300000000000000000e+01 nan
-8.900000000000000000e+01 2.400000000000000000e+01 nan
-8.900000000000000000e+01 2.500000000000000000e+01 nan
-8.900000000000000000e+01 2.600000000000000000e+01 nan
-8.900000000000000000e+01 2.700000000000000000e+01 nan
-8.900000000000000000e+01 2.800000000000000000e+01 nan
-8.900000000000000000e+01 2.900000000000000000e+01 nan
-8.900000000000000000e+01 3.000000000000000000e+01 nan
-8.900000000000000000e+01 3.100000000000000000e+01 nan
-8.900000000000000000e+01 3.200000000000000000e+01 nan
-8.900000000000000000e+01 3.300000000000000000e+01 nan
-8.900000000000000000e+01 3.400000000000000000e+01 nan
-8.900000000000000000e+01 3.500000000000000000e+01 nan
-8.900000000000000000e+01 3.600000000000000000e+01 3.130597648843564951e+00
-8.900000000000000000e+01 3.700000000000000000e+01 3.016353821937041602e+00
-8.900000000000000000e+01 3.800000000000000000e+01 2.813207774376423220e+00
-8.900000000000000000e+01 3.900000000000000000e+01 2.756796247784410792e+00
-8.900000000000000000e+01 4.000000000000000000e+01 nan
-8.800000000000000000e+01 1.900000000000000000e+01 nan
-8.800000000000000000e+01 2.000000000000000000e+01 nan
-8.800000000000000000e+01 2.100000000000000000e+01 nan
-8.800000000000000000e+01 2.200000000000000000e+01 nan
-8.800000000000000000e+01 2.300000000000000000e+01 nan
-8.800000000000000000e+01 2.400000000000000000e+01 nan
-8.800000000000000000e+01 2.500000000000000000e+01 nan
-8.800000000000000000e+01 2.600000000000000000e+01 nan
-8.800000000000000000e+01 2.700000000000000000e+01 nan
-8.800000000000000000e+01 2.800000000000000000e+01 nan
-8.800000000000000000e+01 2.900000000000000000e+01 nan
-8.800000000000000000e+01 3.000000000000000000e+01 nan
-8.800000000000000000e+01 3.100000000000000000e+01 nan
-8.800000000000000000e+01 3.200000000000000000e+01 3.168220294385403868e+00
-8.800000000000000000e+01 3.300000000000000000e+01 3.098495490437395361e+00
-8.800000000000000000e+01 3.400000000000000000e+01 3.034187127114255755e+00
-8.800000000000000000e+01 3.500000000000000000e+01 3.016757126650816634e+00
-8.800000000000000000e+01 3.600000000000000000e+01 3.034245828655897981e+00
-8.800000000000000000e+01 3.700000000000000000e+01 3.017622353827112747e+00
-8.800000000000000000e+01 3.800000000000000000e+01 2.836598316567259914e+00
-8.800000000000000000e+01 3.900000000000000000e+01 2.768156581603187227e+00
-8.800000000000000000e+01 4.000000000000000000e+01 nan
-8.700000000000000000e+01 1.900000000000000000e+01 nan
-8.700000000000000000e+01 2.000000000000000000e+01 nan
-8.700000000000000000e+01 2.100000000000000000e+01 nan
-8.700000000000000000e+01 2.200000000000000000e+01 nan
-8.700000000000000000e+01 2.300000000000000000e+01 nan
-8.700000000000000000e+01 2.400000000000000000e+01 nan
-8.700000000000000000e+01 2.500000000000000000e+01 nan
-8.700000000000000000e+01 2.600000000000000000e+01 3.221895324123631887e+00
-8.700000000000000000e+01 2.700000000000000000e+01 3.302284867486164899e+00
-8.700000000000000000e+01 2.800000000000000000e+01 3.363980477593678131e+00
-8.700000000000000000e+01 2.900000000000000000e+01 3.358019965622998537e+00
-8.700000000000000000e+01 3.000000000000000000e+01 3.297024964112469814e+00
-8.700000000000000000e+01 3.100000000000000000e+01 3.200520540699853811e+00
-8.700000000000000000e+01 3.200000000000000000e+01 3.182465321698981775e+00
-8.700000000000000000e+01 3.300000000000000000e+01 3.104751714725153100e+00
-8.700000000000000000e+01 3.400000000000000000e+01 3.006540868303038128e+00
-8.700000000000000000e+01 3.500000000000000000e+01 2.991115430500638439e+00
-8.700000000000000000e+01 3.600000000000000000e+01 2.998463595390471248e+00
-8.700000000000000000e+01 3.700000000000000000e+01 2.993012213811630406e+00
-8.700000000000000000e+01 3.800000000000000000e+01 2.845507188338938676e+00
-8.700000000000000000e+01 3.900000000000000000e+01 2.758179501010654455e+00
-8.700000000000000000e+01 4.000000000000000000e+01 2.817158356287285947e+00
-8.600000000000000000e+01 1.900000000000000000e+01 nan
-8.600000000000000000e+01 2.000000000000000000e+01 2.736468573836715379e+00
-8.600000000000000000e+01 2.100000000000000000e+01 2.802042936952403362e+00
-8.600000000000000000e+01 2.200000000000000000e+01 2.790788554227565221e+00
-8.600000000000000000e+01 2.300000000000000000e+01 2.852070413415955130e+00
-8.600000000000000000e+01 2.400000000000000000e+01 3.086702289665299581e+00
-8.600000000000000000e+01 2.500000000000000000e+01 3.180295882046223266e+00
-8.600000000000000000e+01 2.600000000000000000e+01 3.212432900869599095e+00
-8.600000000000000000e+01 2.700000000000000000e+01 3.284904233831962728e+00
-8.600000000000000000e+01 2.800000000000000000e+01 3.329722419285527479e+00
-8.600000000000000000e+01 2.900000000000000000e+01 3.285345664795398246e+00
-8.600000000000000000e+01 3.000000000000000000e+01 3.221884564194802625e+00
-8.600000000000000000e+01 3.100000000000000000e+01 3.159281995223421902e+00
-8.600000000000000000e+01 3.200000000000000000e+01 3.146876751989039711e+00
-8.600000000000000000e+01 3.300000000000000000e+01 3.073252605880045341e+00
-8.600000000000000000e+01 3.400000000000000000e+01 2.951108860308099047e+00
-8.600000000000000000e+01 3.500000000000000000e+01 2.952993193509859893e+00
-8.600000000000000000e+01 3.600000000000000000e+01 2.950269405854788030e+00
-8.600000000000000000e+01 3.700000000000000000e+01 2.930691845491345315e+00
-8.600000000000000000e+01 3.800000000000000000e+01 2.813722550674182532e+00
-8.600000000000000000e+01 3.900000000000000000e+01 2.693376707430676031e+00
-8.600000000000000000e+01 4.000000000000000000e+01 2.700806885111526334e+00
-8.500000000000000000e+01 1.900000000000000000e+01 2.670824509272889724e+00
-8.500000000000000000e+01 2.000000000000000000e+01 2.730976088060701912e+00
-8.500000000000000000e+01 2.100000000000000000e+01 2.799562235539050370e+00
-8.500000000000000000e+01 2.200000000000000000e+01 2.795954911112242591e+00
-8.500000000000000000e+01 2.300000000000000000e+01 2.847977814812041153e+00
-8.500000000000000000e+01 2.400000000000000000e+01 3.049394136891307117e+00
-8.500000000000000000e+01 2.500000000000000000e+01 3.156295408182979489e+00
-8.500000000000000000e+01 2.600000000000000000e+01 3.191635923595038893e+00
-8.500000000000000000e+01 2.700000000000000000e+01 3.271534249257476823e+00
-8.500000000000000000e+01 2.800000000000000000e+01 3.271644088093515812e+00
-8.500000000000000000e+01 2.900000000000000000e+01 3.191448863841707784e+00
-8.500000000000000000e+01 3.000000000000000000e+01 3.148821808208437822e+00
-8.500000000000000000e+01 3.100000000000000000e+01 3.091872280790064487e+00
-8.500000000000000000e+01 3.200000000000000000e+01 3.061937897550304655e+00
-8.500000000000000000e+01 3.300000000000000000e+01 2.974763166462738528e+00
-8.500000000000000000e+01 3.400000000000000000e+01 2.873024119181345259e+00
-8.500000000000000000e+01 3.500000000000000000e+01 2.891654730280091457e+00
-8.500000000000000000e+01 3.600000000000000000e+01 2.894948712614542785e+00
-8.500000000000000000e+01 3.700000000000000000e+01 2.889545960017475323e+00
-8.500000000000000000e+01 3.800000000000000000e+01 2.830436078445666137e+00
-8.500000000000000000e+01 3.900000000000000000e+01 2.722826606957756912e+00
-8.500000000000000000e+01 4.000000000000000000e+01 2.715736069552309395e+00
-8.400000000000000000e+01 1.900000000000000000e+01 2.713923503000904347e+00
-8.400000000000000000e+01 2.000000000000000000e+01 2.771498836832697155e+00
-8.400000000000000000e+01 2.100000000000000000e+01 2.818408273774628547e+00
-8.400000000000000000e+01 2.200000000000000000e+01 2.804330805423179473e+00
-8.400000000000000000e+01 2.300000000000000000e+01 2.850731841371593855e+00
-8.400000000000000000e+01 2.400000000000000000e+01 3.018775987437110508e+00
-8.400000000000000000e+01 2.500000000000000000e+01 3.138279192249329164e+00
-8.400000000000000000e+01 2.600000000000000000e+01 3.186316644767087869e+00
-8.400000000000000000e+01 2.700000000000000000e+01 3.250175437039729331e+00
-8.400000000000000000e+01 2.800000000000000000e+01 3.226332622998935307e+00
-8.400000000000000000e+01 2.900000000000000000e+01 3.141600457159363202e+00
-8.400000000000000000e+01 3.000000000000000000e+01 3.108957353318905881e+00
-8.400000000000000000e+01 3.100000000000000000e+01 3.031750636246021813e+00
-8.400000000000000000e+01 3.200000000000000000e+01 3.002002455564094063e+00
-8.400000000000000000e+01 3.300000000000000000e+01 2.924559973804242929e+00
-8.400000000000000000e+01 3.400000000000000000e+01 2.838335334041626634e+00
-8.400000000000000000e+01 3.500000000000000000e+01 2.839169882363564934e+00
-8.400000000000000000e+01 3.600000000000000000e+01 2.845522330446496273e+00
-8.400000000000000000e+01 3.700000000000000000e+01 2.870964367040269138e+00
-8.400000000000000000e+01 3.800000000000000000e+01 2.837388398855375193e+00
-8.400000000000000000e+01 3.900000000000000000e+01 2.749382478324639667e+00
-8.400000000000000000e+01 4.000000000000000000e+01 2.728617242590853031e+00
-8.300000000000000000e+01 1.900000000000000000e+01 2.824128740636488999e+00
-8.300000000000000000e+01 2.000000000000000000e+01 2.869909622017567052e+00
-8.300000000000000000e+01 2.100000000000000000e+01 2.895578191775359578e+00
-8.300000000000000000e+01 2.200000000000000000e+01 2.855005359925138375e+00
-8.300000000000000000e+01 2.300000000000000000e+01 2.881362202504541781e+00
-8.300000000000000000e+01 2.400000000000000000e+01 3.023475484047088546e+00
-8.300000000000000000e+01 2.500000000000000000e+01 3.156212023407663825e+00
-8.300000000000000000e+01 2.600000000000000000e+01 3.207485633241813794e+00
-8.300000000000000000e+01 2.700000000000000000e+01 3.274223848974349593e+00
-8.300000000000000000e+01 2.800000000000000000e+01 3.237690702041981616e+00
-8.300000000000000000e+01 2.900000000000000000e+01 3.128316694721172020e+00
-8.300000000000000000e+01 3.000000000000000000e+01 3.040618536905957292e+00
-8.300000000000000000e+01 3.100000000000000000e+01 2.953334293328538251e+00
-8.300000000000000000e+01 3.200000000000000000e+01 2.952434238010209100e+00
-8.300000000000000000e+01 3.300000000000000000e+01 2.896774207644800203e+00
-8.300000000000000000e+01 3.400000000000000000e+01 2.827370323121297879e+00
-8.300000000000000000e+01 3.500000000000000000e+01 2.820686980541167177e+00
-8.300000000000000000e+01 3.600000000000000000e+01 2.820315672980820754e+00
-8.300000000000000000e+01 3.700000000000000000e+01 2.854275281660445529e+00
-8.300000000000000000e+01 3.800000000000000000e+01 2.823475754503664614e+00
-8.300000000000000000e+01 3.900000000000000000e+01 2.739977956543539594e+00
-8.300000000000000000e+01 4.000000000000000000e+01 2.689984503655536319e+00
-8.200000000000000000e+01 1.900000000000000000e+01 2.897043200774143124e+00
-8.200000000000000000e+01 2.000000000000000000e+01 2.955010045033595656e+00
-8.200000000000000000e+01 2.100000000000000000e+01 2.959980176171901345e+00
-8.200000000000000000e+01 2.200000000000000000e+01 2.910641653123334560e+00
-8.200000000000000000e+01 2.300000000000000000e+01 2.913624883671086074e+00
-8.200000000000000000e+01 2.400000000000000000e+01 3.047876001585144490e+00
-8.200000000000000000e+01 2.500000000000000000e+01 3.174395276913240416e+00
-8.200000000000000000e+01 2.600000000000000000e+01 3.242285487024311852e+00
-8.200000000000000000e+01 2.700000000000000000e+01 3.315834383315618972e+00
-8.200000000000000000e+01 2.800000000000000000e+01 3.279212739835841717e+00
-8.200000000000000000e+01 2.900000000000000000e+01 3.116092469144291055e+00
-8.200000000000000000e+01 3.000000000000000000e+01 2.974272412746710614e+00
-8.200000000000000000e+01 3.100000000000000000e+01 2.884258556658306993e+00
-8.200000000000000000e+01 3.200000000000000000e+01 2.861175272897393373e+00
-8.200000000000000000e+01 3.300000000000000000e+01 2.850743446763074118e+00
-8.200000000000000000e+01 3.400000000000000000e+01 2.797595163754590608e+00
-8.200000000000000000e+01 3.500000000000000000e+01 2.798169335811281577e+00
-8.200000000000000000e+01 3.600000000000000000e+01 2.829328632051149484e+00
-8.200000000000000000e+01 3.700000000000000000e+01 2.858696784161383508e+00
-8.200000000000000000e+01 3.800000000000000000e+01 2.842309603865259771e+00
-8.200000000000000000e+01 3.900000000000000000e+01 2.781259763384803296e+00
-8.200000000000000000e+01 4.000000000000000000e+01 nan
