Longitude[deg], Latitude[deg], Dust optical depth
1.030000000000000000e+02 -5.800000000000000000e+01 2.794881984426157651e+00
1.030000000000000000e+02 -5.700000000000000000e+01 2.869306900667087490e+00
1.030000000000000000e+02 -5.600000000000000000e+01 2.870852555713763188e+00
1.030000000000000000e+02 -5.500000000000000000e+01 2.842020321109860248e+00
1.030000000000000000e+02 -5.400000000000000000e+01 nan
1.030000000000000000e+02 -5.300000000000000000e+01 nan
1.030000000000000000e+02 -5.200000000000000000e+01 nan
1.030000000000000000e+02 -5.100000000000000000e+01 nan
1.030000000000000000e+02 -5.000000000000000000e+01 nan
1.030000000000000000e+02 -4.900000000000000000e+01 nan
1.030000000000000000e+02 -4.800000000000000000e+01 nan
1.030000000000000000e+02 -4.700000000000000000e+01 nan
1.030000000000000000e+02 -4.600000000000000000e+01 nan
1.030000000000000000e+02 -4.500000000000000000e+01 nan
1.030000000000000000e+02 -4.400000000000000000e+01 nan
1.030000000000000000e+02 -4.300000000000000000e+01 nan
1.030000000000000000e+02 -4.200000000000000000e+01 nan
1.030000000000000000e+02 -4.100000000000000000e+01 nan
1.030000000000000000e+02 -4.000000000000000000e+01 nan
1.030000000000000000e+02 -3.900000000000000000e+01 nan
1.030000000000000000e+02 -3.800000000000000000e+01 nan
1.030000000000000000e+02 -3.700000000000000000e+01 nan
1.030000000000000000e+02 -3.600000000000000000e+01 nan
1.030000000000000000e+02 -3.500000000000000000e+01 nan
1.030000000000000000e+02 -3.400000000000000000e+01 nan
1.030000000000000000e+02 -3.300000000000000000e+01 nan
1.030000000000000000e+02 -3.200000000000000000e+01 nan
1.030000000000000000e+02 -3.100000000000000000e+01 nan
1.040000000000000000e+02 -5.800000000000000000e+01 2.809982301797254056e+00
1.040000000000000000e+02 -5.700000000000000000e+01 2.851748644641556307e+00
1.040000000000000000e+02 -5.600000000000000000e+01 2.855591283446544448e+00
1.040000000000000000e+02 -5.500000000000000000e+01 2.854411243598529602e+00
1.040000000000000000e+02 -5.400000000000000000e+01 2.851465048242734390e+00
1.040000000000000000e+02 -5.300000000000000000e+01 2.981200290639016259e+00
1.040000000000000000e+02 -5.200000000000000000e+01 3.059324352331833641e+00
1.040000000000000000e+02 -5.100000000000000000e+01 3.246725368244225418e+00
1.040000000000000000e+02 -5.000000000000000000e+01 3.336860701362573067e+00
1.040000000000000000e+02 -4.900000000000000000e+01 3.348306696840406715e+00
1.040000000000000000e+02 -4.800000000000000000e+01 3.498946360402181988e+00
1.040000000000000000e+02 -4.700000000000000000e+01 3.758648672338415597e+00
1.040000000000000000e+02 -4.600000000000000000e+01 4.111439014687509719e+00
1.040000000000000000e+02 -4.500000000000000000e+01 4.566126596619478839e+00
1.040000000000000000e+02 -4.400000000000000000e+01 5.201133987722792895e+00
1.040000000000000000e+02 -4.300000000000000000e+01 5.703933728441162643e+00
1.040000000000000000e+02 -4.200000000000000000e+01 6.057553979310160486e+00
1.040000000000000000e+02 -4.100000000000000000e+01 6.623049201344997527e+00
1.040000000000000000e+02 -4.000000000000000000e+01 6.975855186113819606e+00
1.040000000000000000e+02 -3.900000000000000000e+01 7.181853748861644959e+00
1.040000000000000000e+02 -3.800000000000000000e+01 7.181853748861644959e+00
1.040000000000000000e+02 -3.700000000000000000e+01 nan
1.040000000000000000e+02 -3.600000000000000000e+01 nan
1.040000000000000000e+02 -3.500000000000000000e+01 nan
1.040000000000000000e+02 -3.400000000000000000e+01 nan
1.040000000000000000e+02 -3.300000000000000000e+01 nan
1.040000000000000000e+02 -3.200000000000000000e+01 nan
1.040000000000000000e+02 -3.100000000000000000e+01 nan
1.050000000000000000e+02 -5.800000000000000000e+01 2.838991096034490180e+00
1.050000000000000000e+02 -5.700000000000000000e+01 2.825484089942802868e+00
1.050000000000000000e+02 -5.600000000000000000e+01 2.851602184074359947e+00
1.050000000000000000e+02 -5.500000000000000000e+01 2.855748818533098365e+00
1.050000000000000000e+02 -5.400000000000000000e+01 2.852584516066505316e+00
1.050000000000000000e+02 -5.300000000000000000e+01 2.981200290639016259e+00
1.050000000000000000e+02 -5.200000000000000000e+01 3.059324352331833641e+00
1.050000000000000000e+02 -5.100000000000000000e+01 3.246725368244225418e+00
1.050000000000000000e+02 -5.000000000000000000e+01 3.336758580003260644e+00
1.050000000000000000e+02 -4.900000000000000000e+01 3.350382982462771775e+00
1.050000000000000000e+02 -4.800000000000000000e+01 3.496089047825335694e+00
1.050000000000000000e+02 -4.700000000000000000e+01 3.760022972061671354e+00
1.050000000000000000e+02 -4.600000000000000000e+01 4.161710154086460278e+00
1.050000000000000000e+02 -4.500000000000000000e+01 4.582372182969509211e+00
1.050000000000000000e+02 -4.400000000000000000e+01 5.211186339904127607e+00
1.050000000000000000e+02 -4.300000000000000000e+01 5.763289934041580409e+00
1.050000000000000000e+02 -4.200000000000000000e+01 6.091668650705465815e+00
1.050000000000000000e+02 -4.100000000000000000e+01 6.658625699725974734e+00
1.050000000000000000e+02 -4.000000000000000000e+01 7.031165458896895259e+00
1.050000000000000000e+02 -3.900000000000000000e+01 7.050789491963358913e+00
1.050000000000000000e+02 -3.800000000000000000e+01 7.032463612193418534e+00
1.050000000000000000e+02 -3.700000000000000000e+01 7.178756588357078527e+00
1.050000000000000000e+02 -3.600000000000000000e+01 7.227010431642218791e+00
1.050000000000000000e+02 -3.500000000000000000e+01 7.310822264089423150e+00
1.050000000000000000e+02 -3.400000000000000000e+01 7.423370435871751383e+00
1.050000000000000000e+02 -3.300000000000000000e+01 7.474120208711054758e+00
1.050000000000000000e+02 -3.200000000000000000e+01 7.333550797319884573e+00
1.050000000000000000e+02 -3.100000000000000000e+01 nan
1.060000000000000000e+02 -5.800000000000000000e+01 nan
1.060000000000000000e+02 -5.700000000000000000e+01 nan
1.060000000000000000e+02 -5.600000000000000000e+01 nan
1.060000000000000000e+02 -5.500000000000000000e+01 nan
1.060000000000000000e+02 -5.400000000000000000e+01 nan
1.060000000000000000e+02 -5.300000000000000000e+01 nan
1.060000000000000000e+02 -5.200000000000000000e+01 nan
1.060000000000000000e+02 -5.100000000000000000e+01 nan
1.060000000000000000e+02 -5.000000000000000000e+01 nan
1.060000000000000000e+02 -4.900000000000000000e+01 3.433824060160001412e+00
1.060000000000000000e+02 -4.800000000000000000e+01 3.482132351754072097e+00
1.060000000000000000e+02 -4.700000000000000000e+01 3.775748021355478379e+00
1.060000000000000000e+02 -4.600000000000000000e+01 4.186418525680437597e+00
1.060000000000000000e+02 -4.500000000000000000e+01 4.647965442571584838e+00
1.060000000000000000e+02 -4.400000000000000000e+01 5.292973204147487287e+00
1.060000000000000000e+02 -4.300000000000000000e+01 5.768204621510987451e+00
1.060000000000000000e+02 -4.200000000000000000e+01 6.126459733548283992e+00
1.060000000000000000e+02 -4.100000000000000000e+01 6.662386063553904059e+00
1.060000000000000000e+02 -4.000000000000000000e+01 7.035603062959723708e+00
1.060000000000000000e+02 -3.900000000000000000e+01 7.048374910549624062e+00
1.060000000000000000e+02 -3.800000000000000000e+01 7.031386233379660844e+00
1.060000000000000000e+02 -3.700000000000000000e+01 7.178585965047767026e+00
1.060000000000000000e+02 -3.600000000000000000e+01 7.227010431642218791e+00
1.060000000000000000e+02 -3.500000000000000000e+01 7.310822264089423150e+00
1.060000000000000000e+02 -3.400000000000000000e+01 7.423370435871751383e+00
1.060000000000000000e+02 -3.300000000000000000e+01 7.474120208711054758e+00
1.060000000000000000e+02 -3.200000000000000000e+01 7.333550797319884573e+00
1.060000000000000000e+02 -3.100000000000000000e+01 nan
