Longitude[deg], Latitude[deg], Dust optical depth
-7.700000000000000000e+01 1.600000000000000000e+01 nan
-7.700000000000000000e+01 1.700000000000000000e+01 nan
-7.700000000000000000e+01 1.800000000000000000e+01 nan
-7.700000000000000000e+01 1.900000000000000000e+01 nan
-7.700000000000000000e+01 2.000000000000000000e+01 nan
-7.700000000000000000e+01 2.100000000000000000e+01 nan
-7.700000000000000000e+01 2.200000000000000000e+01 nan
-7.700000000000000000e+01 2.300000000000000000e+01 nan
-7.700000000000000000e+01 2.400000000000000000e+01 nan
-7.700000000000000000e+01 2.500000000000000000e+01 nan
-7.700000000000000000e+01 2.600000000000000000e+01 nan
-7.700000000000000000e+01 2.700000000000000000e+01 nan
-7.700000000000000000e+01 2.800000000000000000e+01 nan
-7.700000000000000000e+01 2.900000000000000000e+01 nan
-7.700000000000000000e+01 3.000000000000000000e+01 nan
-7.700000000000000000e+01 3.100000000000000000e+01 nan
-7.700000000000000000e+01 3.200000000000000000e+01 nan
-7.700000000000000000e+01 3.300000000000000000e+01 nan
-7.700000000000000000e+01 3.400000000000000000e+01 nan
-7.700000000000000000e+01 3.500000000000000000e+01 nan
-7.700000000000000000e+01 3.600000000000000000e+01 nan
-7.600000000000000000e+01 1.600000000000000000e+01 nan
-7.600000000000000000e+01 1.700000000000000000e+01 nan
-7.600000000000000000e+01 1.800000000000000000e+01 nan
-7.600000000000000000e+01 1.900000000000000000e+01 nan
-7.600000000000000000e+01 2.000000000000000000e+01 nan
-7.600000000000000000e+01 2.100000000000000000e+01 nan
-7.600000000000000000e+01 2.200000000000000000e+01 nan
-7.600000000000000000e+01 2.300000000000000000e+01 nan
-7.600000000000000000e+01 2.400000000000000000e+01 nan
-7.600000000000000000e+01 2.500000000000000000e+01 nan
-7.600000000000000000e+01 2.600000000000000000e+01 nan
-7.600000000000000000e+01 2.700000000000000000e+01 nan
-7.600000000000000000e+01 2.800000000000000000e+01 7.141285224144442445e-01
-7.600000000000000000e+01 2.900000000000000000e+01 6.755649362567971439e-01
-7.600000000000000000e+01 3.000000000000000000e+01 7.088912111202170241e-01
-7.600000000000000000e+01 3.100000000000000000e+01 7.593275643278083464e-01
-7.600000000000000000e+01 3.200000000000000000e+01 7.654434569353971707e-01
-7.600000000000000000e+01 3.300000000000000000e+01 7.000410537460376448e-01
-7.600000000000000000e+01 3.400000000000000000e+01 6.700669569332780018e-01
-7.600000000000000000e+01 3.500000000000000000e+01 6.290490065431705302e-01
-7.600000000000000000e+01 3.600000000000000000e+01 5.991394348227363498e-01
-7.500000000000000000e+01 1.600000000000000000e+01 nan
-7.500000000000000000e+01 1.700000000000000000e+01 8.995105617196156311e-01
-7.500000000000000000e+01 1.800000000000000000e+01 8.474005602930789749e-01
-7.500000000000000000e+01 1.900000000000000000e+01 7.377312425603080870e-01
-7.500000000000000000e+01 2.000000000000000000e+01 7.121587465304156650e-01
-7.500000000000000000e+01 2.100000000000000000e+01 7.173150494352856787e-01
-7.500000000000000000e+01 2.200000000000000000e+01 7.213920971185540099e-01
-7.500000000000000000e+01 2.300000000000000000e+01 6.703004455226451164e-01
-7.500000000000000000e+01 2.400000000000000000e+01 6.153501614226556393e-01
-7.500000000000000000e+01 2.500000000000000000e+01 6.284804528583113337e-01
-7.500000000000000000e+01 2.600000000000000000e+01 6.954473698391262504e-01
-7.500000000000000000e+01 2.700000000000000000e+01 6.743331078203884665e-01
-7.500000000000000000e+01 2.800000000000000000e+01 6.546941618673671748e-01
-7.500000000000000000e+01 2.900000000000000000e+01 6.549009004135901701e-01
-7.500000000000000000e+01 3.000000000000000000e+01 7.011722148465991955e-01
-7.500000000000000000e+01 3.100000000000000000e+01 7.438740143357912560e-01
-7.500000000000000000e+01 3.200000000000000000e+01 7.222320633393558564e-01
-7.500000000000000000e+01 3.300000000000000000e+01 6.814956949251862461e-01
-7.500000000000000000e+01 3.400000000000000000e+01 6.532902597625451779e-01
-7.500000000000000000e+01 3.500000000000000000e+01 5.988961309203363337e-01
-7.500000000000000000e+01 3.600000000000000000e+01 5.674437962364418109e-01
-7.400000000000000000e+01 1.600000000000000000e+01 8.420013352272004425e-01
-7.400000000000000000e+01 1.700000000000000000e+01 8.611199621459291187e-01
-7.400000000000000000e+01 1.800000000000000000e+01 8.100206956614409703e-01
-7.400000000000000000e+01 1.900000000000000000e+01 7.585585666489864654e-01
-7.400000000000000000e+01 2.000000000000000000e+01 7.423231474269256225e-01
-7.400000000000000000e+01 2.100000000000000000e+01 7.467643683045460667e-01
-7.400000000000000000e+01 2.200000000000000000e+01 7.551993776083996135e-01
-7.400000000000000000e+01 2.300000000000000000e+01 7.342920210610652809e-01
-7.400000000000000000e+01 2.400000000000000000e+01 6.621136692440001692e-01
-7.400000000000000000e+01 2.500000000000000000e+01 6.600661263405532830e-01
-7.400000000000000000e+01 2.600000000000000000e+01 7.003999377559123607e-01
-7.400000000000000000e+01 2.700000000000000000e+01 7.062232144396279887e-01
-7.400000000000000000e+01 2.800000000000000000e+01 6.653187189128756396e-01
-7.400000000000000000e+01 2.900000000000000000e+01 6.585351628320809114e-01
-7.400000000000000000e+01 3.000000000000000000e+01 6.796774362358043442e-01
-7.400000000000000000e+01 3.100000000000000000e+01 6.778970567789830426e-01
-7.400000000000000000e+01 3.200000000000000000e+01 6.729549982366697103e-01
-7.400000000000000000e+01 3.300000000000000000e+01 6.649651864131563839e-01
-7.400000000000000000e+01 3.400000000000000000e+01 6.110950635165112166e-01
-7.400000000000000000e+01 3.500000000000000000e+01 5.274494868834808114e-01
-7.400000000000000000e+01 3.600000000000000000e+01 4.949609410822404798e-01
-7.300000000000000000e+01 1.600000000000000000e+01 7.954757819182577405e-01
-7.300000000000000000e+01 1.700000000000000000e+01 8.383129440884256045e-01
-7.300000000000000000e+01 1.800000000000000000e+01 8.059318065599789804e-01
-7.300000000000000000e+01 1.900000000000000000e+01 7.672826138026046516e-01
-7.300000000000000000e+01 2.000000000000000000e+01 7.618013068920977959e-01
-7.300000000000000000e+01 2.100000000000000000e+01 7.616828541150684195e-01
-7.300000000000000000e+01 2.200000000000000000e+01 7.722133355412479361e-01
-7.300000000000000000e+01 2.300000000000000000e+01 7.583314509241324552e-01
-7.300000000000000000e+01 2.400000000000000000e+01 7.179956829119653605e-01
-7.300000000000000000e+01 2.500000000000000000e+01 6.783555652348134402e-01
-7.300000000000000000e+01 2.600000000000000000e+01 7.176630691481447055e-01
-7.300000000000000000e+01 2.700000000000000000e+01 7.337087472396990329e-01
-7.300000000000000000e+01 2.800000000000000000e+01 6.857879374246593773e-01
-7.300000000000000000e+01 2.900000000000000000e+01 6.535878819590643651e-01
-7.300000000000000000e+01 3.000000000000000000e+01 6.588996183146447194e-01
-7.300000000000000000e+01 3.100000000000000000e+01 6.331704771376699403e-01
-7.300000000000000000e+01 3.200000000000000000e+01 6.134283087558622949e-01
-7.300000000000000000e+01 3.300000000000000000e+01 6.194863615984738114e-01
-7.300000000000000000e+01 3.400000000000000000e+01 5.611340594171244645e-01
-7.300000000000000000e+01 3.500000000000000000e+01 4.678004126537523288e-01
-7.300000000000000000e+01 3.600000000000000000e+01 4.567143230575695378e-01
-7.200000000000000000e+01 1.600000000000000000e+01 7.593743902235126075e-01
-7.200000000000000000e+01 1.700000000000000000e+01 8.287477751381103763e-01
-7.200000000000000000e+01 1.800000000000000000e+01 8.071441842541440259e-01
-7.200000000000000000e+01 1.900000000000000000e+01 7.716709594895412305e-01
-7.200000000000000000e+01 2.000000000000000000e+01 7.695547238278761526e-01
-7.200000000000000000e+01 2.100000000000000000e+01 7.666731962583882565e-01
-7.200000000000000000e+01 2.200000000000000000e+01 7.692796155937825509e-01
-7.200000000000000000e+01 2.300000000000000000e+01 7.618733571296421037e-01
-7.200000000000000000e+01 2.400000000000000000e+01 7.372512511433801929e-01
-7.200000000000000000e+01 2.500000000000000000e+01 6.974948153744223722e-01
-7.200000000000000000e+01 2.600000000000000000e+01 7.420069598974265990e-01
-7.200000000000000000e+01 2.700000000000000000e+01 7.425866259487904353e-01
-7.200000000000000000e+01 2.800000000000000000e+01 6.629868590445943122e-01
-7.200000000000000000e+01 2.900000000000000000e+01 6.455038752827828574e-01
-7.200000000000000000e+01 3.000000000000000000e+01 6.495363687714301726e-01
-7.200000000000000000e+01 3.100000000000000000e+01 5.984328568583829888e-01
-7.200000000000000000e+01 3.200000000000000000e+01 5.788693435406651044e-01
-7.200000000000000000e+01 3.300000000000000000e+01 5.864826861858682960e-01
-7.200000000000000000e+01 3.400000000000000000e+01 5.151428106702551357e-01
-7.200000000000000000e+01 3.500000000000000000e+01 4.472574654052399734e-01
-7.200000000000000000e+01 3.600000000000000000e+01 nan
