Longitude[deg], Latitude[deg], Dust optical depth
-4.200000000000000000e+01 -2.800000000000000000e+01 nan
-4.200000000000000000e+01 -2.700000000000000000e+01 nan
-4.200000000000000000e+01 -2.600000000000000000e+01 nan
-4.200000000000000000e+01 -2.500000000000000000e+01 nan
-4.200000000000000000e+01 -2.400000000000000000e+01 nan
-4.200000000000000000e+01 -2.300000000000000000e+01 nan
-4.200000000000000000e+01 -2.200000000000000000e+01 nan
-4.200000000000000000e+01 -2.100000000000000000e+01 nan
-4.200000000000000000e+01 -2.000000000000000000e+01 nan
-4.200000000000000000e+01 -1.900000000000000000e+01 nan
-4.200000000000000000e+01 -1.800000000000000000e+01 nan
-4.200000000000000000e+01 -1.700000000000000000e+01 nan
-4.200000000000000000e+01 -1.600000000000000000e+01 nan
-4.200000000000000000e+01 -1.500000000000000000e+01 nan
-4.200000000000000000e+01 -1.400000000000000000e+01 nan
-4.200000000000000000e+01 -1.300000000000000000e+01 1.161019598594333901e+00
-4.200000000000000000e+01 -1.200000000000000000e+01 1.132063656572839028e+00
-4.200000000000000000e+01 -1.100000000000000000e+01 1.245977935453022489e+00
-4.200000000000000000e+01 -1.000000000000000000e+01 1.129084744835094689e+00
-4.200000000000000000e+01 -9.000000000000000000e+00 1.250288718240526675e+00
-4.200000000000000000e+01 -8.000000000000000000e+00 1.305154472819632261e+00
-4.200000000000000000e+01 -7.000000000000000000e+00 1.316761999355846369e+00
-4.200000000000000000e+01 -6.000000000000000000e+00 1.285232624078919139e+00
-4.200000000000000000e+01 -5.000000000000000000e+00 1.118949386156026904e+00
-4.200000000000000000e+01 -4.000000000000000000e+00 1.109899367125362302e+00
-4.200000000000000000e+01 -3.000000000000000000e+00 1.016353217608093384e+00
-4.200000000000000000e+01 -2.000000000000000000e+00 7.230519050414108140e-01
-4.200000000000000000e+01 -1.000000000000000000e+00 nan
-4.100000000000000000e+01 -2.800000000000000000e+01 1.486356415361763439e+00
-4.100000000000000000e+01 -2.700000000000000000e+01 1.410069927445412263e+00
-4.100000000000000000e+01 -2.600000000000000000e+01 1.275786822418704558e+00
-4.100000000000000000e+01 -2.500000000000000000e+01 1.151625117179283730e+00
-4.100000000000000000e+01 -2.400000000000000000e+01 1.140610206351239331e+00
-4.100000000000000000e+01 -2.300000000000000000e+01 1.100131745445234177e+00
-4.100000000000000000e+01 -2.200000000000000000e+01 1.071456567969489848e+00
-4.100000000000000000e+01 -2.100000000000000000e+01 1.145692773262298569e+00
-4.100000000000000000e+01 -2.000000000000000000e+01 1.144863494327569953e+00
-4.100000000000000000e+01 -1.900000000000000000e+01 1.181772825008802652e+00
-4.100000000000000000e+01 -1.800000000000000000e+01 1.182758608069391926e+00
-4.100000000000000000e+01 -1.700000000000000000e+01 1.324220151374233989e+00
-4.100000000000000000e+01 -1.600000000000000000e+01 1.383854285529766415e+00
-4.100000000000000000e+01 -1.500000000000000000e+01 1.480101840921104195e+00
-4.100000000000000000e+01 -1.400000000000000000e+01 1.458270303036100612e+00
-4.100000000000000000e+01 -1.300000000000000000e+01 1.251496732480945617e+00
-4.100000000000000000e+01 -1.200000000000000000e+01 1.167224522270333020e+00
-4.100000000000000000e+01 -1.100000000000000000e+01 1.270221720730517312e+00
-4.100000000000000000e+01 -1.000000000000000000e+01 1.141652455791482446e+00
-4.100000000000000000e+01 -9.000000000000000000e+00 1.213706519435608255e+00
-4.100000000000000000e+01 -8.000000000000000000e+00 1.389975290837495381e+00
-4.100000000000000000e+01 -7.000000000000000000e+00 1.378101118437691008e+00
-4.100000000000000000e+01 -6.000000000000000000e+00 1.296106877291990811e+00
-4.100000000000000000e+01 -5.000000000000000000e+00 1.122786104521511730e+00
-4.100000000000000000e+01 -4.000000000000000000e+00 1.118235794314066167e+00
-4.100000000000000000e+01 -3.000000000000000000e+00 1.017975401394250801e+00
-4.100000000000000000e+01 -2.000000000000000000e+00 6.907635372034361954e-01
-4.100000000000000000e+01 -1.000000000000000000e+00 nan
-4.000000000000000000e+01 -2.800000000000000000e+01 1.486356415361763439e+00
-4.000000000000000000e+01 -2.700000000000000000e+01 1.410069927445412263e+00
-4.000000000000000000e+01 -2.600000000000000000e+01 1.275786822418704558e+00
-4.000000000000000000e+01 -2.500000000000000000e+01 1.151625117179283730e+00
-4.000000000000000000e+01 -2.400000000000000000e+01 1.140610206351239331e+00
-4.000000000000000000e+01 -2.300000000000000000e+01 1.100131745445234177e+00
-4.000000000000000000e+01 -2.200000000000000000e+01 1.071456567969489848e+00
-4.000000000000000000e+01 -2.100000000000000000e+01 1.145692773262298569e+00
-4.000000000000000000e+01 -2.000000000000000000e+01 1.144863494327569953e+00
-4.000000000000000000e+01 -1.900000000000000000e+01 1.181772825008802652e+00
-4.000000000000000000e+01 -1.800000000000000000e+01 1.182758608069391926e+00
-4.000000000000000000e+01 -1.700000000000000000e+01 1.324220151374233989e+00
-4.000000000000000000e+01 -1.600000000000000000e+01 1.383854285529766415e+00
-4.000000000000000000e+01 -1.500000000000000000e+01 1.480101840921104195e+00
-4.000000000000000000e+01 -1.400000000000000000e+01 1.458270303036100612e+00
-4.000000000000000000e+01 -1.300000000000000000e+01 1.254115689998752003e+00
-4.000000000000000000e+01 -1.200000000000000000e+01 1.171898045831229584e+00
-4.000000000000000000e+01 -1.100000000000000000e+01 1.280289248390267476e+00
-4.000000000000000000e+01 -1.000000000000000000e+01 1.142242511897426205e+00
-4.000000000000000000e+01 -9.000000000000000000e+00 1.194281556417605250e+00
-4.000000000000000000e+01 -8.000000000000000000e+00 1.435054052415668080e+00
-4.000000000000000000e+01 -7.000000000000000000e+00 1.449322398213921614e+00
-4.000000000000000000e+01 -6.000000000000000000e+00 1.303115299432098917e+00
-4.000000000000000000e+01 -5.000000000000000000e+00 1.125007330072725686e+00
-4.000000000000000000e+01 -4.000000000000000000e+00 1.125104002963983385e+00
-4.000000000000000000e+01 -3.000000000000000000e+00 1.019663064862353252e+00
-4.000000000000000000e+01 -2.000000000000000000e+00 6.529652293264375240e-01
-4.000000000000000000e+01 -1.000000000000000000e+00 nan
