Longitude[deg], Latitude[deg], Dust optical depth
-1.250000000000000000e+02 -3.000000000000000000e+01 nan
-1.250000000000000000e+02 -2.900000000000000000e+01 nan
-1.250000000000000000e+02 -2.800000000000000000e+01 nan
-1.250000000000000000e+02 -2.700000000000000000e+01 nan
-1.250000000000000000e+02 -2.600000000000000000e+01 nan
-1.250000000000000000e+02 -2.500000000000000000e+01 nan
-1.250000000000000000e+02 -2.400000000000000000e+01 nan
-1.250000000000000000e+02 -2.300000000000000000e+01 nan
-1.250000000000000000e+02 -2.200000000000000000e+01 nan
-1.250000000000000000e+02 -2.100000000000000000e+01 nan
-1.250000000000000000e+02 -2.000000000000000000e+01 nan
-1.250000000000000000e+02 -1.900000000000000000e+01 nan
-1.250000000000000000e+02 -1.800000000000000000e+01 nan
-1.250000000000000000e+02 -1.700000000000000000e+01 nan
-1.250000000000000000e+02 -1.600000000000000000e+01 nan
-1.250000000000000000e+02 -1.500000000000000000e+01 nan
-1.250000000000000000e+02 -1.400000000000000000e+01 nan
-1.240000000000000000e+02 -3.000000000000000000e+01 5.947308418821626752e+00
-1.240000000000000000e+02 -2.900000000000000000e+01 5.763388858312985974e+00
-1.240000000000000000e+02 -2.800000000000000000e+01 5.654022744095495767e+00
-1.240000000000000000e+02 -2.700000000000000000e+01 5.546297785690334159e+00
-1.240000000000000000e+02 -2.600000000000000000e+01 5.502058615882012838e+00
-1.240000000000000000e+02 -2.500000000000000000e+01 5.610907849836609174e+00
-1.240000000000000000e+02 -2.400000000000000000e+01 5.979738501386674621e+00
-1.240000000000000000e+02 -2.300000000000000000e+01 5.891294752129192069e+00
-1.240000000000000000e+02 -2.200000000000000000e+01 5.861346564744667198e+00
-1.240000000000000000e+02 -2.100000000000000000e+01 5.999462863681857883e+00
-1.240000000000000000e+02 -2.000000000000000000e+01 6.246825337254917621e+00
-1.240000000000000000e+02 -1.900000000000000000e+01 6.399732114801895300e+00
-1.240000000000000000e+02 -1.800000000000000000e+01 6.504914070353523314e+00
-1.240000000000000000e+02 -1.700000000000000000e+01 nan
-1.240000000000000000e+02 -1.600000000000000000e+01 nan
-1.240000000000000000e+02 -1.500000000000000000e+01 nan
-1.240000000000000000e+02 -1.400000000000000000e+01 nan
-1.230000000000000000e+02 -3.000000000000000000e+01 5.856019429265626464e+00
-1.230000000000000000e+02 -2.900000000000000000e+01 5.680123339120955350e+00
-1.230000000000000000e+02 -2.800000000000000000e+01 5.536220722876595168e+00
-1.230000000000000000e+02 -2.700000000000000000e+01 5.435670594231583941e+00
-1.230000000000000000e+02 -2.600000000000000000e+01 5.378480867058113901e+00
-1.230000000000000000e+02 -2.500000000000000000e+01 5.568824258813854122e+00
-1.230000000000000000e+02 -2.400000000000000000e+01 5.809897538897454972e+00
-1.230000000000000000e+02 -2.300000000000000000e+01 5.723788890496127379e+00
-1.230000000000000000e+02 -2.200000000000000000e+01 5.820346077022689357e+00
-1.230000000000000000e+02 -2.100000000000000000e+01 5.975386228721975890e+00
-1.230000000000000000e+02 -2.000000000000000000e+01 6.196316827532839966e+00
-1.230000000000000000e+02 -1.900000000000000000e+01 6.385152416249377794e+00
-1.230000000000000000e+02 -1.800000000000000000e+01 6.504914070353523314e+00
-1.230000000000000000e+02 -1.700000000000000000e+01 nan
-1.230000000000000000e+02 -1.600000000000000000e+01 nan
-1.230000000000000000e+02 -1.500000000000000000e+01 nan
-1.230000000000000000e+02 -1.400000000000000000e+01 nan
-1.220000000000000000e+02 -3.000000000000000000e+01 5.813741179035726958e+00
-1.220000000000000000e+02 -2.900000000000000000e+01 5.644275639656552102e+00
-1.220000000000000000e+02 -2.800000000000000000e+01 5.476683415372372465e+00
-1.220000000000000000e+02 -2.700000000000000000e+01 5.398999484145669214e+00
-1.220000000000000000e+02 -2.600000000000000000e+01 5.344107286600802809e+00
-1.220000000000000000e+02 -2.500000000000000000e+01 5.538375742346559605e+00
-1.220000000000000000e+02 -2.400000000000000000e+01 5.721332961488966085e+00
-1.220000000000000000e+02 -2.300000000000000000e+01 5.656164040685729866e+00
-1.220000000000000000e+02 -2.200000000000000000e+01 5.787458943966270475e+00
-1.220000000000000000e+02 -2.100000000000000000e+01 5.925080357849091151e+00
-1.220000000000000000e+02 -2.000000000000000000e+01 6.151893980876137036e+00
-1.220000000000000000e+02 -1.900000000000000000e+01 6.148363946116424117e+00
-1.220000000000000000e+02 -1.800000000000000000e+01 nan
-1.220000000000000000e+02 -1.700000000000000000e+01 nan
-1.220000000000000000e+02 -1.600000000000000000e+01 nan
-1.220000000000000000e+02 -1.500000000000000000e+01 nan
-1.220000000000000000e+02 -1.400000000000000000e+01 nan
