Longitude[deg], Latitude[deg], Dust optical depth
-2.500000000000000000e+01 -7.900000000000000000e+01 nan
-2.500000000000000000e+01 -7.800000000000000000e+01 nan
-2.500000000000000000e+01 -7.700000000000000000e+01 nan
-2.500000000000000000e+01 -7.600000000000000000e+01 nan
-2.500000000000000000e+01 -7.500000000000000000e+01 nan
-2.500000000000000000e+01 -7.400000000000000000e+01 nan
-2.500000000000000000e+01 -7.300000000000000000e+01 nan
-2.500000000000000000e+01 -7.200000000000000000e+01 nan
-2.500000000000000000e+01 -7.100000000000000000e+01 nan
-2.500000000000000000e+01 -7.000000000000000000e+01 nan
-2.500000000000000000e+01 -6.900000000000000000e+01 nan
-2.500000000000000000e+01 -6.800000000000000000e+01 nan
-2.500000000000000000e+01 -6.700000000000000000e+01 nan
-2.500000000000000000e+01 -6.600000000000000000e+01 nan
-2.500000000000000000e+01 -6.500000000000000000e+01 nan
-2.500000000000000000e+01 -6.400000000000000000e+01 nan
-2.500000000000000000e+01 -6.300000000000000000e+01 nan
-2.500000000000000000e+01 -6.200000000000000000e+01 nan
-2.500000000000000000e+01 -6.100000000000000000e+01 nan
-2.500000000000000000e+01 -6.000000000000000000e+01 nan
-2.500000000000000000e+01 -5.900000000000000000e+01 nan
-2.500000000000000000e+01 -5.800000000000000000e+01 nan
-2.500000000000000000e+01 -5.700000000000000000e+01 nan
-2.500000000000000000e+01 -5.600000000000000000e+01 nan
-2.500000000000000000e+01 -5.500000000000000000e+01 nan
-2.500000000000000000e+01 -5.400000000000000000e+01 nan
-2.500000000000000000e+01 -5.300000000000000000e+01 nan
-2.500000000000000000e+01 -5.200000000000000000e+01 nan
-2.500000000000000000e+01 -5.100000000000000000e+01 nan
-2.500000000000000000e+01 -5.000000000000000000e+01 nan
-2.500000000000000000e+01 -4.900000000000000000e+01 nan
-2.500000000000000000e+01 -4.800000000000000000e+01 nan
-2.500000000000000000e+01 -4.700000000000000000e+01 nan
-2.500000000000000000e+01 -4.600000000000000000e+01 nan
-2.500000000000000000e+01 -4.500000000000000000e+01 nan
-2.500000000000000000e+01 -4.400000000000000000e+01 nan
-2.500000000000000000e+01 -4.300000000000000000e+01 nan
-2.500000000000000000e+01 -4.200000000000000000e+01 nan
-2.500000000000000000e+01 -4.100000000000000000e+01 nan
-2.500000000000000000e+01 -4.000000000000000000e+01 nan
-2.500000000000000000e+01 -3.900000000000000000e+01 nan
-2.500000000000000000e+01 -3.800000000000000000e+01 nan
-2.500000000000000000e+01 -3.700000000000000000e+01 nan
-2.500000000000000000e+01 -3.600000000000000000e+01 nan
-2.500000000000000000e+01 -3.500000000000000000e+01 nan
-2.500000000000000000e+01 -3.400000000000000000e+01 nan
-2.500000000000000000e+01 -3.300000000000000000e+01 nan
-2.500000000000000000e+01 -3.200000000000000000e+01 nan
-2.400000000000000000e+01 -7.900000000000000000e+01 nan
-2.400000000000000000e+01 -7.800000000000000000e+01 nan
-2.400000000000000000e+01 -7.700000000000000000e+01 nan
-2.400000000000000000e+01 -7.600000000000000000e+01 nan
-2.400000000000000000e+01 -7.500000000000000000e+01 nan
-2.400000000000000000e+01 -7.400000000000000000e+01 nan
-2.400000000000000000e+01 -7.300000000000000000e+01 nan
-2.400000000000000000e+01 -7.200000000000000000e+01 nan
-2.400000000000000000e+01 -7.100000000000000000e+01 nan
-2.400000000000000000e+01 -7.000000000000000000e+01 nan
-2.400000000000000000e+01 -6.900000000000000000e+01 nan
-2.400000000000000000e+01 -6.800000000000000000e+01 nan
-2.400000000000000000e+01 -6.700000000000000000e+01 nan
-2.400000000000000000e+01 -6.600000000000000000e+01 nan
-2.400000000000000000e+01 -6.500000000000000000e+01 nan
-2.400000000000000000e+01 -6.400000000000000000e+01 nan
-2.400000000000000000e+01 -6.300000000000000000e+01 nan
-2.400000000000000000e+01 -6.200000000000000000e+01 nan
-2.400000000000000000e+01 -6.100000000000000000e+01 nan
-2.400000000000000000e+01 -6.000000000000000000e+01 nan
-2.400000000000000000e+01 -5.900000000000000000e+01 nan
-2.400000000000000000e+01 -5.800000000000000000e+01 nan
-2.400000000000000000e+01 -5.700000000000000000e+01 nan
-2.400000000000000000e+01 -5.600000000000000000e+01 nan
-2.400000000000000000e+01 -5.500000000000000000e+01 nan
-2.400000000000000000e+01 -5.400000000000000000e+01 nan
-2.400000000000000000e+01 -5.300000000000000000e+01 nan
-2.400000000000000000e+01 -5.200000000000000000e+01 nan
-2.400000000000000000e+01 -5.100000000000000000e+01 nan
-2.400000000000000000e+01 -5.000000000000000000e+01 nan
-2.400000000000000000e+01 -4.900000000000000000e+01 nan
-2.400000000000000000e+01 -4.800000000000000000e+01 nan
-2.400000000000000000e+01 -4.700000000000000000e+01 nan
-2.400000000000000000e+01 -4.600000000000000000e+01 nan
-2.400000000000000000e+01 -4.500000000000000000e+01 nan
-2.400000000000000000e+01 -4.400000000000000000e+01 nan
-2.400000000000000000e+01 -4.300000000000000000e+01 nan
-2.400000000000000000e+01 -4.200000000000000000e+01 nan
-2.400000000000000000e+01 -4.100000000000000000e+01 nan
-2.400000000000000000e+01 -4.000000000000000000e+01 nan
-2.400000000000000000e+01 -3.900000000000000000e+01 nan
-2.400000000000000000e+01 -3.800000000000000000e+01 nan
-2.400000000000000000e+01 -3.700000000000000000e+01 nan
-2.400000000000000000e+01 -3.600000000000000000e+01 nan
-2.400000000000000000e+01 -3.500000000000000000e+01 nan
-2.400000000000000000e+01 -3.400000000000000000e+01 nan
-2.400000000000000000e+01 -3.300000000000000000e+01 nan
-2.400000000000000000e+01 -3.200000000000000000e+01 nan
-2.300000000000000000e+01 -7.900000000000000000e+01 nan
-2.300000000000000000e+01 -7.800000000000000000e+01 nan
-2.300000000000000000e+01 -7.700000000000000000e+01 nan
-2.300000000000000000e+01 -7.600000000000000000e+01 nan
-2.300000000000000000e+01 -7.500000000000000000e+01 nan
-2.300000000000000000e+01 -7.400000000000000000e+01 nan
-2.300000000000000000e+01 -7.300000000000000000e+01 nan
-2.300000000000000000e+01 -7.200000000000000000e+01 nan
-2.300000000000000000e+01 -7.100000000000000000e+01 nan
-2.300000000000000000e+01 -7.000000000000000000e+01 nan
-2.300000000000000000e+01 -6.900000000000000000e+01 nan
-2.300000000000000000e+01 -6.800000000000000000e+01 nan
-2.300000000000000000e+01 -6.700000000000000000e+01 nan
-2.300000000000000000e+01 -6.600000000000000000e+01 nan
-2.300000000000000000e+01 -6.500000000000000000e+01 nan
-2.300000000000000000e+01 -6.400000000000000000e+01 nan
-2.300000000000000000e+01 -6.300000000000000000e+01 nan
-2.300000000000000000e+01 -6.200000000000000000e+01 nan
-2.300000000000000000e+01 -6.100000000000000000e+01 nan
-2.300000000000000000e+01 -6.000000000000000000e+01 nan
-2.300000000000000000e+01 -5.900000000000000000e+01 nan
-2.300000000000000000e+01 -5.800000000000000000e+01 nan
-2.300000000000000000e+01 -5.700000000000000000e+01 nan
-2.300000000000000000e+01 -5.600000000000000000e+01 nan
-2.300000000000000000e+01 -5.500000000000000000e+01 nan
-2.300000000000000000e+01 -5.400000000000000000e+01 nan
-2.300000000000000000e+01 -5.300000000000000000e+01 nan
-2.300000000000000000e+01 -5.200000000000000000e+01 nan
-2.300000000000000000e+01 -5.100000000000000000e+01 nan
-2.300000000000000000e+01 -5.000000000000000000e+01 nan
-2.300000000000000000e+01 -4.900000000000000000e+01 nan
-2.300000000000000000e+01 -4.800000000000000000e+01 nan
-2.300000000000000000e+01 -4.700000000000000000e+01 nan
-2.300000000000000000e+01 -4.600000000000000000e+01 nan
-2.300000000000000000e+01 -4.500000000000000000e+01 nan
-2.300000000000000000e+01 -4.400000000000000000e+01 nan
-2.300000000000000000e+01 -4.300000000000000000e+01 nan
-2.300000000000000000e+01 -4.200000000000000000e+01 nan
-2.300000000000000000e+01 -4.100000000000000000e+01 nan
-2.300000000000000000e+01 -4.000000000000000000e+01 nan
-2.300000000000000000e+01 -3.900000000000000000e+01 nan
-2.300000000000000000e+01 -3.800000000000000000e+01 nan
-2.300000000000000000e+01 -3.700000000000000000e+01 nan
-2.300000000000000000e+01 -3.600000000000000000e+01 nan
-2.300000000000000000e+01 -3.500000000000000000e+01 nan
-2.300000000000000000e+01 -3.400000000000000000e+01 nan
-2.300000000000000000e+01 -3.300000000000000000e+01 nan
-2.300000000000000000e+01 -3.200000000000000000e+01 nan
-2.200000000000000000e+01 -7.900000000000000000e+01 nan
-2.200000000000000000e+01 -7.800000000000000000e+01 nan
-2.200000000000000000e+01 -7.700000000000000000e+01 nan
-2.200000000000000000e+01 -7.600000000000000000e+01 nan
-2.200000000000000000e+01 -7.500000000000000000e+01 nan
-2.200000000000000000e+01 -7.400000000000000000e+01 nan
-2.200000000000000000e+01 -7.300000000000000000e+01 nan
-2.200000000000000000e+01 -7.200000000000000000e+01 nan
-2.200000000000000000e+01 -7.100000000000000000e+01 nan
-2.200000000000000000e+01 -7.000000000000000000e+01 nan
-2.200000000000000000e+01 -6.900000000000000000e+01 nan
-2.200000000000000000e+01 -6.800000000000000000e+01 nan
-2.200000000000000000e+01 -6.700000000000000000e+01 nan
-2.200000000000000000e+01 -6.600000000000000000e+01 nan
-2.200000000000000000e+01 -6.500000000000000000e+01 nan
-2.200000000000000000e+01 -6.400000000000000000e+01 nan
-2.200000000000000000e+01 -6.300000000000000000e+01 nan
-2.200000000000000000e+01 -6.200000000000000000e+01 nan
-2.200000000000000000e+01 -6.100000000000000000e+01 nan
-2.200000000000000000e+01 -6.000000000000000000e+01 nan
-2.200000000000000000e+01 -5.900000000000000000e+01 nan
-2.200000000000000000e+01 -5.800000000000000000e+01 nan
-2.200000000000000000e+01 -5.700000000000000000e+01 nan
-2.200000000000000000e+01 -5.600000000000000000e+01 nan
-2.200000000000000000e+01 -5.500000000000000000e+01 nan
-2.200000000000000000e+01 -5.400000000000000000e+01 nan
-2.200000000000000000e+01 -5.300000000000000000e+01 nan
-2.200000000000000000e+01 -5.200000000000000000e+01 nan
-2.200000000000000000e+01 -5.100000000000000000e+01 nan
-2.200000000000000000e+01 -5.000000000000000000e+01 nan
-2.200000000000000000e+01 -4.900000000000000000e+01 nan
-2.200000000000000000e+01 -4.800000000000000000e+01 nan
-2.200000000000000000e+01 -4.700000000000000000e+01 nan
-2.200000000000000000e+01 -4.600000000000000000e+01 nan
-2.200000000000000000e+01 -4.500000000000000000e+01 nan
-2.200000000000000000e+01 -4.400000000000000000e+01 nan
-2.200000000000000000e+01 -4.300000000000000000e+01 nan
-2.200000000000000000e+01 -4.200000000000000000e+01 nan
-2.200000000000000000e+01 -4.100000000000000000e+01 nan
-2.200000000000000000e+01 -4.000000000000000000e+01 nan
-2.200000000000000000e+01 -3.900000000000000000e+01 nan
-2.200000000000000000e+01 -3.800000000000000000e+01 nan
-2.200000000000000000e+01 -3.700000000000000000e+01 nan
-2.200000000000000000e+01 -3.600000000000000000e+01 nan
-2.200000000000000000e+01 -3.500000000000000000e+01 nan
-2.200000000000000000e+01 -3.400000000000000000e+01 nan
-2.200000000000000000e+01 -3.300000000000000000e+01 nan
-2.200000000000000000e+01 -3.200000000000000000e+01 nan
-2.100000000000000000e+01 -7.900000000000000000e+01 nan
-2.100000000000000000e+01 -7.800000000000000000e+01 nan
-2.100000000000000000e+01 -7.700000000000000000e+01 nan
-2.100000000000000000e+01 -7.600000000000000000e+01 nan
-2.100000000000000000e+01 -7.500000000000000000e+01 nan
-2.100000000000000000e+01 -7.400000000000000000e+01 nan
-2.100000000000000000e+01 -7.300000000000000000e+01 nan
-2.100000000000000000e+01 -7.200000000000000000e+01 nan
-2.100000000000000000e+01 -7.100000000000000000e+01 nan
-2.100000000000000000e+01 -7.000000000000000000e+01 nan
-2.100000000000000000e+01 -6.900000000000000000e+01 nan
-2.100000000000000000e+01 -6.800000000000000000e+01 nan
-2.100000000000000000e+01 -6.700000000000000000e+01 nan
-2.100000000000000000e+01 -6.600000000000000000e+01 nan
-2.100000000000000000e+01 -6.500000000000000000e+01 nan
-2.100000000000000000e+01 -6.400000000000000000e+01 nan
-2.100000000000000000e+01 -6.300000000000000000e+01 nan
-2.100000000000000000e+01 -6.200000000000000000e+01 nan
-2.100000000000000000e+01 -6.100000000000000000e+01 nan
-2.100000000000000000e+01 -6.000000000000000000e+01 nan
-2.100000000000000000e+01 -5.900000000000000000e+01 nan
-2.100000000000000000e+01 -5.800000000000000000e+01 nan
-2.100000000000000000e+01 -5.700000000000000000e+01 nan
-2.100000000000000000e+01 -5.600000000000000000e+01 nan
-2.100000000000000000e+01 -5.500000000000000000e+01 nan
-2.100000000000000000e+01 -5.400000000000000000e+01 nan
-2.100000000000000000e+01 -5.300000000000000000e+01 nan
-2.100000000000000000e+01 -5.200000000000000000e+01 nan
-2.100000000000000000e+01 -5.100000000000000000e+01 nan
-2.100000000000000000e+01 -5.000000000000000000e+01 nan
-2.100000000000000000e+01 -4.900000000000000000e+01 nan
-2.100000000000000000e+01 -4.800000000000000000e+01 nan
-2.100000000000000000e+01 -4.700000000000000000e+01 nan
-2.100000000000000000e+01 -4.600000000000000000e+01 nan
-2.100000000000000000e+01 -4.500000000000000000e+01 nan
-2.100000000000000000e+01 -4.400000000000000000e+01 nan
-2.100000000000000000e+01 -4.300000000000000000e+01 nan
-2.100000000000000000e+01 -4.200000000000000000e+01 nan
-2.100000000000000000e+01 -4.100000000000000000e+01 nan
-2.100000000000000000e+01 -4.000000000000000000e+01 nan
-2.100000000000000000e+01 -3.900000000000000000e+01 nan
-2.100000000000000000e+01 -3.800000000000000000e+01 nan
-2.100000000000000000e+01 -3.700000000000000000e+01 nan
-2.100000000000000000e+01 -3.600000000000000000e+01 nan
-2.100000000000000000e+01 -3.500000000000000000e+01 nan
-2.100000000000000000e+01 -3.400000000000000000e+01 nan
-2.100000000000000000e+01 -3.300000000000000000e+01 nan
-2.100000000000000000e+01 -3.200000000000000000e+01 nan
-2.000000000000000000e+01 -7.900000000000000000e+01 nan
-2.000000000000000000e+01 -7.800000000000000000e+01 nan
-2.000000000000000000e+01 -7.700000000000000000e+01 nan
-2.000000000000000000e+01 -7.600000000000000000e+01 nan
-2.000000000000000000e+01 -7.500000000000000000e+01 nan
-2.000000000000000000e+01 -7.400000000000000000e+01 nan
-2.000000000000000000e+01 -7.300000000000000000e+01 nan
-2.000000000000000000e+01 -7.200000000000000000e+01 nan
-2.000000000000000000e+01 -7.100000000000000000e+01 nan
-2.000000000000000000e+01 -7.000000000000000000e+01 nan
-2.000000000000000000e+01 -6.900000000000000000e+01 nan
-2.000000000000000000e+01 -6.800000000000000000e+01 nan
-2.000000000000000000e+01 -6.700000000000000000e+01 nan
-2.000000000000000000e+01 -6.600000000000000000e+01 nan
-2.000000000000000000e+01 -6.500000000000000000e+01 nan
-2.000000000000000000e+01 -6.400000000000000000e+01 nan
-2.000000000000000000e+01 -6.300000000000000000e+01 nan
-2.000000000000000000e+01 -6.200000000000000000e+01 nan
-2.000000000000000000e+01 -6.100000000000000000e+01 nan
-2.000000000000000000e+01 -6.000000000000000000e+01 nan
-2.000000000000000000e+01 -5.900000000000000000e+01 nan
-2.000000000000000000e+01 -5.800000000000000000e+01 nan
-2.000000000000000000e+01 -5.700000000000000000e+01 nan
-2.000000000000000000e+01 -5.600000000000000000e+01 nan
-2.000000000000000000e+01 -5.500000000000000000e+01 nan
-2.000000000000000000e+01 -5.400000000000000000e+01 nan
-2.000000000000000000e+01 -5.300000000000000000e+01 nan
-2.000000000000000000e+01 -5.200000000000000000e+01 nan
-2.000000000000000000e+01 -5.100000000000000000e+01 nan
-2.000000000000000000e+01 -5.000000000000000000e+01 nan
-2.000000000000000000e+01 -4.900000000000000000e+01 nan
-2.000000000000000000e+01 -4.800000000000000000e+01 nan
-2.000000000000000000e+01 -4.700000000000000000e+01 nan
-2.000000000000000000e+01 -4.600000000000000000e+01 nan
-2.000000000000000000e+01 -4.500000000000000000e+01 nan
-2.000000000000000000e+01 -4.400000000000000000e+01 nan
-2.000000000000000000e+01 -4.300000000000000000e+01 nan
-2.000000000000000000e+01 -4.200000000000000000e+01 nan
-2.000000000000000000e+01 -4.100000000000000000e+01 nan
-2.000000000000000000e+01 -4.000000000000000000e+01 nan
-2.000000000000000000e+01 -3.900000000000000000e+01 nan
-2.000000000000000000e+01 -3.800000000000000000e+01 nan
-2.000000000000000000e+01 -3.700000000000000000e+01 nan
-2.000000000000000000e+01 -3.600000000000000000e+01 nan
-2.000000000000000000e+01 -3.500000000000000000e+01 nan
-2.000000000000000000e+01 -3.400000000000000000e+01 nan
-2.000000000000000000e+01 -3.300000000000000000e+01 nan
-2.000000000000000000e+01 -3.200000000000000000e+01 nan
-1.900000000000000000e+01 -7.900000000000000000e+01 nan
-1.900000000000000000e+01 -7.800000000000000000e+01 nan
-1.900000000000000000e+01 -7.700000000000000000e+01 nan
-1.900000000000000000e+01 -7.600000000000000000e+01 nan
-1.900000000000000000e+01 -7.500000000000000000e+01 nan
-1.900000000000000000e+01 -7.400000000000000000e+01 nan
-1.900000000000000000e+01 -7.300000000000000000e+01 nan
-1.900000000000000000e+01 -7.200000000000000000e+01 nan
-1.900000000000000000e+01 -7.100000000000000000e+01 nan
-1.900000000000000000e+01 -7.000000000000000000e+01 nan
-1.900000000000000000e+01 -6.900000000000000000e+01 nan
-1.900000000000000000e+01 -6.800000000000000000e+01 nan
-1.900000000000000000e+01 -6.700000000000000000e+01 nan
-1.900000000000000000e+01 -6.600000000000000000e+01 nan
-1.900000000000000000e+01 -6.500000000000000000e+01 nan
-1.900000000000000000e+01 -6.400000000000000000e+01 nan
-1.900000000000000000e+01 -6.300000000000000000e+01 nan
-1.900000000000000000e+01 -6.200000000000000000e+01 nan
-1.900000000000000000e+01 -6.100000000000000000e+01 nan
-1.900000000000000000e+01 -6.000000000000000000e+01 nan
-1.900000000000000000e+01 -5.900000000000000000e+01 nan
-1.900000000000000000e+01 -5.800000000000000000e+01 nan
-1.900000000000000000e+01 -5.700000000000000000e+01 nan
-1.900000000000000000e+01 -5.600000000000000000e+01 nan
-1.900000000000000000e+01 -5.500000000000000000e+01 nan
-1.900000000000000000e+01 -5.400000000000000000e+01 nan
-1.900000000000000000e+01 -5.300000000000000000e+01 nan
-1.900000000000000000e+01 -5.200000000000000000e+01 nan
-1.900000000000000000e+01 -5.100000000000000000e+01 nan
-1.900000000000000000e+01 -5.000000000000000000e+01 nan
-1.900000000000000000e+01 -4.900000000000000000e+01 nan
-1.900000000000000000e+01 -4.800000000000000000e+01 nan
-1.900000000000000000e+01 -4.700000000000000000e+01 nan
-1.900000000000000000e+01 -4.600000000000000000e+01 nan
-1.900000000000000000e+01 -4.500000000000000000e+01 nan
-1.900000000000000000e+01 -4.400000000000000000e+01 nan
-1.900000000000000000e+01 -4.300000000000000000e+01 nan
-1.900000000000000000e+01 -4.200000000000000000e+01 nan
-1.900000000000000000e+01 -4.100000000000000000e+01 nan
-1.900000000000000000e+01 -4.000000000000000000e+01 nan
-1.900000000000000000e+01 -3.900000000000000000e+01 nan
-1.900000000000000000e+01 -3.800000000000000000e+01 nan
-1.900000000000000000e+01 -3.700000000000000000e+01 nan
-1.900000000000000000e+01 -3.600000000000000000e+01 nan
-1.900000000000000000e+01 -3.500000000000000000e+01 nan
-1.900000000000000000e+01 -3.400000000000000000e+01 nan
-1.900000000000000000e+01 -3.300000000000000000e+01 nan
-1.900000000000000000e+01 -3.200000000000000000e+01 nan
-1.800000000000000000e+01 -7.900000000000000000e+01 nan
-1.800000000000000000e+01 -7.800000000000000000e+01 nan
-1.800000000000000000e+01 -7.700000000000000000e+01 nan
-1.800000000000000000e+01 -7.600000000000000000e+01 nan
-1.800000000000000000e+01 -7.500000000000000000e+01 nan
-1.800000000000000000e+01 -7.400000000000000000e+01 nan
-1.800000000000000000e+01 -7.300000000000000000e+01 nan
-1.800000000000000000e+01 -7.200000000000000000e+01 nan
-1.800000000000000000e+01 -7.100000000000000000e+01 nan
-1.800000000000000000e+01 -7.000000000000000000e+01 nan
-1.800000000000000000e+01 -6.900000000000000000e+01 nan
-1.800000000000000000e+01 -6.800000000000000000e+01 nan
-1.800000000000000000e+01 -6.700000000000000000e+01 nan
-1.800000000000000000e+01 -6.600000000000000000e+01 nan
-1.800000000000000000e+01 -6.500000000000000000e+01 nan
-1.800000000000000000e+01 -6.400000000000000000e+01 nan
-1.800000000000000000e+01 -6.300000000000000000e+01 nan
-1.800000000000000000e+01 -6.200000000000000000e+01 nan
-1.800000000000000000e+01 -6.100000000000000000e+01 nan
-1.800000000000000000e+01 -6.000000000000000000e+01 nan
-1.800000000000000000e+01 -5.900000000000000000e+01 nan
-1.800000000000000000e+01 -5.800000000000000000e+01 nan
-1.800000000000000000e+01 -5.700000000000000000e+01 nan
-1.800000000000000000e+01 -5.600000000000000000e+01 nan
-1.800000000000000000e+01 -5.500000000000000000e+01 nan
-1.800000000000000000e+01 -5.400000000000000000e+01 nan
-1.800000000000000000e+01 -5.300000000000000000e+01 nan
-1.800000000000000000e+01 -5.200000000000000000e+01 nan
-1.800000000000000000e+01 -5.100000000000000000e+01 nan
-1.800000000000000000e+01 -5.000000000000000000e+01 nan
-1.800000000000000000e+01 -4.900000000000000000e+01 nan
-1.800000000000000000e+01 -4.800000000000000000e+01 nan
-1.800000000000000000e+01 -4.700000000000000000e+01 nan
-1.800000000000000000e+01 -4.600000000000000000e+01 nan
-1.800000000000000000e+01 -4.500000000000000000e+01 nan
-1.800000000000000000e+01 -4.400000000000000000e+01 nan
-1.800000000000000000e+01 -4.300000000000000000e+01 nan
-1.800000000000000000e+01 -4.200000000000000000e+01 nan
-1.800000000000000000e+01 -4.100000000000000000e+01 nan
-1.800000000000000000e+01 -4.000000000000000000e+01 nan
-1.800000000000000000e+01 -3.900000000000000000e+01 nan
-1.800000000000000000e+01 -3.800000000000000000e+01 nan
-1.800000000000000000e+01 -3.700000000000000000e+01 nan
-1.800000000000000000e+01 -3.600000000000000000e+01 nan
-1.800000000000000000e+01 -3.500000000000000000e+01 nan
-1.800000000000000000e+01 -3.400000000000000000e+01 nan
-1.800000000000000000e+01 -3.300000000000000000e+01 nan
-1.800000000000000000e+01 -3.200000000000000000e+01 nan
-1.700000000000000000e+01 -7.900000000000000000e+01 nan
-1.700000000000000000e+01 -7.800000000000000000e+01 nan
-1.700000000000000000e+01 -7.700000000000000000e+01 nan
-1.700000000000000000e+01 -7.600000000000000000e+01 nan
-1.700000000000000000e+01 -7.500000000000000000e+01 nan
-1.700000000000000000e+01 -7.400000000000000000e+01 nan
-1.700000000000000000e+01 -7.300000000000000000e+01 nan
-1.700000000000000000e+01 -7.200000000000000000e+01 nan
-1.700000000000000000e+01 -7.100000000000000000e+01 nan
-1.700000000000000000e+01 -7.000000000000000000e+01 nan
-1.700000000000000000e+01 -6.900000000000000000e+01 nan
-1.700000000000000000e+01 -6.800000000000000000e+01 nan
-1.700000000000000000e+01 -6.700000000000000000e+01 nan
-1.700000000000000000e+01 -6.600000000000000000e+01 nan
-1.700000000000000000e+01 -6.500000000000000000e+01 nan
-1.700000000000000000e+01 -6.400000000000000000e+01 nan
-1.700000000000000000e+01 -6.300000000000000000e+01 nan
-1.700000000000000000e+01 -6.200000000000000000e+01 nan
-1.700000000000000000e+01 -6.100000000000000000e+01 nan
-1.700000000000000000e+01 -6.000000000000000000e+01 nan
-1.700000000000000000e+01 -5.900000000000000000e+01 nan
-1.700000000000000000e+01 -5.800000000000000000e+01 nan
-1.700000000000000000e+01 -5.700000000000000000e+01 nan
-1.700000000000000000e+01 -5.600000000000000000e+01 nan
-1.700000000000000000e+01 -5.500000000000000000e+01 nan
-1.700000000000000000e+01 -5.400000000000000000e+01 nan
-1.700000000000000000e+01 -5.300000000000000000e+01 nan
-1.700000000000000000e+01 -5.200000000000000000e+01 nan
-1.700000000000000000e+01 -5.100000000000000000e+01 nan
-1.700000000000000000e+01 -5.000000000000000000e+01 nan
-1.700000000000000000e+01 -4.900000000000000000e+01 nan
-1.700000000000000000e+01 -4.800000000000000000e+01 nan
-1.700000000000000000e+01 -4.700000000000000000e+01 nan
-1.700000000000000000e+01 -4.600000000000000000e+01 nan
-1.700000000000000000e+01 -4.500000000000000000e+01 nan
-1.700000000000000000e+01 -4.400000000000000000e+01 nan
-1.700000000000000000e+01 -4.300000000000000000e+01 nan
-1.700000000000000000e+01 -4.200000000000000000e+01 nan
-1.700000000000000000e+01 -4.100000000000000000e+01 nan
-1.700000000000000000e+01 -4.000000000000000000e+01 nan
-1.700000000000000000e+01 -3.900000000000000000e+01 nan
-1.700000000000000000e+01 -3.800000000000000000e+01 nan
-1.700000000000000000e+01 -3.700000000000000000e+01 nan
-1.700000000000000000e+01 -3.600000000000000000e+01 nan
-1.700000000000000000e+01 -3.500000000000000000e+01 nan
-1.700000000000000000e+01 -3.400000000000000000e+01 nan
-1.700000000000000000e+01 -3.300000000000000000e+01 nan
-1.700000000000000000e+01 -3.200000000000000000e+01 nan
-1.600000000000000000e+01 -7.900000000000000000e+01 nan
-1.600000000000000000e+01 -7.800000000000000000e+01 nan
-1.600000000000000000e+01 -7.700000000000000000e+01 nan
-1.600000000000000000e+01 -7.600000000000000000e+01 nan
-1.600000000000000000e+01 -7.500000000000000000e+01 nan
-1.600000000000000000e+01 -7.400000000000000000e+01 nan
-1.600000000000000000e+01 -7.300000000000000000e+01 nan
-1.600000000000000000e+01 -7.200000000000000000e+01 nan
-1.600000000000000000e+01 -7.100000000000000000e+01 nan
-1.600000000000000000e+01 -7.000000000000000000e+01 nan
-1.600000000000000000e+01 -6.900000000000000000e+01 nan
-1.600000000000000000e+01 -6.800000000000000000e+01 nan
-1.600000000000000000e+01 -6.700000000000000000e+01 nan
-1.600000000000000000e+01 -6.600000000000000000e+01 nan
-1.600000000000000000e+01 -6.500000000000000000e+01 nan
-1.600000000000000000e+01 -6.400000000000000000e+01 nan
-1.600000000000000000e+01 -6.300000000000000000e+01 nan
-1.600000000000000000e+01 -6.200000000000000000e+01 nan
-1.600000000000000000e+01 -6.100000000000000000e+01 nan
-1.600000000000000000e+01 -6.000000000000000000e+01 nan
-1.600000000000000000e+01 -5.900000000000000000e+01 nan
-1.600000000000000000e+01 -5.800000000000000000e+01 nan
-1.600000000000000000e+01 -5.700000000000000000e+01 nan
-1.600000000000000000e+01 -5.600000000000000000e+01 nan
-1.600000000000000000e+01 -5.500000000000000000e+01 nan
-1.600000000000000000e+01 -5.400000000000000000e+01 nan
-1.600000000000000000e+01 -5.300000000000000000e+01 nan
-1.600000000000000000e+01 -5.200000000000000000e+01 nan
-1.600000000000000000e+01 -5.100000000000000000e+01 nan
-1.600000000000000000e+01 -5.000000000000000000e+01 nan
-1.600000000000000000e+01 -4.900000000000000000e+01 nan
-1.600000000000000000e+01 -4.800000000000000000e+01 nan
-1.600000000000000000e+01 -4.700000000000000000e+01 nan
-1.600000000000000000e+01 -4.600000000000000000e+01 nan
-1.600000000000000000e+01 -4.500000000000000000e+01 nan
-1.600000000000000000e+01 -4.400000000000000000e+01 nan
-1.600000000000000000e+01 -4.300000000000000000e+01 nan
-1.600000000000000000e+01 -4.200000000000000000e+01 nan
-1.600000000000000000e+01 -4.100000000000000000e+01 nan
-1.600000000000000000e+01 -4.000000000000000000e+01 nan
-1.600000000000000000e+01 -3.900000000000000000e+01 nan
-1.600000000000000000e+01 -3.800000000000000000e+01 nan
-1.600000000000000000e+01 -3.700000000000000000e+01 nan
-1.600000000000000000e+01 -3.600000000000000000e+01 nan
-1.600000000000000000e+01 -3.500000000000000000e+01 nan
-1.600000000000000000e+01 -3.400000000000000000e+01 nan
-1.600000000000000000e+01 -3.300000000000000000e+01 nan
-1.600000000000000000e+01 -3.200000000000000000e+01 nan
-1.500000000000000000e+01 -7.900000000000000000e+01 nan
-1.500000000000000000e+01 -7.800000000000000000e+01 nan
-1.500000000000000000e+01 -7.700000000000000000e+01 nan
-1.500000000000000000e+01 -7.600000000000000000e+01 nan
-1.500000000000000000e+01 -7.500000000000000000e+01 nan
-1.500000000000000000e+01 -7.400000000000000000e+01 nan
-1.500000000000000000e+01 -7.300000000000000000e+01 nan
-1.500000000000000000e+01 -7.200000000000000000e+01 nan
-1.500000000000000000e+01 -7.100000000000000000e+01 nan
-1.500000000000000000e+01 -7.000000000000000000e+01 nan
-1.500000000000000000e+01 -6.900000000000000000e+01 nan
-1.500000000000000000e+01 -6.800000000000000000e+01 nan
-1.500000000000000000e+01 -6.700000000000000000e+01 nan
-1.500000000000000000e+01 -6.600000000000000000e+01 nan
-1.500000000000000000e+01 -6.500000000000000000e+01 nan
-1.500000000000000000e+01 -6.400000000000000000e+01 nan
-1.500000000000000000e+01 -6.300000000000000000e+01 nan
-1.500000000000000000e+01 -6.200000000000000000e+01 nan
-1.500000000000000000e+01 -6.100000000000000000e+01 nan
-1.500000000000000000e+01 -6.000000000000000000e+01 nan
-1.500000000000000000e+01 -5.900000000000000000e+01 nan
-1.500000000000000000e+01 -5.800000000000000000e+01 nan
-1.500000000000000000e+01 -5.700000000000000000e+01 nan
-1.500000000000000000e+01 -5.600000000000000000e+01 nan
-1.500000000000000000e+01 -5.500000000000000000e+01 nan
-1.500000000000000000e+01 -5.400000000000000000e+01 nan
-1.500000000000000000e+01 -5.300000000000000000e+01 nan
-1.500000000000000000e+01 -5.200000000000000000e+01 nan
-1.500000000000000000e+01 -5.100000000000000000e+01 nan
-1.500000000000000000e+01 -5.000000000000000000e+01 nan
-1.500000000000000000e+01 -4.900000000000000000e+01 nan
-1.500000000000000000e+01 -4.800000000000000000e+01 nan
-1.500000000000000000e+01 -4.700000000000000000e+01 nan
-1.500000000000000000e+01 -4.600000000000000000e+01 nan
-1.500000000000000000e+01 -4.500000000000000000e+01 nan
-1.500000000000000000e+01 -4.400000000000000000e+01 nan
-1.500000000000000000e+01 -4.300000000000000000e+01 nan
-1.500000000000000000e+01 -4.200000000000000000e+01 nan
-1.500000000000000000e+01 -4.100000000000000000e+01 nan
-1.500000000000000000e+01 -4.000000000000000000e+01 nan
-1.500000000000000000e+01 -3.900000000000000000e+01 nan
-1.500000000000000000e+01 -3.800000000000000000e+01 nan
-1.500000000000000000e+01 -3.700000000000000000e+01 nan
-1.500000000000000000e+01 -3.600000000000000000e+01 nan
-1.500000000000000000e+01 -3.500000000000000000e+01 nan
-1.500000000000000000e+01 -3.400000000000000000e+01 nan
-1.500000000000000000e+01 -3.300000000000000000e+01 nan
-1.500000000000000000e+01 -3.200000000000000000e+01 nan
-1.400000000000000000e+01 -7.900000000000000000e+01 nan
-1.400000000000000000e+01 -7.800000000000000000e+01 nan
-1.400000000000000000e+01 -7.700000000000000000e+01 nan
-1.400000000000000000e+01 -7.600000000000000000e+01 nan
-1.400000000000000000e+01 -7.500000000000000000e+01 nan
-1.400000000000000000e+01 -7.400000000000000000e+01 nan
-1.400000000000000000e+01 -7.300000000000000000e+01 nan
-1.400000000000000000e+01 -7.200000000000000000e+01 nan
-1.400000000000000000e+01 -7.100000000000000000e+01 nan
-1.400000000000000000e+01 -7.000000000000000000e+01 nan
-1.400000000000000000e+01 -6.900000000000000000e+01 nan
-1.400000000000000000e+01 -6.800000000000000000e+01 nan
-1.400000000000000000e+01 -6.700000000000000000e+01 nan
-1.400000000000000000e+01 -6.600000000000000000e+01 nan
-1.400000000000000000e+01 -6.500000000000000000e+01 nan
-1.400000000000000000e+01 -6.400000000000000000e+01 nan
-1.400000000000000000e+01 -6.300000000000000000e+01 nan
-1.400000000000000000e+01 -6.200000000000000000e+01 nan
-1.400000000000000000e+01 -6.100000000000000000e+01 nan
-1.400000000000000000e+01 -6.000000000000000000e+01 nan
-1.400000000000000000e+01 -5.900000000000000000e+01 nan
-1.400000000000000000e+01 -5.800000000000000000e+01 nan
-1.400000000000000000e+01 -5.700000000000000000e+01 nan
-1.400000000000000000e+01 -5.600000000000000000e+01 nan
-1.400000000000000000e+01 -5.500000000000000000e+01 nan
-1.400000000000000000e+01 -5.400000000000000000e+01 nan
-1.400000000000000000e+01 -5.300000000000000000e+01 nan
-1.400000000000000000e+01 -5.200000000000000000e+01 nan
-1.400000000000000000e+01 -5.100000000000000000e+01 nan
-1.400000000000000000e+01 -5.000000000000000000e+01 nan
-1.400000000000000000e+01 -4.900000000000000000e+01 nan
-1.400000000000000000e+01 -4.800000000000000000e+01 nan
-1.400000000000000000e+01 -4.700000000000000000e+01 nan
-1.400000000000000000e+01 -4.600000000000000000e+01 nan
-1.400000000000000000e+01 -4.500000000000000000e+01 nan
-1.400000000000000000e+01 -4.400000000000000000e+01 nan
-1.400000000000000000e+01 -4.300000000000000000e+01 nan
-1.400000000000000000e+01 -4.200000000000000000e+01 nan
-1.400000000000000000e+01 -4.100000000000000000e+01 nan
-1.400000000000000000e+01 -4.000000000000000000e+01 nan
-1.400000000000000000e+01 -3.900000000000000000e+01 nan
-1.400000000000000000e+01 -3.800000000000000000e+01 nan
-1.400000000000000000e+01 -3.700000000000000000e+01 nan
-1.400000000000000000e+01 -3.600000000000000000e+01 nan
-1.400000000000000000e+01 -3.500000000000000000e+01 nan
-1.400000000000000000e+01 -3.400000000000000000e+01 nan
-1.400000000000000000e+01 -3.300000000000000000e+01 nan
-1.400000000000000000e+01 -3.200000000000000000e+01 nan
-1.300000000000000000e+01 -7.900000000000000000e+01 nan
-1.300000000000000000e+01 -7.800000000000000000e+01 nan
-1.300000000000000000e+01 -7.700000000000000000e+01 nan
-1.300000000000000000e+01 -7.600000000000000000e+01 nan
-1.300000000000000000e+01 -7.500000000000000000e+01 nan
-1.300000000000000000e+01 -7.400000000000000000e+01 nan
-1.300000000000000000e+01 -7.300000000000000000e+01 nan
-1.300000000000000000e+01 -7.200000000000000000e+01 nan
-1.300000000000000000e+01 -7.100000000000000000e+01 nan
-1.300000000000000000e+01 -7.000000000000000000e+01 nan
-1.300000000000000000e+01 -6.900000000000000000e+01 nan
-1.300000000000000000e+01 -6.800000000000000000e+01 nan
-1.300000000000000000e+01 -6.700000000000000000e+01 nan
-1.300000000000000000e+01 -6.600000000000000000e+01 nan
-1.300000000000000000e+01 -6.500000000000000000e+01 nan
-1.300000000000000000e+01 -6.400000000000000000e+01 nan
-1.300000000000000000e+01 -6.300000000000000000e+01 nan
-1.300000000000000000e+01 -6.200000000000000000e+01 nan
-1.300000000000000000e+01 -6.100000000000000000e+01 nan
-1.300000000000000000e+01 -6.000000000000000000e+01 2.438807583917247390e-01
-1.300000000000000000e+01 -5.900000000000000000e+01 2.438807583917247390e-01
-1.300000000000000000e+01 -5.800000000000000000e+01 3.175331342723975991e-01
-1.300000000000000000e+01 -5.700000000000000000e+01 4.724876177327538840e-01
-1.300000000000000000e+01 -5.600000000000000000e+01 4.987654963282281417e-01
-1.300000000000000000e+01 -5.500000000000000000e+01 5.639144611542042940e-01
-1.300000000000000000e+01 -5.400000000000000000e+01 nan
-1.300000000000000000e+01 -5.300000000000000000e+01 nan
-1.300000000000000000e+01 -5.200000000000000000e+01 nan
-1.300000000000000000e+01 -5.100000000000000000e+01 nan
-1.300000000000000000e+01 -5.000000000000000000e+01 nan
-1.300000000000000000e+01 -4.900000000000000000e+01 nan
-1.300000000000000000e+01 -4.800000000000000000e+01 nan
-1.300000000000000000e+01 -4.700000000000000000e+01 nan
-1.300000000000000000e+01 -4.600000000000000000e+01 nan
-1.300000000000000000e+01 -4.500000000000000000e+01 nan
-1.300000000000000000e+01 -4.400000000000000000e+01 nan
-1.300000000000000000e+01 -4.300000000000000000e+01 nan
-1.300000000000000000e+01 -4.200000000000000000e+01 nan
-1.300000000000000000e+01 -4.100000000000000000e+01 nan
-1.300000000000000000e+01 -4.000000000000000000e+01 nan
-1.300000000000000000e+01 -3.900000000000000000e+01 nan
-1.300000000000000000e+01 -3.800000000000000000e+01 nan
-1.300000000000000000e+01 -3.700000000000000000e+01 nan
-1.300000000000000000e+01 -3.600000000000000000e+01 nan
-1.300000000000000000e+01 -3.500000000000000000e+01 nan
-1.300000000000000000e+01 -3.400000000000000000e+01 nan
-1.300000000000000000e+01 -3.300000000000000000e+01 nan
-1.300000000000000000e+01 -3.200000000000000000e+01 nan
-1.200000000000000000e+01 -7.900000000000000000e+01 nan
-1.200000000000000000e+01 -7.800000000000000000e+01 nan
-1.200000000000000000e+01 -7.700000000000000000e+01 nan
-1.200000000000000000e+01 -7.600000000000000000e+01 nan
-1.200000000000000000e+01 -7.500000000000000000e+01 nan
-1.200000000000000000e+01 -7.400000000000000000e+01 nan
-1.200000000000000000e+01 -7.300000000000000000e+01 nan
-1.200000000000000000e+01 -7.200000000000000000e+01 nan
-1.200000000000000000e+01 -7.100000000000000000e+01 nan
-1.200000000000000000e+01 -7.000000000000000000e+01 nan
-1.200000000000000000e+01 -6.900000000000000000e+01 nan
-1.200000000000000000e+01 -6.800000000000000000e+01 nan
-1.200000000000000000e+01 -6.700000000000000000e+01 nan
-1.200000000000000000e+01 -6.600000000000000000e+01 nan
-1.200000000000000000e+01 -6.500000000000000000e+01 nan
-1.200000000000000000e+01 -6.400000000000000000e+01 nan
-1.200000000000000000e+01 -6.300000000000000000e+01 nan
-1.200000000000000000e+01 -6.200000000000000000e+01 nan
-1.200000000000000000e+01 -6.100000000000000000e+01 nan
-1.200000000000000000e+01 -6.000000000000000000e+01 2.438807583917247390e-01
-1.200000000000000000e+01 -5.900000000000000000e+01 2.438807583917247390e-01
-1.200000000000000000e+01 -5.800000000000000000e+01 3.175331342723975991e-01
-1.200000000000000000e+01 -5.700000000000000000e+01 4.724876177327538840e-01
-1.200000000000000000e+01 -5.600000000000000000e+01 5.416722348446488811e-01
-1.200000000000000000e+01 -5.500000000000000000e+01 5.122658945277470677e-01
-1.200000000000000000e+01 -5.400000000000000000e+01 4.922181796641528773e-01
-1.200000000000000000e+01 -5.300000000000000000e+01 5.460964441232748490e-01
-1.200000000000000000e+01 -5.200000000000000000e+01 5.291634745297524312e-01
-1.200000000000000000e+01 -5.100000000000000000e+01 5.186266220986984754e-01
-1.200000000000000000e+01 -5.000000000000000000e+01 6.232162292326691722e-01
-1.200000000000000000e+01 -4.900000000000000000e+01 5.805461493392261030e-01
-1.200000000000000000e+01 -4.800000000000000000e+01 5.364070769034740005e-01
-1.200000000000000000e+01 -4.700000000000000000e+01 5.824325495605686687e-01
-1.200000000000000000e+01 -4.600000000000000000e+01 8.497968777843122323e-01
-1.200000000000000000e+01 -4.500000000000000000e+01 8.202452898503181933e-01
-1.200000000000000000e+01 -4.400000000000000000e+01 8.169280612647606965e-01
-1.200000000000000000e+01 -4.300000000000000000e+01 8.389078729084852304e-01
-1.200000000000000000e+01 -4.200000000000000000e+01 7.821036073448247583e-01
-1.200000000000000000e+01 -4.100000000000000000e+01 nan
-1.200000000000000000e+01 -4.000000000000000000e+01 nan
-1.200000000000000000e+01 -3.900000000000000000e+01 nan
-1.200000000000000000e+01 -3.800000000000000000e+01 nan
-1.200000000000000000e+01 -3.700000000000000000e+01 nan
-1.200000000000000000e+01 -3.600000000000000000e+01 nan
-1.200000000000000000e+01 -3.500000000000000000e+01 nan
-1.200000000000000000e+01 -3.400000000000000000e+01 nan
-1.200000000000000000e+01 -3.300000000000000000e+01 nan
-1.200000000000000000e+01 -3.200000000000000000e+01 nan
-1.100000000000000000e+01 -7.900000000000000000e+01 nan
-1.100000000000000000e+01 -7.800000000000000000e+01 nan
-1.100000000000000000e+01 -7.700000000000000000e+01 nan
-1.100000000000000000e+01 -7.600000000000000000e+01 nan
-1.100000000000000000e+01 -7.500000000000000000e+01 nan
-1.100000000000000000e+01 -7.400000000000000000e+01 nan
-1.100000000000000000e+01 -7.300000000000000000e+01 nan
-1.100000000000000000e+01 -7.200000000000000000e+01 nan
-1.100000000000000000e+01 -7.100000000000000000e+01 nan
-1.100000000000000000e+01 -7.000000000000000000e+01 nan
-1.100000000000000000e+01 -6.900000000000000000e+01 nan
-1.100000000000000000e+01 -6.800000000000000000e+01 nan
-1.100000000000000000e+01 -6.700000000000000000e+01 nan
-1.100000000000000000e+01 -6.600000000000000000e+01 nan
-1.100000000000000000e+01 -6.500000000000000000e+01 nan
-1.100000000000000000e+01 -6.400000000000000000e+01 nan
-1.100000000000000000e+01 -6.300000000000000000e+01 nan
-1.100000000000000000e+01 -6.200000000000000000e+01 nan
-1.100000000000000000e+01 -6.100000000000000000e+01 nan
-1.100000000000000000e+01 -6.000000000000000000e+01 nan
-1.100000000000000000e+01 -5.900000000000000000e+01 nan
-1.100000000000000000e+01 -5.800000000000000000e+01 nan
-1.100000000000000000e+01 -5.700000000000000000e+01 nan
-1.100000000000000000e+01 -5.600000000000000000e+01 5.921201119298883375e-01
-1.100000000000000000e+01 -5.500000000000000000e+01 4.971940736593058463e-01
-1.100000000000000000e+01 -5.400000000000000000e+01 4.922181796641528773e-01
-1.100000000000000000e+01 -5.300000000000000000e+01 5.460964441232748490e-01
-1.100000000000000000e+01 -5.200000000000000000e+01 5.291634745297524312e-01
-1.100000000000000000e+01 -5.100000000000000000e+01 5.186266220986984754e-01
-1.100000000000000000e+01 -5.000000000000000000e+01 6.232162292326691722e-01
-1.100000000000000000e+01 -4.900000000000000000e+01 5.805461493392261030e-01
-1.100000000000000000e+01 -4.800000000000000000e+01 5.364070769034740005e-01
-1.100000000000000000e+01 -4.700000000000000000e+01 5.824325495605686687e-01
-1.100000000000000000e+01 -4.600000000000000000e+01 8.497968777843122323e-01
-1.100000000000000000e+01 -4.500000000000000000e+01 8.153204877365436420e-01
-1.100000000000000000e+01 -4.400000000000000000e+01 8.233926210848959704e-01
-1.100000000000000000e+01 -4.300000000000000000e+01 8.623136481691596744e-01
-1.100000000000000000e+01 -4.200000000000000000e+01 9.810874860258286256e-01
-1.100000000000000000e+01 -4.100000000000000000e+01 9.154685741523905795e-01
-1.100000000000000000e+01 -4.000000000000000000e+01 9.595080880532619316e-01
-1.100000000000000000e+01 -3.900000000000000000e+01 1.083237466957402306e+00
-1.100000000000000000e+01 -3.800000000000000000e+01 1.143489485118152738e+00
-1.100000000000000000e+01 -3.700000000000000000e+01 1.128304983925993987e+00
-1.100000000000000000e+01 -3.600000000000000000e+01 1.085001117674768034e+00
-1.100000000000000000e+01 -3.500000000000000000e+01 1.341479576080336411e+00
-1.100000000000000000e+01 -3.400000000000000000e+01 1.440062690563957526e+00
-1.100000000000000000e+01 -3.300000000000000000e+01 1.714146406721195559e+00
-1.100000000000000000e+01 -3.200000000000000000e+01 nan
-1.000000000000000000e+01 -7.900000000000000000e+01 nan
-1.000000000000000000e+01 -7.800000000000000000e+01 nan
-1.000000000000000000e+01 -7.700000000000000000e+01 nan
-1.000000000000000000e+01 -7.600000000000000000e+01 nan
-1.000000000000000000e+01 -7.500000000000000000e+01 nan
-1.000000000000000000e+01 -7.400000000000000000e+01 nan
-1.000000000000000000e+01 -7.300000000000000000e+01 nan
-1.000000000000000000e+01 -7.200000000000000000e+01 nan
-1.000000000000000000e+01 -7.100000000000000000e+01 nan
-1.000000000000000000e+01 -7.000000000000000000e+01 nan
-1.000000000000000000e+01 -6.900000000000000000e+01 nan
-1.000000000000000000e+01 -6.800000000000000000e+01 nan
-1.000000000000000000e+01 -6.700000000000000000e+01 nan
-1.000000000000000000e+01 -6.600000000000000000e+01 nan
-1.000000000000000000e+01 -6.500000000000000000e+01 nan
-1.000000000000000000e+01 -6.400000000000000000e+01 nan
-1.000000000000000000e+01 -6.300000000000000000e+01 nan
-1.000000000000000000e+01 -6.200000000000000000e+01 nan
-1.000000000000000000e+01 -6.100000000000000000e+01 nan
-1.000000000000000000e+01 -6.000000000000000000e+01 nan
-1.000000000000000000e+01 -5.900000000000000000e+01 nan
-1.000000000000000000e+01 -5.800000000000000000e+01 nan
-1.000000000000000000e+01 -5.700000000000000000e+01 nan
-1.000000000000000000e+01 -5.600000000000000000e+01 nan
-1.000000000000000000e+01 -5.500000000000000000e+01 nan
-1.000000000000000000e+01 -5.400000000000000000e+01 nan
-1.000000000000000000e+01 -5.300000000000000000e+01 nan
-1.000000000000000000e+01 -5.200000000000000000e+01 nan
-1.000000000000000000e+01 -5.100000000000000000e+01 nan
-1.000000000000000000e+01 -5.000000000000000000e+01 nan
-1.000000000000000000e+01 -4.900000000000000000e+01 nan
-1.000000000000000000e+01 -4.800000000000000000e+01 nan
-1.000000000000000000e+01 -4.700000000000000000e+01 nan
-1.000000000000000000e+01 -4.600000000000000000e+01 nan
-1.000000000000000000e+01 -4.500000000000000000e+01 8.128522584767433612e-01
-1.000000000000000000e+01 -4.400000000000000000e+01 8.393913213600532330e-01
-1.000000000000000000e+01 -4.300000000000000000e+01 9.103188881046916370e-01
-1.000000000000000000e+01 -4.200000000000000000e+01 9.814031853675844186e-01
-1.000000000000000000e+01 -4.100000000000000000e+01 9.154685741523905795e-01
-1.000000000000000000e+01 -4.000000000000000000e+01 9.595080880532619316e-01
-1.000000000000000000e+01 -3.900000000000000000e+01 1.083237466957402306e+00
-1.000000000000000000e+01 -3.800000000000000000e+01 1.143489485118152738e+00
-1.000000000000000000e+01 -3.700000000000000000e+01 1.128304983925993987e+00
-1.000000000000000000e+01 -3.600000000000000000e+01 1.085001117674768034e+00
-1.000000000000000000e+01 -3.500000000000000000e+01 1.341479576080336411e+00
-1.000000000000000000e+01 -3.400000000000000000e+01 1.440062690563957526e+00
-1.000000000000000000e+01 -3.300000000000000000e+01 1.714146406721195559e+00
-1.000000000000000000e+01 -3.200000000000000000e+01 nan
