Longitude[deg], Latitude[deg], Dust optical depth
1.740000000000000000e+02 -2.000000000000000000e+00 nan
1.740000000000000000e+02 -1.000000000000000000e+00 nan
1.740000000000000000e+02 0.000000000000000000e+00 nan
1.740000000000000000e+02 1.000000000000000000e+00 nan
1.740000000000000000e+02 2.000000000000000000e+00 nan
1.740000000000000000e+02 3.000000000000000000e+00 nan
1.740000000000000000e+02 4.000000000000000000e+00 nan
1.740000000000000000e+02 5.000000000000000000e+00 nan
1.740000000000000000e+02 6.000000000000000000e+00 nan
1.740000000000000000e+02 7.000000000000000000e+00 nan
1.740000000000000000e+02 8.000000000000000000e+00 nan
1.740000000000000000e+02 9.000000000000000000e+00 nan
1.740000000000000000e+02 1.000000000000000000e+01 nan
1.740000000000000000e+02 1.100000000000000000e+01 nan
1.740000000000000000e+02 1.200000000000000000e+01 nan
1.740000000000000000e+02 1.300000000000000000e+01 nan
1.740000000000000000e+02 1.400000000000000000e+01 nan
1.740000000000000000e+02 1.500000000000000000e+01 nan
1.740000000000000000e+02 1.600000000000000000e+01 nan
1.740000000000000000e+02 1.700000000000000000e+01 nan
1.750000000000000000e+02 -2.000000000000000000e+00 nan
1.750000000000000000e+02 -1.000000000000000000e+00 nan
1.750000000000000000e+02 0.000000000000000000e+00 nan
1.750000000000000000e+02 1.000000000000000000e+00 nan
1.750000000000000000e+02 2.000000000000000000e+00 nan
1.750000000000000000e+02 3.000000000000000000e+00 nan
1.750000000000000000e+02 4.000000000000000000e+00 nan
1.750000000000000000e+02 5.000000000000000000e+00 nan
1.750000000000000000e+02 6.000000000000000000e+00 nan
1.750000000000000000e+02 7.000000000000000000e+00 nan
1.750000000000000000e+02 8.000000000000000000e+00 nan
1.750000000000000000e+02 9.000000000000000000e+00 3.229843371697934895e+00
1.750000000000000000e+02 1.000000000000000000e+01 3.172569422887782320e+00
1.750000000000000000e+02 1.100000000000000000e+01 3.158214762682329368e+00
1.750000000000000000e+02 1.200000000000000000e+01 3.142436256940349004e+00
1.750000000000000000e+02 1.300000000000000000e+01 3.058507641432530288e+00
1.750000000000000000e+02 1.400000000000000000e+01 2.980151206890660376e+00
1.750000000000000000e+02 1.500000000000000000e+01 3.000547321755025365e+00
1.750000000000000000e+02 1.600000000000000000e+01 3.020118341161702524e+00
1.750000000000000000e+02 1.700000000000000000e+01 3.039383883310561973e+00
1.760000000000000000e+02 -2.000000000000000000e+00 3.093302830989246299e+00
1.760000000000000000e+02 -1.000000000000000000e+00 3.186442411018279408e+00
1.760000000000000000e+02 0.000000000000000000e+00 3.202060167094793908e+00
1.760000000000000000e+02 1.000000000000000000e+00 3.210980006821395172e+00
1.760000000000000000e+02 2.000000000000000000e+00 3.239173434546836372e+00
1.760000000000000000e+02 3.000000000000000000e+00 3.269325381273851860e+00
1.760000000000000000e+02 4.000000000000000000e+00 3.271991088979452567e+00
1.760000000000000000e+02 5.000000000000000000e+00 3.234738115850060769e+00
1.760000000000000000e+02 6.000000000000000000e+00 3.239618017537753136e+00
1.760000000000000000e+02 7.000000000000000000e+00 3.251700678806000777e+00
1.760000000000000000e+02 8.000000000000000000e+00 3.297959988956016719e+00
1.760000000000000000e+02 9.000000000000000000e+00 3.297996975548297183e+00
1.760000000000000000e+02 1.000000000000000000e+01 3.221797690881662124e+00
1.760000000000000000e+02 1.100000000000000000e+01 3.210066136744931242e+00
1.760000000000000000e+02 1.200000000000000000e+01 3.164970538158597968e+00
1.760000000000000000e+02 1.300000000000000000e+01 3.062674252536194963e+00
1.760000000000000000e+02 1.400000000000000000e+01 2.984662610737472299e+00
1.760000000000000000e+02 1.500000000000000000e+01 3.001991562373584888e+00
1.760000000000000000e+02 1.600000000000000000e+01 3.014864855906168817e+00
1.760000000000000000e+02 1.700000000000000000e+01 3.033859922800334452e+00
1.770000000000000000e+02 -2.000000000000000000e+00 3.148974954903864809e+00
1.770000000000000000e+02 -1.000000000000000000e+00 3.221559270678663101e+00
1.770000000000000000e+02 0.000000000000000000e+00 3.277250321916938880e+00
1.770000000000000000e+02 1.000000000000000000e+00 3.241585525589461003e+00
1.770000000000000000e+02 2.000000000000000000e+00 3.242598665726805773e+00
1.770000000000000000e+02 3.000000000000000000e+00 3.267346216590535146e+00
1.770000000000000000e+02 4.000000000000000000e+00 3.279390040845122201e+00
1.770000000000000000e+02 5.000000000000000000e+00 3.252181884883011520e+00
1.770000000000000000e+02 6.000000000000000000e+00 3.238878563513413411e+00
1.770000000000000000e+02 7.000000000000000000e+00 3.250179282402988257e+00
1.770000000000000000e+02 8.000000000000000000e+00 3.289668445477450742e+00
1.770000000000000000e+02 9.000000000000000000e+00 3.304860442116001717e+00
1.770000000000000000e+02 1.000000000000000000e+01 3.245645024325794381e+00
1.770000000000000000e+02 1.100000000000000000e+01 3.221899421260044249e+00
1.770000000000000000e+02 1.200000000000000000e+01 3.156905302541469727e+00
1.770000000000000000e+02 1.300000000000000000e+01 3.062963482127101233e+00
1.770000000000000000e+02 1.400000000000000000e+01 3.015739244864003243e+00
1.770000000000000000e+02 1.500000000000000000e+01 3.012419608077068656e+00
1.770000000000000000e+02 1.600000000000000000e+01 3.018788218538633661e+00
1.770000000000000000e+02 1.700000000000000000e+01 3.045657185382517174e+00
1.780000000000000000e+02 -2.000000000000000000e+00 3.205120121572786474e+00
1.780000000000000000e+02 -1.000000000000000000e+00 3.269961444741527501e+00
1.780000000000000000e+02 0.000000000000000000e+00 3.302917177739625121e+00
1.780000000000000000e+02 1.000000000000000000e+00 3.299505530122601726e+00
1.780000000000000000e+02 2.000000000000000000e+00 3.247936500619131195e+00
1.780000000000000000e+02 3.000000000000000000e+00 3.264764516755953139e+00
1.780000000000000000e+02 4.000000000000000000e+00 3.277000074626228887e+00
1.780000000000000000e+02 5.000000000000000000e+00 3.244425542539004503e+00
1.780000000000000000e+02 6.000000000000000000e+00 3.242793130287514369e+00
1.780000000000000000e+02 7.000000000000000000e+00 3.253609545259358971e+00
1.780000000000000000e+02 8.000000000000000000e+00 3.298839700291385846e+00
1.780000000000000000e+02 9.000000000000000000e+00 3.322403448389432690e+00
1.780000000000000000e+02 1.000000000000000000e+01 3.265392662734358797e+00
1.780000000000000000e+02 1.100000000000000000e+01 3.223591067047695713e+00
1.780000000000000000e+02 1.200000000000000000e+01 3.111918588046532985e+00
1.780000000000000000e+02 1.300000000000000000e+01 3.057767986777695235e+00
1.780000000000000000e+02 1.400000000000000000e+01 3.029840155679224267e+00
1.780000000000000000e+02 1.500000000000000000e+01 3.030601138931863225e+00
1.780000000000000000e+02 1.600000000000000000e+01 3.045794090637760299e+00
1.780000000000000000e+02 1.700000000000000000e+01 3.075558383694214193e+00
1.790000000000000000e+02 -2.000000000000000000e+00 3.268857132721179060e+00
1.790000000000000000e+02 -1.000000000000000000e+00 3.319789649054072367e+00
1.790000000000000000e+02 0.000000000000000000e+00 3.327899559707301336e+00
1.790000000000000000e+02 1.000000000000000000e+00 3.321835318986640750e+00
1.790000000000000000e+02 2.000000000000000000e+00 3.266915511923238924e+00
1.790000000000000000e+02 3.000000000000000000e+00 3.259003890437682127e+00
1.790000000000000000e+02 4.000000000000000000e+00 3.244182152520168394e+00
1.790000000000000000e+02 5.000000000000000000e+00 3.168280141217680423e+00
1.790000000000000000e+02 6.000000000000000000e+00 3.252128395258410798e+00
1.790000000000000000e+02 7.000000000000000000e+00 3.351987825214095107e+00
1.790000000000000000e+02 8.000000000000000000e+00 3.301087974350971788e+00
1.790000000000000000e+02 9.000000000000000000e+00 3.328760019193038211e+00
1.790000000000000000e+02 1.000000000000000000e+01 3.307299552423706324e+00
1.790000000000000000e+02 1.100000000000000000e+01 3.229572388124172910e+00
1.790000000000000000e+02 1.200000000000000000e+01 3.096035889243190731e+00
1.790000000000000000e+02 1.300000000000000000e+01 3.035103563994379972e+00
1.790000000000000000e+02 1.400000000000000000e+01 3.024109561070351226e+00
1.790000000000000000e+02 1.500000000000000000e+01 3.055178706721562776e+00
1.790000000000000000e+02 1.600000000000000000e+01 nan
1.790000000000000000e+02 1.700000000000000000e+01 nan
