Longitude[deg], Latitude[deg], Dust optical depth
-1.800000000000000000e+01 4.000000000000000000e+00 nan
-1.800000000000000000e+01 5.000000000000000000e+00 nan
-1.800000000000000000e+01 6.000000000000000000e+00 nan
-1.800000000000000000e+01 7.000000000000000000e+00 nan
-1.800000000000000000e+01 8.000000000000000000e+00 nan
-1.800000000000000000e+01 9.000000000000000000e+00 nan
-1.800000000000000000e+01 1.000000000000000000e+01 nan
-1.800000000000000000e+01 1.100000000000000000e+01 nan
-1.800000000000000000e+01 1.200000000000000000e+01 nan
-1.800000000000000000e+01 1.300000000000000000e+01 nan
-1.800000000000000000e+01 1.400000000000000000e+01 nan
-1.800000000000000000e+01 1.500000000000000000e+01 nan
-1.800000000000000000e+01 1.600000000000000000e+01 nan
-1.800000000000000000e+01 1.700000000000000000e+01 nan
-1.800000000000000000e+01 1.800000000000000000e+01 nan
-1.800000000000000000e+01 1.900000000000000000e+01 nan
-1.800000000000000000e+01 2.000000000000000000e+01 nan
-1.800000000000000000e+01 2.100000000000000000e+01 nan
-1.800000000000000000e+01 2.200000000000000000e+01 nan
-1.800000000000000000e+01 2.300000000000000000e+01 2.117628735855356936e+00
-1.800000000000000000e+01 2.400000000000000000e+01 2.137419458797287231e+00
-1.800000000000000000e+01 2.500000000000000000e+01 nan
-1.700000000000000000e+01 4.000000000000000000e+00 nan
-1.700000000000000000e+01 5.000000000000000000e+00 nan
-1.700000000000000000e+01 6.000000000000000000e+00 nan
-1.700000000000000000e+01 7.000000000000000000e+00 nan
-1.700000000000000000e+01 8.000000000000000000e+00 nan
-1.700000000000000000e+01 9.000000000000000000e+00 nan
-1.700000000000000000e+01 1.000000000000000000e+01 nan
-1.700000000000000000e+01 1.100000000000000000e+01 nan
-1.700000000000000000e+01 1.200000000000000000e+01 nan
-1.700000000000000000e+01 1.300000000000000000e+01 1.910438303850886532e+00
-1.700000000000000000e+01 1.400000000000000000e+01 2.020223514703430645e+00
-1.700000000000000000e+01 1.500000000000000000e+01 2.104648918216157849e+00
-1.700000000000000000e+01 1.600000000000000000e+01 2.200439818256349600e+00
-1.700000000000000000e+01 1.700000000000000000e+01 2.317320926613861687e+00
-1.700000000000000000e+01 1.800000000000000000e+01 2.269193561682935290e+00
-1.700000000000000000e+01 1.900000000000000000e+01 2.231376585759943687e+00
-1.700000000000000000e+01 2.000000000000000000e+01 2.191711025727885342e+00
-1.700000000000000000e+01 2.100000000000000000e+01 2.169718525119213481e+00
-1.700000000000000000e+01 2.200000000000000000e+01 2.100201110652217817e+00
-1.700000000000000000e+01 2.300000000000000000e+01 2.088058228203927946e+00
-1.700000000000000000e+01 2.400000000000000000e+01 2.160899801738427772e+00
-1.700000000000000000e+01 2.500000000000000000e+01 nan
-1.600000000000000000e+01 4.000000000000000000e+00 1.621961208610660732e+00
-1.600000000000000000e+01 5.000000000000000000e+00 1.926988886684037450e+00
-1.600000000000000000e+01 6.000000000000000000e+00 2.017692355101161183e+00
-1.600000000000000000e+01 7.000000000000000000e+00 1.955548955204856165e+00
-1.600000000000000000e+01 8.000000000000000000e+00 1.793422735583840799e+00
-1.600000000000000000e+01 9.000000000000000000e+00 1.921472498675038665e+00
-1.600000000000000000e+01 1.000000000000000000e+01 2.019167543468801895e+00
-1.600000000000000000e+01 1.100000000000000000e+01 2.171475357242617754e+00
-1.600000000000000000e+01 1.200000000000000000e+01 2.208114394520126478e+00
-1.600000000000000000e+01 1.300000000000000000e+01 2.092761048610070063e+00
-1.600000000000000000e+01 1.400000000000000000e+01 2.134465290381132530e+00
-1.600000000000000000e+01 1.500000000000000000e+01 2.118679316012511471e+00
-1.600000000000000000e+01 1.600000000000000000e+01 2.128951084944458838e+00
-1.600000000000000000e+01 1.700000000000000000e+01 2.272600604468783203e+00
-1.600000000000000000e+01 1.800000000000000000e+01 2.254429475999711219e+00
-1.600000000000000000e+01 1.900000000000000000e+01 2.213136112588362625e+00
-1.600000000000000000e+01 2.000000000000000000e+01 2.176895256871747897e+00
-1.600000000000000000e+01 2.100000000000000000e+01 2.147708433866416744e+00
-1.600000000000000000e+01 2.200000000000000000e+01 2.095937657281130129e+00
-1.600000000000000000e+01 2.300000000000000000e+01 2.092094031972261625e+00
-1.600000000000000000e+01 2.400000000000000000e+01 2.195139562251099186e+00
-1.600000000000000000e+01 2.500000000000000000e+01 nan
-1.500000000000000000e+01 4.000000000000000000e+00 1.665075453399014860e+00
-1.500000000000000000e+01 5.000000000000000000e+00 1.917088291943759515e+00
-1.500000000000000000e+01 6.000000000000000000e+00 2.011406257869174485e+00
-1.500000000000000000e+01 7.000000000000000000e+00 1.978259711172603907e+00
-1.500000000000000000e+01 8.000000000000000000e+00 1.927656699130313900e+00
-1.500000000000000000e+01 9.000000000000000000e+00 1.938505628810632597e+00
-1.500000000000000000e+01 1.000000000000000000e+01 1.989671130131573484e+00
-1.500000000000000000e+01 1.100000000000000000e+01 2.048596779339578955e+00
-1.500000000000000000e+01 1.200000000000000000e+01 2.101913022766240147e+00
-1.500000000000000000e+01 1.300000000000000000e+01 2.104468961635516333e+00
-1.500000000000000000e+01 1.400000000000000000e+01 2.145096860234738667e+00
-1.500000000000000000e+01 1.500000000000000000e+01 2.131588838363252414e+00
-1.500000000000000000e+01 1.600000000000000000e+01 2.143156031029800790e+00
-1.500000000000000000e+01 1.700000000000000000e+01 2.223794621578466746e+00
-1.500000000000000000e+01 1.800000000000000000e+01 2.203246191087041339e+00
-1.500000000000000000e+01 1.900000000000000000e+01 2.134922918432077488e+00
-1.500000000000000000e+01 2.000000000000000000e+01 2.106292728319068441e+00
-1.500000000000000000e+01 2.100000000000000000e+01 2.125234693740434277e+00
-1.500000000000000000e+01 2.200000000000000000e+01 2.102663898349325322e+00
-1.500000000000000000e+01 2.300000000000000000e+01 2.103032817736290472e+00
-1.500000000000000000e+01 2.400000000000000000e+01 2.197377677552772912e+00
-1.500000000000000000e+01 2.500000000000000000e+01 nan
-1.400000000000000000e+01 4.000000000000000000e+00 1.672025930344336553e+00
-1.400000000000000000e+01 5.000000000000000000e+00 1.902518262060062693e+00
-1.400000000000000000e+01 6.000000000000000000e+00 2.008426816165704842e+00
-1.400000000000000000e+01 7.000000000000000000e+00 1.984333736186382424e+00
-1.400000000000000000e+01 8.000000000000000000e+00 1.938169529458314777e+00
-1.400000000000000000e+01 9.000000000000000000e+00 1.975827144085302134e+00
-1.400000000000000000e+01 1.000000000000000000e+01 1.949150041258188137e+00
-1.400000000000000000e+01 1.100000000000000000e+01 1.987838017825847015e+00
-1.400000000000000000e+01 1.200000000000000000e+01 2.073871095719561630e+00
-1.400000000000000000e+01 1.300000000000000000e+01 2.099796073453066736e+00
-1.400000000000000000e+01 1.400000000000000000e+01 2.148108719199556038e+00
-1.400000000000000000e+01 1.500000000000000000e+01 2.138094610126283435e+00
-1.400000000000000000e+01 1.600000000000000000e+01 2.162041473588729001e+00
-1.400000000000000000e+01 1.700000000000000000e+01 2.216401064064134729e+00
-1.400000000000000000e+01 1.800000000000000000e+01 2.182251884623175986e+00
-1.400000000000000000e+01 1.900000000000000000e+01 2.098704699498624482e+00
-1.400000000000000000e+01 2.000000000000000000e+01 2.079017555962764607e+00
-1.400000000000000000e+01 2.100000000000000000e+01 2.115662891424817449e+00
-1.400000000000000000e+01 2.200000000000000000e+01 2.123431723983893349e+00
-1.400000000000000000e+01 2.300000000000000000e+01 2.107945149077141700e+00
-1.400000000000000000e+01 2.400000000000000000e+01 2.159716577234275015e+00
-1.400000000000000000e+01 2.500000000000000000e+01 nan
-1.300000000000000000e+01 4.000000000000000000e+00 1.671493228202392656e+00
-1.300000000000000000e+01 5.000000000000000000e+00 1.871954990312182820e+00
-1.300000000000000000e+01 6.000000000000000000e+00 2.017437846706898519e+00
-1.300000000000000000e+01 7.000000000000000000e+00 1.969075022026326671e+00
-1.300000000000000000e+01 8.000000000000000000e+00 1.938724996031258474e+00
-1.300000000000000000e+01 9.000000000000000000e+00 2.078803815471024219e+00
-1.300000000000000000e+01 1.000000000000000000e+01 1.958302905738170896e+00
-1.300000000000000000e+01 1.100000000000000000e+01 2.032501331675539369e+00
-1.300000000000000000e+01 1.200000000000000000e+01 2.088752356423467571e+00
-1.300000000000000000e+01 1.300000000000000000e+01 2.084639030283462091e+00
-1.300000000000000000e+01 1.400000000000000000e+01 2.179039548272897697e+00
-1.300000000000000000e+01 1.500000000000000000e+01 2.130314447300068359e+00
-1.300000000000000000e+01 1.600000000000000000e+01 2.137266919468743254e+00
-1.300000000000000000e+01 1.700000000000000000e+01 2.263260906845048659e+00
-1.300000000000000000e+01 1.800000000000000000e+01 2.209063494455728360e+00
-1.300000000000000000e+01 1.900000000000000000e+01 2.152829577332133759e+00
-1.300000000000000000e+01 2.000000000000000000e+01 nan
-1.300000000000000000e+01 2.100000000000000000e+01 nan
-1.300000000000000000e+01 2.200000000000000000e+01 nan
-1.300000000000000000e+01 2.300000000000000000e+01 nan
-1.300000000000000000e+01 2.400000000000000000e+01 nan
-1.300000000000000000e+01 2.500000000000000000e+01 nan
