Longitude[deg], Latitude[deg], Dust optical depth
-5.400000000000000000e+01 2.500000000000000000e+01 nan
-5.400000000000000000e+01 2.600000000000000000e+01 nan
-5.400000000000000000e+01 2.700000000000000000e+01 nan
-5.400000000000000000e+01 2.800000000000000000e+01 nan
-5.400000000000000000e+01 2.900000000000000000e+01 nan
-5.400000000000000000e+01 3.000000000000000000e+01 nan
-5.400000000000000000e+01 3.100000000000000000e+01 nan
-5.400000000000000000e+01 3.200000000000000000e+01 nan
-5.400000000000000000e+01 3.300000000000000000e+01 nan
-5.400000000000000000e+01 3.400000000000000000e+01 nan
-5.400000000000000000e+01 3.500000000000000000e+01 nan
-5.400000000000000000e+01 3.600000000000000000e+01 nan
-5.400000000000000000e+01 3.700000000000000000e+01 nan
-5.400000000000000000e+01 3.800000000000000000e+01 nan
-5.400000000000000000e+01 3.900000000000000000e+01 nan
-5.400000000000000000e+01 4.000000000000000000e+01 nan
-5.400000000000000000e+01 4.100000000000000000e+01 nan
-5.400000000000000000e+01 4.200000000000000000e+01 nan
-5.400000000000000000e+01 4.300000000000000000e+01 nan
-5.400000000000000000e+01 4.400000000000000000e+01 nan
-5.400000000000000000e+01 4.500000000000000000e+01 nan
-5.300000000000000000e+01 2.500000000000000000e+01 nan
-5.300000000000000000e+01 2.600000000000000000e+01 nan
-5.300000000000000000e+01 2.700000000000000000e+01 nan
-5.300000000000000000e+01 2.800000000000000000e+01 nan
-5.300000000000000000e+01 2.900000000000000000e+01 nan
-5.300000000000000000e+01 3.000000000000000000e+01 nan
-5.300000000000000000e+01 3.100000000000000000e+01 nan
-5.300000000000000000e+01 3.200000000000000000e+01 nan
-5.300000000000000000e+01 3.300000000000000000e+01 nan
-5.300000000000000000e+01 3.400000000000000000e+01 nan
-5.300000000000000000e+01 3.500000000000000000e+01 nan
-5.300000000000000000e+01 3.600000000000000000e+01 nan
-5.300000000000000000e+01 3.700000000000000000e+01 nan
-5.300000000000000000e+01 3.800000000000000000e+01 nan
-5.300000000000000000e+01 3.900000000000000000e+01 1.477933677186349937e-01
-5.300000000000000000e+01 4.000000000000000000e+01 1.301513819320034016e-01
-5.300000000000000000e+01 4.100000000000000000e+01 1.001999534615315296e-01
-5.300000000000000000e+01 4.200000000000000000e+01 9.211106968729979028e-02
-5.300000000000000000e+01 4.300000000000000000e+01 nan
-5.300000000000000000e+01 4.400000000000000000e+01 nan
-5.300000000000000000e+01 4.500000000000000000e+01 nan
-5.200000000000000000e+01 2.500000000000000000e+01 nan
-5.200000000000000000e+01 2.600000000000000000e+01 nan
-5.200000000000000000e+01 2.700000000000000000e+01 nan
-5.200000000000000000e+01 2.800000000000000000e+01 nan
-5.200000000000000000e+01 2.900000000000000000e+01 nan
-5.200000000000000000e+01 3.000000000000000000e+01 nan
-5.200000000000000000e+01 3.100000000000000000e+01 nan
-5.200000000000000000e+01 3.200000000000000000e+01 nan
-5.200000000000000000e+01 3.300000000000000000e+01 2.387298622903843426e-01
-5.200000000000000000e+01 3.400000000000000000e+01 1.787120824061171898e-01
-5.200000000000000000e+01 3.500000000000000000e+01 1.770645834926354578e-01
-5.200000000000000000e+01 3.600000000000000000e+01 1.779971403141867026e-01
-5.200000000000000000e+01 3.700000000000000000e+01 1.659566300395383109e-01
-5.200000000000000000e+01 3.800000000000000000e+01 1.642987569671708614e-01
-5.200000000000000000e+01 3.900000000000000000e+01 1.500420276731419533e-01
-5.200000000000000000e+01 4.000000000000000000e+01 1.375909497845196339e-01
-5.200000000000000000e+01 4.100000000000000000e+01 1.014542703565528142e-01
-5.200000000000000000e+01 4.200000000000000000e+01 9.851179948882651805e-02
-5.200000000000000000e+01 4.300000000000000000e+01 nan
-5.200000000000000000e+01 4.400000000000000000e+01 nan
-5.200000000000000000e+01 4.500000000000000000e+01 nan
-5.100000000000000000e+01 2.500000000000000000e+01 nan
-5.100000000000000000e+01 2.600000000000000000e+01 nan
-5.100000000000000000e+01 2.700000000000000000e+01 4.109964793806180072e-01
-5.100000000000000000e+01 2.800000000000000000e+01 4.121680010836421548e-01
-5.100000000000000000e+01 2.900000000000000000e+01 3.349385589212182657e-01
-5.100000000000000000e+01 3.000000000000000000e+01 4.268259953878458801e-01
-5.100000000000000000e+01 3.100000000000000000e+01 4.037896906481345249e-01
-5.100000000000000000e+01 3.200000000000000000e+01 2.616931208445730239e-01
-5.100000000000000000e+01 3.300000000000000000e+01 2.290092264700736013e-01
-5.100000000000000000e+01 3.400000000000000000e+01 1.825974695475064136e-01
-5.100000000000000000e+01 3.500000000000000000e+01 1.773077211733265490e-01
-5.100000000000000000e+01 3.600000000000000000e+01 1.776728615136751177e-01
-5.100000000000000000e+01 3.700000000000000000e+01 1.655694262492290458e-01
-5.100000000000000000e+01 3.800000000000000000e+01 1.636020568493197491e-01
-5.100000000000000000e+01 3.900000000000000000e+01 1.515866534083006867e-01
-5.100000000000000000e+01 4.000000000000000000e+01 1.406602395963731655e-01
-5.100000000000000000e+01 4.100000000000000000e+01 1.037385600260169877e-01
-5.100000000000000000e+01 4.200000000000000000e+01 1.020816465288095914e-01
-5.100000000000000000e+01 4.300000000000000000e+01 nan
-5.100000000000000000e+01 4.400000000000000000e+01 nan
-5.100000000000000000e+01 4.500000000000000000e+01 nan
-5.000000000000000000e+01 2.500000000000000000e+01 5.581895990172056621e-01
-5.000000000000000000e+01 2.600000000000000000e+01 4.735540397477916441e-01
-5.000000000000000000e+01 2.700000000000000000e+01 4.164480110609359853e-01
-5.000000000000000000e+01 2.800000000000000000e+01 3.991685726636536313e-01
-5.000000000000000000e+01 2.900000000000000000e+01 3.355348211795792790e-01
-5.000000000000000000e+01 3.000000000000000000e+01 3.780975815115456551e-01
-5.000000000000000000e+01 3.100000000000000000e+01 3.525272518017361079e-01
-5.000000000000000000e+01 3.200000000000000000e+01 2.403304378587558798e-01
-5.000000000000000000e+01 3.300000000000000000e+01 2.072227924296730361e-01
-5.000000000000000000e+01 3.400000000000000000e+01 1.814739336818170512e-01
-5.000000000000000000e+01 3.500000000000000000e+01 1.768115862987583164e-01
-5.000000000000000000e+01 3.600000000000000000e+01 1.764678293052514002e-01
-5.000000000000000000e+01 3.700000000000000000e+01 1.660551488122710417e-01
-5.000000000000000000e+01 3.800000000000000000e+01 1.571184037062557937e-01
-5.000000000000000000e+01 3.900000000000000000e+01 1.530971209654338194e-01
-5.000000000000000000e+01 4.000000000000000000e+01 1.413265336857159327e-01
-5.000000000000000000e+01 4.100000000000000000e+01 1.172564002399930361e-01
-5.000000000000000000e+01 4.200000000000000000e+01 nan
-5.000000000000000000e+01 4.300000000000000000e+01 nan
-5.000000000000000000e+01 4.400000000000000000e+01 nan
-5.000000000000000000e+01 4.500000000000000000e+01 nan
-4.900000000000000000e+01 2.500000000000000000e+01 5.412818485420912706e-01
-4.900000000000000000e+01 2.600000000000000000e+01 4.698812621799241529e-01
-4.900000000000000000e+01 2.700000000000000000e+01 3.913081523052914790e-01
-4.900000000000000000e+01 2.800000000000000000e+01 3.483951913234779596e-01
-4.900000000000000000e+01 2.900000000000000000e+01 3.162108214134037310e-01
-4.900000000000000000e+01 3.000000000000000000e+01 3.189087454794596321e-01
-4.900000000000000000e+01 3.100000000000000000e+01 2.792075802635243242e-01
-4.900000000000000000e+01 3.200000000000000000e+01 2.061601813646793402e-01
-4.900000000000000000e+01 3.300000000000000000e+01 1.704238631742313881e-01
-4.900000000000000000e+01 3.400000000000000000e+01 1.776276129818766814e-01
-4.900000000000000000e+01 3.500000000000000000e+01 1.552357827526432421e-01
-4.900000000000000000e+01 3.600000000000000000e+01 1.664651542675091855e-01
-4.900000000000000000e+01 3.700000000000000000e+01 1.666027066858859762e-01
-4.900000000000000000e+01 3.800000000000000000e+01 1.664750279167789282e-01
-4.900000000000000000e+01 3.900000000000000000e+01 1.597898227036535224e-01
-4.900000000000000000e+01 4.000000000000000000e+01 1.412464666902630839e-01
-4.900000000000000000e+01 4.100000000000000000e+01 1.295018706222897664e-01
-4.900000000000000000e+01 4.200000000000000000e+01 nan
-4.900000000000000000e+01 4.300000000000000000e+01 nan
-4.900000000000000000e+01 4.400000000000000000e+01 nan
-4.900000000000000000e+01 4.500000000000000000e+01 nan
-4.800000000000000000e+01 2.500000000000000000e+01 5.250865434414329069e-01
-4.800000000000000000e+01 2.600000000000000000e+01 4.534812437835692434e-01
-4.800000000000000000e+01 2.700000000000000000e+01 3.513495967185461533e-01
-4.800000000000000000e+01 2.800000000000000000e+01 3.038833358189798051e-01
-4.800000000000000000e+01 2.900000000000000000e+01 2.747640931708770773e-01
-4.800000000000000000e+01 3.000000000000000000e+01 2.561025254229494230e-01
-4.800000000000000000e+01 3.100000000000000000e+01 2.494088619671143980e-01
-4.800000000000000000e+01 3.200000000000000000e+01 1.910628594241330080e-01
-4.800000000000000000e+01 3.300000000000000000e+01 1.641588598663076826e-01
-4.800000000000000000e+01 3.400000000000000000e+01 1.677733062124293906e-01
-4.800000000000000000e+01 3.500000000000000000e+01 1.601653925480771290e-01
-4.800000000000000000e+01 3.600000000000000000e+01 1.638558639454320565e-01
-4.800000000000000000e+01 3.700000000000000000e+01 1.664608778264793920e-01
-4.800000000000000000e+01 3.800000000000000000e+01 1.918145364024052557e-01
-4.800000000000000000e+01 3.900000000000000000e+01 1.657010504493424408e-01
-4.800000000000000000e+01 4.000000000000000000e+01 1.409367884942470395e-01
-4.800000000000000000e+01 4.100000000000000000e+01 1.401513211127352332e-01
-4.800000000000000000e+01 4.200000000000000000e+01 nan
-4.800000000000000000e+01 4.300000000000000000e+01 nan
-4.800000000000000000e+01 4.400000000000000000e+01 nan
-4.800000000000000000e+01 4.500000000000000000e+01 nan
-4.700000000000000000e+01 2.500000000000000000e+01 5.246532967260992830e-01
-4.700000000000000000e+01 2.600000000000000000e+01 4.517926671485008039e-01
-4.700000000000000000e+01 2.700000000000000000e+01 3.534035618063550710e-01
-4.700000000000000000e+01 2.800000000000000000e+01 3.013287614282317284e-01
-4.700000000000000000e+01 2.900000000000000000e+01 2.554578070877674967e-01
-4.700000000000000000e+01 3.000000000000000000e+01 2.218245601469809036e-01
-4.700000000000000000e+01 3.100000000000000000e+01 2.399997644399409769e-01
-4.700000000000000000e+01 3.200000000000000000e+01 1.948056743702317739e-01
-4.700000000000000000e+01 3.300000000000000000e+01 1.586587704418414291e-01
-4.700000000000000000e+01 3.400000000000000000e+01 1.789296917871618653e-01
-4.700000000000000000e+01 3.500000000000000000e+01 1.792682108882201475e-01
-4.700000000000000000e+01 3.600000000000000000e+01 1.653522037264192890e-01
-4.700000000000000000e+01 3.700000000000000000e+01 1.661108370910665266e-01
-4.700000000000000000e+01 3.800000000000000000e+01 1.902443273232316545e-01
-4.700000000000000000e+01 3.900000000000000000e+01 1.601115475957148315e-01
-4.700000000000000000e+01 4.000000000000000000e+01 1.399059707695019805e-01
-4.700000000000000000e+01 4.100000000000000000e+01 1.421536595137483927e-01
-4.700000000000000000e+01 4.200000000000000000e+01 nan
-4.700000000000000000e+01 4.300000000000000000e+01 nan
-4.700000000000000000e+01 4.400000000000000000e+01 nan
-4.700000000000000000e+01 4.500000000000000000e+01 nan
-4.600000000000000000e+01 2.500000000000000000e+01 5.250873375507577601e-01
-4.600000000000000000e+01 2.600000000000000000e+01 4.622729798526480360e-01
-4.600000000000000000e+01 2.700000000000000000e+01 3.620830196613038510e-01
-4.600000000000000000e+01 2.800000000000000000e+01 2.743129212042583753e-01
-4.600000000000000000e+01 2.900000000000000000e+01 2.218245601469809036e-01
-4.600000000000000000e+01 3.000000000000000000e+01 2.107144988101534722e-01
-4.600000000000000000e+01 3.100000000000000000e+01 2.316958755306434137e-01
-4.600000000000000000e+01 3.200000000000000000e+01 2.153440584174972638e-01
-4.600000000000000000e+01 3.300000000000000000e+01 nan
-4.600000000000000000e+01 3.400000000000000000e+01 nan
-4.600000000000000000e+01 3.500000000000000000e+01 nan
-4.600000000000000000e+01 3.600000000000000000e+01 nan
-4.600000000000000000e+01 3.700000000000000000e+01 nan
-4.600000000000000000e+01 3.800000000000000000e+01 nan
-4.600000000000000000e+01 3.900000000000000000e+01 nan
-4.600000000000000000e+01 4.000000000000000000e+01 nan
-4.600000000000000000e+01 4.100000000000000000e+01 nan
-4.600000000000000000e+01 4.200000000000000000e+01 nan
-4.600000000000000000e+01 4.300000000000000000e+01 nan
-4.600000000000000000e+01 4.400000000000000000e+01 nan
-4.600000000000000000e+01 4.500000000000000000e+01 nan
