Longitude[deg], Latitude[deg], Dust optical depth
1.430000000000000000e+02 -1.900000000000000000e+01 nan
1.430000000000000000e+02 -1.800000000000000000e+01 nan
1.430000000000000000e+02 -1.700000000000000000e+01 nan
1.430000000000000000e+02 -1.600000000000000000e+01 nan
1.430000000000000000e+02 -1.500000000000000000e+01 nan
1.430000000000000000e+02 -1.400000000000000000e+01 nan
1.430000000000000000e+02 -1.300000000000000000e+01 nan
1.430000000000000000e+02 -1.200000000000000000e+01 nan
1.430000000000000000e+02 -1.100000000000000000e+01 nan
1.430000000000000000e+02 -1.000000000000000000e+01 nan
1.430000000000000000e+02 -9.000000000000000000e+00 nan
1.430000000000000000e+02 -8.000000000000000000e+00 nan
1.430000000000000000e+02 -7.000000000000000000e+00 nan
1.430000000000000000e+02 -6.000000000000000000e+00 nan
1.430000000000000000e+02 -5.000000000000000000e+00 nan
1.430000000000000000e+02 -4.000000000000000000e+00 nan
1.430000000000000000e+02 -3.000000000000000000e+00 nan
1.440000000000000000e+02 -1.900000000000000000e+01 3.273157958874879370e+00
1.440000000000000000e+02 -1.800000000000000000e+01 3.171895416299089554e+00
1.440000000000000000e+02 -1.700000000000000000e+01 3.018875159960971555e+00
1.440000000000000000e+02 -1.600000000000000000e+01 2.946873456304037298e+00
1.440000000000000000e+02 -1.500000000000000000e+01 2.892175046825163243e+00
1.440000000000000000e+02 -1.400000000000000000e+01 2.892694828896003045e+00
1.440000000000000000e+02 -1.300000000000000000e+01 2.991624277037226776e+00
1.440000000000000000e+02 -1.200000000000000000e+01 3.126139938080124914e+00
1.440000000000000000e+02 -1.100000000000000000e+01 2.876467673125581825e+00
1.440000000000000000e+02 -1.000000000000000000e+01 2.701739937055155139e+00
1.440000000000000000e+02 -9.000000000000000000e+00 2.607370386562397169e+00
1.440000000000000000e+02 -8.000000000000000000e+00 2.364418130195830248e+00
1.440000000000000000e+02 -7.000000000000000000e+00 2.323515281456773884e+00
1.440000000000000000e+02 -6.000000000000000000e+00 2.328028315441144080e+00
1.440000000000000000e+02 -5.000000000000000000e+00 2.286365691765037234e+00
1.440000000000000000e+02 -4.000000000000000000e+00 2.169212351066454936e+00
1.440000000000000000e+02 -3.000000000000000000e+00 nan
1.450000000000000000e+02 -1.900000000000000000e+01 3.243240551381051162e+00
1.450000000000000000e+02 -1.800000000000000000e+01 3.187390424346650875e+00
1.450000000000000000e+02 -1.700000000000000000e+01 3.045626223303211866e+00
1.450000000000000000e+02 -1.600000000000000000e+01 2.991783403618493153e+00
1.450000000000000000e+02 -1.500000000000000000e+01 2.944336083314512909e+00
1.450000000000000000e+02 -1.400000000000000000e+01 2.722424252463504502e+00
1.450000000000000000e+02 -1.300000000000000000e+01 2.855097301217577321e+00
1.450000000000000000e+02 -1.200000000000000000e+01 3.072402586786862955e+00
1.450000000000000000e+02 -1.100000000000000000e+01 2.958369540834946854e+00
1.450000000000000000e+02 -1.000000000000000000e+01 2.721913276109881430e+00
1.450000000000000000e+02 -9.000000000000000000e+00 2.630681933851917176e+00
1.450000000000000000e+02 -8.000000000000000000e+00 2.586828071716738897e+00
1.450000000000000000e+02 -7.000000000000000000e+00 2.328582790913988898e+00
1.450000000000000000e+02 -6.000000000000000000e+00 2.311476441130529302e+00
1.450000000000000000e+02 -5.000000000000000000e+00 2.204779339236950353e+00
1.450000000000000000e+02 -4.000000000000000000e+00 2.058620671785363676e+00
1.450000000000000000e+02 -3.000000000000000000e+00 nan
1.460000000000000000e+02 -1.900000000000000000e+01 3.236882132766085718e+00
1.460000000000000000e+02 -1.800000000000000000e+01 3.200469367683881572e+00
1.460000000000000000e+02 -1.700000000000000000e+01 3.056901792255147132e+00
1.460000000000000000e+02 -1.600000000000000000e+01 3.005751595957021571e+00
1.460000000000000000e+02 -1.500000000000000000e+01 2.966425948145656299e+00
1.460000000000000000e+02 -1.400000000000000000e+01 2.683762875885938648e+00
1.460000000000000000e+02 -1.300000000000000000e+01 2.725462972473737366e+00
1.460000000000000000e+02 -1.200000000000000000e+01 2.985217524687625801e+00
1.460000000000000000e+02 -1.100000000000000000e+01 3.024191219234270811e+00
1.460000000000000000e+02 -1.000000000000000000e+01 2.733751110826418085e+00
1.460000000000000000e+02 -9.000000000000000000e+00 2.644103015578676885e+00
1.460000000000000000e+02 -8.000000000000000000e+00 2.616421602860349083e+00
1.460000000000000000e+02 -7.000000000000000000e+00 2.345460405198094733e+00
1.460000000000000000e+02 -6.000000000000000000e+00 2.274342087772569077e+00
1.460000000000000000e+02 -5.000000000000000000e+00 2.110537743641794695e+00
1.460000000000000000e+02 -4.000000000000000000e+00 1.889298658318891544e+00
1.460000000000000000e+02 -3.000000000000000000e+00 nan
