Longitude[deg], Latitude[deg], Dust optical depth
1.420000000000000000e+02 -2.100000000000000000e+01 5.087446157433890725e+00
1.420000000000000000e+02 -2.000000000000000000e+01 5.159093147699437054e+00
1.420000000000000000e+02 -1.900000000000000000e+01 5.028256620126549947e+00
1.420000000000000000e+02 -1.800000000000000000e+01 4.776522664361020354e+00
1.420000000000000000e+02 -1.700000000000000000e+01 4.663955684317323325e+00
1.420000000000000000e+02 -1.600000000000000000e+01 4.577428575162866053e+00
1.420000000000000000e+02 -1.500000000000000000e+01 4.522709854960976550e+00
1.420000000000000000e+02 -1.400000000000000000e+01 4.541618768285538899e+00
1.420000000000000000e+02 -1.300000000000000000e+01 4.437573683396132118e+00
1.420000000000000000e+02 -1.200000000000000000e+01 4.589844716820878467e+00
1.420000000000000000e+02 -1.100000000000000000e+01 4.727760961498050030e+00
1.420000000000000000e+02 -1.000000000000000000e+01 4.698314247412216815e+00
1.420000000000000000e+02 -9.000000000000000000e+00 4.652121650142637677e+00
1.420000000000000000e+02 -8.000000000000000000e+00 4.835364582228459440e+00
1.420000000000000000e+02 -7.000000000000000000e+00 4.836131424075750473e+00
1.420000000000000000e+02 -6.000000000000000000e+00 4.770407327217466964e+00
1.420000000000000000e+02 -5.000000000000000000e+00 nan
1.430000000000000000e+02 -2.100000000000000000e+01 5.090585596538227620e+00
1.430000000000000000e+02 -2.000000000000000000e+01 5.116700410508022934e+00
1.430000000000000000e+02 -1.900000000000000000e+01 4.922088488030903264e+00
1.430000000000000000e+02 -1.800000000000000000e+01 4.605094903621312241e+00
1.430000000000000000e+02 -1.700000000000000000e+01 4.503804221511830796e+00
1.430000000000000000e+02 -1.600000000000000000e+01 4.469038103250710492e+00
1.430000000000000000e+02 -1.500000000000000000e+01 4.367028460290095282e+00
1.430000000000000000e+02 -1.400000000000000000e+01 4.366005303732572784e+00
1.430000000000000000e+02 -1.300000000000000000e+01 4.423959899054020539e+00
1.430000000000000000e+02 -1.200000000000000000e+01 4.609733717088935201e+00
1.430000000000000000e+02 -1.100000000000000000e+01 4.782743403960112438e+00
1.430000000000000000e+02 -1.000000000000000000e+01 4.769119470847024367e+00
1.430000000000000000e+02 -9.000000000000000000e+00 4.622132601023604792e+00
1.430000000000000000e+02 -8.000000000000000000e+00 4.856309380632014339e+00
1.430000000000000000e+02 -7.000000000000000000e+00 4.878220460072589582e+00
1.430000000000000000e+02 -6.000000000000000000e+00 4.792908200693647203e+00
1.430000000000000000e+02 -5.000000000000000000e+00 nan
1.440000000000000000e+02 -2.100000000000000000e+01 5.077754292876932141e+00
1.440000000000000000e+02 -2.000000000000000000e+01 5.108509756642701127e+00
1.440000000000000000e+02 -1.900000000000000000e+01 4.897325372405185284e+00
1.440000000000000000e+02 -1.800000000000000000e+01 4.541751288181297141e+00
1.440000000000000000e+02 -1.700000000000000000e+01 4.458520109369605855e+00
1.440000000000000000e+02 -1.600000000000000000e+01 4.413807873749859390e+00
1.440000000000000000e+02 -1.500000000000000000e+01 4.322486311469784681e+00
1.440000000000000000e+02 -1.400000000000000000e+01 4.330302354997714431e+00
1.440000000000000000e+02 -1.300000000000000000e+01 4.425865110495218246e+00
1.440000000000000000e+02 -1.200000000000000000e+01 4.621316084172752525e+00
1.440000000000000000e+02 -1.100000000000000000e+01 4.826932513315942863e+00
1.440000000000000000e+02 -1.000000000000000000e+01 4.811889346294359271e+00
1.440000000000000000e+02 -9.000000000000000000e+00 4.606673565559438188e+00
1.440000000000000000e+02 -8.000000000000000000e+00 4.872189086318551965e+00
1.440000000000000000e+02 -7.000000000000000000e+00 4.914644277643994030e+00
1.440000000000000000e+02 -6.000000000000000000e+00 4.815875711813862203e+00
1.440000000000000000e+02 -5.000000000000000000e+00 nan
1.450000000000000000e+02 -2.100000000000000000e+01 5.029630370931456262e+00
1.450000000000000000e+02 -2.000000000000000000e+01 5.089416984632960883e+00
1.450000000000000000e+02 -1.900000000000000000e+01 4.805412728936675926e+00
1.450000000000000000e+02 -1.800000000000000000e+01 4.483522368817171255e+00
1.450000000000000000e+02 -1.700000000000000000e+01 4.404527868273347302e+00
1.450000000000000000e+02 -1.600000000000000000e+01 4.386704558310514201e+00
1.450000000000000000e+02 -1.500000000000000000e+01 4.376172252453096156e+00
1.450000000000000000e+02 -1.400000000000000000e+01 4.415582462655344820e+00
1.450000000000000000e+02 -1.300000000000000000e+01 4.435103695333734386e+00
1.450000000000000000e+02 -1.200000000000000000e+01 4.648928422267948335e+00
1.450000000000000000e+02 -1.100000000000000000e+01 4.868723596397359188e+00
1.450000000000000000e+02 -1.000000000000000000e+01 4.878355441866830233e+00
1.450000000000000000e+02 -9.000000000000000000e+00 4.743752426312671133e+00
1.450000000000000000e+02 -8.000000000000000000e+00 4.961602124420876336e+00
1.450000000000000000e+02 -7.000000000000000000e+00 nan
1.450000000000000000e+02 -6.000000000000000000e+00 nan
1.450000000000000000e+02 -5.000000000000000000e+00 nan
