Longitude[deg], Latitude[deg], Dust optical depth
1.080000000000000000e+02 2.300000000000000000e+01 nan
1.080000000000000000e+02 2.400000000000000000e+01 nan
1.080000000000000000e+02 2.500000000000000000e+01 nan
1.080000000000000000e+02 2.600000000000000000e+01 nan
1.080000000000000000e+02 2.700000000000000000e+01 nan
1.080000000000000000e+02 2.800000000000000000e+01 nan
1.080000000000000000e+02 2.900000000000000000e+01 nan
1.080000000000000000e+02 3.000000000000000000e+01 nan
1.080000000000000000e+02 3.100000000000000000e+01 nan
1.080000000000000000e+02 3.200000000000000000e+01 nan
1.080000000000000000e+02 3.300000000000000000e+01 nan
1.080000000000000000e+02 3.400000000000000000e+01 nan
1.080000000000000000e+02 3.500000000000000000e+01 nan
1.080000000000000000e+02 3.600000000000000000e+01 nan
1.080000000000000000e+02 3.700000000000000000e+01 nan
1.080000000000000000e+02 3.800000000000000000e+01 nan
1.080000000000000000e+02 3.900000000000000000e+01 nan
1.080000000000000000e+02 4.000000000000000000e+01 nan
1.080000000000000000e+02 4.100000000000000000e+01 nan
1.080000000000000000e+02 4.200000000000000000e+01 nan
1.080000000000000000e+02 4.300000000000000000e+01 nan
1.090000000000000000e+02 2.300000000000000000e+01 nan
1.090000000000000000e+02 2.400000000000000000e+01 nan
1.090000000000000000e+02 2.500000000000000000e+01 nan
1.090000000000000000e+02 2.600000000000000000e+01 nan
1.090000000000000000e+02 2.700000000000000000e+01 nan
1.090000000000000000e+02 2.800000000000000000e+01 nan
1.090000000000000000e+02 2.900000000000000000e+01 nan
1.090000000000000000e+02 3.000000000000000000e+01 nan
1.090000000000000000e+02 3.100000000000000000e+01 nan
1.090000000000000000e+02 3.200000000000000000e+01 nan
1.090000000000000000e+02 3.300000000000000000e+01 nan
1.090000000000000000e+02 3.400000000000000000e+01 nan
1.090000000000000000e+02 3.500000000000000000e+01 nan
1.090000000000000000e+02 3.600000000000000000e+01 nan
1.090000000000000000e+02 3.700000000000000000e+01 nan
1.090000000000000000e+02 3.800000000000000000e+01 nan
1.090000000000000000e+02 3.900000000000000000e+01 nan
1.090000000000000000e+02 4.000000000000000000e+01 nan
1.090000000000000000e+02 4.100000000000000000e+01 nan
1.090000000000000000e+02 4.200000000000000000e+01 nan
1.090000000000000000e+02 4.300000000000000000e+01 nan
1.100000000000000000e+02 2.300000000000000000e+01 nan
1.100000000000000000e+02 2.400000000000000000e+01 nan
1.100000000000000000e+02 2.500000000000000000e+01 nan
1.100000000000000000e+02 2.600000000000000000e+01 nan
1.100000000000000000e+02 2.700000000000000000e+01 nan
1.100000000000000000e+02 2.800000000000000000e+01 nan
1.100000000000000000e+02 2.900000000000000000e+01 nan
1.100000000000000000e+02 3.000000000000000000e+01 nan
1.100000000000000000e+02 3.100000000000000000e+01 8.585158431334057871e-01
1.100000000000000000e+02 3.200000000000000000e+01 9.023123056678832299e-01
1.100000000000000000e+02 3.300000000000000000e+01 9.867780185476333621e-01
1.100000000000000000e+02 3.400000000000000000e+01 1.048523331291572935e+00
1.100000000000000000e+02 3.500000000000000000e+01 nan
1.100000000000000000e+02 3.600000000000000000e+01 nan
1.100000000000000000e+02 3.700000000000000000e+01 nan
1.100000000000000000e+02 3.800000000000000000e+01 nan
1.100000000000000000e+02 3.900000000000000000e+01 nan
1.100000000000000000e+02 4.000000000000000000e+01 nan
1.100000000000000000e+02 4.100000000000000000e+01 nan
1.100000000000000000e+02 4.200000000000000000e+01 nan
1.100000000000000000e+02 4.300000000000000000e+01 nan
1.110000000000000000e+02 2.300000000000000000e+01 nan
1.110000000000000000e+02 2.400000000000000000e+01 9.036104085616418757e-01
1.110000000000000000e+02 2.500000000000000000e+01 7.988912831722863039e-01
1.110000000000000000e+02 2.600000000000000000e+01 7.021079855332734709e-01
1.110000000000000000e+02 2.700000000000000000e+01 6.430062037762429572e-01
1.110000000000000000e+02 2.800000000000000000e+01 7.219511679580482566e-01
1.110000000000000000e+02 2.900000000000000000e+01 7.681490895796128093e-01
1.110000000000000000e+02 3.000000000000000000e+01 8.288160542426966648e-01
1.110000000000000000e+02 3.100000000000000000e+01 8.625683504771923804e-01
1.110000000000000000e+02 3.200000000000000000e+01 8.876697564638843518e-01
1.110000000000000000e+02 3.300000000000000000e+01 9.685782856842236610e-01
1.110000000000000000e+02 3.400000000000000000e+01 1.016550035650273465e+00
1.110000000000000000e+02 3.500000000000000000e+01 1.047683987042125064e+00
1.110000000000000000e+02 3.600000000000000000e+01 nan
1.110000000000000000e+02 3.700000000000000000e+01 nan
1.110000000000000000e+02 3.800000000000000000e+01 nan
1.110000000000000000e+02 3.900000000000000000e+01 nan
1.110000000000000000e+02 4.000000000000000000e+01 nan
1.110000000000000000e+02 4.100000000000000000e+01 nan
1.110000000000000000e+02 4.200000000000000000e+01 nan
1.110000000000000000e+02 4.300000000000000000e+01 nan
1.120000000000000000e+02 2.300000000000000000e+01 9.240297686008863698e-01
1.120000000000000000e+02 2.400000000000000000e+01 8.814713552957621490e-01
1.120000000000000000e+02 2.500000000000000000e+01 8.183935799635739805e-01
1.120000000000000000e+02 2.600000000000000000e+01 7.242243851419946088e-01
1.120000000000000000e+02 2.700000000000000000e+01 6.553656161218205378e-01
1.120000000000000000e+02 2.800000000000000000e+01 7.016767969125606852e-01
1.120000000000000000e+02 2.900000000000000000e+01 7.677236082146111640e-01
1.120000000000000000e+02 3.000000000000000000e+01 8.412673944995718855e-01
1.120000000000000000e+02 3.100000000000000000e+01 8.632926160059533061e-01
1.120000000000000000e+02 3.200000000000000000e+01 8.699483276040597124e-01
1.120000000000000000e+02 3.300000000000000000e+01 9.528330401659782511e-01
1.120000000000000000e+02 3.400000000000000000e+01 9.843175638476140410e-01
1.120000000000000000e+02 3.500000000000000000e+01 9.360131002975979886e-01
1.120000000000000000e+02 3.600000000000000000e+01 nan
1.120000000000000000e+02 3.700000000000000000e+01 nan
1.120000000000000000e+02 3.800000000000000000e+01 nan
1.120000000000000000e+02 3.900000000000000000e+01 nan
1.120000000000000000e+02 4.000000000000000000e+01 nan
1.120000000000000000e+02 4.100000000000000000e+01 nan
1.120000000000000000e+02 4.200000000000000000e+01 nan
1.120000000000000000e+02 4.300000000000000000e+01 nan
1.130000000000000000e+02 2.300000000000000000e+01 8.818290717451490179e-01
1.130000000000000000e+02 2.400000000000000000e+01 8.546848073717376870e-01
1.130000000000000000e+02 2.500000000000000000e+01 8.047894059081638352e-01
1.130000000000000000e+02 2.600000000000000000e+01 7.246920549949279478e-01
1.130000000000000000e+02 2.700000000000000000e+01 6.630149733386115907e-01
1.130000000000000000e+02 2.800000000000000000e+01 6.985881815727003064e-01
1.130000000000000000e+02 2.900000000000000000e+01 7.626200589313553158e-01
1.130000000000000000e+02 3.000000000000000000e+01 8.358380160417867577e-01
1.130000000000000000e+02 3.100000000000000000e+01 8.621253612939036026e-01
1.130000000000000000e+02 3.200000000000000000e+01 8.659499189248370810e-01
1.130000000000000000e+02 3.300000000000000000e+01 9.522485604024880645e-01
1.130000000000000000e+02 3.400000000000000000e+01 9.820974072906295538e-01
1.130000000000000000e+02 3.500000000000000000e+01 8.700258058082147583e-01
1.130000000000000000e+02 3.600000000000000000e+01 nan
1.130000000000000000e+02 3.700000000000000000e+01 nan
1.130000000000000000e+02 3.800000000000000000e+01 nan
1.130000000000000000e+02 3.900000000000000000e+01 nan
1.130000000000000000e+02 4.000000000000000000e+01 nan
1.130000000000000000e+02 4.100000000000000000e+01 nan
1.130000000000000000e+02 4.200000000000000000e+01 nan
1.130000000000000000e+02 4.300000000000000000e+01 nan
1.140000000000000000e+02 2.300000000000000000e+01 8.738022236083570204e-01
1.140000000000000000e+02 2.400000000000000000e+01 8.372679255985577829e-01
1.140000000000000000e+02 2.500000000000000000e+01 7.752656256156209569e-01
1.140000000000000000e+02 2.600000000000000000e+01 7.097348016493919554e-01
1.140000000000000000e+02 2.700000000000000000e+01 6.621748404586487169e-01
1.140000000000000000e+02 2.800000000000000000e+01 6.914521226692952327e-01
1.140000000000000000e+02 2.900000000000000000e+01 7.497805899949153696e-01
1.140000000000000000e+02 3.000000000000000000e+01 8.093375203419839181e-01
1.140000000000000000e+02 3.100000000000000000e+01 8.519557172559930613e-01
1.140000000000000000e+02 3.200000000000000000e+01 8.598580153678143656e-01
1.140000000000000000e+02 3.300000000000000000e+01 9.575162710982719760e-01
1.140000000000000000e+02 3.400000000000000000e+01 1.010195051083512707e+00
1.140000000000000000e+02 3.500000000000000000e+01 nan
1.140000000000000000e+02 3.600000000000000000e+01 nan
1.140000000000000000e+02 3.700000000000000000e+01 nan
1.140000000000000000e+02 3.800000000000000000e+01 nan
1.140000000000000000e+02 3.900000000000000000e+01 nan
1.140000000000000000e+02 4.000000000000000000e+01 nan
1.140000000000000000e+02 4.100000000000000000e+01 nan
1.140000000000000000e+02 4.200000000000000000e+01 nan
1.140000000000000000e+02 4.300000000000000000e+01 nan
1.150000000000000000e+02 2.300000000000000000e+01 8.992736155155612865e-01
1.150000000000000000e+02 2.400000000000000000e+01 8.359894811200977438e-01
1.150000000000000000e+02 2.500000000000000000e+01 7.669136944587326976e-01
1.150000000000000000e+02 2.600000000000000000e+01 7.075236471927287552e-01
1.150000000000000000e+02 2.700000000000000000e+01 6.624428520282122923e-01
1.150000000000000000e+02 2.800000000000000000e+01 6.858243641984865802e-01
1.150000000000000000e+02 2.900000000000000000e+01 7.345509842828543690e-01
1.150000000000000000e+02 3.000000000000000000e+01 8.040896280682080510e-01
1.150000000000000000e+02 3.100000000000000000e+01 8.488571259603159280e-01
1.150000000000000000e+02 3.200000000000000000e+01 8.526561627201386662e-01
1.150000000000000000e+02 3.300000000000000000e+01 9.585931774826258467e-01
1.150000000000000000e+02 3.400000000000000000e+01 1.033610416568976564e+00
1.150000000000000000e+02 3.500000000000000000e+01 nan
1.150000000000000000e+02 3.600000000000000000e+01 nan
1.150000000000000000e+02 3.700000000000000000e+01 nan
1.150000000000000000e+02 3.800000000000000000e+01 nan
1.150000000000000000e+02 3.900000000000000000e+01 nan
1.150000000000000000e+02 4.000000000000000000e+01 nan
1.150000000000000000e+02 4.100000000000000000e+01 nan
1.150000000000000000e+02 4.200000000000000000e+01 nan
1.150000000000000000e+02 4.300000000000000000e+01 nan
1.160000000000000000e+02 2.300000000000000000e+01 nan
1.160000000000000000e+02 2.400000000000000000e+01 8.119668732058689109e-01
1.160000000000000000e+02 2.500000000000000000e+01 7.785515045105886323e-01
1.160000000000000000e+02 2.600000000000000000e+01 nan
1.160000000000000000e+02 2.700000000000000000e+01 nan
1.160000000000000000e+02 2.800000000000000000e+01 nan
1.160000000000000000e+02 2.900000000000000000e+01 nan
1.160000000000000000e+02 3.000000000000000000e+01 nan
1.160000000000000000e+02 3.100000000000000000e+01 nan
1.160000000000000000e+02 3.200000000000000000e+01 nan
1.160000000000000000e+02 3.300000000000000000e+01 nan
1.160000000000000000e+02 3.400000000000000000e+01 nan
1.160000000000000000e+02 3.500000000000000000e+01 nan
1.160000000000000000e+02 3.600000000000000000e+01 nan
1.160000000000000000e+02 3.700000000000000000e+01 nan
1.160000000000000000e+02 3.800000000000000000e+01 nan
1.160000000000000000e+02 3.900000000000000000e+01 nan
1.160000000000000000e+02 4.000000000000000000e+01 nan
1.160000000000000000e+02 4.100000000000000000e+01 nan
1.160000000000000000e+02 4.200000000000000000e+01 nan
1.160000000000000000e+02 4.300000000000000000e+01 nan
