Longitude[deg], Latitude[deg], Dust optical depth
1.150000000000000000e+02 -3.900000000000000000e+01 8.353190223994173547e-01
1.150000000000000000e+02 -3.800000000000000000e+01 7.000089261433861676e-01
1.150000000000000000e+02 -3.700000000000000000e+01 6.600894698056554155e-01
1.150000000000000000e+02 -3.600000000000000000e+01 7.346552241027782815e-01
1.150000000000000000e+02 -3.500000000000000000e+01 8.120865610503362753e-01
1.150000000000000000e+02 -3.400000000000000000e+01 9.069765560914789804e-01
1.150000000000000000e+02 -3.300000000000000000e+01 8.289103149060723652e-01
1.150000000000000000e+02 -3.200000000000000000e+01 8.753456293219566975e-01
1.150000000000000000e+02 -3.100000000000000000e+01 8.388196819004820615e-01
1.150000000000000000e+02 -3.000000000000000000e+01 6.398015176627553924e-01
1.150000000000000000e+02 -2.900000000000000000e+01 5.318412823118311428e-01
1.150000000000000000e+02 -2.800000000000000000e+01 8.253849263843492379e-01
1.150000000000000000e+02 -2.700000000000000000e+01 9.073664427092781315e-01
1.150000000000000000e+02 -2.600000000000000000e+01 9.652073477101563714e-01
1.150000000000000000e+02 -2.500000000000000000e+01 1.001812777025414603e+00
1.150000000000000000e+02 -2.400000000000000000e+01 1.039889778758724237e+00
1.150000000000000000e+02 -2.300000000000000000e+01 9.835218355509758315e-01
1.150000000000000000e+02 -2.200000000000000000e+01 9.654734844614472067e-01
1.150000000000000000e+02 -2.100000000000000000e+01 9.987504770891224570e-01
1.150000000000000000e+02 -2.000000000000000000e+01 1.106683431006595164e+00
1.150000000000000000e+02 -1.900000000000000000e+01 1.025771784478312298e+00
1.150000000000000000e+02 -1.800000000000000000e+01 8.596212585553053565e-01
1.150000000000000000e+02 -1.700000000000000000e+01 8.578376203862861926e-01
1.150000000000000000e+02 -1.600000000000000000e+01 1.010132780232056104e+00
1.150000000000000000e+02 -1.500000000000000000e+01 1.074983802163147262e+00
1.150000000000000000e+02 -1.400000000000000000e+01 1.113077041132288780e+00
1.150000000000000000e+02 -1.300000000000000000e+01 1.340815330904097769e+00
1.150000000000000000e+02 -1.200000000000000000e+01 nan
1.160000000000000000e+02 -3.900000000000000000e+01 8.353190223994173547e-01
1.160000000000000000e+02 -3.800000000000000000e+01 7.000089261433861676e-01
1.160000000000000000e+02 -3.700000000000000000e+01 6.600894698056554155e-01
1.160000000000000000e+02 -3.600000000000000000e+01 7.346552241027782815e-01
1.160000000000000000e+02 -3.500000000000000000e+01 8.120865610503362753e-01
1.160000000000000000e+02 -3.400000000000000000e+01 9.069765560914789804e-01
1.160000000000000000e+02 -3.300000000000000000e+01 8.289103149060723652e-01
1.160000000000000000e+02 -3.200000000000000000e+01 8.753456293219566975e-01
1.160000000000000000e+02 -3.100000000000000000e+01 8.388196819004820615e-01
1.160000000000000000e+02 -3.000000000000000000e+01 6.398015176627553924e-01
1.160000000000000000e+02 -2.900000000000000000e+01 5.318412823118311428e-01
1.160000000000000000e+02 -2.800000000000000000e+01 8.253849263843492379e-01
1.160000000000000000e+02 -2.700000000000000000e+01 9.073664427092781315e-01
1.160000000000000000e+02 -2.600000000000000000e+01 9.652073477101563714e-01
1.160000000000000000e+02 -2.500000000000000000e+01 1.001812777025414603e+00
1.160000000000000000e+02 -2.400000000000000000e+01 1.039889778758724237e+00
1.160000000000000000e+02 -2.300000000000000000e+01 9.835218355509758315e-01
1.160000000000000000e+02 -2.200000000000000000e+01 9.654734844614472067e-01
1.160000000000000000e+02 -2.100000000000000000e+01 9.987504770891224570e-01
1.160000000000000000e+02 -2.000000000000000000e+01 1.106683431006595164e+00
1.160000000000000000e+02 -1.900000000000000000e+01 1.025771784478312298e+00
1.160000000000000000e+02 -1.800000000000000000e+01 8.596212585553053565e-01
1.160000000000000000e+02 -1.700000000000000000e+01 8.578376203862861926e-01
1.160000000000000000e+02 -1.600000000000000000e+01 1.010132780232056104e+00
1.160000000000000000e+02 -1.500000000000000000e+01 1.074983802163147262e+00
1.160000000000000000e+02 -1.400000000000000000e+01 1.113077041132288780e+00
1.160000000000000000e+02 -1.300000000000000000e+01 1.340815330904097769e+00
1.160000000000000000e+02 -1.200000000000000000e+01 nan
