Longitude[deg], Latitude[deg], Dust optical depth
-9.200000000000000000e+01 -2.900000000000000000e+01 nan
-9.200000000000000000e+01 -2.800000000000000000e+01 nan
-9.200000000000000000e+01 -2.700000000000000000e+01 nan
-9.200000000000000000e+01 -2.600000000000000000e+01 nan
-9.200000000000000000e+01 -2.500000000000000000e+01 nan
-9.200000000000000000e+01 -2.400000000000000000e+01 nan
-9.200000000000000000e+01 -2.300000000000000000e+01 nan
-9.200000000000000000e+01 -2.200000000000000000e+01 nan
-9.200000000000000000e+01 -2.100000000000000000e+01 nan
-9.200000000000000000e+01 -2.000000000000000000e+01 nan
-9.200000000000000000e+01 -1.900000000000000000e+01 nan
-9.200000000000000000e+01 -1.800000000000000000e+01 nan
-9.200000000000000000e+01 -1.700000000000000000e+01 nan
-9.200000000000000000e+01 -1.600000000000000000e+01 nan
-9.200000000000000000e+01 -1.500000000000000000e+01 nan
-9.200000000000000000e+01 -1.400000000000000000e+01 nan
-9.200000000000000000e+01 -1.300000000000000000e+01 nan
-9.100000000000000000e+01 -2.900000000000000000e+01 7.038771307678561406e+00
-9.100000000000000000e+01 -2.800000000000000000e+01 7.328678202180424428e+00
-9.100000000000000000e+01 -2.700000000000000000e+01 7.538767437826767726e+00
-9.100000000000000000e+01 -2.600000000000000000e+01 8.094850567365472926e+00
-9.100000000000000000e+01 -2.500000000000000000e+01 8.544397970476852677e+00
-9.100000000000000000e+01 -2.400000000000000000e+01 8.876216838559045641e+00
-9.100000000000000000e+01 -2.300000000000000000e+01 8.466257597928555256e+00
-9.100000000000000000e+01 -2.200000000000000000e+01 8.402525310427247263e+00
-9.100000000000000000e+01 -2.100000000000000000e+01 8.775701108988480215e+00
-9.100000000000000000e+01 -2.000000000000000000e+01 8.720294894938703578e+00
-9.100000000000000000e+01 -1.900000000000000000e+01 8.213368415922905896e+00
-9.100000000000000000e+01 -1.800000000000000000e+01 7.905679670761548650e+00
-9.100000000000000000e+01 -1.700000000000000000e+01 nan
-9.100000000000000000e+01 -1.600000000000000000e+01 nan
-9.100000000000000000e+01 -1.500000000000000000e+01 nan
-9.100000000000000000e+01 -1.400000000000000000e+01 nan
-9.100000000000000000e+01 -1.300000000000000000e+01 nan
-9.000000000000000000e+01 -2.900000000000000000e+01 7.013016419619529707e+00
-9.000000000000000000e+01 -2.800000000000000000e+01 7.233160440208948216e+00
-9.000000000000000000e+01 -2.700000000000000000e+01 7.439750437332491195e+00
-9.000000000000000000e+01 -2.600000000000000000e+01 7.786388256801061836e+00
-9.000000000000000000e+01 -2.500000000000000000e+01 8.500165358193267906e+00
-9.000000000000000000e+01 -2.400000000000000000e+01 8.829922432170739910e+00
-9.000000000000000000e+01 -2.300000000000000000e+01 8.400185850084890049e+00
-9.000000000000000000e+01 -2.200000000000000000e+01 8.068454840630586489e+00
-9.000000000000000000e+01 -2.100000000000000000e+01 8.425246349862462125e+00
-9.000000000000000000e+01 -2.000000000000000000e+01 8.384503859041700480e+00
-9.000000000000000000e+01 -1.900000000000000000e+01 7.980521397849236642e+00
-9.000000000000000000e+01 -1.800000000000000000e+01 7.621576398778170613e+00
-9.000000000000000000e+01 -1.700000000000000000e+01 7.366742451945006209e+00
-9.000000000000000000e+01 -1.600000000000000000e+01 nan
-9.000000000000000000e+01 -1.500000000000000000e+01 nan
-9.000000000000000000e+01 -1.400000000000000000e+01 nan
-9.000000000000000000e+01 -1.300000000000000000e+01 nan
-8.900000000000000000e+01 -2.900000000000000000e+01 6.998939414802463510e+00
-8.900000000000000000e+01 -2.800000000000000000e+01 7.144063893848960234e+00
-8.900000000000000000e+01 -2.700000000000000000e+01 7.219978899919608395e+00
-8.900000000000000000e+01 -2.600000000000000000e+01 7.488311077023602103e+00
-8.900000000000000000e+01 -2.500000000000000000e+01 8.477867766391108617e+00
-8.900000000000000000e+01 -2.400000000000000000e+01 8.782588547845922022e+00
-8.900000000000000000e+01 -2.300000000000000000e+01 8.187567007829729349e+00
-8.900000000000000000e+01 -2.200000000000000000e+01 7.874452720116382309e+00
-8.900000000000000000e+01 -2.100000000000000000e+01 8.117267578311732734e+00
-8.900000000000000000e+01 -2.000000000000000000e+01 8.125465666997143899e+00
-8.900000000000000000e+01 -1.900000000000000000e+01 7.777731900566237755e+00
-8.900000000000000000e+01 -1.800000000000000000e+01 7.613229161666082767e+00
-8.900000000000000000e+01 -1.700000000000000000e+01 7.365204342975642859e+00
-8.900000000000000000e+01 -1.600000000000000000e+01 nan
-8.900000000000000000e+01 -1.500000000000000000e+01 nan
-8.900000000000000000e+01 -1.400000000000000000e+01 nan
-8.900000000000000000e+01 -1.300000000000000000e+01 nan
