Longitude[deg], Latitude[deg], Dust optical depth
-1.300000000000000000e+01 -7.100000000000000000e+01 nan
-1.300000000000000000e+01 -7.000000000000000000e+01 nan
-1.300000000000000000e+01 -6.900000000000000000e+01 nan
-1.300000000000000000e+01 -6.800000000000000000e+01 nan
-1.300000000000000000e+01 -6.700000000000000000e+01 nan
-1.300000000000000000e+01 -6.600000000000000000e+01 nan
-1.300000000000000000e+01 -6.500000000000000000e+01 nan
-1.300000000000000000e+01 -6.400000000000000000e+01 nan
-1.300000000000000000e+01 -6.300000000000000000e+01 nan
-1.300000000000000000e+01 -6.200000000000000000e+01 nan
-1.300000000000000000e+01 -6.100000000000000000e+01 nan
-1.300000000000000000e+01 -6.000000000000000000e+01 nan
-1.300000000000000000e+01 -5.900000000000000000e+01 nan
-1.300000000000000000e+01 -5.800000000000000000e+01 nan
-1.300000000000000000e+01 -5.700000000000000000e+01 nan
-1.300000000000000000e+01 -5.600000000000000000e+01 nan
-1.300000000000000000e+01 -5.500000000000000000e+01 nan
-1.300000000000000000e+01 -5.400000000000000000e+01 nan
-1.300000000000000000e+01 -5.300000000000000000e+01 nan
-1.300000000000000000e+01 -5.200000000000000000e+01 nan
-1.300000000000000000e+01 -5.100000000000000000e+01 nan
-1.300000000000000000e+01 -5.000000000000000000e+01 nan
-1.300000000000000000e+01 -4.900000000000000000e+01 nan
-1.300000000000000000e+01 -4.800000000000000000e+01 nan
-1.300000000000000000e+01 -4.700000000000000000e+01 nan
-1.300000000000000000e+01 -4.600000000000000000e+01 nan
-1.300000000000000000e+01 -4.500000000000000000e+01 nan
-1.300000000000000000e+01 -4.400000000000000000e+01 nan
-1.300000000000000000e+01 -4.300000000000000000e+01 nan
-1.300000000000000000e+01 -4.200000000000000000e+01 nan
-1.300000000000000000e+01 -4.100000000000000000e+01 nan
-1.300000000000000000e+01 -4.000000000000000000e+01 nan
-1.300000000000000000e+01 -3.900000000000000000e+01 nan
-1.300000000000000000e+01 -3.800000000000000000e+01 nan
-1.300000000000000000e+01 -3.700000000000000000e+01 nan
-1.300000000000000000e+01 -3.600000000000000000e+01 nan
-1.300000000000000000e+01 -3.500000000000000000e+01 nan
-1.300000000000000000e+01 -3.400000000000000000e+01 nan
-1.300000000000000000e+01 -3.300000000000000000e+01 nan
-1.300000000000000000e+01 -3.200000000000000000e+01 nan
-1.300000000000000000e+01 -3.100000000000000000e+01 nan
-1.300000000000000000e+01 -3.000000000000000000e+01 nan
-1.300000000000000000e+01 -2.900000000000000000e+01 nan
-1.300000000000000000e+01 -2.800000000000000000e+01 nan
-1.300000000000000000e+01 -2.700000000000000000e+01 nan
-1.200000000000000000e+01 -7.100000000000000000e+01 nan
-1.200000000000000000e+01 -7.000000000000000000e+01 nan
-1.200000000000000000e+01 -6.900000000000000000e+01 nan
-1.200000000000000000e+01 -6.800000000000000000e+01 nan
-1.200000000000000000e+01 -6.700000000000000000e+01 nan
-1.200000000000000000e+01 -6.600000000000000000e+01 nan
-1.200000000000000000e+01 -6.500000000000000000e+01 nan
-1.200000000000000000e+01 -6.400000000000000000e+01 nan
-1.200000000000000000e+01 -6.300000000000000000e+01 nan
-1.200000000000000000e+01 -6.200000000000000000e+01 nan
-1.200000000000000000e+01 -6.100000000000000000e+01 nan
-1.200000000000000000e+01 -6.000000000000000000e+01 nan
-1.200000000000000000e+01 -5.900000000000000000e+01 nan
-1.200000000000000000e+01 -5.800000000000000000e+01 nan
-1.200000000000000000e+01 -5.700000000000000000e+01 nan
-1.200000000000000000e+01 -5.600000000000000000e+01 nan
-1.200000000000000000e+01 -5.500000000000000000e+01 nan
-1.200000000000000000e+01 -5.400000000000000000e+01 nan
-1.200000000000000000e+01 -5.300000000000000000e+01 nan
-1.200000000000000000e+01 -5.200000000000000000e+01 nan
-1.200000000000000000e+01 -5.100000000000000000e+01 nan
-1.200000000000000000e+01 -5.000000000000000000e+01 nan
-1.200000000000000000e+01 -4.900000000000000000e+01 nan
-1.200000000000000000e+01 -4.800000000000000000e+01 nan
-1.200000000000000000e+01 -4.700000000000000000e+01 nan
-1.200000000000000000e+01 -4.600000000000000000e+01 nan
-1.200000000000000000e+01 -4.500000000000000000e+01 nan
-1.200000000000000000e+01 -4.400000000000000000e+01 nan
-1.200000000000000000e+01 -4.300000000000000000e+01 nan
-1.200000000000000000e+01 -4.200000000000000000e+01 nan
-1.200000000000000000e+01 -4.100000000000000000e+01 nan
-1.200000000000000000e+01 -4.000000000000000000e+01 nan
-1.200000000000000000e+01 -3.900000000000000000e+01 nan
-1.200000000000000000e+01 -3.800000000000000000e+01 nan
-1.200000000000000000e+01 -3.700000000000000000e+01 nan
-1.200000000000000000e+01 -3.600000000000000000e+01 nan
-1.200000000000000000e+01 -3.500000000000000000e+01 nan
-1.200000000000000000e+01 -3.400000000000000000e+01 nan
-1.200000000000000000e+01 -3.300000000000000000e+01 nan
-1.200000000000000000e+01 -3.200000000000000000e+01 nan
-1.200000000000000000e+01 -3.100000000000000000e+01 nan
-1.200000000000000000e+01 -3.000000000000000000e+01 nan
-1.200000000000000000e+01 -2.900000000000000000e+01 nan
-1.200000000000000000e+01 -2.800000000000000000e+01 nan
-1.200000000000000000e+01 -2.700000000000000000e+01 nan
-1.100000000000000000e+01 -7.100000000000000000e+01 nan
-1.100000000000000000e+01 -7.000000000000000000e+01 nan
-1.100000000000000000e+01 -6.900000000000000000e+01 nan
-1.100000000000000000e+01 -6.800000000000000000e+01 nan
-1.100000000000000000e+01 -6.700000000000000000e+01 nan
-1.100000000000000000e+01 -6.600000000000000000e+01 nan
-1.100000000000000000e+01 -6.500000000000000000e+01 nan
-1.100000000000000000e+01 -6.400000000000000000e+01 nan
-1.100000000000000000e+01 -6.300000000000000000e+01 nan
-1.100000000000000000e+01 -6.200000000000000000e+01 nan
-1.100000000000000000e+01 -6.100000000000000000e+01 nan
-1.100000000000000000e+01 -6.000000000000000000e+01 nan
-1.100000000000000000e+01 -5.900000000000000000e+01 nan
-1.100000000000000000e+01 -5.800000000000000000e+01 nan
-1.100000000000000000e+01 -5.700000000000000000e+01 nan
-1.100000000000000000e+01 -5.600000000000000000e+01 nan
-1.100000000000000000e+01 -5.500000000000000000e+01 nan
-1.100000000000000000e+01 -5.400000000000000000e+01 nan
-1.100000000000000000e+01 -5.300000000000000000e+01 nan
-1.100000000000000000e+01 -5.200000000000000000e+01 nan
-1.100000000000000000e+01 -5.100000000000000000e+01 nan
-1.100000000000000000e+01 -5.000000000000000000e+01 nan
-1.100000000000000000e+01 -4.900000000000000000e+01 nan
-1.100000000000000000e+01 -4.800000000000000000e+01 nan
-1.100000000000000000e+01 -4.700000000000000000e+01 nan
-1.100000000000000000e+01 -4.600000000000000000e+01 nan
-1.100000000000000000e+01 -4.500000000000000000e+01 nan
-1.100000000000000000e+01 -4.400000000000000000e+01 nan
-1.100000000000000000e+01 -4.300000000000000000e+01 nan
-1.100000000000000000e+01 -4.200000000000000000e+01 nan
-1.100000000000000000e+01 -4.100000000000000000e+01 nan
-1.100000000000000000e+01 -4.000000000000000000e+01 nan
-1.100000000000000000e+01 -3.900000000000000000e+01 nan
-1.100000000000000000e+01 -3.800000000000000000e+01 nan
-1.100000000000000000e+01 -3.700000000000000000e+01 nan
-1.100000000000000000e+01 -3.600000000000000000e+01 nan
-1.100000000000000000e+01 -3.500000000000000000e+01 nan
-1.100000000000000000e+01 -3.400000000000000000e+01 nan
-1.100000000000000000e+01 -3.300000000000000000e+01 nan
-1.100000000000000000e+01 -3.200000000000000000e+01 nan
-1.100000000000000000e+01 -3.100000000000000000e+01 nan
-1.100000000000000000e+01 -3.000000000000000000e+01 nan
-1.100000000000000000e+01 -2.900000000000000000e+01 nan
-1.100000000000000000e+01 -2.800000000000000000e+01 nan
-1.100000000000000000e+01 -2.700000000000000000e+01 nan
-1.000000000000000000e+01 -7.100000000000000000e+01 nan
-1.000000000000000000e+01 -7.000000000000000000e+01 nan
-1.000000000000000000e+01 -6.900000000000000000e+01 nan
-1.000000000000000000e+01 -6.800000000000000000e+01 nan
-1.000000000000000000e+01 -6.700000000000000000e+01 nan
-1.000000000000000000e+01 -6.600000000000000000e+01 nan
-1.000000000000000000e+01 -6.500000000000000000e+01 nan
-1.000000000000000000e+01 -6.400000000000000000e+01 nan
-1.000000000000000000e+01 -6.300000000000000000e+01 nan
-1.000000000000000000e+01 -6.200000000000000000e+01 nan
-1.000000000000000000e+01 -6.100000000000000000e+01 nan
-1.000000000000000000e+01 -6.000000000000000000e+01 1.562598336468460358e+00
-1.000000000000000000e+01 -5.900000000000000000e+01 1.562598336468460358e+00
-1.000000000000000000e+01 -5.800000000000000000e+01 nan
-1.000000000000000000e+01 -5.700000000000000000e+01 nan
-1.000000000000000000e+01 -5.600000000000000000e+01 nan
-1.000000000000000000e+01 -5.500000000000000000e+01 nan
-1.000000000000000000e+01 -5.400000000000000000e+01 nan
-1.000000000000000000e+01 -5.300000000000000000e+01 nan
-1.000000000000000000e+01 -5.200000000000000000e+01 nan
-1.000000000000000000e+01 -5.100000000000000000e+01 nan
-1.000000000000000000e+01 -5.000000000000000000e+01 nan
-1.000000000000000000e+01 -4.900000000000000000e+01 nan
-1.000000000000000000e+01 -4.800000000000000000e+01 nan
-1.000000000000000000e+01 -4.700000000000000000e+01 nan
-1.000000000000000000e+01 -4.600000000000000000e+01 nan
-1.000000000000000000e+01 -4.500000000000000000e+01 nan
-1.000000000000000000e+01 -4.400000000000000000e+01 nan
-1.000000000000000000e+01 -4.300000000000000000e+01 nan
-1.000000000000000000e+01 -4.200000000000000000e+01 nan
-1.000000000000000000e+01 -4.100000000000000000e+01 nan
-1.000000000000000000e+01 -4.000000000000000000e+01 nan
-1.000000000000000000e+01 -3.900000000000000000e+01 nan
-1.000000000000000000e+01 -3.800000000000000000e+01 nan
-1.000000000000000000e+01 -3.700000000000000000e+01 nan
-1.000000000000000000e+01 -3.600000000000000000e+01 nan
-1.000000000000000000e+01 -3.500000000000000000e+01 nan
-1.000000000000000000e+01 -3.400000000000000000e+01 nan
-1.000000000000000000e+01 -3.300000000000000000e+01 nan
-1.000000000000000000e+01 -3.200000000000000000e+01 nan
-1.000000000000000000e+01 -3.100000000000000000e+01 nan
-1.000000000000000000e+01 -3.000000000000000000e+01 nan
-1.000000000000000000e+01 -2.900000000000000000e+01 nan
-1.000000000000000000e+01 -2.800000000000000000e+01 nan
-1.000000000000000000e+01 -2.700000000000000000e+01 nan
-9.000000000000000000e+00 -7.100000000000000000e+01 nan
-9.000000000000000000e+00 -7.000000000000000000e+01 nan
-9.000000000000000000e+00 -6.900000000000000000e+01 nan
-9.000000000000000000e+00 -6.800000000000000000e+01 nan
-9.000000000000000000e+00 -6.700000000000000000e+01 nan
-9.000000000000000000e+00 -6.600000000000000000e+01 nan
-9.000000000000000000e+00 -6.500000000000000000e+01 nan
-9.000000000000000000e+00 -6.400000000000000000e+01 nan
-9.000000000000000000e+00 -6.300000000000000000e+01 nan
-9.000000000000000000e+00 -6.200000000000000000e+01 nan
-9.000000000000000000e+00 -6.100000000000000000e+01 nan
-9.000000000000000000e+00 -6.000000000000000000e+01 1.386419418143576499e+00
-9.000000000000000000e+00 -5.900000000000000000e+01 1.376574570339444303e+00
-9.000000000000000000e+00 -5.800000000000000000e+01 1.400739511124259096e+00
-9.000000000000000000e+00 -5.700000000000000000e+01 1.668122915692552111e+00
-9.000000000000000000e+00 -5.600000000000000000e+01 1.694037780583052433e+00
-9.000000000000000000e+00 -5.500000000000000000e+01 1.694744984320074588e+00
-9.000000000000000000e+00 -5.400000000000000000e+01 1.883790227725527844e+00
-9.000000000000000000e+00 -5.300000000000000000e+01 1.989094060309565704e+00
-9.000000000000000000e+00 -5.200000000000000000e+01 2.125378982585016452e+00
-9.000000000000000000e+00 -5.100000000000000000e+01 2.185587138834527376e+00
-9.000000000000000000e+00 -5.000000000000000000e+01 nan
-9.000000000000000000e+00 -4.900000000000000000e+01 nan
-9.000000000000000000e+00 -4.800000000000000000e+01 nan
-9.000000000000000000e+00 -4.700000000000000000e+01 nan
-9.000000000000000000e+00 -4.600000000000000000e+01 nan
-9.000000000000000000e+00 -4.500000000000000000e+01 nan
-9.000000000000000000e+00 -4.400000000000000000e+01 nan
-9.000000000000000000e+00 -4.300000000000000000e+01 nan
-9.000000000000000000e+00 -4.200000000000000000e+01 nan
-9.000000000000000000e+00 -4.100000000000000000e+01 nan
-9.000000000000000000e+00 -4.000000000000000000e+01 nan
-9.000000000000000000e+00 -3.900000000000000000e+01 nan
-9.000000000000000000e+00 -3.800000000000000000e+01 nan
-9.000000000000000000e+00 -3.700000000000000000e+01 nan
-9.000000000000000000e+00 -3.600000000000000000e+01 nan
-9.000000000000000000e+00 -3.500000000000000000e+01 nan
-9.000000000000000000e+00 -3.400000000000000000e+01 nan
-9.000000000000000000e+00 -3.300000000000000000e+01 nan
-9.000000000000000000e+00 -3.200000000000000000e+01 nan
-9.000000000000000000e+00 -3.100000000000000000e+01 nan
-9.000000000000000000e+00 -3.000000000000000000e+01 nan
-9.000000000000000000e+00 -2.900000000000000000e+01 nan
-9.000000000000000000e+00 -2.800000000000000000e+01 nan
-9.000000000000000000e+00 -2.700000000000000000e+01 nan
-8.000000000000000000e+00 -7.100000000000000000e+01 nan
-8.000000000000000000e+00 -7.000000000000000000e+01 nan
-8.000000000000000000e+00 -6.900000000000000000e+01 nan
-8.000000000000000000e+00 -6.800000000000000000e+01 nan
-8.000000000000000000e+00 -6.700000000000000000e+01 nan
-8.000000000000000000e+00 -6.600000000000000000e+01 nan
-8.000000000000000000e+00 -6.500000000000000000e+01 nan
-8.000000000000000000e+00 -6.400000000000000000e+01 nan
-8.000000000000000000e+00 -6.300000000000000000e+01 nan
-8.000000000000000000e+00 -6.200000000000000000e+01 nan
-8.000000000000000000e+00 -6.100000000000000000e+01 nan
-8.000000000000000000e+00 -6.000000000000000000e+01 1.383929746455242249e+00
-8.000000000000000000e+00 -5.900000000000000000e+01 1.372784903268622347e+00
-8.000000000000000000e+00 -5.800000000000000000e+01 1.400739511124259096e+00
-8.000000000000000000e+00 -5.700000000000000000e+01 1.668122915692552111e+00
-8.000000000000000000e+00 -5.600000000000000000e+01 1.694037780583052433e+00
-8.000000000000000000e+00 -5.500000000000000000e+01 1.694744984320074588e+00
-8.000000000000000000e+00 -5.400000000000000000e+01 1.883790227725527844e+00
-8.000000000000000000e+00 -5.300000000000000000e+01 1.950797711660661404e+00
-8.000000000000000000e+00 -5.200000000000000000e+01 2.133451171937109425e+00
-8.000000000000000000e+00 -5.100000000000000000e+01 1.866202823551378120e+00
-8.000000000000000000e+00 -5.000000000000000000e+01 1.560009114679638653e+00
-8.000000000000000000e+00 -4.900000000000000000e+01 1.488801718629731097e+00
-8.000000000000000000e+00 -4.800000000000000000e+01 1.228066321962185903e+00
-8.000000000000000000e+00 -4.700000000000000000e+01 1.246690109220182974e+00
-8.000000000000000000e+00 -4.600000000000000000e+01 1.253476198305012002e+00
-8.000000000000000000e+00 -4.500000000000000000e+01 1.225141231034459377e+00
-8.000000000000000000e+00 -4.400000000000000000e+01 1.024928650255084284e+00
-8.000000000000000000e+00 -4.300000000000000000e+01 1.004243600077973086e+00
-8.000000000000000000e+00 -4.200000000000000000e+01 1.398059144293217759e+00
-8.000000000000000000e+00 -4.100000000000000000e+01 1.564068498831214571e+00
-8.000000000000000000e+00 -4.000000000000000000e+01 1.347612122114894451e+00
-8.000000000000000000e+00 -3.900000000000000000e+01 1.349946780956204906e+00
-8.000000000000000000e+00 -3.800000000000000000e+01 1.288832491335654584e+00
-8.000000000000000000e+00 -3.700000000000000000e+01 1.217220736803165559e+00
-8.000000000000000000e+00 -3.600000000000000000e+01 1.357288339091451856e+00
-8.000000000000000000e+00 -3.500000000000000000e+01 1.384464090027680339e+00
-8.000000000000000000e+00 -3.400000000000000000e+01 1.414442562356848621e+00
-8.000000000000000000e+00 -3.300000000000000000e+01 1.384114643826300117e+00
-8.000000000000000000e+00 -3.200000000000000000e+01 1.453511863658763836e+00
-8.000000000000000000e+00 -3.100000000000000000e+01 1.529702715357071474e+00
-8.000000000000000000e+00 -3.000000000000000000e+01 1.391228979106228225e+00
-8.000000000000000000e+00 -2.900000000000000000e+01 1.183486964695182886e+00
-8.000000000000000000e+00 -2.800000000000000000e+01 7.677153955447224565e-01
-8.000000000000000000e+00 -2.700000000000000000e+01 nan
-7.000000000000000000e+00 -7.100000000000000000e+01 nan
-7.000000000000000000e+00 -7.000000000000000000e+01 nan
-7.000000000000000000e+00 -6.900000000000000000e+01 nan
-7.000000000000000000e+00 -6.800000000000000000e+01 nan
-7.000000000000000000e+00 -6.700000000000000000e+01 nan
-7.000000000000000000e+00 -6.600000000000000000e+01 nan
-7.000000000000000000e+00 -6.500000000000000000e+01 nan
-7.000000000000000000e+00 -6.400000000000000000e+01 nan
-7.000000000000000000e+00 -6.300000000000000000e+01 nan
-7.000000000000000000e+00 -6.200000000000000000e+01 nan
-7.000000000000000000e+00 -6.100000000000000000e+01 nan
-7.000000000000000000e+00 -6.000000000000000000e+01 nan
-7.000000000000000000e+00 -5.900000000000000000e+01 nan
-7.000000000000000000e+00 -5.800000000000000000e+01 nan
-7.000000000000000000e+00 -5.700000000000000000e+01 nan
-7.000000000000000000e+00 -5.600000000000000000e+01 nan
-7.000000000000000000e+00 -5.500000000000000000e+01 nan
-7.000000000000000000e+00 -5.400000000000000000e+01 nan
-7.000000000000000000e+00 -5.300000000000000000e+01 1.889471646205423516e+00
-7.000000000000000000e+00 -5.200000000000000000e+01 2.157504134885655844e+00
-7.000000000000000000e+00 -5.100000000000000000e+01 1.861538770381473640e+00
-7.000000000000000000e+00 -5.000000000000000000e+01 1.560009114679638653e+00
-7.000000000000000000e+00 -4.900000000000000000e+01 1.488801718629731097e+00
-7.000000000000000000e+00 -4.800000000000000000e+01 1.228066321962185903e+00
-7.000000000000000000e+00 -4.700000000000000000e+01 1.246690109220182974e+00
-7.000000000000000000e+00 -4.600000000000000000e+01 1.253476198305012002e+00
-7.000000000000000000e+00 -4.500000000000000000e+01 1.225141231034459377e+00
-7.000000000000000000e+00 -4.400000000000000000e+01 1.024928650255084284e+00
-7.000000000000000000e+00 -4.300000000000000000e+01 1.004243600077973086e+00
-7.000000000000000000e+00 -4.200000000000000000e+01 1.398059144293217759e+00
-7.000000000000000000e+00 -4.100000000000000000e+01 1.564068498831214571e+00
-7.000000000000000000e+00 -4.000000000000000000e+01 1.347612122114894451e+00
-7.000000000000000000e+00 -3.900000000000000000e+01 1.349946780956204906e+00
-7.000000000000000000e+00 -3.800000000000000000e+01 1.288832491335654584e+00
-7.000000000000000000e+00 -3.700000000000000000e+01 1.217220736803165559e+00
-7.000000000000000000e+00 -3.600000000000000000e+01 1.357288339091451856e+00
-7.000000000000000000e+00 -3.500000000000000000e+01 1.384464090027680339e+00
-7.000000000000000000e+00 -3.400000000000000000e+01 1.414442562356848621e+00
-7.000000000000000000e+00 -3.300000000000000000e+01 1.384478010235387080e+00
-7.000000000000000000e+00 -3.200000000000000000e+01 1.459092760208480888e+00
-7.000000000000000000e+00 -3.100000000000000000e+01 1.527695317037645939e+00
-7.000000000000000000e+00 -3.000000000000000000e+01 1.378666582892217995e+00
-7.000000000000000000e+00 -2.900000000000000000e+01 1.228352213161784112e+00
-7.000000000000000000e+00 -2.800000000000000000e+01 9.811957282540085812e-01
-7.000000000000000000e+00 -2.700000000000000000e+01 nan
-6.000000000000000000e+00 -7.100000000000000000e+01 nan
-6.000000000000000000e+00 -7.000000000000000000e+01 nan
-6.000000000000000000e+00 -6.900000000000000000e+01 nan
-6.000000000000000000e+00 -6.800000000000000000e+01 nan
-6.000000000000000000e+00 -6.700000000000000000e+01 nan
-6.000000000000000000e+00 -6.600000000000000000e+01 nan
-6.000000000000000000e+00 -6.500000000000000000e+01 nan
-6.000000000000000000e+00 -6.400000000000000000e+01 nan
-6.000000000000000000e+00 -6.300000000000000000e+01 nan
-6.000000000000000000e+00 -6.200000000000000000e+01 nan
-6.000000000000000000e+00 -6.100000000000000000e+01 nan
-6.000000000000000000e+00 -6.000000000000000000e+01 nan
-6.000000000000000000e+00 -5.900000000000000000e+01 nan
-6.000000000000000000e+00 -5.800000000000000000e+01 nan
-6.000000000000000000e+00 -5.700000000000000000e+01 nan
-6.000000000000000000e+00 -5.600000000000000000e+01 nan
-6.000000000000000000e+00 -5.500000000000000000e+01 nan
-6.000000000000000000e+00 -5.400000000000000000e+01 nan
-6.000000000000000000e+00 -5.300000000000000000e+01 nan
-6.000000000000000000e+00 -5.200000000000000000e+01 nan
-6.000000000000000000e+00 -5.100000000000000000e+01 nan
-6.000000000000000000e+00 -5.000000000000000000e+01 nan
-6.000000000000000000e+00 -4.900000000000000000e+01 nan
-6.000000000000000000e+00 -4.800000000000000000e+01 nan
-6.000000000000000000e+00 -4.700000000000000000e+01 nan
-6.000000000000000000e+00 -4.600000000000000000e+01 nan
-6.000000000000000000e+00 -4.500000000000000000e+01 nan
-6.000000000000000000e+00 -4.400000000000000000e+01 nan
-6.000000000000000000e+00 -4.300000000000000000e+01 nan
-6.000000000000000000e+00 -4.200000000000000000e+01 nan
-6.000000000000000000e+00 -4.100000000000000000e+01 nan
-6.000000000000000000e+00 -4.000000000000000000e+01 nan
-6.000000000000000000e+00 -3.900000000000000000e+01 nan
-6.000000000000000000e+00 -3.800000000000000000e+01 nan
-6.000000000000000000e+00 -3.700000000000000000e+01 nan
-6.000000000000000000e+00 -3.600000000000000000e+01 nan
-6.000000000000000000e+00 -3.500000000000000000e+01 nan
-6.000000000000000000e+00 -3.400000000000000000e+01 nan
-6.000000000000000000e+00 -3.300000000000000000e+01 nan
-6.000000000000000000e+00 -3.200000000000000000e+01 1.540545319891133635e+00
-6.000000000000000000e+00 -3.100000000000000000e+01 1.519117022880601242e+00
-6.000000000000000000e+00 -3.000000000000000000e+01 1.319184559942686574e+00
-6.000000000000000000e+00 -2.900000000000000000e+01 1.247485351947919652e+00
-6.000000000000000000e+00 -2.800000000000000000e+01 nan
-6.000000000000000000e+00 -2.700000000000000000e+01 nan
