Longitude[deg], Latitude[deg], Dust optical depth
-8.000000000000000000e+01 3.300000000000000000e+01 nan
-8.000000000000000000e+01 3.400000000000000000e+01 nan
-8.000000000000000000e+01 3.500000000000000000e+01 nan
-8.000000000000000000e+01 3.600000000000000000e+01 nan
-8.000000000000000000e+01 3.700000000000000000e+01 nan
-8.000000000000000000e+01 3.800000000000000000e+01 nan
-8.000000000000000000e+01 3.900000000000000000e+01 nan
-8.000000000000000000e+01 4.000000000000000000e+01 nan
-8.000000000000000000e+01 4.100000000000000000e+01 nan
-8.000000000000000000e+01 4.200000000000000000e+01 nan
-8.000000000000000000e+01 4.300000000000000000e+01 nan
-8.000000000000000000e+01 4.400000000000000000e+01 nan
-8.000000000000000000e+01 4.500000000000000000e+01 8.471604270566351902e-01
-8.000000000000000000e+01 4.600000000000000000e+01 8.438699836707048707e-01
-8.000000000000000000e+01 4.700000000000000000e+01 8.235456923683986963e-01
-8.000000000000000000e+01 4.800000000000000000e+01 nan
-8.000000000000000000e+01 4.900000000000000000e+01 nan
-7.900000000000000000e+01 3.300000000000000000e+01 nan
-7.900000000000000000e+01 3.400000000000000000e+01 nan
-7.900000000000000000e+01 3.500000000000000000e+01 nan
-7.900000000000000000e+01 3.600000000000000000e+01 nan
-7.900000000000000000e+01 3.700000000000000000e+01 nan
-7.900000000000000000e+01 3.800000000000000000e+01 nan
-7.900000000000000000e+01 3.900000000000000000e+01 nan
-7.900000000000000000e+01 4.000000000000000000e+01 7.895375785913710809e-01
-7.900000000000000000e+01 4.100000000000000000e+01 8.679183586845922171e-01
-7.900000000000000000e+01 4.200000000000000000e+01 1.073324870800501429e+00
-7.900000000000000000e+01 4.300000000000000000e+01 1.124388398517917942e+00
-7.900000000000000000e+01 4.400000000000000000e+01 1.033574636378294942e+00
-7.900000000000000000e+01 4.500000000000000000e+01 9.009026648383746672e-01
-7.900000000000000000e+01 4.600000000000000000e+01 8.618624663019865961e-01
-7.900000000000000000e+01 4.700000000000000000e+01 8.532340151030420872e-01
-7.900000000000000000e+01 4.800000000000000000e+01 7.585041934469336500e-01
-7.900000000000000000e+01 4.900000000000000000e+01 nan
-7.800000000000000000e+01 3.300000000000000000e+01 nan
-7.800000000000000000e+01 3.400000000000000000e+01 8.685424407418379511e-01
-7.800000000000000000e+01 3.500000000000000000e+01 8.850721514894871467e-01
-7.800000000000000000e+01 3.600000000000000000e+01 9.005216534307369791e-01
-7.800000000000000000e+01 3.700000000000000000e+01 8.875258996670262190e-01
-7.800000000000000000e+01 3.800000000000000000e+01 8.568724452997282803e-01
-7.800000000000000000e+01 3.900000000000000000e+01 8.021196770840387513e-01
-7.800000000000000000e+01 4.000000000000000000e+01 7.884938305481296039e-01
-7.800000000000000000e+01 4.100000000000000000e+01 8.679183586845922171e-01
-7.800000000000000000e+01 4.200000000000000000e+01 1.096444350950043001e+00
-7.800000000000000000e+01 4.300000000000000000e+01 1.145568341862146289e+00
-7.800000000000000000e+01 4.400000000000000000e+01 1.059190838110699362e+00
-7.800000000000000000e+01 4.500000000000000000e+01 9.325627124479896057e-01
-7.800000000000000000e+01 4.600000000000000000e+01 8.845378134238058854e-01
-7.800000000000000000e+01 4.700000000000000000e+01 8.712918032959169334e-01
-7.800000000000000000e+01 4.800000000000000000e+01 7.871650233296429988e-01
-7.800000000000000000e+01 4.900000000000000000e+01 nan
-7.700000000000000000e+01 3.300000000000000000e+01 nan
-7.700000000000000000e+01 3.400000000000000000e+01 8.664612655678122222e-01
-7.700000000000000000e+01 3.500000000000000000e+01 8.586998221413825183e-01
-7.700000000000000000e+01 3.600000000000000000e+01 8.691910379456456726e-01
-7.700000000000000000e+01 3.700000000000000000e+01 8.694061864582436350e-01
-7.700000000000000000e+01 3.800000000000000000e+01 8.274928210615600799e-01
-7.700000000000000000e+01 3.900000000000000000e+01 7.942984251215310376e-01
-7.700000000000000000e+01 4.000000000000000000e+01 7.915655190379798922e-01
-7.700000000000000000e+01 4.100000000000000000e+01 8.912162610518693517e-01
-7.700000000000000000e+01 4.200000000000000000e+01 1.149548966130922389e+00
-7.700000000000000000e+01 4.300000000000000000e+01 1.171202423998307651e+00
-7.700000000000000000e+01 4.400000000000000000e+01 1.062680138884591674e+00
-7.700000000000000000e+01 4.500000000000000000e+01 9.225740746533523939e-01
-7.700000000000000000e+01 4.600000000000000000e+01 8.897030270630794657e-01
-7.700000000000000000e+01 4.700000000000000000e+01 8.763498454299021301e-01
-7.700000000000000000e+01 4.800000000000000000e+01 nan
-7.700000000000000000e+01 4.900000000000000000e+01 nan
-7.600000000000000000e+01 3.300000000000000000e+01 nan
-7.600000000000000000e+01 3.400000000000000000e+01 8.598015358941001329e-01
-7.600000000000000000e+01 3.500000000000000000e+01 8.318005287433630768e-01
-7.600000000000000000e+01 3.600000000000000000e+01 8.289699515882378300e-01
-7.600000000000000000e+01 3.700000000000000000e+01 8.316260920254912037e-01
-7.600000000000000000e+01 3.800000000000000000e+01 7.981086915065682685e-01
-7.600000000000000000e+01 3.900000000000000000e+01 7.997161052628630751e-01
-7.600000000000000000e+01 4.000000000000000000e+01 8.395560573122132775e-01
-7.600000000000000000e+01 4.100000000000000000e+01 9.851403776830011116e-01
-7.600000000000000000e+01 4.200000000000000000e+01 1.189993047267100756e+00
-7.600000000000000000e+01 4.300000000000000000e+01 1.158442269884578213e+00
-7.600000000000000000e+01 4.400000000000000000e+01 1.043950537234110909e+00
-7.600000000000000000e+01 4.500000000000000000e+01 9.031219455714478705e-01
-7.600000000000000000e+01 4.600000000000000000e+01 8.698490023594681597e-01
-7.600000000000000000e+01 4.700000000000000000e+01 8.560682402087618215e-01
-7.600000000000000000e+01 4.800000000000000000e+01 6.063812751036624649e-01
-7.600000000000000000e+01 4.900000000000000000e+01 nan
-7.500000000000000000e+01 3.300000000000000000e+01 nan
-7.500000000000000000e+01 3.400000000000000000e+01 8.192190744837927197e-01
-7.500000000000000000e+01 3.500000000000000000e+01 7.897441953774746448e-01
-7.500000000000000000e+01 3.600000000000000000e+01 7.895101836498659154e-01
-7.500000000000000000e+01 3.700000000000000000e+01 8.028016698556164066e-01
-7.500000000000000000e+01 3.800000000000000000e+01 7.950255793557567952e-01
-7.500000000000000000e+01 3.900000000000000000e+01 8.080572405748170928e-01
-7.500000000000000000e+01 4.000000000000000000e+01 8.778317722005141155e-01
-7.500000000000000000e+01 4.100000000000000000e+01 1.052801497174795653e+00
-7.500000000000000000e+01 4.200000000000000000e+01 1.171658198417308672e+00
-7.500000000000000000e+01 4.300000000000000000e+01 1.115565463800620494e+00
-7.500000000000000000e+01 4.400000000000000000e+01 1.022796864707631759e+00
-7.500000000000000000e+01 4.500000000000000000e+01 9.138549044192935122e-01
-7.500000000000000000e+01 4.600000000000000000e+01 8.584241484187489224e-01
-7.500000000000000000e+01 4.700000000000000000e+01 7.704478966190159150e-01
-7.500000000000000000e+01 4.800000000000000000e+01 6.063812751036624649e-01
-7.500000000000000000e+01 4.900000000000000000e+01 nan
-7.400000000000000000e+01 3.300000000000000000e+01 nan
-7.400000000000000000e+01 3.400000000000000000e+01 7.877571203485556062e-01
-7.400000000000000000e+01 3.500000000000000000e+01 7.608663878284279702e-01
-7.400000000000000000e+01 3.600000000000000000e+01 7.713319423466378222e-01
-7.400000000000000000e+01 3.700000000000000000e+01 7.918368953309339320e-01
-7.400000000000000000e+01 3.800000000000000000e+01 7.999947435364470616e-01
-7.400000000000000000e+01 3.900000000000000000e+01 7.985132210652123863e-01
-7.400000000000000000e+01 4.000000000000000000e+01 8.718713431902204158e-01
-7.400000000000000000e+01 4.100000000000000000e+01 1.073725151243850151e+00
-7.400000000000000000e+01 4.200000000000000000e+01 1.126839104534876235e+00
-7.400000000000000000e+01 4.300000000000000000e+01 1.082455497504228425e+00
-7.400000000000000000e+01 4.400000000000000000e+01 1.005865696399524722e+00
-7.400000000000000000e+01 4.500000000000000000e+01 9.213070242621714812e-01
-7.400000000000000000e+01 4.600000000000000000e+01 8.627838992942593599e-01
-7.400000000000000000e+01 4.700000000000000000e+01 7.332703867403603804e-01
-7.400000000000000000e+01 4.800000000000000000e+01 nan
-7.400000000000000000e+01 4.900000000000000000e+01 nan
-7.300000000000000000e+01 3.300000000000000000e+01 nan
-7.300000000000000000e+01 3.400000000000000000e+01 nan
-7.300000000000000000e+01 3.500000000000000000e+01 7.592078637493585580e-01
-7.300000000000000000e+01 3.600000000000000000e+01 7.496042053941186500e-01
-7.300000000000000000e+01 3.700000000000000000e+01 nan
-7.300000000000000000e+01 3.800000000000000000e+01 nan
-7.300000000000000000e+01 3.900000000000000000e+01 nan
-7.300000000000000000e+01 4.000000000000000000e+01 nan
-7.300000000000000000e+01 4.100000000000000000e+01 nan
-7.300000000000000000e+01 4.200000000000000000e+01 nan
-7.300000000000000000e+01 4.300000000000000000e+01 nan
-7.300000000000000000e+01 4.400000000000000000e+01 nan
-7.300000000000000000e+01 4.500000000000000000e+01 nan
-7.300000000000000000e+01 4.600000000000000000e+01 nan
-7.300000000000000000e+01 4.700000000000000000e+01 nan
-7.300000000000000000e+01 4.800000000000000000e+01 nan
-7.300000000000000000e+01 4.900000000000000000e+01 nan
