Longitude[deg], Latitude[deg], Dust optical depth
-1.400000000000000000e+02 -1.000000000000000000e+00 nan
-1.400000000000000000e+02 0.000000000000000000e+00 nan
-1.400000000000000000e+02 1.000000000000000000e+00 nan
-1.400000000000000000e+02 2.000000000000000000e+00 nan
-1.400000000000000000e+02 3.000000000000000000e+00 nan
-1.400000000000000000e+02 4.000000000000000000e+00 nan
-1.400000000000000000e+02 5.000000000000000000e+00 nan
-1.400000000000000000e+02 6.000000000000000000e+00 nan
-1.400000000000000000e+02 7.000000000000000000e+00 nan
-1.400000000000000000e+02 8.000000000000000000e+00 nan
-1.400000000000000000e+02 9.000000000000000000e+00 nan
-1.400000000000000000e+02 1.000000000000000000e+01 nan
-1.400000000000000000e+02 1.100000000000000000e+01 nan
-1.400000000000000000e+02 1.200000000000000000e+01 1.237469618988390474e+00
-1.400000000000000000e+02 1.300000000000000000e+01 1.309267873901814427e+00
-1.400000000000000000e+02 1.400000000000000000e+01 1.330446330237875285e+00
-1.400000000000000000e+02 1.500000000000000000e+01 1.421060248863327935e+00
-1.390000000000000000e+02 -1.000000000000000000e+00 1.470034283879883663e+00
-1.390000000000000000e+02 0.000000000000000000e+00 1.404637621529499780e+00
-1.390000000000000000e+02 1.000000000000000000e+00 1.324549121260571338e+00
-1.390000000000000000e+02 2.000000000000000000e+00 1.338077328628243245e+00
-1.390000000000000000e+02 3.000000000000000000e+00 1.347895650149856239e+00
-1.390000000000000000e+02 4.000000000000000000e+00 1.348732943328991629e+00
-1.390000000000000000e+02 5.000000000000000000e+00 1.263891347310836188e+00
-1.390000000000000000e+02 6.000000000000000000e+00 1.300984039443322304e+00
-1.390000000000000000e+02 7.000000000000000000e+00 1.316154326717299039e+00
-1.390000000000000000e+02 8.000000000000000000e+00 1.409812154052938027e+00
-1.390000000000000000e+02 9.000000000000000000e+00 1.372953068723906433e+00
-1.390000000000000000e+02 1.000000000000000000e+01 1.367820100728203592e+00
-1.390000000000000000e+02 1.100000000000000000e+01 1.322915351965756159e+00
-1.390000000000000000e+02 1.200000000000000000e+01 1.228554597681669636e+00
-1.390000000000000000e+02 1.300000000000000000e+01 1.271857280723192485e+00
-1.390000000000000000e+02 1.400000000000000000e+01 1.331160001286536554e+00
-1.390000000000000000e+02 1.500000000000000000e+01 1.283617373722448995e+00
-1.380000000000000000e+02 -1.000000000000000000e+00 1.541141142252404395e+00
-1.380000000000000000e+02 0.000000000000000000e+00 1.391649141427405700e+00
-1.380000000000000000e+02 1.000000000000000000e+00 1.318000090138926828e+00
-1.380000000000000000e+02 2.000000000000000000e+00 1.323912031061521333e+00
-1.380000000000000000e+02 3.000000000000000000e+00 1.334758952548341648e+00
-1.380000000000000000e+02 4.000000000000000000e+00 1.259060764717679026e+00
-1.380000000000000000e+02 5.000000000000000000e+00 1.221581750393648358e+00
-1.380000000000000000e+02 6.000000000000000000e+00 1.258195853577267931e+00
-1.380000000000000000e+02 7.000000000000000000e+00 1.310007577660758038e+00
-1.380000000000000000e+02 8.000000000000000000e+00 1.409297751362438511e+00
-1.380000000000000000e+02 9.000000000000000000e+00 1.376963566981131981e+00
-1.380000000000000000e+02 1.000000000000000000e+01 1.348437498813026547e+00
-1.380000000000000000e+02 1.100000000000000000e+01 1.315672217148036838e+00
-1.380000000000000000e+02 1.200000000000000000e+01 1.237828037942073633e+00
-1.380000000000000000e+02 1.300000000000000000e+01 1.290433517294194088e+00
-1.380000000000000000e+02 1.400000000000000000e+01 1.366961538228986361e+00
-1.380000000000000000e+02 1.500000000000000000e+01 1.310118046153665672e+00
-1.370000000000000000e+02 -1.000000000000000000e+00 1.542496409494648724e+00
-1.370000000000000000e+02 0.000000000000000000e+00 1.385145584070126779e+00
-1.370000000000000000e+02 1.000000000000000000e+00 1.313383851923504375e+00
-1.370000000000000000e+02 2.000000000000000000e+00 1.318218298154988366e+00
-1.370000000000000000e+02 3.000000000000000000e+00 1.326106013906374059e+00
-1.370000000000000000e+02 4.000000000000000000e+00 1.237242695552288829e+00
-1.370000000000000000e+02 5.000000000000000000e+00 1.182905681763407602e+00
-1.370000000000000000e+02 6.000000000000000000e+00 1.179688348791929631e+00
-1.370000000000000000e+02 7.000000000000000000e+00 1.303773050776881215e+00
-1.370000000000000000e+02 8.000000000000000000e+00 1.408356434071038388e+00
-1.370000000000000000e+02 9.000000000000000000e+00 1.384230139778777735e+00
-1.370000000000000000e+02 1.000000000000000000e+01 1.338739383706628816e+00
-1.370000000000000000e+02 1.100000000000000000e+01 1.295488988696614330e+00
-1.370000000000000000e+02 1.200000000000000000e+01 1.247815826153531704e+00
-1.370000000000000000e+02 1.300000000000000000e+01 1.331047183828965030e+00
-1.370000000000000000e+02 1.400000000000000000e+01 1.451335339269119284e+00
-1.370000000000000000e+02 1.500000000000000000e+01 nan
