Longitude[deg], Latitude[deg], Dust optical depth
-1.140000000000000000e+02 3.300000000000000000e+01 nan
-1.140000000000000000e+02 3.400000000000000000e+01 nan
-1.140000000000000000e+02 3.500000000000000000e+01 nan
-1.140000000000000000e+02 3.600000000000000000e+01 nan
-1.140000000000000000e+02 3.700000000000000000e+01 nan
-1.140000000000000000e+02 3.800000000000000000e+01 nan
-1.140000000000000000e+02 3.900000000000000000e+01 nan
-1.140000000000000000e+02 4.000000000000000000e+01 nan
-1.140000000000000000e+02 4.100000000000000000e+01 nan
-1.140000000000000000e+02 4.200000000000000000e+01 nan
-1.140000000000000000e+02 4.300000000000000000e+01 nan
-1.140000000000000000e+02 4.400000000000000000e+01 nan
-1.140000000000000000e+02 4.500000000000000000e+01 nan
-1.140000000000000000e+02 4.600000000000000000e+01 nan
-1.140000000000000000e+02 4.700000000000000000e+01 nan
-1.140000000000000000e+02 4.800000000000000000e+01 nan
-1.140000000000000000e+02 4.900000000000000000e+01 nan
-1.140000000000000000e+02 5.000000000000000000e+01 nan
-1.130000000000000000e+02 3.300000000000000000e+01 nan
-1.130000000000000000e+02 3.400000000000000000e+01 nan
-1.130000000000000000e+02 3.500000000000000000e+01 nan
-1.130000000000000000e+02 3.600000000000000000e+01 nan
-1.130000000000000000e+02 3.700000000000000000e+01 nan
-1.130000000000000000e+02 3.800000000000000000e+01 nan
-1.130000000000000000e+02 3.900000000000000000e+01 nan
-1.130000000000000000e+02 4.000000000000000000e+01 nan
-1.130000000000000000e+02 4.100000000000000000e+01 nan
-1.130000000000000000e+02 4.200000000000000000e+01 nan
-1.130000000000000000e+02 4.300000000000000000e+01 nan
-1.130000000000000000e+02 4.400000000000000000e+01 nan
-1.130000000000000000e+02 4.500000000000000000e+01 3.072943555000468563e-01
-1.130000000000000000e+02 4.600000000000000000e+01 1.966620945505519746e-01
-1.130000000000000000e+02 4.700000000000000000e+01 2.033608713507407406e-01
-1.130000000000000000e+02 4.800000000000000000e+01 nan
-1.130000000000000000e+02 4.900000000000000000e+01 nan
-1.130000000000000000e+02 5.000000000000000000e+01 nan
-1.120000000000000000e+02 3.300000000000000000e+01 nan
-1.120000000000000000e+02 3.400000000000000000e+01 nan
-1.120000000000000000e+02 3.500000000000000000e+01 nan
-1.120000000000000000e+02 3.600000000000000000e+01 nan
-1.120000000000000000e+02 3.700000000000000000e+01 nan
-1.120000000000000000e+02 3.800000000000000000e+01 nan
-1.120000000000000000e+02 3.900000000000000000e+01 nan
-1.120000000000000000e+02 4.000000000000000000e+01 nan
-1.120000000000000000e+02 4.100000000000000000e+01 nan
-1.120000000000000000e+02 4.200000000000000000e+01 nan
-1.120000000000000000e+02 4.300000000000000000e+01 nan
-1.120000000000000000e+02 4.400000000000000000e+01 4.982584699744559420e-01
-1.120000000000000000e+02 4.500000000000000000e+01 2.955100464939204863e-01
-1.120000000000000000e+02 4.600000000000000000e+01 2.086858327372623223e-01
-1.120000000000000000e+02 4.700000000000000000e+01 1.867308672117517776e-01
-1.120000000000000000e+02 4.800000000000000000e+01 nan
-1.120000000000000000e+02 4.900000000000000000e+01 nan
-1.120000000000000000e+02 5.000000000000000000e+01 nan
-1.110000000000000000e+02 3.300000000000000000e+01 1.081359030194777970e+00
-1.110000000000000000e+02 3.400000000000000000e+01 1.064631775581874384e+00
-1.110000000000000000e+02 3.500000000000000000e+01 1.019341968501378037e+00
-1.110000000000000000e+02 3.600000000000000000e+01 9.918882594168003664e-01
-1.110000000000000000e+02 3.700000000000000000e+01 9.875849529726475895e-01
-1.110000000000000000e+02 3.800000000000000000e+01 nan
-1.110000000000000000e+02 3.900000000000000000e+01 nan
-1.110000000000000000e+02 4.000000000000000000e+01 nan
-1.110000000000000000e+02 4.100000000000000000e+01 nan
-1.110000000000000000e+02 4.200000000000000000e+01 nan
-1.110000000000000000e+02 4.300000000000000000e+01 nan
-1.110000000000000000e+02 4.400000000000000000e+01 nan
-1.110000000000000000e+02 4.500000000000000000e+01 2.643567739807160533e-01
-1.110000000000000000e+02 4.600000000000000000e+01 2.133182740370337394e-01
-1.110000000000000000e+02 4.700000000000000000e+01 1.638561214508928443e-01
-1.110000000000000000e+02 4.800000000000000000e+01 nan
-1.110000000000000000e+02 4.900000000000000000e+01 nan
-1.110000000000000000e+02 5.000000000000000000e+01 nan
-1.100000000000000000e+02 3.300000000000000000e+01 1.031247872770362228e+00
-1.100000000000000000e+02 3.400000000000000000e+01 1.049476373160688647e+00
-1.100000000000000000e+02 3.500000000000000000e+01 1.028661437911196019e+00
-1.100000000000000000e+02 3.600000000000000000e+01 1.001912092363102413e+00
-1.100000000000000000e+02 3.700000000000000000e+01 9.958782658408943389e-01
-1.100000000000000000e+02 3.800000000000000000e+01 nan
-1.100000000000000000e+02 3.900000000000000000e+01 nan
-1.100000000000000000e+02 4.000000000000000000e+01 nan
-1.100000000000000000e+02 4.100000000000000000e+01 nan
-1.100000000000000000e+02 4.200000000000000000e+01 nan
-1.100000000000000000e+02 4.300000000000000000e+01 nan
-1.100000000000000000e+02 4.400000000000000000e+01 nan
-1.100000000000000000e+02 4.500000000000000000e+01 2.397609917410030433e-01
-1.100000000000000000e+02 4.600000000000000000e+01 2.135171809119065789e-01
-1.100000000000000000e+02 4.700000000000000000e+01 1.713660880473935610e-01
-1.100000000000000000e+02 4.800000000000000000e+01 nan
-1.100000000000000000e+02 4.900000000000000000e+01 nan
-1.100000000000000000e+02 5.000000000000000000e+01 nan
-1.090000000000000000e+02 3.300000000000000000e+01 1.051360139347541134e+00
-1.090000000000000000e+02 3.400000000000000000e+01 1.060999345500061031e+00
-1.090000000000000000e+02 3.500000000000000000e+01 1.045529463112307100e+00
-1.090000000000000000e+02 3.600000000000000000e+01 1.027753645839703411e+00
-1.090000000000000000e+02 3.700000000000000000e+01 1.033343233190495480e+00
-1.090000000000000000e+02 3.800000000000000000e+01 1.053956856563419864e+00
-1.090000000000000000e+02 3.900000000000000000e+01 nan
-1.090000000000000000e+02 4.000000000000000000e+01 nan
-1.090000000000000000e+02 4.100000000000000000e+01 nan
-1.090000000000000000e+02 4.200000000000000000e+01 nan
-1.090000000000000000e+02 4.300000000000000000e+01 7.375954424702469980e-01
-1.090000000000000000e+02 4.400000000000000000e+01 6.440748506375086890e-01
-1.090000000000000000e+02 4.500000000000000000e+01 3.913281077125437823e-01
-1.090000000000000000e+02 4.600000000000000000e+01 2.758156053492523685e-01
-1.090000000000000000e+02 4.700000000000000000e+01 nan
-1.090000000000000000e+02 4.800000000000000000e+01 nan
-1.090000000000000000e+02 4.900000000000000000e+01 nan
-1.090000000000000000e+02 5.000000000000000000e+01 nan
-1.080000000000000000e+02 3.300000000000000000e+01 1.093918751189067784e+00
-1.080000000000000000e+02 3.400000000000000000e+01 1.105252885961228060e+00
-1.080000000000000000e+02 3.500000000000000000e+01 1.090239568197630682e+00
-1.080000000000000000e+02 3.600000000000000000e+01 1.069935893536619442e+00
-1.080000000000000000e+02 3.700000000000000000e+01 1.105131560680275182e+00
-1.080000000000000000e+02 3.800000000000000000e+01 1.124577876588820580e+00
-1.080000000000000000e+02 3.900000000000000000e+01 1.056389266858773768e+00
-1.080000000000000000e+02 4.000000000000000000e+01 nan
-1.080000000000000000e+02 4.100000000000000000e+01 nan
-1.080000000000000000e+02 4.200000000000000000e+01 8.585441013342560712e-01
-1.080000000000000000e+02 4.300000000000000000e+01 7.523063454401869299e-01
-1.080000000000000000e+02 4.400000000000000000e+01 6.009518805234287386e-01
-1.080000000000000000e+02 4.500000000000000000e+01 4.445691437014826497e-01
-1.080000000000000000e+02 4.600000000000000000e+01 3.046177514701752798e-01
-1.080000000000000000e+02 4.700000000000000000e+01 nan
-1.080000000000000000e+02 4.800000000000000000e+01 nan
-1.080000000000000000e+02 4.900000000000000000e+01 nan
-1.080000000000000000e+02 5.000000000000000000e+01 nan
-1.070000000000000000e+02 3.300000000000000000e+01 1.114788953833751650e+00
-1.070000000000000000e+02 3.400000000000000000e+01 1.139233017750794108e+00
-1.070000000000000000e+02 3.500000000000000000e+01 1.113824951017559739e+00
-1.070000000000000000e+02 3.600000000000000000e+01 1.090833861984464193e+00
-1.070000000000000000e+02 3.700000000000000000e+01 1.136509466243895483e+00
-1.070000000000000000e+02 3.800000000000000000e+01 1.145185998448152942e+00
-1.070000000000000000e+02 3.900000000000000000e+01 1.050567664562857439e+00
-1.070000000000000000e+02 4.000000000000000000e+01 nan
-1.070000000000000000e+02 4.100000000000000000e+01 8.801978413262683265e-01
-1.070000000000000000e+02 4.200000000000000000e+01 8.539676398022539860e-01
-1.070000000000000000e+02 4.300000000000000000e+01 7.463194448067468345e-01
-1.070000000000000000e+02 4.400000000000000000e+01 5.770265323326306817e-01
-1.070000000000000000e+02 4.500000000000000000e+01 4.494571931730314551e-01
-1.070000000000000000e+02 4.600000000000000000e+01 nan
-1.070000000000000000e+02 4.700000000000000000e+01 nan
-1.070000000000000000e+02 4.800000000000000000e+01 nan
-1.070000000000000000e+02 4.900000000000000000e+01 nan
-1.070000000000000000e+02 5.000000000000000000e+01 nan
-1.060000000000000000e+02 3.300000000000000000e+01 nan
-1.060000000000000000e+02 3.400000000000000000e+01 nan
-1.060000000000000000e+02 3.500000000000000000e+01 nan
-1.060000000000000000e+02 3.600000000000000000e+01 nan
-1.060000000000000000e+02 3.700000000000000000e+01 nan
-1.060000000000000000e+02 3.800000000000000000e+01 nan
-1.060000000000000000e+02 3.900000000000000000e+01 nan
-1.060000000000000000e+02 4.000000000000000000e+01 nan
-1.060000000000000000e+02 4.100000000000000000e+01 nan
-1.060000000000000000e+02 4.200000000000000000e+01 nan
-1.060000000000000000e+02 4.300000000000000000e+01 7.054992632985684908e-01
-1.060000000000000000e+02 4.400000000000000000e+01 nan
-1.060000000000000000e+02 4.500000000000000000e+01 nan
-1.060000000000000000e+02 4.600000000000000000e+01 nan
-1.060000000000000000e+02 4.700000000000000000e+01 nan
-1.060000000000000000e+02 4.800000000000000000e+01 nan
-1.060000000000000000e+02 4.900000000000000000e+01 nan
-1.060000000000000000e+02 5.000000000000000000e+01 nan
