Longitude[deg], Latitude[deg], Dust optical depth
-1.420000000000000000e+02 1.500000000000000000e+01 nan
-1.420000000000000000e+02 1.600000000000000000e+01 nan
-1.420000000000000000e+02 1.700000000000000000e+01 nan
-1.420000000000000000e+02 1.800000000000000000e+01 nan
-1.420000000000000000e+02 1.900000000000000000e+01 nan
-1.420000000000000000e+02 2.000000000000000000e+01 nan
-1.420000000000000000e+02 2.100000000000000000e+01 nan
-1.420000000000000000e+02 2.200000000000000000e+01 nan
-1.420000000000000000e+02 2.300000000000000000e+01 nan
-1.420000000000000000e+02 2.400000000000000000e+01 nan
-1.420000000000000000e+02 2.500000000000000000e+01 nan
-1.420000000000000000e+02 2.600000000000000000e+01 nan
-1.420000000000000000e+02 2.700000000000000000e+01 nan
-1.420000000000000000e+02 2.800000000000000000e+01 nan
-1.420000000000000000e+02 2.900000000000000000e+01 nan
-1.420000000000000000e+02 3.000000000000000000e+01 nan
-1.420000000000000000e+02 3.100000000000000000e+01 nan
-1.420000000000000000e+02 3.200000000000000000e+01 nan
-1.420000000000000000e+02 3.300000000000000000e+01 nan
-1.420000000000000000e+02 3.400000000000000000e+01 nan
-1.420000000000000000e+02 3.500000000000000000e+01 nan
-1.410000000000000000e+02 1.500000000000000000e+01 nan
-1.410000000000000000e+02 1.600000000000000000e+01 nan
-1.410000000000000000e+02 1.700000000000000000e+01 nan
-1.410000000000000000e+02 1.800000000000000000e+01 nan
-1.410000000000000000e+02 1.900000000000000000e+01 nan
-1.410000000000000000e+02 2.000000000000000000e+01 nan
-1.410000000000000000e+02 2.100000000000000000e+01 nan
-1.410000000000000000e+02 2.200000000000000000e+01 nan
-1.410000000000000000e+02 2.300000000000000000e+01 nan
-1.410000000000000000e+02 2.400000000000000000e+01 nan
-1.410000000000000000e+02 2.500000000000000000e+01 nan
-1.410000000000000000e+02 2.600000000000000000e+01 9.633981015507868673e-01
-1.410000000000000000e+02 2.700000000000000000e+01 1.004474426847733026e+00
-1.410000000000000000e+02 2.800000000000000000e+01 1.014934704175824987e+00
-1.410000000000000000e+02 2.900000000000000000e+01 9.848154139143575625e-01
-1.410000000000000000e+02 3.000000000000000000e+01 9.857509637685635262e-01
-1.410000000000000000e+02 3.100000000000000000e+01 9.683610941544295025e-01
-1.410000000000000000e+02 3.200000000000000000e+01 9.306003457871452333e-01
-1.410000000000000000e+02 3.300000000000000000e+01 8.890815624652868010e-01
-1.410000000000000000e+02 3.400000000000000000e+01 8.443264102519472125e-01
-1.410000000000000000e+02 3.500000000000000000e+01 8.294377089754456644e-01
-1.400000000000000000e+02 1.500000000000000000e+01 1.349114631990175006e+00
-1.400000000000000000e+02 1.600000000000000000e+01 1.363094549641307385e+00
-1.400000000000000000e+02 1.700000000000000000e+01 1.398976781849040174e+00
-1.400000000000000000e+02 1.800000000000000000e+01 1.427088341341199884e+00
-1.400000000000000000e+02 1.900000000000000000e+01 1.412336696228942534e+00
-1.400000000000000000e+02 2.000000000000000000e+01 1.357994125193236146e+00
-1.400000000000000000e+02 2.100000000000000000e+01 1.278939789353898737e+00
-1.400000000000000000e+02 2.200000000000000000e+01 1.131340100619740108e+00
-1.400000000000000000e+02 2.300000000000000000e+01 9.848429216246937790e-01
-1.400000000000000000e+02 2.400000000000000000e+01 9.527817421522020158e-01
-1.400000000000000000e+02 2.500000000000000000e+01 9.758531477334786430e-01
-1.400000000000000000e+02 2.600000000000000000e+01 9.704990705027631837e-01
-1.400000000000000000e+02 2.700000000000000000e+01 9.837413619052234326e-01
-1.400000000000000000e+02 2.800000000000000000e+01 1.019855988078963938e+00
-1.400000000000000000e+02 2.900000000000000000e+01 9.852768312177812016e-01
-1.400000000000000000e+02 3.000000000000000000e+01 9.694724562580024907e-01
-1.400000000000000000e+02 3.100000000000000000e+01 9.324340315965440329e-01
-1.400000000000000000e+02 3.200000000000000000e+01 8.751284023687887492e-01
-1.400000000000000000e+02 3.300000000000000000e+01 8.319403310093612669e-01
-1.400000000000000000e+02 3.400000000000000000e+01 8.159402021538292304e-01
-1.400000000000000000e+02 3.500000000000000000e+01 8.165986253332254696e-01
-1.390000000000000000e+02 1.500000000000000000e+01 1.321749629972805096e+00
-1.390000000000000000e+02 1.600000000000000000e+01 1.342154910230799247e+00
-1.390000000000000000e+02 1.700000000000000000e+01 1.379932114085773431e+00
-1.390000000000000000e+02 1.800000000000000000e+01 1.379834362724279062e+00
-1.390000000000000000e+02 1.900000000000000000e+01 1.382103357844825187e+00
-1.390000000000000000e+02 2.000000000000000000e+01 1.339457065450077256e+00
-1.390000000000000000e+02 2.100000000000000000e+01 1.228100814095716586e+00
-1.390000000000000000e+02 2.200000000000000000e+01 1.097713321806304876e+00
-1.390000000000000000e+02 2.300000000000000000e+01 9.810350812579857749e-01
-1.390000000000000000e+02 2.400000000000000000e+01 9.393474345350473209e-01
-1.390000000000000000e+02 2.500000000000000000e+01 9.731988639685185127e-01
-1.390000000000000000e+02 2.600000000000000000e+01 9.723634274655272858e-01
-1.390000000000000000e+02 2.700000000000000000e+01 9.870784369800474911e-01
-1.390000000000000000e+02 2.800000000000000000e+01 1.014981875834597425e+00
-1.390000000000000000e+02 2.900000000000000000e+01 9.727400639143560790e-01
-1.390000000000000000e+02 3.000000000000000000e+01 9.587712156649542683e-01
-1.390000000000000000e+02 3.100000000000000000e+01 9.033048932068233894e-01
-1.390000000000000000e+02 3.200000000000000000e+01 8.272616502951019024e-01
-1.390000000000000000e+02 3.300000000000000000e+01 7.894860599272154333e-01
-1.390000000000000000e+02 3.400000000000000000e+01 7.830890986653662456e-01
-1.390000000000000000e+02 3.500000000000000000e+01 7.784640367969641872e-01
-1.380000000000000000e+02 1.500000000000000000e+01 1.316931388621878307e+00
-1.380000000000000000e+02 1.600000000000000000e+01 1.333495938124361846e+00
-1.380000000000000000e+02 1.700000000000000000e+01 1.354404813763041560e+00
-1.380000000000000000e+02 1.800000000000000000e+01 1.326240381635783727e+00
-1.380000000000000000e+02 1.900000000000000000e+01 1.349015892399344940e+00
-1.380000000000000000e+02 2.000000000000000000e+01 1.330365831306644209e+00
-1.380000000000000000e+02 2.100000000000000000e+01 1.198889730626910621e+00
-1.380000000000000000e+02 2.200000000000000000e+01 1.062258209200654058e+00
-1.380000000000000000e+02 2.300000000000000000e+01 9.794012081505896194e-01
-1.380000000000000000e+02 2.400000000000000000e+01 9.371591739203245508e-01
-1.380000000000000000e+02 2.500000000000000000e+01 9.725597510887143970e-01
-1.380000000000000000e+02 2.600000000000000000e+01 9.749284701427172184e-01
-1.380000000000000000e+02 2.700000000000000000e+01 9.939467706084498255e-01
-1.380000000000000000e+02 2.800000000000000000e+01 1.009716990856500463e+00
-1.380000000000000000e+02 2.900000000000000000e+01 9.669127347781509840e-01
-1.380000000000000000e+02 3.000000000000000000e+01 9.551612857161854153e-01
-1.380000000000000000e+02 3.100000000000000000e+01 8.887320113407831679e-01
-1.380000000000000000e+02 3.200000000000000000e+01 7.896026957815255320e-01
-1.380000000000000000e+02 3.300000000000000000e+01 7.579291258663850561e-01
-1.380000000000000000e+02 3.400000000000000000e+01 7.382711899492023777e-01
-1.380000000000000000e+02 3.500000000000000000e+01 7.404742618596672488e-01
-1.370000000000000000e+02 1.500000000000000000e+01 1.330131976009944816e+00
-1.370000000000000000e+02 1.600000000000000000e+01 1.333578956979970087e+00
-1.370000000000000000e+02 1.700000000000000000e+01 nan
-1.370000000000000000e+02 1.800000000000000000e+01 nan
-1.370000000000000000e+02 1.900000000000000000e+01 nan
-1.370000000000000000e+02 2.000000000000000000e+01 nan
-1.370000000000000000e+02 2.100000000000000000e+01 1.048257801205554118e+00
-1.370000000000000000e+02 2.200000000000000000e+01 1.027069997754020747e+00
-1.370000000000000000e+02 2.300000000000000000e+01 9.885952982972027181e-01
-1.370000000000000000e+02 2.400000000000000000e+01 9.521564116898012520e-01
-1.370000000000000000e+02 2.500000000000000000e+01 9.816204496905760468e-01
-1.370000000000000000e+02 2.600000000000000000e+01 9.810423010959199441e-01
-1.370000000000000000e+02 2.700000000000000000e+01 9.969074304510255891e-01
-1.370000000000000000e+02 2.800000000000000000e+01 1.015706607440362674e+00
-1.370000000000000000e+02 2.900000000000000000e+01 9.676913000308029478e-01
-1.370000000000000000e+02 3.000000000000000000e+01 9.543462621641857213e-01
-1.370000000000000000e+02 3.100000000000000000e+01 8.588032186171443705e-01
-1.370000000000000000e+02 3.200000000000000000e+01 7.624918604903782038e-01
-1.370000000000000000e+02 3.300000000000000000e+01 7.298995178849303489e-01
-1.370000000000000000e+02 3.400000000000000000e+01 7.150141110601435646e-01
-1.370000000000000000e+02 3.500000000000000000e+01 nan
