Longitude[deg], Latitude[deg], Dust optical depth
-1.420000000000000000e+02 -3.100000000000000000e+01 nan
-1.420000000000000000e+02 -3.000000000000000000e+01 nan
-1.420000000000000000e+02 -2.900000000000000000e+01 nan
-1.420000000000000000e+02 -2.800000000000000000e+01 nan
-1.420000000000000000e+02 -2.700000000000000000e+01 nan
-1.420000000000000000e+02 -2.600000000000000000e+01 nan
-1.420000000000000000e+02 -2.500000000000000000e+01 nan
-1.420000000000000000e+02 -2.400000000000000000e+01 nan
-1.420000000000000000e+02 -2.300000000000000000e+01 nan
-1.420000000000000000e+02 -2.200000000000000000e+01 nan
-1.420000000000000000e+02 -2.100000000000000000e+01 nan
-1.420000000000000000e+02 -2.000000000000000000e+01 nan
-1.420000000000000000e+02 -1.900000000000000000e+01 nan
-1.420000000000000000e+02 -1.800000000000000000e+01 nan
-1.420000000000000000e+02 -1.700000000000000000e+01 nan
-1.420000000000000000e+02 -1.600000000000000000e+01 nan
-1.420000000000000000e+02 -1.500000000000000000e+01 nan
-1.420000000000000000e+02 -1.400000000000000000e+01 nan
-1.420000000000000000e+02 -1.300000000000000000e+01 nan
-1.420000000000000000e+02 -1.200000000000000000e+01 nan
-1.420000000000000000e+02 -1.100000000000000000e+01 nan
-1.420000000000000000e+02 -1.000000000000000000e+01 nan
-1.420000000000000000e+02 -9.000000000000000000e+00 7.568981577613942413e-01
-1.420000000000000000e+02 -8.000000000000000000e+00 7.567854448819143487e-01
-1.420000000000000000e+02 -7.000000000000000000e+00 8.133321387241286837e-01
-1.420000000000000000e+02 -6.000000000000000000e+00 8.841329743523859142e-01
-1.420000000000000000e+02 -5.000000000000000000e+00 7.603189114609817389e-01
-1.420000000000000000e+02 -4.000000000000000000e+00 nan
-1.410000000000000000e+02 -3.100000000000000000e+01 9.340471905257708984e-01
-1.410000000000000000e+02 -3.000000000000000000e+01 8.373632723362361974e-01
-1.410000000000000000e+02 -2.900000000000000000e+01 7.051702484940286508e-01
-1.410000000000000000e+02 -2.800000000000000000e+01 6.660980685643460575e-01
-1.410000000000000000e+02 -2.700000000000000000e+01 5.456929296787834671e-01
-1.410000000000000000e+02 -2.600000000000000000e+01 6.259274090753796926e-01
-1.410000000000000000e+02 -2.500000000000000000e+01 6.689378650319750541e-01
-1.410000000000000000e+02 -2.400000000000000000e+01 7.454256102859162514e-01
-1.410000000000000000e+02 -2.300000000000000000e+01 7.354701035024578948e-01
-1.410000000000000000e+02 -2.200000000000000000e+01 8.328215016853337538e-01
-1.410000000000000000e+02 -2.100000000000000000e+01 9.804747025536673100e-01
-1.410000000000000000e+02 -2.000000000000000000e+01 1.287031294893801858e+00
-1.410000000000000000e+02 -1.900000000000000000e+01 1.295747281224694847e+00
-1.410000000000000000e+02 -1.800000000000000000e+01 1.261528595983596457e+00
-1.410000000000000000e+02 -1.700000000000000000e+01 1.239526874398295675e+00
-1.410000000000000000e+02 -1.600000000000000000e+01 1.282477119517340780e+00
-1.410000000000000000e+02 -1.500000000000000000e+01 1.125415477318940649e+00
-1.410000000000000000e+02 -1.400000000000000000e+01 1.137074932414662953e+00
-1.410000000000000000e+02 -1.300000000000000000e+01 1.149480886401472723e+00
-1.410000000000000000e+02 -1.200000000000000000e+01 1.087426165485390062e+00
-1.410000000000000000e+02 -1.100000000000000000e+01 1.088734529072745039e+00
-1.410000000000000000e+02 -1.000000000000000000e+01 8.636730500864061577e-01
-1.410000000000000000e+02 -9.000000000000000000e+00 7.957458337424546668e-01
-1.410000000000000000e+02 -8.000000000000000000e+00 7.473992198272727538e-01
-1.410000000000000000e+02 -7.000000000000000000e+00 7.700559026785634975e-01
-1.410000000000000000e+02 -6.000000000000000000e+00 8.943450689622587380e-01
-1.410000000000000000e+02 -5.000000000000000000e+00 1.020201618175439640e+00
-1.410000000000000000e+02 -4.000000000000000000e+00 nan
-1.400000000000000000e+02 -3.100000000000000000e+01 9.340471905257708984e-01
-1.400000000000000000e+02 -3.000000000000000000e+01 8.373632723362361974e-01
-1.400000000000000000e+02 -2.900000000000000000e+01 7.051702484940286508e-01
-1.400000000000000000e+02 -2.800000000000000000e+01 6.660980685643460575e-01
-1.400000000000000000e+02 -2.700000000000000000e+01 5.456929296787834671e-01
-1.400000000000000000e+02 -2.600000000000000000e+01 6.259274090753796926e-01
-1.400000000000000000e+02 -2.500000000000000000e+01 6.689378650319750541e-01
-1.400000000000000000e+02 -2.400000000000000000e+01 7.454256102859162514e-01
-1.400000000000000000e+02 -2.300000000000000000e+01 7.354701035024578948e-01
-1.400000000000000000e+02 -2.200000000000000000e+01 8.328215016853337538e-01
-1.400000000000000000e+02 -2.100000000000000000e+01 9.804747025536673100e-01
-1.400000000000000000e+02 -2.000000000000000000e+01 1.287031294893801858e+00
-1.400000000000000000e+02 -1.900000000000000000e+01 1.295747281224694847e+00
-1.400000000000000000e+02 -1.800000000000000000e+01 1.261528595983596457e+00
-1.400000000000000000e+02 -1.700000000000000000e+01 1.239526874398295675e+00
-1.400000000000000000e+02 -1.600000000000000000e+01 1.282477119517340780e+00
-1.400000000000000000e+02 -1.500000000000000000e+01 1.125415477318940649e+00
-1.400000000000000000e+02 -1.400000000000000000e+01 1.137074932414662953e+00
-1.400000000000000000e+02 -1.300000000000000000e+01 1.149480886401472723e+00
-1.400000000000000000e+02 -1.200000000000000000e+01 1.087426165485390062e+00
-1.400000000000000000e+02 -1.100000000000000000e+01 1.088734529072745039e+00
-1.400000000000000000e+02 -1.000000000000000000e+01 8.641112938352645267e-01
-1.400000000000000000e+02 -9.000000000000000000e+00 7.976044487638089819e-01
-1.400000000000000000e+02 -8.000000000000000000e+00 7.452119008649410459e-01
-1.400000000000000000e+02 -7.000000000000000000e+00 7.685426824288283942e-01
-1.400000000000000000e+02 -6.000000000000000000e+00 8.969731873309418901e-01
-1.400000000000000000e+02 -5.000000000000000000e+00 1.026574799892836065e+00
-1.400000000000000000e+02 -4.000000000000000000e+00 nan
