Longitude[deg], Latitude[deg], Dust optical depth
-2.200000000000000000e+01 -2.600000000000000000e+01 5.103863053462943888e+00
-2.200000000000000000e+01 -2.500000000000000000e+01 5.070287600056833099e+00
-2.200000000000000000e+01 -2.400000000000000000e+01 5.069141018752099548e+00
-2.200000000000000000e+01 -2.300000000000000000e+01 5.073062314238217851e+00
-2.200000000000000000e+01 -2.200000000000000000e+01 5.026080656984929007e+00
-2.200000000000000000e+01 -2.100000000000000000e+01 4.975640025214147499e+00
-2.200000000000000000e+01 -2.000000000000000000e+01 5.136980932153499602e+00
-2.200000000000000000e+01 -1.900000000000000000e+01 5.168758265843070632e+00
-2.200000000000000000e+01 -1.800000000000000000e+01 5.083000288169337466e+00
-2.200000000000000000e+01 -1.700000000000000000e+01 4.908730931818952925e+00
-2.200000000000000000e+01 -1.600000000000000000e+01 4.782113225834872416e+00
-2.200000000000000000e+01 -1.500000000000000000e+01 4.612923939594513634e+00
-2.200000000000000000e+01 -1.400000000000000000e+01 4.565844834881084502e+00
-2.200000000000000000e+01 -1.300000000000000000e+01 4.535226505273304731e+00
-2.200000000000000000e+01 -1.200000000000000000e+01 4.548309661874184506e+00
-2.200000000000000000e+01 -1.100000000000000000e+01 4.615445311910938209e+00
-2.200000000000000000e+01 -1.000000000000000000e+01 nan
-2.100000000000000000e+01 -2.600000000000000000e+01 5.049254196930859528e+00
-2.100000000000000000e+01 -2.500000000000000000e+01 5.049376756613574990e+00
-2.100000000000000000e+01 -2.400000000000000000e+01 5.108864520796801756e+00
-2.100000000000000000e+01 -2.300000000000000000e+01 5.059860423354508363e+00
-2.100000000000000000e+01 -2.200000000000000000e+01 5.025034287566798596e+00
-2.100000000000000000e+01 -2.100000000000000000e+01 5.019292871711188653e+00
-2.100000000000000000e+01 -2.000000000000000000e+01 5.073701018686717745e+00
-2.100000000000000000e+01 -1.900000000000000000e+01 5.134841293503920490e+00
-2.100000000000000000e+01 -1.800000000000000000e+01 4.977537137846999471e+00
-2.100000000000000000e+01 -1.700000000000000000e+01 4.879154626266425154e+00
-2.100000000000000000e+01 -1.600000000000000000e+01 4.770063948583445956e+00
-2.100000000000000000e+01 -1.500000000000000000e+01 4.613551497783659805e+00
-2.100000000000000000e+01 -1.400000000000000000e+01 4.550564690003890078e+00
-2.100000000000000000e+01 -1.300000000000000000e+01 4.461277904822814833e+00
-2.100000000000000000e+01 -1.200000000000000000e+01 4.499654669132602258e+00
-2.100000000000000000e+01 -1.100000000000000000e+01 4.538076411151937606e+00
-2.100000000000000000e+01 -1.000000000000000000e+01 nan
-2.000000000000000000e+01 -2.600000000000000000e+01 5.037491411859054580e+00
-2.000000000000000000e+01 -2.500000000000000000e+01 5.026510402283276946e+00
-2.000000000000000000e+01 -2.400000000000000000e+01 5.107362149817920915e+00
-2.000000000000000000e+01 -2.300000000000000000e+01 5.059860423354508363e+00
-2.000000000000000000e+01 -2.200000000000000000e+01 5.023519254131807443e+00
-2.000000000000000000e+01 -2.100000000000000000e+01 5.017253646723572658e+00
-2.000000000000000000e+01 -2.000000000000000000e+01 4.997013736823797458e+00
-2.000000000000000000e+01 -1.900000000000000000e+01 5.058453441278804696e+00
-2.000000000000000000e+01 -1.800000000000000000e+01 4.938872478401640898e+00
-2.000000000000000000e+01 -1.700000000000000000e+01 4.871679827183368339e+00
-2.000000000000000000e+01 -1.600000000000000000e+01 4.762466206572421257e+00
-2.000000000000000000e+01 -1.500000000000000000e+01 4.612910632047168669e+00
-2.000000000000000000e+01 -1.400000000000000000e+01 4.541986240992650359e+00
-2.000000000000000000e+01 -1.300000000000000000e+01 4.385546102870273799e+00
-2.000000000000000000e+01 -1.200000000000000000e+01 4.468783845705509350e+00
-2.000000000000000000e+01 -1.100000000000000000e+01 4.509751448635656246e+00
-2.000000000000000000e+01 -1.000000000000000000e+01 nan
-1.900000000000000000e+01 -2.600000000000000000e+01 4.988976458681969817e+00
-1.900000000000000000e+01 -2.500000000000000000e+01 4.964285236919083744e+00
-1.900000000000000000e+01 -2.400000000000000000e+01 5.071966757517073709e+00
-1.900000000000000000e+01 -2.300000000000000000e+01 5.069448143769037074e+00
-1.900000000000000000e+01 -2.200000000000000000e+01 5.015531033923090298e+00
-1.900000000000000000e+01 -2.100000000000000000e+01 4.946619489991645580e+00
-1.900000000000000000e+01 -2.000000000000000000e+01 4.947579647600478303e+00
-1.900000000000000000e+01 -1.900000000000000000e+01 4.931763845203755103e+00
-1.900000000000000000e+01 -1.800000000000000000e+01 4.894043759797880533e+00
-1.900000000000000000e+01 -1.700000000000000000e+01 4.865412807512773163e+00
-1.900000000000000000e+01 -1.600000000000000000e+01 4.751075853229162149e+00
-1.900000000000000000e+01 -1.500000000000000000e+01 4.589525775391050999e+00
-1.900000000000000000e+01 -1.400000000000000000e+01 4.466048389773878746e+00
-1.900000000000000000e+01 -1.300000000000000000e+01 4.352783002474290619e+00
-1.900000000000000000e+01 -1.200000000000000000e+01 nan
-1.900000000000000000e+01 -1.100000000000000000e+01 nan
-1.900000000000000000e+01 -1.000000000000000000e+01 nan
