Longitude[deg], Latitude[deg], Dust optical depth
-1.500000000000000000e+01 1.000000000000000000e+01 nan
-1.500000000000000000e+01 1.100000000000000000e+01 nan
-1.500000000000000000e+01 1.200000000000000000e+01 nan
-1.500000000000000000e+01 1.300000000000000000e+01 nan
-1.500000000000000000e+01 1.400000000000000000e+01 nan
-1.500000000000000000e+01 1.500000000000000000e+01 nan
-1.500000000000000000e+01 1.600000000000000000e+01 nan
-1.500000000000000000e+01 1.700000000000000000e+01 nan
-1.500000000000000000e+01 1.800000000000000000e+01 nan
-1.500000000000000000e+01 1.900000000000000000e+01 nan
-1.500000000000000000e+01 2.000000000000000000e+01 nan
-1.500000000000000000e+01 2.100000000000000000e+01 nan
-1.500000000000000000e+01 2.200000000000000000e+01 nan
-1.500000000000000000e+01 2.300000000000000000e+01 nan
-1.500000000000000000e+01 2.400000000000000000e+01 nan
-1.500000000000000000e+01 2.500000000000000000e+01 nan
-1.500000000000000000e+01 2.600000000000000000e+01 nan
-1.500000000000000000e+01 2.700000000000000000e+01 nan
-1.500000000000000000e+01 2.800000000000000000e+01 nan
-1.500000000000000000e+01 2.900000000000000000e+01 8.634052673941117195e-01
-1.500000000000000000e+01 3.000000000000000000e+01 nan
-1.400000000000000000e+01 1.000000000000000000e+01 nan
-1.400000000000000000e+01 1.100000000000000000e+01 nan
-1.400000000000000000e+01 1.200000000000000000e+01 nan
-1.400000000000000000e+01 1.300000000000000000e+01 nan
-1.400000000000000000e+01 1.400000000000000000e+01 nan
-1.400000000000000000e+01 1.500000000000000000e+01 nan
-1.400000000000000000e+01 1.600000000000000000e+01 nan
-1.400000000000000000e+01 1.700000000000000000e+01 nan
-1.400000000000000000e+01 1.800000000000000000e+01 nan
-1.400000000000000000e+01 1.900000000000000000e+01 nan
-1.400000000000000000e+01 2.000000000000000000e+01 7.830484690585179930e-01
-1.400000000000000000e+01 2.100000000000000000e+01 6.697757205810229708e-01
-1.400000000000000000e+01 2.200000000000000000e+01 6.376529541619609942e-01
-1.400000000000000000e+01 2.300000000000000000e+01 5.757076774758320692e-01
-1.400000000000000000e+01 2.400000000000000000e+01 5.757889495747702258e-01
-1.400000000000000000e+01 2.500000000000000000e+01 6.234713084867451460e-01
-1.400000000000000000e+01 2.600000000000000000e+01 6.303400587320399096e-01
-1.400000000000000000e+01 2.700000000000000000e+01 7.064290671879346339e-01
-1.400000000000000000e+01 2.800000000000000000e+01 8.519536634268727315e-01
-1.400000000000000000e+01 2.900000000000000000e+01 8.884189441846179758e-01
-1.400000000000000000e+01 3.000000000000000000e+01 8.611520085523719503e-01
-1.300000000000000000e+01 1.000000000000000000e+01 1.145369759718606106e+00
-1.300000000000000000e+01 1.100000000000000000e+01 1.062716342971727457e+00
-1.300000000000000000e+01 1.200000000000000000e+01 9.301463698926676349e-01
-1.300000000000000000e+01 1.300000000000000000e+01 8.796411866400968282e-01
-1.300000000000000000e+01 1.400000000000000000e+01 8.964474099636260407e-01
-1.300000000000000000e+01 1.500000000000000000e+01 8.732243878412779825e-01
-1.300000000000000000e+01 1.600000000000000000e+01 8.576191568866714521e-01
-1.300000000000000000e+01 1.700000000000000000e+01 8.758130296100704593e-01
-1.300000000000000000e+01 1.800000000000000000e+01 8.469125894283697775e-01
-1.300000000000000000e+01 1.900000000000000000e+01 8.218732972947173643e-01
-1.300000000000000000e+01 2.000000000000000000e+01 7.883428781668713192e-01
-1.300000000000000000e+01 2.100000000000000000e+01 7.165399830005622084e-01
-1.300000000000000000e+01 2.200000000000000000e+01 6.316511226857096650e-01
-1.300000000000000000e+01 2.300000000000000000e+01 5.594321319461903474e-01
-1.300000000000000000e+01 2.400000000000000000e+01 5.570025230086226298e-01
-1.300000000000000000e+01 2.500000000000000000e+01 6.129826116156460447e-01
-1.300000000000000000e+01 2.600000000000000000e+01 6.357852683898812529e-01
-1.300000000000000000e+01 2.700000000000000000e+01 7.082661865974463344e-01
-1.300000000000000000e+01 2.800000000000000000e+01 8.561952942731415606e-01
-1.300000000000000000e+01 2.900000000000000000e+01 9.235283424345464010e-01
-1.300000000000000000e+01 3.000000000000000000e+01 8.818458040719719948e-01
-1.200000000000000000e+01 1.000000000000000000e+01 1.058063306703106887e+00
-1.200000000000000000e+01 1.100000000000000000e+01 1.014029713196766824e+00
-1.200000000000000000e+01 1.200000000000000000e+01 8.962437434288920146e-01
-1.200000000000000000e+01 1.300000000000000000e+01 8.554481618263317655e-01
-1.200000000000000000e+01 1.400000000000000000e+01 8.703992241878463210e-01
-1.200000000000000000e+01 1.500000000000000000e+01 8.890288062763141985e-01
-1.200000000000000000e+01 1.600000000000000000e+01 8.886505367216768203e-01
-1.200000000000000000e+01 1.700000000000000000e+01 8.563612271235494511e-01
-1.200000000000000000e+01 1.800000000000000000e+01 8.152252943009056230e-01
-1.200000000000000000e+01 1.900000000000000000e+01 7.982704210000605149e-01
-1.200000000000000000e+01 2.000000000000000000e+01 7.705778993093861384e-01
-1.200000000000000000e+01 2.100000000000000000e+01 7.190693893835571338e-01
-1.200000000000000000e+01 2.200000000000000000e+01 6.451206669621374346e-01
-1.200000000000000000e+01 2.300000000000000000e+01 5.699361299145285775e-01
-1.200000000000000000e+01 2.400000000000000000e+01 5.645221900897156031e-01
-1.200000000000000000e+01 2.500000000000000000e+01 6.072145040935988947e-01
-1.200000000000000000e+01 2.600000000000000000e+01 6.446275941866005388e-01
-1.200000000000000000e+01 2.700000000000000000e+01 7.418350865519210968e-01
-1.200000000000000000e+01 2.800000000000000000e+01 8.623608850062292053e-01
-1.200000000000000000e+01 2.900000000000000000e+01 9.381799457931808695e-01
-1.200000000000000000e+01 3.000000000000000000e+01 9.088954303035498006e-01
-1.100000000000000000e+01 1.000000000000000000e+01 1.028561347266655268e+00
-1.100000000000000000e+01 1.100000000000000000e+01 9.809807256136104936e-01
-1.100000000000000000e+01 1.200000000000000000e+01 8.929434370885208638e-01
-1.100000000000000000e+01 1.300000000000000000e+01 8.578865670595958726e-01
-1.100000000000000000e+01 1.400000000000000000e+01 8.898339597432213255e-01
-1.100000000000000000e+01 1.500000000000000000e+01 9.014345501986856801e-01
-1.100000000000000000e+01 1.600000000000000000e+01 8.719583701237590967e-01
-1.100000000000000000e+01 1.700000000000000000e+01 8.146940086929822522e-01
-1.100000000000000000e+01 1.800000000000000000e+01 7.949394720633280453e-01
-1.100000000000000000e+01 1.900000000000000000e+01 7.954411146131029620e-01
-1.100000000000000000e+01 2.000000000000000000e+01 7.591843229950782090e-01
-1.100000000000000000e+01 2.100000000000000000e+01 7.200429061059183677e-01
-1.100000000000000000e+01 2.200000000000000000e+01 6.571799600309562450e-01
-1.100000000000000000e+01 2.300000000000000000e+01 6.013458342414067515e-01
-1.100000000000000000e+01 2.400000000000000000e+01 6.083575579868082395e-01
-1.100000000000000000e+01 2.500000000000000000e+01 6.177824213659394159e-01
-1.100000000000000000e+01 2.600000000000000000e+01 6.491884956000647522e-01
-1.100000000000000000e+01 2.700000000000000000e+01 7.727840270741975770e-01
-1.100000000000000000e+01 2.800000000000000000e+01 8.586347828732640020e-01
-1.100000000000000000e+01 2.900000000000000000e+01 9.277258362411058279e-01
-1.100000000000000000e+01 3.000000000000000000e+01 9.410553433653149336e-01
-1.000000000000000000e+01 1.000000000000000000e+01 9.948532433528749497e-01
-1.000000000000000000e+01 1.100000000000000000e+01 9.790027573945558892e-01
-1.000000000000000000e+01 1.200000000000000000e+01 8.915430704645596061e-01
-1.000000000000000000e+01 1.300000000000000000e+01 8.841099880997969063e-01
-1.000000000000000000e+01 1.400000000000000000e+01 9.823912553281418658e-01
-1.000000000000000000e+01 1.500000000000000000e+01 9.003700660434517111e-01
-1.000000000000000000e+01 1.600000000000000000e+01 7.975060961935422910e-01
-1.000000000000000000e+01 1.700000000000000000e+01 7.775574497263477713e-01
-1.000000000000000000e+01 1.800000000000000000e+01 8.487961358942793799e-01
-1.000000000000000000e+01 1.900000000000000000e+01 8.859205844006896591e-01
-1.000000000000000000e+01 2.000000000000000000e+01 7.827729753263487078e-01
-1.000000000000000000e+01 2.100000000000000000e+01 7.176498968697769820e-01
-1.000000000000000000e+01 2.200000000000000000e+01 6.614908540335796561e-01
-1.000000000000000000e+01 2.300000000000000000e+01 6.467676763281606789e-01
-1.000000000000000000e+01 2.400000000000000000e+01 7.032211573917863667e-01
-1.000000000000000000e+01 2.500000000000000000e+01 6.514049163013305721e-01
-1.000000000000000000e+01 2.600000000000000000e+01 6.436581339108844446e-01
-1.000000000000000000e+01 2.700000000000000000e+01 7.483692352748640975e-01
-1.000000000000000000e+01 2.800000000000000000e+01 8.550415509295574701e-01
-1.000000000000000000e+01 2.900000000000000000e+01 9.714432396053516161e-01
-1.000000000000000000e+01 3.000000000000000000e+01 nan
