Longitude[deg], Latitude[deg], Dust optical depth
-8.600000000000000000e+01 2.300000000000000000e+01 nan
-8.600000000000000000e+01 2.400000000000000000e+01 nan
-8.600000000000000000e+01 2.500000000000000000e+01 nan
-8.600000000000000000e+01 2.600000000000000000e+01 nan
-8.600000000000000000e+01 2.700000000000000000e+01 nan
-8.600000000000000000e+01 2.800000000000000000e+01 nan
-8.600000000000000000e+01 2.900000000000000000e+01 nan
-8.600000000000000000e+01 3.000000000000000000e+01 nan
-8.600000000000000000e+01 3.100000000000000000e+01 nan
-8.600000000000000000e+01 3.200000000000000000e+01 nan
-8.600000000000000000e+01 3.300000000000000000e+01 nan
-8.600000000000000000e+01 3.400000000000000000e+01 nan
-8.600000000000000000e+01 3.500000000000000000e+01 nan
-8.600000000000000000e+01 3.600000000000000000e+01 nan
-8.600000000000000000e+01 3.700000000000000000e+01 nan
-8.600000000000000000e+01 3.800000000000000000e+01 nan
-8.600000000000000000e+01 3.900000000000000000e+01 3.562684075979078435e-01
-8.600000000000000000e+01 4.000000000000000000e+01 5.133339865260984070e-01
-8.600000000000000000e+01 4.100000000000000000e+01 7.086479696519258908e-01
-8.600000000000000000e+01 4.200000000000000000e+01 7.404193051498116906e-01
-8.600000000000000000e+01 4.300000000000000000e+01 nan
-8.500000000000000000e+01 2.300000000000000000e+01 nan
-8.500000000000000000e+01 2.400000000000000000e+01 nan
-8.500000000000000000e+01 2.500000000000000000e+01 nan
-8.500000000000000000e+01 2.600000000000000000e+01 nan
-8.500000000000000000e+01 2.700000000000000000e+01 nan
-8.500000000000000000e+01 2.800000000000000000e+01 nan
-8.500000000000000000e+01 2.900000000000000000e+01 nan
-8.500000000000000000e+01 3.000000000000000000e+01 nan
-8.500000000000000000e+01 3.100000000000000000e+01 nan
-8.500000000000000000e+01 3.200000000000000000e+01 nan
-8.500000000000000000e+01 3.300000000000000000e+01 nan
-8.500000000000000000e+01 3.400000000000000000e+01 7.533877904867501973e-01
-8.500000000000000000e+01 3.500000000000000000e+01 7.197414552277850985e-01
-8.500000000000000000e+01 3.600000000000000000e+01 6.073892563760039387e-01
-8.500000000000000000e+01 3.700000000000000000e+01 4.874557373779764835e-01
-8.500000000000000000e+01 3.800000000000000000e+01 4.551135990809495602e-01
-8.500000000000000000e+01 3.900000000000000000e+01 4.215236857426736261e-01
-8.500000000000000000e+01 4.000000000000000000e+01 5.490630736875167228e-01
-8.500000000000000000e+01 4.100000000000000000e+01 6.861506863089279484e-01
-8.500000000000000000e+01 4.200000000000000000e+01 6.846663998734024981e-01
-8.500000000000000000e+01 4.300000000000000000e+01 nan
-8.400000000000000000e+01 2.300000000000000000e+01 nan
-8.400000000000000000e+01 2.400000000000000000e+01 nan
-8.400000000000000000e+01 2.500000000000000000e+01 nan
-8.400000000000000000e+01 2.600000000000000000e+01 nan
-8.400000000000000000e+01 2.700000000000000000e+01 6.939943527258525258e-01
-8.400000000000000000e+01 2.800000000000000000e+01 7.415110642951099340e-01
-8.400000000000000000e+01 2.900000000000000000e+01 7.645976902353879279e-01
-8.400000000000000000e+01 3.000000000000000000e+01 7.265898846547976797e-01
-8.400000000000000000e+01 3.100000000000000000e+01 7.635807026961363153e-01
-8.400000000000000000e+01 3.200000000000000000e+01 8.037894776448673007e-01
-8.400000000000000000e+01 3.300000000000000000e+01 7.645158669087560588e-01
-8.400000000000000000e+01 3.400000000000000000e+01 7.378461551320695255e-01
-8.400000000000000000e+01 3.500000000000000000e+01 7.100256745886841525e-01
-8.400000000000000000e+01 3.600000000000000000e+01 6.145003547684875223e-01
-8.400000000000000000e+01 3.700000000000000000e+01 5.185483957065134542e-01
-8.400000000000000000e+01 3.800000000000000000e+01 5.104424541547849525e-01
-8.400000000000000000e+01 3.900000000000000000e+01 4.989966555509157686e-01
-8.400000000000000000e+01 4.000000000000000000e+01 6.086166157078262140e-01
-8.400000000000000000e+01 4.100000000000000000e+01 6.912466438578552808e-01
-8.400000000000000000e+01 4.200000000000000000e+01 6.410321110446851600e-01
-8.400000000000000000e+01 4.300000000000000000e+01 nan
-8.300000000000000000e+01 2.300000000000000000e+01 1.023006450222437635e+00
-8.300000000000000000e+01 2.400000000000000000e+01 9.513105914214772252e-01
-8.300000000000000000e+01 2.500000000000000000e+01 8.130567008562905595e-01
-8.300000000000000000e+01 2.600000000000000000e+01 7.313175685688457772e-01
-8.300000000000000000e+01 2.700000000000000000e+01 7.309965228580260765e-01
-8.300000000000000000e+01 2.800000000000000000e+01 7.756689094992472722e-01
-8.300000000000000000e+01 2.900000000000000000e+01 7.760569186765368110e-01
-8.300000000000000000e+01 3.000000000000000000e+01 7.414108385438280546e-01
-8.300000000000000000e+01 3.100000000000000000e+01 7.681836649135606043e-01
-8.300000000000000000e+01 3.200000000000000000e+01 7.968259251174820701e-01
-8.300000000000000000e+01 3.300000000000000000e+01 7.535721743115907367e-01
-8.300000000000000000e+01 3.400000000000000000e+01 7.153619212006954164e-01
-8.300000000000000000e+01 3.500000000000000000e+01 6.725423391099709658e-01
-8.300000000000000000e+01 3.600000000000000000e+01 5.929926753451046917e-01
-8.300000000000000000e+01 3.700000000000000000e+01 5.809441553712412221e-01
-8.300000000000000000e+01 3.800000000000000000e+01 5.815159553208750776e-01
-8.300000000000000000e+01 3.900000000000000000e+01 5.484027356417964238e-01
-8.300000000000000000e+01 4.000000000000000000e+01 6.668103841253217867e-01
-8.300000000000000000e+01 4.100000000000000000e+01 7.114340661011239186e-01
-8.300000000000000000e+01 4.200000000000000000e+01 6.581822090341764575e-01
-8.300000000000000000e+01 4.300000000000000000e+01 nan
-8.200000000000000000e+01 2.300000000000000000e+01 1.002275217463365342e+00
-8.200000000000000000e+01 2.400000000000000000e+01 9.064818292041608716e-01
-8.200000000000000000e+01 2.500000000000000000e+01 7.915826051161273247e-01
-8.200000000000000000e+01 2.600000000000000000e+01 7.295172225809036792e-01
-8.200000000000000000e+01 2.700000000000000000e+01 7.216325063780928417e-01
-8.200000000000000000e+01 2.800000000000000000e+01 7.523964458662490973e-01
-8.200000000000000000e+01 2.900000000000000000e+01 7.616601326166898556e-01
-8.200000000000000000e+01 3.000000000000000000e+01 7.297922693010429063e-01
-8.200000000000000000e+01 3.100000000000000000e+01 7.526908567031248554e-01
-8.200000000000000000e+01 3.200000000000000000e+01 7.814340300373708859e-01
-8.200000000000000000e+01 3.300000000000000000e+01 7.460769015897493750e-01
-8.200000000000000000e+01 3.400000000000000000e+01 6.995928292787109148e-01
-8.200000000000000000e+01 3.500000000000000000e+01 6.322232050722397245e-01
-8.200000000000000000e+01 3.600000000000000000e+01 5.934888166903539153e-01
-8.200000000000000000e+01 3.700000000000000000e+01 6.411400355365436399e-01
-8.200000000000000000e+01 3.800000000000000000e+01 6.347177887998978196e-01
-8.200000000000000000e+01 3.900000000000000000e+01 5.936509646931718009e-01
-8.200000000000000000e+01 4.000000000000000000e+01 6.825659603647309392e-01
-8.200000000000000000e+01 4.100000000000000000e+01 7.565479779918427017e-01
-8.200000000000000000e+01 4.200000000000000000e+01 7.438889928431631215e-01
-8.200000000000000000e+01 4.300000000000000000e+01 nan
-8.100000000000000000e+01 2.300000000000000000e+01 9.810270487802890127e-01
-8.100000000000000000e+01 2.400000000000000000e+01 8.720679713757688578e-01
-8.100000000000000000e+01 2.500000000000000000e+01 7.654033176919278203e-01
-8.100000000000000000e+01 2.600000000000000000e+01 7.170812161911108706e-01
-8.100000000000000000e+01 2.700000000000000000e+01 7.080178548229558722e-01
-8.100000000000000000e+01 2.800000000000000000e+01 7.346601122527171013e-01
-8.100000000000000000e+01 2.900000000000000000e+01 7.362618270040007795e-01
-8.100000000000000000e+01 3.000000000000000000e+01 7.111891810160819727e-01
-8.100000000000000000e+01 3.100000000000000000e+01 7.491294992611936543e-01
-8.100000000000000000e+01 3.200000000000000000e+01 7.814762900974340232e-01
-8.100000000000000000e+01 3.300000000000000000e+01 7.465611217402261524e-01
-8.100000000000000000e+01 3.400000000000000000e+01 6.975326682249941568e-01
-8.100000000000000000e+01 3.500000000000000000e+01 6.083059612951028372e-01
-8.100000000000000000e+01 3.600000000000000000e+01 5.960428582644072826e-01
-8.100000000000000000e+01 3.700000000000000000e+01 6.532286007221977941e-01
-8.100000000000000000e+01 3.800000000000000000e+01 6.614274498044575568e-01
-8.100000000000000000e+01 3.900000000000000000e+01 6.242492063410555181e-01
-8.100000000000000000e+01 4.000000000000000000e+01 6.474798839948046059e-01
-8.100000000000000000e+01 4.100000000000000000e+01 7.505006142294112781e-01
-8.100000000000000000e+01 4.200000000000000000e+01 7.954308172902374574e-01
-8.100000000000000000e+01 4.300000000000000000e+01 nan
-8.000000000000000000e+01 2.300000000000000000e+01 9.651663575255583494e-01
-8.000000000000000000e+01 2.400000000000000000e+01 8.713377308586358616e-01
-8.000000000000000000e+01 2.500000000000000000e+01 7.821042444650984082e-01
-8.000000000000000000e+01 2.600000000000000000e+01 7.178025134846192090e-01
-8.000000000000000000e+01 2.700000000000000000e+01 7.105759199719806629e-01
-8.000000000000000000e+01 2.800000000000000000e+01 7.393085385380728791e-01
-8.000000000000000000e+01 2.900000000000000000e+01 7.349513796419546718e-01
-8.000000000000000000e+01 3.000000000000000000e+01 7.150040617432975587e-01
-8.000000000000000000e+01 3.100000000000000000e+01 7.689091783766180965e-01
-8.000000000000000000e+01 3.200000000000000000e+01 7.931346039933454550e-01
-8.000000000000000000e+01 3.300000000000000000e+01 7.440470301857627922e-01
-8.000000000000000000e+01 3.400000000000000000e+01 6.908922765857202775e-01
-8.000000000000000000e+01 3.500000000000000000e+01 5.939924426661453705e-01
-8.000000000000000000e+01 3.600000000000000000e+01 5.627127502356426003e-01
-8.000000000000000000e+01 3.700000000000000000e+01 6.223080027131537850e-01
-8.000000000000000000e+01 3.800000000000000000e+01 6.654858556953040516e-01
-8.000000000000000000e+01 3.900000000000000000e+01 6.131214148931998231e-01
-8.000000000000000000e+01 4.000000000000000000e+01 6.281045167453975786e-01
-8.000000000000000000e+01 4.100000000000000000e+01 6.932848329570535650e-01
-8.000000000000000000e+01 4.200000000000000000e+01 7.469546949485400544e-01
-8.000000000000000000e+01 4.300000000000000000e+01 nan
-7.900000000000000000e+01 2.300000000000000000e+01 9.362501734633044137e-01
-7.900000000000000000e+01 2.400000000000000000e+01 8.714481860907831168e-01
-7.900000000000000000e+01 2.500000000000000000e+01 8.078039004662604938e-01
-7.900000000000000000e+01 2.600000000000000000e+01 7.266071332941448357e-01
-7.900000000000000000e+01 2.700000000000000000e+01 7.119019853518645524e-01
-7.900000000000000000e+01 2.800000000000000000e+01 7.446432752853919812e-01
-7.900000000000000000e+01 2.900000000000000000e+01 7.362755110164550532e-01
-7.900000000000000000e+01 3.000000000000000000e+01 7.375515964262495672e-01
-7.900000000000000000e+01 3.100000000000000000e+01 7.868560062693632506e-01
-7.900000000000000000e+01 3.200000000000000000e+01 7.969060337039109987e-01
-7.900000000000000000e+01 3.300000000000000000e+01 7.391684165683362062e-01
-7.900000000000000000e+01 3.400000000000000000e+01 6.791762502613672980e-01
-7.900000000000000000e+01 3.500000000000000000e+01 6.033533021241382910e-01
-7.900000000000000000e+01 3.600000000000000000e+01 5.392493457944248503e-01
-7.900000000000000000e+01 3.700000000000000000e+01 5.757992584870145203e-01
-7.900000000000000000e+01 3.800000000000000000e+01 6.347588874561350680e-01
-7.900000000000000000e+01 3.900000000000000000e+01 6.030100880062368995e-01
-7.900000000000000000e+01 4.000000000000000000e+01 6.274592296174649197e-01
-7.900000000000000000e+01 4.100000000000000000e+01 6.432592403389402191e-01
-7.900000000000000000e+01 4.200000000000000000e+01 6.055523122241128764e-01
-7.900000000000000000e+01 4.300000000000000000e+01 nan
