Longitude[deg], Latitude[deg], Dust optical depth
-4.200000000000000000e+01 -2.900000000000000000e+01 nan
-4.200000000000000000e+01 -2.800000000000000000e+01 nan
-4.200000000000000000e+01 -2.700000000000000000e+01 nan
-4.200000000000000000e+01 -2.600000000000000000e+01 nan
-4.200000000000000000e+01 -2.500000000000000000e+01 nan
-4.200000000000000000e+01 -2.400000000000000000e+01 nan
-4.200000000000000000e+01 -2.300000000000000000e+01 nan
-4.200000000000000000e+01 -2.200000000000000000e+01 nan
-4.200000000000000000e+01 -2.100000000000000000e+01 nan
-4.200000000000000000e+01 -2.000000000000000000e+01 nan
-4.200000000000000000e+01 -1.900000000000000000e+01 nan
-4.200000000000000000e+01 -1.800000000000000000e+01 1.772108186653656325e+00
-4.200000000000000000e+01 -1.700000000000000000e+01 1.667997765230831764e+00
-4.200000000000000000e+01 -1.600000000000000000e+01 1.672677269163479474e+00
-4.200000000000000000e+01 -1.500000000000000000e+01 1.790282247983513653e+00
-4.200000000000000000e+01 -1.400000000000000000e+01 2.011782731595288087e+00
-4.200000000000000000e+01 -1.300000000000000000e+01 1.798969313616626264e+00
-4.200000000000000000e+01 -1.200000000000000000e+01 1.501339383396342653e+00
-4.200000000000000000e+01 -1.100000000000000000e+01 1.474954538021285844e+00
-4.200000000000000000e+01 -1.000000000000000000e+01 1.426922240809172848e+00
-4.200000000000000000e+01 -9.000000000000000000e+00 1.521514627146774989e+00
-4.200000000000000000e+01 -8.000000000000000000e+00 1.665219321804518593e+00
-4.200000000000000000e+01 -7.000000000000000000e+00 1.691859849527980630e+00
-4.200000000000000000e+01 -6.000000000000000000e+00 1.640665929703957193e+00
-4.200000000000000000e+01 -5.000000000000000000e+00 1.479803735223148342e+00
-4.200000000000000000e+01 -4.000000000000000000e+00 1.439590646198059876e+00
-4.200000000000000000e+01 -3.000000000000000000e+00 1.499337314195344328e+00
-4.200000000000000000e+01 -2.000000000000000000e+00 nan
-4.100000000000000000e+01 -2.900000000000000000e+01 1.811392081247284125e+00
-4.100000000000000000e+01 -2.800000000000000000e+01 1.732656842022083810e+00
-4.100000000000000000e+01 -2.700000000000000000e+01 1.681005141569748007e+00
-4.100000000000000000e+01 -2.600000000000000000e+01 1.711472840359392844e+00
-4.100000000000000000e+01 -2.500000000000000000e+01 1.670983280067873444e+00
-4.100000000000000000e+01 -2.400000000000000000e+01 1.558142270984963718e+00
-4.100000000000000000e+01 -2.300000000000000000e+01 1.807806942711643661e+00
-4.100000000000000000e+01 -2.200000000000000000e+01 1.785801276782789548e+00
-4.100000000000000000e+01 -2.100000000000000000e+01 1.628600423284706222e+00
-4.100000000000000000e+01 -2.000000000000000000e+01 1.612929873902410494e+00
-4.100000000000000000e+01 -1.900000000000000000e+01 1.601087786479244768e+00
-4.100000000000000000e+01 -1.800000000000000000e+01 1.540237355517392270e+00
-4.100000000000000000e+01 -1.700000000000000000e+01 1.598260296563722482e+00
-4.100000000000000000e+01 -1.600000000000000000e+01 1.655826515946991151e+00
-4.100000000000000000e+01 -1.500000000000000000e+01 1.839177344091313060e+00
-4.100000000000000000e+01 -1.400000000000000000e+01 1.893851306962073267e+00
-4.100000000000000000e+01 -1.300000000000000000e+01 1.802166879483916295e+00
-4.100000000000000000e+01 -1.200000000000000000e+01 1.593873012178181670e+00
-4.100000000000000000e+01 -1.100000000000000000e+01 1.490706496781575963e+00
-4.100000000000000000e+01 -1.000000000000000000e+01 1.471117741489334163e+00
-4.100000000000000000e+01 -9.000000000000000000e+00 1.577975427821092458e+00
-4.100000000000000000e+01 -8.000000000000000000e+00 1.690598304807335417e+00
-4.100000000000000000e+01 -7.000000000000000000e+00 1.753904853814724607e+00
-4.100000000000000000e+01 -6.000000000000000000e+00 1.636307247039327839e+00
-4.100000000000000000e+01 -5.000000000000000000e+00 1.478107163991556838e+00
-4.100000000000000000e+01 -4.000000000000000000e+00 1.444994721548023220e+00
-4.100000000000000000e+01 -3.000000000000000000e+00 1.499133223996548914e+00
-4.100000000000000000e+01 -2.000000000000000000e+00 nan
-4.000000000000000000e+01 -2.900000000000000000e+01 1.811392081247284125e+00
-4.000000000000000000e+01 -2.800000000000000000e+01 1.732656842022083810e+00
-4.000000000000000000e+01 -2.700000000000000000e+01 1.681005141569748007e+00
-4.000000000000000000e+01 -2.600000000000000000e+01 1.711472840359392844e+00
-4.000000000000000000e+01 -2.500000000000000000e+01 1.670983280067873444e+00
-4.000000000000000000e+01 -2.400000000000000000e+01 1.558142270984963718e+00
-4.000000000000000000e+01 -2.300000000000000000e+01 1.807806942711643661e+00
-4.000000000000000000e+01 -2.200000000000000000e+01 1.785801276782789548e+00
-4.000000000000000000e+01 -2.100000000000000000e+01 1.628600423284706222e+00
-4.000000000000000000e+01 -2.000000000000000000e+01 1.612929873902410494e+00
-4.000000000000000000e+01 -1.900000000000000000e+01 1.601531510833443361e+00
-4.000000000000000000e+01 -1.800000000000000000e+01 1.538559946658593747e+00
-4.000000000000000000e+01 -1.700000000000000000e+01 1.590741628008330633e+00
-4.000000000000000000e+01 -1.600000000000000000e+01 1.653833996955144103e+00
-4.000000000000000000e+01 -1.500000000000000000e+01 1.847721951271519281e+00
-4.000000000000000000e+01 -1.400000000000000000e+01 1.860609989175690204e+00
-4.000000000000000000e+01 -1.300000000000000000e+01 1.802573575271508632e+00
-4.000000000000000000e+01 -1.200000000000000000e+01 1.632912172103161863e+00
-4.000000000000000000e+01 -1.100000000000000000e+01 1.514924340383241530e+00
-4.000000000000000000e+01 -1.000000000000000000e+01 1.490330491855652140e+00
-4.000000000000000000e+01 -9.000000000000000000e+00 1.600951400361511290e+00
-4.000000000000000000e+01 -8.000000000000000000e+00 1.718122770193649007e+00
-4.000000000000000000e+01 -7.000000000000000000e+00 1.814599444022465313e+00
-4.000000000000000000e+01 -6.000000000000000000e+00 1.623551027179351403e+00
-4.000000000000000000e+01 -5.000000000000000000e+00 1.474071013473656100e+00
-4.000000000000000000e+01 -4.000000000000000000e+00 1.451955534303974282e+00
-4.000000000000000000e+01 -3.000000000000000000e+00 1.498987479614071638e+00
-4.000000000000000000e+01 -2.000000000000000000e+00 nan
