Longitude[deg], Latitude[deg], Dust optical depth
1.190000000000000000e+02 -3.300000000000000000e+01 1.265349998488595196e+00
1.190000000000000000e+02 -3.200000000000000000e+01 1.261354053649320184e+00
1.190000000000000000e+02 -3.100000000000000000e+01 1.245636833754934170e+00
1.190000000000000000e+02 -3.000000000000000000e+01 1.262660129220409155e+00
1.190000000000000000e+02 -2.900000000000000000e+01 1.492058253121013589e+00
1.190000000000000000e+02 -2.800000000000000000e+01 1.374308205648918646e+00
1.190000000000000000e+02 -2.700000000000000000e+01 1.240598236731299986e+00
1.190000000000000000e+02 -2.600000000000000000e+01 1.481284109530357718e+00
1.190000000000000000e+02 -2.500000000000000000e+01 1.530020615648473914e+00
1.190000000000000000e+02 -2.400000000000000000e+01 1.656379838330621190e+00
1.190000000000000000e+02 -2.300000000000000000e+01 1.549159187502151092e+00
1.190000000000000000e+02 -2.200000000000000000e+01 1.453458752127273268e+00
1.190000000000000000e+02 -2.100000000000000000e+01 1.519031345957516432e+00
1.190000000000000000e+02 -2.000000000000000000e+01 1.442468072953119407e+00
1.190000000000000000e+02 -1.900000000000000000e+01 1.449433921759758492e+00
1.190000000000000000e+02 -1.800000000000000000e+01 1.446137273140411850e+00
1.190000000000000000e+02 -1.700000000000000000e+01 1.300236667053225270e+00
1.190000000000000000e+02 -1.600000000000000000e+01 1.586891377035014816e+00
1.190000000000000000e+02 -1.500000000000000000e+01 1.709501011935657067e+00
1.190000000000000000e+02 -1.400000000000000000e+01 1.914320506145275713e+00
1.190000000000000000e+02 -1.300000000000000000e+01 1.889095432453315349e+00
1.190000000000000000e+02 -1.200000000000000000e+01 1.515937191593985434e+00
1.190000000000000000e+02 -1.100000000000000000e+01 1.298439621687723644e+00
1.190000000000000000e+02 -1.000000000000000000e+01 1.025994695687981295e+00
1.190000000000000000e+02 -9.000000000000000000e+00 1.033915662786151657e+00
1.190000000000000000e+02 -8.000000000000000000e+00 1.249580351205693107e+00
1.190000000000000000e+02 -7.000000000000000000e+00 1.587088213691584038e+00
1.190000000000000000e+02 -6.000000000000000000e+00 nan
1.200000000000000000e+02 -3.300000000000000000e+01 1.252779200216886490e+00
1.200000000000000000e+02 -3.200000000000000000e+01 1.251364958925747617e+00
1.200000000000000000e+02 -3.100000000000000000e+01 1.244765371443928403e+00
1.200000000000000000e+02 -3.000000000000000000e+01 1.260932483220927436e+00
1.200000000000000000e+02 -2.900000000000000000e+01 1.481499776116990574e+00
1.200000000000000000e+02 -2.800000000000000000e+01 1.363663894730330561e+00
1.200000000000000000e+02 -2.700000000000000000e+01 1.245796546305731445e+00
1.200000000000000000e+02 -2.600000000000000000e+01 1.483211961646631494e+00
1.200000000000000000e+02 -2.500000000000000000e+01 1.526268612843640016e+00
1.200000000000000000e+02 -2.400000000000000000e+01 1.651704546507474891e+00
1.200000000000000000e+02 -2.300000000000000000e+01 1.646842857796863901e+00
1.200000000000000000e+02 -2.200000000000000000e+01 1.567058272915089923e+00
1.200000000000000000e+02 -2.100000000000000000e+01 1.499635673091384458e+00
1.200000000000000000e+02 -2.000000000000000000e+01 1.443962045471311129e+00
1.200000000000000000e+02 -1.900000000000000000e+01 1.465943759373098398e+00
1.200000000000000000e+02 -1.800000000000000000e+01 1.444244220231206688e+00
1.200000000000000000e+02 -1.700000000000000000e+01 1.281771680222421717e+00
1.200000000000000000e+02 -1.600000000000000000e+01 1.513503196903272174e+00
1.200000000000000000e+02 -1.500000000000000000e+01 1.644630124867668020e+00
1.200000000000000000e+02 -1.400000000000000000e+01 1.905650864797273858e+00
1.200000000000000000e+02 -1.300000000000000000e+01 1.914320506145275713e+00
1.200000000000000000e+02 -1.200000000000000000e+01 1.524643484367258717e+00
1.200000000000000000e+02 -1.100000000000000000e+01 1.317318834692875695e+00
1.200000000000000000e+02 -1.000000000000000000e+01 1.026200665958438174e+00
1.200000000000000000e+02 -9.000000000000000000e+00 1.033915662786151657e+00
1.200000000000000000e+02 -8.000000000000000000e+00 1.251176085523695747e+00
1.200000000000000000e+02 -7.000000000000000000e+00 1.592815943163538472e+00
1.200000000000000000e+02 -6.000000000000000000e+00 nan
1.210000000000000000e+02 -3.300000000000000000e+01 1.226823800455118851e+00
1.210000000000000000e+02 -3.200000000000000000e+01 1.233895660898949975e+00
1.210000000000000000e+02 -3.100000000000000000e+01 1.242237980597031388e+00
1.210000000000000000e+02 -3.000000000000000000e+01 1.251481550815212174e+00
1.210000000000000000e+02 -2.900000000000000000e+01 1.262827313983833077e+00
1.210000000000000000e+02 -2.800000000000000000e+01 1.318983183616456945e+00
1.210000000000000000e+02 -2.700000000000000000e+01 1.254791260621780591e+00
1.210000000000000000e+02 -2.600000000000000000e+01 1.487883933280024218e+00
1.210000000000000000e+02 -2.500000000000000000e+01 1.519965607947524777e+00
1.210000000000000000e+02 -2.400000000000000000e+01 1.649510216277914498e+00
1.210000000000000000e+02 -2.300000000000000000e+01 1.676122432529688400e+00
1.210000000000000000e+02 -2.200000000000000000e+01 1.679100139910618239e+00
1.210000000000000000e+02 -2.100000000000000000e+01 1.475983592934494659e+00
1.210000000000000000e+02 -2.000000000000000000e+01 1.450956246685146001e+00
1.210000000000000000e+02 -1.900000000000000000e+01 1.482201331012341194e+00
1.210000000000000000e+02 -1.800000000000000000e+01 1.437082723290013631e+00
1.210000000000000000e+02 -1.700000000000000000e+01 1.262803440715986714e+00
1.210000000000000000e+02 -1.600000000000000000e+01 1.314873219615285249e+00
1.210000000000000000e+02 -1.500000000000000000e+01 1.516150609307445274e+00
1.210000000000000000e+02 -1.400000000000000000e+01 1.887000960771088920e+00
1.210000000000000000e+02 -1.300000000000000000e+01 2.029843963590717060e+00
1.210000000000000000e+02 -1.200000000000000000e+01 1.572506657795491369e+00
1.210000000000000000e+02 -1.100000000000000000e+01 1.350524233964384591e+00
1.210000000000000000e+02 -1.000000000000000000e+01 1.029553011447097877e+00
1.210000000000000000e+02 -9.000000000000000000e+00 1.029965821420925964e+00
1.210000000000000000e+02 -8.000000000000000000e+00 1.304355239519925380e+00
1.210000000000000000e+02 -7.000000000000000000e+00 nan
1.210000000000000000e+02 -6.000000000000000000e+00 nan
