Longitude[deg], Latitude[deg], Dust optical depth
8.500000000000000000e+01 1.200000000000000000e+01 nan
8.500000000000000000e+01 1.300000000000000000e+01 nan
8.500000000000000000e+01 1.400000000000000000e+01 nan
8.500000000000000000e+01 1.500000000000000000e+01 nan
8.500000000000000000e+01 1.600000000000000000e+01 nan
8.500000000000000000e+01 1.700000000000000000e+01 nan
8.500000000000000000e+01 1.800000000000000000e+01 nan
8.500000000000000000e+01 1.900000000000000000e+01 nan
8.500000000000000000e+01 2.000000000000000000e+01 nan
8.500000000000000000e+01 2.100000000000000000e+01 nan
8.500000000000000000e+01 2.200000000000000000e+01 nan
8.500000000000000000e+01 2.300000000000000000e+01 nan
8.500000000000000000e+01 2.400000000000000000e+01 nan
8.500000000000000000e+01 2.500000000000000000e+01 nan
8.500000000000000000e+01 2.600000000000000000e+01 nan
8.500000000000000000e+01 2.700000000000000000e+01 9.407925710118751894e-01
8.500000000000000000e+01 2.800000000000000000e+01 9.702964861719508560e-01
8.500000000000000000e+01 2.900000000000000000e+01 1.009726218415146981e+00
8.500000000000000000e+01 3.000000000000000000e+01 1.059222280345155642e+00
8.500000000000000000e+01 3.100000000000000000e+01 1.068534353040857532e+00
8.500000000000000000e+01 3.200000000000000000e+01 1.118589677971603358e+00
8.600000000000000000e+01 1.200000000000000000e+01 nan
8.600000000000000000e+01 1.300000000000000000e+01 nan
8.600000000000000000e+01 1.400000000000000000e+01 nan
8.600000000000000000e+01 1.500000000000000000e+01 nan
8.600000000000000000e+01 1.600000000000000000e+01 nan
8.600000000000000000e+01 1.700000000000000000e+01 1.124127624420471427e+00
8.600000000000000000e+01 1.800000000000000000e+01 1.148538303294640128e+00
8.600000000000000000e+01 1.900000000000000000e+01 1.128034038513531456e+00
8.600000000000000000e+01 2.000000000000000000e+01 1.093249439356376307e+00
8.600000000000000000e+01 2.100000000000000000e+01 1.103368074008155508e+00
8.600000000000000000e+01 2.200000000000000000e+01 1.102782909667622047e+00
8.600000000000000000e+01 2.300000000000000000e+01 1.086839342112604356e+00
8.600000000000000000e+01 2.400000000000000000e+01 1.094281503945653267e+00
8.600000000000000000e+01 2.500000000000000000e+01 1.122898026136282645e+00
8.600000000000000000e+01 2.600000000000000000e+01 1.033649846081065915e+00
8.600000000000000000e+01 2.700000000000000000e+01 9.506312453735342727e-01
8.600000000000000000e+01 2.800000000000000000e+01 9.750952652870296111e-01
8.600000000000000000e+01 2.900000000000000000e+01 1.002961816946329243e+00
8.600000000000000000e+01 3.000000000000000000e+01 1.048060318068244845e+00
8.600000000000000000e+01 3.100000000000000000e+01 1.079821153312474635e+00
8.600000000000000000e+01 3.200000000000000000e+01 1.119688268472547987e+00
8.700000000000000000e+01 1.200000000000000000e+01 1.339779718875307779e+00
8.700000000000000000e+01 1.300000000000000000e+01 1.320160427329932773e+00
8.700000000000000000e+01 1.400000000000000000e+01 1.288473475344876107e+00
8.700000000000000000e+01 1.500000000000000000e+01 1.249167085250915576e+00
8.700000000000000000e+01 1.600000000000000000e+01 1.187582082039388087e+00
8.700000000000000000e+01 1.700000000000000000e+01 1.136006562766220362e+00
8.700000000000000000e+01 1.800000000000000000e+01 1.122571848303208331e+00
8.700000000000000000e+01 1.900000000000000000e+01 1.129670086905978588e+00
8.700000000000000000e+01 2.000000000000000000e+01 1.092646873434002242e+00
8.700000000000000000e+01 2.100000000000000000e+01 1.089907598631172592e+00
8.700000000000000000e+01 2.200000000000000000e+01 1.087968084569072680e+00
8.700000000000000000e+01 2.300000000000000000e+01 1.057030572862606821e+00
8.700000000000000000e+01 2.400000000000000000e+01 1.085522654769645490e+00
8.700000000000000000e+01 2.500000000000000000e+01 1.108952001918015684e+00
8.700000000000000000e+01 2.600000000000000000e+01 1.019257286915929539e+00
8.700000000000000000e+01 2.700000000000000000e+01 9.519883248184797253e-01
8.700000000000000000e+01 2.800000000000000000e+01 9.769645684707275457e-01
8.700000000000000000e+01 2.900000000000000000e+01 9.947017175568841907e-01
8.700000000000000000e+01 3.000000000000000000e+01 1.041646111456510315e+00
8.700000000000000000e+01 3.100000000000000000e+01 1.083475949711385278e+00
8.700000000000000000e+01 3.200000000000000000e+01 1.119906260616188698e+00
8.800000000000000000e+01 1.200000000000000000e+01 1.332431682368196979e+00
8.800000000000000000e+01 1.300000000000000000e+01 1.290147914220016956e+00
8.800000000000000000e+01 1.400000000000000000e+01 1.266424917294182828e+00
8.800000000000000000e+01 1.500000000000000000e+01 1.248296001524671572e+00
8.800000000000000000e+01 1.600000000000000000e+01 1.183691453249715808e+00
8.800000000000000000e+01 1.700000000000000000e+01 1.128673445366784822e+00
8.800000000000000000e+01 1.800000000000000000e+01 1.117819841422670990e+00
8.800000000000000000e+01 1.900000000000000000e+01 1.129808402207417739e+00
8.800000000000000000e+01 2.000000000000000000e+01 1.085470382449557958e+00
8.800000000000000000e+01 2.100000000000000000e+01 1.075073264404800666e+00
8.800000000000000000e+01 2.200000000000000000e+01 1.062902673182444691e+00
8.800000000000000000e+01 2.300000000000000000e+01 1.032180581380908180e+00
8.800000000000000000e+01 2.400000000000000000e+01 1.075055880945755105e+00
8.800000000000000000e+01 2.500000000000000000e+01 1.092713600539612084e+00
8.800000000000000000e+01 2.600000000000000000e+01 9.989633503873827092e-01
8.800000000000000000e+01 2.700000000000000000e+01 9.713516363396360598e-01
8.800000000000000000e+01 2.800000000000000000e+01 9.964897880760885673e-01
8.800000000000000000e+01 2.900000000000000000e+01 1.004789551020896177e+00
8.800000000000000000e+01 3.000000000000000000e+01 1.051425423109557666e+00
8.800000000000000000e+01 3.100000000000000000e+01 1.104412133701106136e+00
8.800000000000000000e+01 3.200000000000000000e+01 1.130521748138440641e+00
8.900000000000000000e+01 1.200000000000000000e+01 1.326835841304091268e+00
8.900000000000000000e+01 1.300000000000000000e+01 1.275152907903247979e+00
8.900000000000000000e+01 1.400000000000000000e+01 1.254038867076306740e+00
8.900000000000000000e+01 1.500000000000000000e+01 1.248498280336619581e+00
8.900000000000000000e+01 1.600000000000000000e+01 1.180838501425147014e+00
8.900000000000000000e+01 1.700000000000000000e+01 1.119911145879330050e+00
8.900000000000000000e+01 1.800000000000000000e+01 1.117355245632518201e+00
8.900000000000000000e+01 1.900000000000000000e+01 1.129847789243983991e+00
8.900000000000000000e+01 2.000000000000000000e+01 1.079360415236840565e+00
8.900000000000000000e+01 2.100000000000000000e+01 1.058540151200644042e+00
8.900000000000000000e+01 2.200000000000000000e+01 1.045967242206298220e+00
8.900000000000000000e+01 2.300000000000000000e+01 1.029676868845709858e+00
8.900000000000000000e+01 2.400000000000000000e+01 1.074255007982390708e+00
8.900000000000000000e+01 2.500000000000000000e+01 1.066980874928673995e+00
8.900000000000000000e+01 2.600000000000000000e+01 1.001383307912669274e+00
8.900000000000000000e+01 2.700000000000000000e+01 9.991862125978497877e-01
8.900000000000000000e+01 2.800000000000000000e+01 1.009935152068084818e+00
8.900000000000000000e+01 2.900000000000000000e+01 1.046728035590496209e+00
8.900000000000000000e+01 3.000000000000000000e+01 1.071756887393185309e+00
8.900000000000000000e+01 3.100000000000000000e+01 1.117415908950526005e+00
8.900000000000000000e+01 3.200000000000000000e+01 1.171802026094415528e+00
9.000000000000000000e+01 1.200000000000000000e+01 nan
9.000000000000000000e+01 1.300000000000000000e+01 1.279967712743373509e+00
9.000000000000000000e+01 1.400000000000000000e+01 1.274285442254989187e+00
9.000000000000000000e+01 1.500000000000000000e+01 1.271504852839381527e+00
9.000000000000000000e+01 1.600000000000000000e+01 nan
9.000000000000000000e+01 1.700000000000000000e+01 nan
9.000000000000000000e+01 1.800000000000000000e+01 nan
9.000000000000000000e+01 1.900000000000000000e+01 nan
9.000000000000000000e+01 2.000000000000000000e+01 nan
9.000000000000000000e+01 2.100000000000000000e+01 nan
9.000000000000000000e+01 2.200000000000000000e+01 nan
9.000000000000000000e+01 2.300000000000000000e+01 nan
9.000000000000000000e+01 2.400000000000000000e+01 nan
9.000000000000000000e+01 2.500000000000000000e+01 nan
9.000000000000000000e+01 2.600000000000000000e+01 nan
9.000000000000000000e+01 2.700000000000000000e+01 nan
9.000000000000000000e+01 2.800000000000000000e+01 nan
9.000000000000000000e+01 2.900000000000000000e+01 nan
9.000000000000000000e+01 3.000000000000000000e+01 nan
9.000000000000000000e+01 3.100000000000000000e+01 nan
9.000000000000000000e+01 3.200000000000000000e+01 nan
