Longitude[deg], Latitude[deg], Dust optical depth
4.100000000000000000e+01 2.000000000000000000e+01 nan
4.100000000000000000e+01 2.100000000000000000e+01 nan
4.100000000000000000e+01 2.200000000000000000e+01 nan
4.100000000000000000e+01 2.300000000000000000e+01 nan
4.100000000000000000e+01 2.400000000000000000e+01 nan
4.100000000000000000e+01 2.500000000000000000e+01 nan
4.100000000000000000e+01 2.600000000000000000e+01 nan
4.100000000000000000e+01 2.700000000000000000e+01 nan
4.100000000000000000e+01 2.800000000000000000e+01 nan
4.100000000000000000e+01 2.900000000000000000e+01 nan
4.100000000000000000e+01 3.000000000000000000e+01 nan
4.100000000000000000e+01 3.100000000000000000e+01 nan
4.100000000000000000e+01 3.200000000000000000e+01 nan
4.100000000000000000e+01 3.300000000000000000e+01 nan
4.100000000000000000e+01 3.400000000000000000e+01 nan
4.100000000000000000e+01 3.500000000000000000e+01 nan
4.100000000000000000e+01 3.600000000000000000e+01 nan
4.100000000000000000e+01 3.700000000000000000e+01 nan
4.100000000000000000e+01 3.800000000000000000e+01 nan
4.100000000000000000e+01 3.900000000000000000e+01 nan
4.100000000000000000e+01 4.000000000000000000e+01 nan
4.100000000000000000e+01 4.100000000000000000e+01 nan
4.200000000000000000e+01 2.000000000000000000e+01 nan
4.200000000000000000e+01 2.100000000000000000e+01 nan
4.200000000000000000e+01 2.200000000000000000e+01 nan
4.200000000000000000e+01 2.300000000000000000e+01 nan
4.200000000000000000e+01 2.400000000000000000e+01 nan
4.200000000000000000e+01 2.500000000000000000e+01 nan
4.200000000000000000e+01 2.600000000000000000e+01 nan
4.200000000000000000e+01 2.700000000000000000e+01 nan
4.200000000000000000e+01 2.800000000000000000e+01 nan
4.200000000000000000e+01 2.900000000000000000e+01 nan
4.200000000000000000e+01 3.000000000000000000e+01 nan
4.200000000000000000e+01 3.100000000000000000e+01 nan
4.200000000000000000e+01 3.200000000000000000e+01 nan
4.200000000000000000e+01 3.300000000000000000e+01 nan
4.200000000000000000e+01 3.400000000000000000e+01 nan
4.200000000000000000e+01 3.500000000000000000e+01 nan
4.200000000000000000e+01 3.600000000000000000e+01 1.257317866210393875e+00
4.200000000000000000e+01 3.700000000000000000e+01 1.386442638979075603e+00
4.200000000000000000e+01 3.800000000000000000e+01 1.586369724677150650e+00
4.200000000000000000e+01 3.900000000000000000e+01 1.666493258650636466e+00
4.200000000000000000e+01 4.000000000000000000e+01 1.672102951807427962e+00
4.200000000000000000e+01 4.100000000000000000e+01 nan
4.300000000000000000e+01 2.000000000000000000e+01 nan
4.300000000000000000e+01 2.100000000000000000e+01 nan
4.300000000000000000e+01 2.200000000000000000e+01 nan
4.300000000000000000e+01 2.300000000000000000e+01 nan
4.300000000000000000e+01 2.400000000000000000e+01 nan
4.300000000000000000e+01 2.500000000000000000e+01 nan
4.300000000000000000e+01 2.600000000000000000e+01 nan
4.300000000000000000e+01 2.700000000000000000e+01 nan
4.300000000000000000e+01 2.800000000000000000e+01 nan
4.300000000000000000e+01 2.900000000000000000e+01 nan
4.300000000000000000e+01 3.000000000000000000e+01 nan
4.300000000000000000e+01 3.100000000000000000e+01 nan
4.300000000000000000e+01 3.200000000000000000e+01 5.852957264918868807e-01
4.300000000000000000e+01 3.300000000000000000e+01 5.797723879079196285e-01
4.300000000000000000e+01 3.400000000000000000e+01 5.696455225567262914e-01
4.300000000000000000e+01 3.500000000000000000e+01 7.250366728938145711e-01
4.300000000000000000e+01 3.600000000000000000e+01 1.111657408107655121e+00
4.300000000000000000e+01 3.700000000000000000e+01 1.386442638979075603e+00
4.300000000000000000e+01 3.800000000000000000e+01 1.571963312381266853e+00
4.300000000000000000e+01 3.900000000000000000e+01 1.674110214616885139e+00
4.300000000000000000e+01 4.000000000000000000e+01 1.685017539214650917e+00
4.300000000000000000e+01 4.100000000000000000e+01 nan
4.400000000000000000e+01 2.000000000000000000e+01 nan
4.400000000000000000e+01 2.100000000000000000e+01 nan
4.400000000000000000e+01 2.200000000000000000e+01 nan
4.400000000000000000e+01 2.300000000000000000e+01 nan
4.400000000000000000e+01 2.400000000000000000e+01 nan
4.400000000000000000e+01 2.500000000000000000e+01 nan
4.400000000000000000e+01 2.600000000000000000e+01 9.934261052815324122e-01
4.400000000000000000e+01 2.700000000000000000e+01 7.656220322799617284e-01
4.400000000000000000e+01 2.800000000000000000e+01 7.442532322466300920e-01
4.400000000000000000e+01 2.900000000000000000e+01 7.140077076799988820e-01
4.400000000000000000e+01 3.000000000000000000e+01 6.646239096022137360e-01
4.400000000000000000e+01 3.100000000000000000e+01 6.421033568282877857e-01
4.400000000000000000e+01 3.200000000000000000e+01 5.879554400264728198e-01
4.400000000000000000e+01 3.300000000000000000e+01 5.794941568195919324e-01
4.400000000000000000e+01 3.400000000000000000e+01 5.893667122813486259e-01
4.400000000000000000e+01 3.500000000000000000e+01 6.657586042792019709e-01
4.400000000000000000e+01 3.600000000000000000e+01 9.931542954320378147e-01
4.400000000000000000e+01 3.700000000000000000e+01 1.355496173475551291e+00
4.400000000000000000e+01 3.800000000000000000e+01 1.499467061119003519e+00
4.400000000000000000e+01 3.900000000000000000e+01 1.571963312381266853e+00
4.400000000000000000e+01 4.000000000000000000e+01 1.546795762549258990e+00
4.400000000000000000e+01 4.100000000000000000e+01 nan
4.500000000000000000e+01 2.000000000000000000e+01 1.461733836873969850e+00
4.500000000000000000e+01 2.100000000000000000e+01 1.553131779716820038e+00
4.500000000000000000e+01 2.200000000000000000e+01 1.557713372800812790e+00
4.500000000000000000e+01 2.300000000000000000e+01 1.466906113554146573e+00
4.500000000000000000e+01 2.400000000000000000e+01 1.400788957468394047e+00
4.500000000000000000e+01 2.500000000000000000e+01 1.305724866369668780e+00
4.500000000000000000e+01 2.600000000000000000e+01 1.131448834097836365e+00
4.500000000000000000e+01 2.700000000000000000e+01 7.991412432129221255e-01
4.500000000000000000e+01 2.800000000000000000e+01 7.398382865970702937e-01
4.500000000000000000e+01 2.900000000000000000e+01 7.421549548410684150e-01
4.500000000000000000e+01 3.000000000000000000e+01 6.748165951368932935e-01
4.500000000000000000e+01 3.100000000000000000e+01 6.409864571268284461e-01
4.500000000000000000e+01 3.200000000000000000e+01 5.882436441413523287e-01
4.500000000000000000e+01 3.300000000000000000e+01 5.569342769085861011e-01
4.500000000000000000e+01 3.400000000000000000e+01 5.750134988653257118e-01
4.500000000000000000e+01 3.500000000000000000e+01 6.402578969439897127e-01
4.500000000000000000e+01 3.600000000000000000e+01 8.617558830289169247e-01
4.500000000000000000e+01 3.700000000000000000e+01 1.339039523952471722e+00
4.500000000000000000e+01 3.800000000000000000e+01 1.484447078363860140e+00
4.500000000000000000e+01 3.900000000000000000e+01 1.434844847587678274e+00
4.500000000000000000e+01 4.000000000000000000e+01 1.350376924204308882e+00
4.500000000000000000e+01 4.100000000000000000e+01 nan
4.600000000000000000e+01 2.000000000000000000e+01 1.450141699521962479e+00
4.600000000000000000e+01 2.100000000000000000e+01 1.524337768649639546e+00
4.600000000000000000e+01 2.200000000000000000e+01 1.550724448765599117e+00
4.600000000000000000e+01 2.300000000000000000e+01 1.484837342802711957e+00
4.600000000000000000e+01 2.400000000000000000e+01 1.430976679829354392e+00
4.600000000000000000e+01 2.500000000000000000e+01 1.338125227405447593e+00
4.600000000000000000e+01 2.600000000000000000e+01 1.176219481039565862e+00
4.600000000000000000e+01 2.700000000000000000e+01 8.241562959744713757e-01
4.600000000000000000e+01 2.800000000000000000e+01 7.315292716862331623e-01
4.600000000000000000e+01 2.900000000000000000e+01 7.579773066778994206e-01
4.600000000000000000e+01 3.000000000000000000e+01 6.996125135003385953e-01
4.600000000000000000e+01 3.100000000000000000e+01 6.262398428201488843e-01
4.600000000000000000e+01 3.200000000000000000e+01 5.702711165915003155e-01
4.600000000000000000e+01 3.300000000000000000e+01 5.407559641169760178e-01
4.600000000000000000e+01 3.400000000000000000e+01 5.525550715232842025e-01
4.600000000000000000e+01 3.500000000000000000e+01 6.196767637078557378e-01
4.600000000000000000e+01 3.600000000000000000e+01 8.167798728559757526e-01
4.600000000000000000e+01 3.700000000000000000e+01 1.320289905985678303e+00
4.600000000000000000e+01 3.800000000000000000e+01 1.555867314295223292e+00
4.600000000000000000e+01 3.900000000000000000e+01 1.541461301709261322e+00
4.600000000000000000e+01 4.000000000000000000e+01 1.516201474610884059e+00
4.600000000000000000e+01 4.100000000000000000e+01 nan
4.700000000000000000e+01 2.000000000000000000e+01 1.437322097347015104e+00
4.700000000000000000e+01 2.100000000000000000e+01 1.504482888422661535e+00
4.700000000000000000e+01 2.200000000000000000e+01 1.537321195017089082e+00
4.700000000000000000e+01 2.300000000000000000e+01 1.469082394836179528e+00
4.700000000000000000e+01 2.400000000000000000e+01 1.359096712612223978e+00
4.700000000000000000e+01 2.500000000000000000e+01 1.172801210299092123e+00
4.700000000000000000e+01 2.600000000000000000e+01 1.045021150596962656e+00
4.700000000000000000e+01 2.700000000000000000e+01 8.140074381752663291e-01
4.700000000000000000e+01 2.800000000000000000e+01 7.314870612661257265e-01
4.700000000000000000e+01 2.900000000000000000e+01 7.754006814142867521e-01
4.700000000000000000e+01 3.000000000000000000e+01 7.146282942870075816e-01
4.700000000000000000e+01 3.100000000000000000e+01 6.078288577519027625e-01
4.700000000000000000e+01 3.200000000000000000e+01 5.602899186117549224e-01
4.700000000000000000e+01 3.300000000000000000e+01 5.326350483493851318e-01
4.700000000000000000e+01 3.400000000000000000e+01 5.404102028579399475e-01
4.700000000000000000e+01 3.500000000000000000e+01 6.113133450771757182e-01
4.700000000000000000e+01 3.600000000000000000e+01 7.834864394489760020e-01
4.700000000000000000e+01 3.700000000000000000e+01 1.129472105638435808e+00
4.700000000000000000e+01 3.800000000000000000e+01 1.544926505764730784e+00
4.700000000000000000e+01 3.900000000000000000e+01 1.592378321586909840e+00
4.700000000000000000e+01 4.000000000000000000e+01 1.543675978775625790e+00
4.700000000000000000e+01 4.100000000000000000e+01 1.543675978775625790e+00
4.800000000000000000e+01 2.000000000000000000e+01 1.412413036688805246e+00
4.800000000000000000e+01 2.100000000000000000e+01 1.486518602770524833e+00
4.800000000000000000e+01 2.200000000000000000e+01 1.514031618418681280e+00
4.800000000000000000e+01 2.300000000000000000e+01 1.444560617059865271e+00
4.800000000000000000e+01 2.400000000000000000e+01 1.196744499887686164e+00
4.800000000000000000e+01 2.500000000000000000e+01 9.710615228384564812e-01
4.800000000000000000e+01 2.600000000000000000e+01 8.975171358651390374e-01
4.800000000000000000e+01 2.700000000000000000e+01 8.054425797732297498e-01
4.800000000000000000e+01 2.800000000000000000e+01 7.442617615303427359e-01
4.800000000000000000e+01 2.900000000000000000e+01 7.814891360657754138e-01
4.800000000000000000e+01 3.000000000000000000e+01 7.185415500330130101e-01
4.800000000000000000e+01 3.100000000000000000e+01 6.122969566586654588e-01
4.800000000000000000e+01 3.200000000000000000e+01 5.649783016711159567e-01
4.800000000000000000e+01 3.300000000000000000e+01 5.223143084830603744e-01
4.800000000000000000e+01 3.400000000000000000e+01 5.299558175464529342e-01
4.800000000000000000e+01 3.500000000000000000e+01 6.031398924576804044e-01
4.800000000000000000e+01 3.600000000000000000e+01 7.872911357193684845e-01
4.800000000000000000e+01 3.700000000000000000e+01 1.051553256662443925e+00
4.800000000000000000e+01 3.800000000000000000e+01 1.498180323447904971e+00
4.800000000000000000e+01 3.900000000000000000e+01 1.619316501117049834e+00
4.800000000000000000e+01 4.000000000000000000e+01 1.534510666734932860e+00
4.800000000000000000e+01 4.100000000000000000e+01 nan
4.900000000000000000e+01 2.000000000000000000e+01 1.404347401997580791e+00
4.900000000000000000e+01 2.100000000000000000e+01 1.466502208196754697e+00
4.900000000000000000e+01 2.200000000000000000e+01 1.498811907854918912e+00
4.900000000000000000e+01 2.300000000000000000e+01 1.458986822531642469e+00
4.900000000000000000e+01 2.400000000000000000e+01 1.227531940165835556e+00
4.900000000000000000e+01 2.500000000000000000e+01 9.505376109514980243e-01
4.900000000000000000e+01 2.600000000000000000e+01 8.605498706196014203e-01
4.900000000000000000e+01 2.700000000000000000e+01 8.021911202484774961e-01
4.900000000000000000e+01 2.800000000000000000e+01 7.518006212165545543e-01
4.900000000000000000e+01 2.900000000000000000e+01 7.675109065964860200e-01
4.900000000000000000e+01 3.000000000000000000e+01 7.127404352139425914e-01
4.900000000000000000e+01 3.100000000000000000e+01 6.232389480740218035e-01
4.900000000000000000e+01 3.200000000000000000e+01 5.682326275666312876e-01
4.900000000000000000e+01 3.300000000000000000e+01 5.410102070395860219e-01
4.900000000000000000e+01 3.400000000000000000e+01 5.631442179946681836e-01
4.900000000000000000e+01 3.500000000000000000e+01 5.993968646638512254e-01
4.900000000000000000e+01 3.600000000000000000e+01 8.177718737432803087e-01
4.900000000000000000e+01 3.700000000000000000e+01 1.026080250115550152e+00
4.900000000000000000e+01 3.800000000000000000e+01 1.552673231903781703e+00
4.900000000000000000e+01 3.900000000000000000e+01 1.703783406367415765e+00
4.900000000000000000e+01 4.000000000000000000e+01 nan
4.900000000000000000e+01 4.100000000000000000e+01 nan
