Longitude[deg], Latitude[deg], Dust optical depth
-1.730000000000000000e+02 -2.900000000000000000e+01 nan
-1.730000000000000000e+02 -2.800000000000000000e+01 nan
-1.730000000000000000e+02 -2.700000000000000000e+01 nan
-1.730000000000000000e+02 -2.600000000000000000e+01 nan
-1.730000000000000000e+02 -2.500000000000000000e+01 nan
-1.730000000000000000e+02 -2.400000000000000000e+01 nan
-1.730000000000000000e+02 -2.300000000000000000e+01 nan
-1.730000000000000000e+02 -2.200000000000000000e+01 nan
-1.730000000000000000e+02 -2.100000000000000000e+01 nan
-1.730000000000000000e+02 -2.000000000000000000e+01 nan
-1.730000000000000000e+02 -1.900000000000000000e+01 nan
-1.730000000000000000e+02 -1.800000000000000000e+01 nan
-1.730000000000000000e+02 -1.700000000000000000e+01 nan
-1.730000000000000000e+02 -1.600000000000000000e+01 nan
-1.730000000000000000e+02 -1.500000000000000000e+01 nan
-1.730000000000000000e+02 -1.400000000000000000e+01 nan
-1.730000000000000000e+02 -1.300000000000000000e+01 nan
-1.730000000000000000e+02 -1.200000000000000000e+01 nan
-1.730000000000000000e+02 -1.100000000000000000e+01 nan
-1.730000000000000000e+02 -1.000000000000000000e+01 nan
-1.730000000000000000e+02 -9.000000000000000000e+00 nan
-1.730000000000000000e+02 -8.000000000000000000e+00 nan
-1.730000000000000000e+02 -7.000000000000000000e+00 1.327438528941118134e+00
-1.730000000000000000e+02 -6.000000000000000000e+00 1.555464571879153546e+00
-1.730000000000000000e+02 -5.000000000000000000e+00 1.281647987125998922e+00
-1.730000000000000000e+02 -4.000000000000000000e+00 1.270586102999829103e+00
-1.730000000000000000e+02 -3.000000000000000000e+00 1.497349523879297095e+00
-1.730000000000000000e+02 -2.000000000000000000e+00 nan
-1.720000000000000000e+02 -2.900000000000000000e+01 1.628496159960062917e+00
-1.720000000000000000e+02 -2.800000000000000000e+01 1.547220787578751366e+00
-1.720000000000000000e+02 -2.700000000000000000e+01 1.376861365540401838e+00
-1.720000000000000000e+02 -2.600000000000000000e+01 1.450015196742917123e+00
-1.720000000000000000e+02 -2.500000000000000000e+01 1.474026282189619286e+00
-1.720000000000000000e+02 -2.400000000000000000e+01 1.466703135015169135e+00
-1.720000000000000000e+02 -2.300000000000000000e+01 1.645029963987570731e+00
-1.720000000000000000e+02 -2.200000000000000000e+01 1.546374315755759232e+00
-1.720000000000000000e+02 -2.100000000000000000e+01 1.153102165194925810e+00
-1.720000000000000000e+02 -2.000000000000000000e+01 1.029457496938404049e+00
-1.720000000000000000e+02 -1.900000000000000000e+01 1.034935078077029891e+00
-1.720000000000000000e+02 -1.800000000000000000e+01 1.047502075958391510e+00
-1.720000000000000000e+02 -1.700000000000000000e+01 9.287213356338758219e-01
-1.720000000000000000e+02 -1.600000000000000000e+01 9.630994229512487292e-01
-1.720000000000000000e+02 -1.500000000000000000e+01 1.199691727213071157e+00
-1.720000000000000000e+02 -1.400000000000000000e+01 1.222822754332723472e+00
-1.720000000000000000e+02 -1.300000000000000000e+01 1.271180033298838774e+00
-1.720000000000000000e+02 -1.200000000000000000e+01 1.392754332570164122e+00
-1.720000000000000000e+02 -1.100000000000000000e+01 1.463354764298742561e+00
-1.720000000000000000e+02 -1.000000000000000000e+01 1.461010875881700199e+00
-1.720000000000000000e+02 -9.000000000000000000e+00 1.264434968235417012e+00
-1.720000000000000000e+02 -8.000000000000000000e+00 1.302560536969337823e+00
-1.720000000000000000e+02 -7.000000000000000000e+00 1.327095754515876136e+00
-1.720000000000000000e+02 -6.000000000000000000e+00 1.558860981082704988e+00
-1.720000000000000000e+02 -5.000000000000000000e+00 1.295840888933074808e+00
-1.720000000000000000e+02 -4.000000000000000000e+00 1.292834920685334676e+00
-1.720000000000000000e+02 -3.000000000000000000e+00 1.482894709016219670e+00
-1.720000000000000000e+02 -2.000000000000000000e+00 nan
-1.710000000000000000e+02 -2.900000000000000000e+01 1.628496159960062917e+00
-1.710000000000000000e+02 -2.800000000000000000e+01 1.547220787578751366e+00
-1.710000000000000000e+02 -2.700000000000000000e+01 1.376861365540401838e+00
-1.710000000000000000e+02 -2.600000000000000000e+01 1.450015196742917123e+00
-1.710000000000000000e+02 -2.500000000000000000e+01 1.474026282189619286e+00
-1.710000000000000000e+02 -2.400000000000000000e+01 1.466703135015169135e+00
-1.710000000000000000e+02 -2.300000000000000000e+01 1.645029963987570731e+00
-1.710000000000000000e+02 -2.200000000000000000e+01 1.546374315755759232e+00
-1.710000000000000000e+02 -2.100000000000000000e+01 1.153102165194925810e+00
-1.710000000000000000e+02 -2.000000000000000000e+01 1.029457496938404049e+00
-1.710000000000000000e+02 -1.900000000000000000e+01 1.034935078077029891e+00
-1.710000000000000000e+02 -1.800000000000000000e+01 1.047502075958391510e+00
-1.710000000000000000e+02 -1.700000000000000000e+01 9.287213356338758219e-01
-1.710000000000000000e+02 -1.600000000000000000e+01 9.630994229512487292e-01
-1.710000000000000000e+02 -1.500000000000000000e+01 1.199691727213071157e+00
-1.710000000000000000e+02 -1.400000000000000000e+01 1.222822754332723472e+00
-1.710000000000000000e+02 -1.300000000000000000e+01 1.271180033298838774e+00
-1.710000000000000000e+02 -1.200000000000000000e+01 1.392754332570164122e+00
-1.710000000000000000e+02 -1.100000000000000000e+01 1.463354764298742561e+00
-1.710000000000000000e+02 -1.000000000000000000e+01 1.461010875881700199e+00
-1.710000000000000000e+02 -9.000000000000000000e+00 1.264434968235417012e+00
-1.710000000000000000e+02 -8.000000000000000000e+00 1.302838046079023648e+00
-1.710000000000000000e+02 -7.000000000000000000e+00 1.327095754515876136e+00
-1.710000000000000000e+02 -6.000000000000000000e+00 1.559838210064023789e+00
-1.710000000000000000e+02 -5.000000000000000000e+00 1.296533342660124433e+00
-1.710000000000000000e+02 -4.000000000000000000e+00 1.294595159110091487e+00
-1.710000000000000000e+02 -3.000000000000000000e+00 1.228246264320235870e+00
-1.710000000000000000e+02 -2.000000000000000000e+00 nan
