Longitude[deg], Latitude[deg], Dust optical depth
-8.400000000000000000e+01 -1.600000000000000000e+01 nan
-8.400000000000000000e+01 -1.500000000000000000e+01 nan
-8.400000000000000000e+01 -1.400000000000000000e+01 nan
-8.400000000000000000e+01 -1.300000000000000000e+01 nan
-8.400000000000000000e+01 -1.200000000000000000e+01 nan
-8.400000000000000000e+01 -1.100000000000000000e+01 nan
-8.400000000000000000e+01 -1.000000000000000000e+01 nan
-8.400000000000000000e+01 -9.000000000000000000e+00 nan
-8.400000000000000000e+01 -8.000000000000000000e+00 nan
-8.400000000000000000e+01 -7.000000000000000000e+00 nan
-8.400000000000000000e+01 -6.000000000000000000e+00 nan
-8.400000000000000000e+01 -5.000000000000000000e+00 nan
-8.400000000000000000e+01 -4.000000000000000000e+00 3.865454678788355025e+00
-8.400000000000000000e+01 -3.000000000000000000e+00 4.063539560240118753e+00
-8.400000000000000000e+01 -2.000000000000000000e+00 3.974627518767571033e+00
-8.400000000000000000e+01 -1.000000000000000000e+00 3.692090292465496137e+00
-8.400000000000000000e+01 0.000000000000000000e+00 nan
-8.300000000000000000e+01 -1.600000000000000000e+01 4.339937245785565167e+00
-8.300000000000000000e+01 -1.500000000000000000e+01 4.141564178731043100e+00
-8.300000000000000000e+01 -1.400000000000000000e+01 3.798678393699577160e+00
-8.300000000000000000e+01 -1.300000000000000000e+01 3.642530102446381424e+00
-8.300000000000000000e+01 -1.200000000000000000e+01 3.489622290949259575e+00
-8.300000000000000000e+01 -1.100000000000000000e+01 3.447660588650085067e+00
-8.300000000000000000e+01 -1.000000000000000000e+01 3.602998239591289842e+00
-8.300000000000000000e+01 -9.000000000000000000e+00 3.671886163519650914e+00
-8.300000000000000000e+01 -8.000000000000000000e+00 3.268755171509472035e+00
-8.300000000000000000e+01 -7.000000000000000000e+00 3.562239222075525902e+00
-8.300000000000000000e+01 -6.000000000000000000e+00 3.977841310224632387e+00
-8.300000000000000000e+01 -5.000000000000000000e+00 4.044247834083771309e+00
-8.300000000000000000e+01 -4.000000000000000000e+00 3.912512785455541486e+00
-8.300000000000000000e+01 -3.000000000000000000e+00 3.993353238421186724e+00
-8.300000000000000000e+01 -2.000000000000000000e+00 3.902446411524363334e+00
-8.300000000000000000e+01 -1.000000000000000000e+00 3.644572168159274206e+00
-8.300000000000000000e+01 0.000000000000000000e+00 nan
-8.200000000000000000e+01 -1.600000000000000000e+01 4.457252744986883286e+00
-8.200000000000000000e+01 -1.500000000000000000e+01 4.178926352306405967e+00
-8.200000000000000000e+01 -1.400000000000000000e+01 3.823645239805653073e+00
-8.200000000000000000e+01 -1.300000000000000000e+01 3.674569096331183005e+00
-8.200000000000000000e+01 -1.200000000000000000e+01 3.643085900525608434e+00
-8.200000000000000000e+01 -1.100000000000000000e+01 3.542242619042700547e+00
-8.200000000000000000e+01 -1.000000000000000000e+01 3.660698824325386624e+00
-8.200000000000000000e+01 -9.000000000000000000e+00 3.680877930798602815e+00
-8.200000000000000000e+01 -8.000000000000000000e+00 3.264666296903408149e+00
-8.200000000000000000e+01 -7.000000000000000000e+00 3.564456771542289903e+00
-8.200000000000000000e+01 -6.000000000000000000e+00 3.991725400872373264e+00
-8.200000000000000000e+01 -5.000000000000000000e+00 4.065831798111874562e+00
-8.200000000000000000e+01 -4.000000000000000000e+00 3.855892510749139745e+00
-8.200000000000000000e+01 -3.000000000000000000e+00 3.855800563951976567e+00
-8.200000000000000000e+01 -2.000000000000000000e+00 3.699775858650260485e+00
-8.200000000000000000e+01 -1.000000000000000000e+00 3.541712090828969206e+00
-8.200000000000000000e+01 0.000000000000000000e+00 nan
-8.100000000000000000e+01 -1.600000000000000000e+01 4.545183846603918276e+00
-8.100000000000000000e+01 -1.500000000000000000e+01 4.210612427378968903e+00
-8.100000000000000000e+01 -1.400000000000000000e+01 3.840835242761252211e+00
-8.100000000000000000e+01 -1.300000000000000000e+01 3.692655833138461574e+00
-8.100000000000000000e+01 -1.200000000000000000e+01 3.702783354715123210e+00
-8.100000000000000000e+01 -1.100000000000000000e+01 3.653512311135868718e+00
-8.100000000000000000e+01 -1.000000000000000000e+01 3.688868171563989495e+00
-8.100000000000000000e+01 -9.000000000000000000e+00 3.685804143646540076e+00
-8.100000000000000000e+01 -8.000000000000000000e+00 3.260481654320768641e+00
-8.100000000000000000e+01 -7.000000000000000000e+00 3.569685886859906621e+00
-8.100000000000000000e+01 -6.000000000000000000e+00 4.025236959203608578e+00
-8.100000000000000000e+01 -5.000000000000000000e+00 4.069869327093128319e+00
-8.100000000000000000e+01 -4.000000000000000000e+00 3.752135568070882332e+00
-8.100000000000000000e+01 -3.000000000000000000e+00 3.693027720478387010e+00
-8.100000000000000000e+01 -2.000000000000000000e+00 3.517378180458737624e+00
-8.100000000000000000e+01 -1.000000000000000000e+00 3.298013466822898199e+00
-8.100000000000000000e+01 0.000000000000000000e+00 nan
