Longitude[deg], Latitude[deg], Dust optical depth
-2.500000000000000000e+01 1.600000000000000000e+01 nan
-2.500000000000000000e+01 1.700000000000000000e+01 nan
-2.500000000000000000e+01 1.800000000000000000e+01 nan
-2.500000000000000000e+01 1.900000000000000000e+01 nan
-2.500000000000000000e+01 2.000000000000000000e+01 nan
-2.500000000000000000e+01 2.100000000000000000e+01 nan
-2.500000000000000000e+01 2.200000000000000000e+01 nan
-2.500000000000000000e+01 2.300000000000000000e+01 nan
-2.500000000000000000e+01 2.400000000000000000e+01 nan
-2.500000000000000000e+01 2.500000000000000000e+01 nan
-2.500000000000000000e+01 2.600000000000000000e+01 nan
-2.500000000000000000e+01 2.700000000000000000e+01 nan
-2.500000000000000000e+01 2.800000000000000000e+01 nan
-2.500000000000000000e+01 2.900000000000000000e+01 nan
-2.500000000000000000e+01 3.000000000000000000e+01 nan
-2.500000000000000000e+01 3.100000000000000000e+01 nan
-2.500000000000000000e+01 3.200000000000000000e+01 nan
-2.500000000000000000e+01 3.300000000000000000e+01 nan
-2.500000000000000000e+01 3.400000000000000000e+01 nan
-2.500000000000000000e+01 3.500000000000000000e+01 nan
-2.500000000000000000e+01 3.600000000000000000e+01 nan
-2.500000000000000000e+01 3.700000000000000000e+01 nan
-2.500000000000000000e+01 3.800000000000000000e+01 nan
-2.400000000000000000e+01 1.600000000000000000e+01 nan
-2.400000000000000000e+01 1.700000000000000000e+01 nan
-2.400000000000000000e+01 1.800000000000000000e+01 nan
-2.400000000000000000e+01 1.900000000000000000e+01 nan
-2.400000000000000000e+01 2.000000000000000000e+01 nan
-2.400000000000000000e+01 2.100000000000000000e+01 nan
-2.400000000000000000e+01 2.200000000000000000e+01 nan
-2.400000000000000000e+01 2.300000000000000000e+01 nan
-2.400000000000000000e+01 2.400000000000000000e+01 nan
-2.400000000000000000e+01 2.500000000000000000e+01 nan
-2.400000000000000000e+01 2.600000000000000000e+01 nan
-2.400000000000000000e+01 2.700000000000000000e+01 nan
-2.400000000000000000e+01 2.800000000000000000e+01 nan
-2.400000000000000000e+01 2.900000000000000000e+01 2.821202224126194924e+00
-2.400000000000000000e+01 3.000000000000000000e+01 2.736898245936297602e+00
-2.400000000000000000e+01 3.100000000000000000e+01 2.704476778183276142e+00
-2.400000000000000000e+01 3.200000000000000000e+01 nan
-2.400000000000000000e+01 3.300000000000000000e+01 nan
-2.400000000000000000e+01 3.400000000000000000e+01 nan
-2.400000000000000000e+01 3.500000000000000000e+01 nan
-2.400000000000000000e+01 3.600000000000000000e+01 nan
-2.400000000000000000e+01 3.700000000000000000e+01 nan
-2.400000000000000000e+01 3.800000000000000000e+01 nan
-2.300000000000000000e+01 1.600000000000000000e+01 nan
-2.300000000000000000e+01 1.700000000000000000e+01 nan
-2.300000000000000000e+01 1.800000000000000000e+01 nan
-2.300000000000000000e+01 1.900000000000000000e+01 nan
-2.300000000000000000e+01 2.000000000000000000e+01 nan
-2.300000000000000000e+01 2.100000000000000000e+01 nan
-2.300000000000000000e+01 2.200000000000000000e+01 nan
-2.300000000000000000e+01 2.300000000000000000e+01 3.314446652882736100e+00
-2.300000000000000000e+01 2.400000000000000000e+01 3.307681684819982149e+00
-2.300000000000000000e+01 2.500000000000000000e+01 3.190200455490292519e+00
-2.300000000000000000e+01 2.600000000000000000e+01 3.153171623229896969e+00
-2.300000000000000000e+01 2.700000000000000000e+01 3.037918939061092782e+00
-2.300000000000000000e+01 2.800000000000000000e+01 2.841645654797036791e+00
-2.300000000000000000e+01 2.900000000000000000e+01 2.746338556243097084e+00
-2.300000000000000000e+01 3.000000000000000000e+01 2.710162675242564934e+00
-2.300000000000000000e+01 3.100000000000000000e+01 2.715986714192619278e+00
-2.300000000000000000e+01 3.200000000000000000e+01 nan
-2.300000000000000000e+01 3.300000000000000000e+01 nan
-2.300000000000000000e+01 3.400000000000000000e+01 nan
-2.300000000000000000e+01 3.500000000000000000e+01 nan
-2.300000000000000000e+01 3.600000000000000000e+01 nan
-2.300000000000000000e+01 3.700000000000000000e+01 nan
-2.300000000000000000e+01 3.800000000000000000e+01 nan
-2.200000000000000000e+01 1.600000000000000000e+01 nan
-2.200000000000000000e+01 1.700000000000000000e+01 3.759446094605646049e+00
-2.200000000000000000e+01 1.800000000000000000e+01 3.787093175973050396e+00
-2.200000000000000000e+01 1.900000000000000000e+01 3.626363401645719353e+00
-2.200000000000000000e+01 2.000000000000000000e+01 3.254099348733742847e+00
-2.200000000000000000e+01 2.100000000000000000e+01 3.172019120915980483e+00
-2.200000000000000000e+01 2.200000000000000000e+01 3.199615075382625573e+00
-2.200000000000000000e+01 2.300000000000000000e+01 3.301843536185478989e+00
-2.200000000000000000e+01 2.400000000000000000e+01 3.301994648457571291e+00
-2.200000000000000000e+01 2.500000000000000000e+01 3.184610362384831639e+00
-2.200000000000000000e+01 2.600000000000000000e+01 3.107147462565591045e+00
-2.200000000000000000e+01 2.700000000000000000e+01 3.014309346534983725e+00
-2.200000000000000000e+01 2.800000000000000000e+01 2.845789873200359477e+00
-2.200000000000000000e+01 2.900000000000000000e+01 2.723093927034637041e+00
-2.200000000000000000e+01 3.000000000000000000e+01 2.675788289050546886e+00
-2.200000000000000000e+01 3.100000000000000000e+01 2.679063544076622616e+00
-2.200000000000000000e+01 3.200000000000000000e+01 nan
-2.200000000000000000e+01 3.300000000000000000e+01 nan
-2.200000000000000000e+01 3.400000000000000000e+01 nan
-2.200000000000000000e+01 3.500000000000000000e+01 nan
-2.200000000000000000e+01 3.600000000000000000e+01 nan
-2.200000000000000000e+01 3.700000000000000000e+01 nan
-2.200000000000000000e+01 3.800000000000000000e+01 nan
-2.100000000000000000e+01 1.600000000000000000e+01 nan
-2.100000000000000000e+01 1.700000000000000000e+01 3.723141490980647283e+00
-2.100000000000000000e+01 1.800000000000000000e+01 3.746636709761876904e+00
-2.100000000000000000e+01 1.900000000000000000e+01 3.675275509577459854e+00
-2.100000000000000000e+01 2.000000000000000000e+01 3.293328187442626120e+00
-2.100000000000000000e+01 2.100000000000000000e+01 3.150089475096677472e+00
-2.100000000000000000e+01 2.200000000000000000e+01 3.151872015654782366e+00
-2.100000000000000000e+01 2.300000000000000000e+01 3.250066118759673106e+00
-2.100000000000000000e+01 2.400000000000000000e+01 3.282083794534699894e+00
-2.100000000000000000e+01 2.500000000000000000e+01 3.191031116506346077e+00
-2.100000000000000000e+01 2.600000000000000000e+01 3.062299215107133321e+00
-2.100000000000000000e+01 2.700000000000000000e+01 2.963199788958668979e+00
-2.100000000000000000e+01 2.800000000000000000e+01 2.830648054535051639e+00
-2.100000000000000000e+01 2.900000000000000000e+01 2.709540445425616451e+00
-2.100000000000000000e+01 3.000000000000000000e+01 2.654114690484174144e+00
-2.100000000000000000e+01 3.100000000000000000e+01 2.640420182354719092e+00
-2.100000000000000000e+01 3.200000000000000000e+01 nan
-2.100000000000000000e+01 3.300000000000000000e+01 nan
-2.100000000000000000e+01 3.400000000000000000e+01 nan
-2.100000000000000000e+01 3.500000000000000000e+01 nan
-2.100000000000000000e+01 3.600000000000000000e+01 nan
-2.100000000000000000e+01 3.700000000000000000e+01 nan
-2.100000000000000000e+01 3.800000000000000000e+01 nan
-2.000000000000000000e+01 1.600000000000000000e+01 nan
-2.000000000000000000e+01 1.700000000000000000e+01 3.731506030574101906e+00
-2.000000000000000000e+01 1.800000000000000000e+01 3.719862561954794700e+00
-2.000000000000000000e+01 1.900000000000000000e+01 3.616410515769138634e+00
-2.000000000000000000e+01 2.000000000000000000e+01 3.269445721037720354e+00
-2.000000000000000000e+01 2.100000000000000000e+01 3.149018917487039548e+00
-2.000000000000000000e+01 2.200000000000000000e+01 3.131922838503629514e+00
-2.000000000000000000e+01 2.300000000000000000e+01 3.142403262302893019e+00
-2.000000000000000000e+01 2.400000000000000000e+01 3.232917329274200835e+00
-2.000000000000000000e+01 2.500000000000000000e+01 3.211882593628242688e+00
-2.000000000000000000e+01 2.600000000000000000e+01 3.063264113462918825e+00
-2.000000000000000000e+01 2.700000000000000000e+01 2.959579010099093743e+00
-2.000000000000000000e+01 2.800000000000000000e+01 2.834447154108488576e+00
-2.000000000000000000e+01 2.900000000000000000e+01 2.711138598474445160e+00
-2.000000000000000000e+01 3.000000000000000000e+01 2.664824711460394013e+00
-2.000000000000000000e+01 3.100000000000000000e+01 2.651073635353181857e+00
-2.000000000000000000e+01 3.200000000000000000e+01 nan
-2.000000000000000000e+01 3.300000000000000000e+01 nan
-2.000000000000000000e+01 3.400000000000000000e+01 nan
-2.000000000000000000e+01 3.500000000000000000e+01 nan
-2.000000000000000000e+01 3.600000000000000000e+01 nan
-2.000000000000000000e+01 3.700000000000000000e+01 nan
-2.000000000000000000e+01 3.800000000000000000e+01 nan
-1.900000000000000000e+01 1.600000000000000000e+01 nan
-1.900000000000000000e+01 1.700000000000000000e+01 3.751381436646564538e+00
-1.900000000000000000e+01 1.800000000000000000e+01 3.693714138545941328e+00
-1.900000000000000000e+01 1.900000000000000000e+01 3.468425076075524860e+00
-1.900000000000000000e+01 2.000000000000000000e+01 3.281980847849340854e+00
-1.900000000000000000e+01 2.100000000000000000e+01 3.232552525368669105e+00
-1.900000000000000000e+01 2.200000000000000000e+01 3.203333758497931782e+00
-1.900000000000000000e+01 2.300000000000000000e+01 3.144024163195985988e+00
-1.900000000000000000e+01 2.400000000000000000e+01 3.214550389347877069e+00
-1.900000000000000000e+01 2.500000000000000000e+01 3.238424811258691971e+00
-1.900000000000000000e+01 2.600000000000000000e+01 3.102516833332773061e+00
-1.900000000000000000e+01 2.700000000000000000e+01 2.989735625025663257e+00
-1.900000000000000000e+01 2.800000000000000000e+01 2.864019406007443980e+00
-1.900000000000000000e+01 2.900000000000000000e+01 2.723143356311034324e+00
-1.900000000000000000e+01 3.000000000000000000e+01 2.680896211299749421e+00
-1.900000000000000000e+01 3.100000000000000000e+01 2.664382006880781528e+00
-1.900000000000000000e+01 3.200000000000000000e+01 nan
-1.900000000000000000e+01 3.300000000000000000e+01 nan
-1.900000000000000000e+01 3.400000000000000000e+01 nan
-1.900000000000000000e+01 3.500000000000000000e+01 nan
-1.900000000000000000e+01 3.600000000000000000e+01 nan
-1.900000000000000000e+01 3.700000000000000000e+01 nan
-1.900000000000000000e+01 3.800000000000000000e+01 nan
-1.800000000000000000e+01 1.600000000000000000e+01 nan
-1.800000000000000000e+01 1.700000000000000000e+01 3.748452477852826092e+00
-1.800000000000000000e+01 1.800000000000000000e+01 3.669626762980239043e+00
-1.800000000000000000e+01 1.900000000000000000e+01 3.443457308522980487e+00
-1.800000000000000000e+01 2.000000000000000000e+01 3.344275197393935084e+00
-1.800000000000000000e+01 2.100000000000000000e+01 3.338400434670576011e+00
-1.800000000000000000e+01 2.200000000000000000e+01 3.302421914249614510e+00
-1.800000000000000000e+01 2.300000000000000000e+01 3.211051021067264255e+00
-1.800000000000000000e+01 2.400000000000000000e+01 3.234594077719474825e+00
-1.800000000000000000e+01 2.500000000000000000e+01 3.251985135153872886e+00
-1.800000000000000000e+01 2.600000000000000000e+01 3.123528166662321137e+00
-1.800000000000000000e+01 2.700000000000000000e+01 3.002084785102716591e+00
-1.800000000000000000e+01 2.800000000000000000e+01 2.866807836814101673e+00
-1.800000000000000000e+01 2.900000000000000000e+01 2.737683938307463372e+00
-1.800000000000000000e+01 3.000000000000000000e+01 2.683065074137123140e+00
-1.800000000000000000e+01 3.100000000000000000e+01 2.648193036458739602e+00
-1.800000000000000000e+01 3.200000000000000000e+01 nan
-1.800000000000000000e+01 3.300000000000000000e+01 nan
-1.800000000000000000e+01 3.400000000000000000e+01 nan
-1.800000000000000000e+01 3.500000000000000000e+01 nan
-1.800000000000000000e+01 3.600000000000000000e+01 nan
-1.800000000000000000e+01 3.700000000000000000e+01 nan
-1.800000000000000000e+01 3.800000000000000000e+01 nan
