Longitude[deg], Latitude[deg], Dust optical depth
-5.400000000000000000e+01 -4.800000000000000000e+01 3.846204905597376378e+00
-5.400000000000000000e+01 -4.700000000000000000e+01 3.808553622131219729e+00
-5.400000000000000000e+01 -4.600000000000000000e+01 3.710766367099962881e+00
-5.400000000000000000e+01 -4.500000000000000000e+01 3.384475948575252691e+00
-5.400000000000000000e+01 -4.400000000000000000e+01 3.095383131143033317e+00
-5.400000000000000000e+01 -4.300000000000000000e+01 2.829778584601777336e+00
-5.400000000000000000e+01 -4.200000000000000000e+01 2.712864958033567753e+00
-5.400000000000000000e+01 -4.100000000000000000e+01 2.782359153244880368e+00
-5.400000000000000000e+01 -4.000000000000000000e+01 2.644920650566048081e+00
-5.400000000000000000e+01 -3.900000000000000000e+01 2.538502193355099301e+00
-5.400000000000000000e+01 -3.800000000000000000e+01 2.738085380994522477e+00
-5.400000000000000000e+01 -3.700000000000000000e+01 nan
-5.400000000000000000e+01 -3.600000000000000000e+01 nan
-5.400000000000000000e+01 -3.500000000000000000e+01 nan
-5.400000000000000000e+01 -3.400000000000000000e+01 nan
-5.400000000000000000e+01 -3.300000000000000000e+01 nan
-5.400000000000000000e+01 -3.200000000000000000e+01 nan
-5.400000000000000000e+01 -3.100000000000000000e+01 nan
-5.400000000000000000e+01 -3.000000000000000000e+01 nan
-5.400000000000000000e+01 -2.900000000000000000e+01 nan
-5.400000000000000000e+01 -2.800000000000000000e+01 nan
-5.400000000000000000e+01 -2.700000000000000000e+01 nan
-5.400000000000000000e+01 -2.600000000000000000e+01 nan
-5.400000000000000000e+01 -2.500000000000000000e+01 nan
-5.400000000000000000e+01 -2.400000000000000000e+01 nan
-5.400000000000000000e+01 -2.300000000000000000e+01 nan
-5.400000000000000000e+01 -2.200000000000000000e+01 nan
-5.400000000000000000e+01 -2.100000000000000000e+01 nan
-5.300000000000000000e+01 -4.800000000000000000e+01 3.846204905597376378e+00
-5.300000000000000000e+01 -4.700000000000000000e+01 3.808555157966643456e+00
-5.300000000000000000e+01 -4.600000000000000000e+01 3.659348489356090361e+00
-5.300000000000000000e+01 -4.500000000000000000e+01 3.368804364513549920e+00
-5.300000000000000000e+01 -4.400000000000000000e+01 3.097003062426300968e+00
-5.300000000000000000e+01 -4.300000000000000000e+01 2.819254118637865236e+00
-5.300000000000000000e+01 -4.200000000000000000e+01 2.758132002441199937e+00
-5.300000000000000000e+01 -4.100000000000000000e+01 2.797935707853201670e+00
-5.300000000000000000e+01 -4.000000000000000000e+01 2.619855331264676401e+00
-5.300000000000000000e+01 -3.900000000000000000e+01 2.616750274551049582e+00
-5.300000000000000000e+01 -3.800000000000000000e+01 2.715064056941235648e+00
-5.300000000000000000e+01 -3.700000000000000000e+01 2.680060453691814448e+00
-5.300000000000000000e+01 -3.600000000000000000e+01 2.718846338796594431e+00
-5.300000000000000000e+01 -3.500000000000000000e+01 2.921046314289904799e+00
-5.300000000000000000e+01 -3.400000000000000000e+01 2.922745171087686611e+00
-5.300000000000000000e+01 -3.300000000000000000e+01 2.902377083064104912e+00
-5.300000000000000000e+01 -3.200000000000000000e+01 2.941460589871602860e+00
-5.300000000000000000e+01 -3.100000000000000000e+01 3.201263442864571651e+00
-5.300000000000000000e+01 -3.000000000000000000e+01 3.255796153403987869e+00
-5.300000000000000000e+01 -2.900000000000000000e+01 3.237708442690473643e+00
-5.300000000000000000e+01 -2.800000000000000000e+01 3.262577716026763941e+00
-5.300000000000000000e+01 -2.700000000000000000e+01 3.270849164887328797e+00
-5.300000000000000000e+01 -2.600000000000000000e+01 3.223058125988752298e+00
-5.300000000000000000e+01 -2.500000000000000000e+01 3.178883283598755494e+00
-5.300000000000000000e+01 -2.400000000000000000e+01 3.247937043311796668e+00
-5.300000000000000000e+01 -2.300000000000000000e+01 3.233436977372338372e+00
-5.300000000000000000e+01 -2.200000000000000000e+01 3.167573718899379109e+00
-5.300000000000000000e+01 -2.100000000000000000e+01 nan
-5.200000000000000000e+01 -4.800000000000000000e+01 nan
-5.200000000000000000e+01 -4.700000000000000000e+01 3.809846827174816930e+00
-5.200000000000000000e+01 -4.600000000000000000e+01 3.507936272398767041e+00
-5.200000000000000000e+01 -4.500000000000000000e+01 3.342680277305616343e+00
-5.200000000000000000e+01 -4.400000000000000000e+01 3.102763654295003892e+00
-5.200000000000000000e+01 -4.300000000000000000e+01 2.809276719725709359e+00
-5.200000000000000000e+01 -4.200000000000000000e+01 2.778757841491002356e+00
-5.200000000000000000e+01 -4.100000000000000000e+01 2.804168580466797511e+00
-5.200000000000000000e+01 -4.000000000000000000e+01 2.618315955580940546e+00
-5.200000000000000000e+01 -3.900000000000000000e+01 2.628620819521275020e+00
-5.200000000000000000e+01 -3.800000000000000000e+01 2.714810845623930380e+00
-5.200000000000000000e+01 -3.700000000000000000e+01 2.679391668122433678e+00
-5.200000000000000000e+01 -3.600000000000000000e+01 2.718846338796594431e+00
-5.200000000000000000e+01 -3.500000000000000000e+01 2.921046314289904799e+00
-5.200000000000000000e+01 -3.400000000000000000e+01 2.922745171087686611e+00
-5.200000000000000000e+01 -3.300000000000000000e+01 2.902377083064104912e+00
-5.200000000000000000e+01 -3.200000000000000000e+01 2.941460589871602860e+00
-5.200000000000000000e+01 -3.100000000000000000e+01 3.201263442864571651e+00
-5.200000000000000000e+01 -3.000000000000000000e+01 3.255796153403987869e+00
-5.200000000000000000e+01 -2.900000000000000000e+01 3.237708442690473643e+00
-5.200000000000000000e+01 -2.800000000000000000e+01 3.262577716026763941e+00
-5.200000000000000000e+01 -2.700000000000000000e+01 3.270849164887328797e+00
-5.200000000000000000e+01 -2.600000000000000000e+01 3.223058125988752298e+00
-5.200000000000000000e+01 -2.500000000000000000e+01 3.178883283598755494e+00
-5.200000000000000000e+01 -2.400000000000000000e+01 3.247087866659622346e+00
-5.200000000000000000e+01 -2.300000000000000000e+01 3.233174819521560828e+00
-5.200000000000000000e+01 -2.200000000000000000e+01 3.165801955006374069e+00
-5.200000000000000000e+01 -2.100000000000000000e+01 nan
