Longitude[deg], Latitude[deg], Dust optical depth
-1.450000000000000000e+02 1.100000000000000000e+01 nan
-1.450000000000000000e+02 1.200000000000000000e+01 nan
-1.450000000000000000e+02 1.300000000000000000e+01 nan
-1.450000000000000000e+02 1.400000000000000000e+01 nan
-1.450000000000000000e+02 1.500000000000000000e+01 nan
-1.450000000000000000e+02 1.600000000000000000e+01 nan
-1.450000000000000000e+02 1.700000000000000000e+01 nan
-1.450000000000000000e+02 1.800000000000000000e+01 nan
-1.450000000000000000e+02 1.900000000000000000e+01 nan
-1.450000000000000000e+02 2.000000000000000000e+01 nan
-1.450000000000000000e+02 2.100000000000000000e+01 nan
-1.450000000000000000e+02 2.200000000000000000e+01 nan
-1.450000000000000000e+02 2.300000000000000000e+01 nan
-1.450000000000000000e+02 2.400000000000000000e+01 nan
-1.450000000000000000e+02 2.500000000000000000e+01 nan
-1.450000000000000000e+02 2.600000000000000000e+01 nan
-1.450000000000000000e+02 2.700000000000000000e+01 nan
-1.450000000000000000e+02 2.800000000000000000e+01 nan
-1.450000000000000000e+02 2.900000000000000000e+01 6.530521811087702799e-01
-1.450000000000000000e+02 3.000000000000000000e+01 6.534136590609297413e-01
-1.450000000000000000e+02 3.100000000000000000e+01 6.733272616526096987e-01
-1.440000000000000000e+02 1.100000000000000000e+01 nan
-1.440000000000000000e+02 1.200000000000000000e+01 nan
-1.440000000000000000e+02 1.300000000000000000e+01 nan
-1.440000000000000000e+02 1.400000000000000000e+01 nan
-1.440000000000000000e+02 1.500000000000000000e+01 nan
-1.440000000000000000e+02 1.600000000000000000e+01 nan
-1.440000000000000000e+02 1.700000000000000000e+01 nan
-1.440000000000000000e+02 1.800000000000000000e+01 nan
-1.440000000000000000e+02 1.900000000000000000e+01 nan
-1.440000000000000000e+02 2.000000000000000000e+01 9.983805988195932901e-01
-1.440000000000000000e+02 2.100000000000000000e+01 9.363807840354644307e-01
-1.440000000000000000e+02 2.200000000000000000e+01 8.756113971674734930e-01
-1.440000000000000000e+02 2.300000000000000000e+01 8.348534098083347788e-01
-1.440000000000000000e+02 2.400000000000000000e+01 8.118919686456670393e-01
-1.440000000000000000e+02 2.500000000000000000e+01 8.418773888123430860e-01
-1.440000000000000000e+02 2.600000000000000000e+01 8.251455386219733734e-01
-1.440000000000000000e+02 2.700000000000000000e+01 8.211121412686195331e-01
-1.440000000000000000e+02 2.800000000000000000e+01 8.103927072785550578e-01
-1.440000000000000000e+02 2.900000000000000000e+01 7.207434365501566020e-01
-1.440000000000000000e+02 3.000000000000000000e+01 6.561964337315792095e-01
-1.440000000000000000e+02 3.100000000000000000e+01 6.508858753263099262e-01
-1.430000000000000000e+02 1.100000000000000000e+01 1.361665037657648458e+00
-1.430000000000000000e+02 1.200000000000000000e+01 1.404960230284886258e+00
-1.430000000000000000e+02 1.300000000000000000e+01 1.342933185173859956e+00
-1.430000000000000000e+02 1.400000000000000000e+01 1.295450439569234335e+00
-1.430000000000000000e+02 1.500000000000000000e+01 1.294345210151603309e+00
-1.430000000000000000e+02 1.600000000000000000e+01 1.255688088640392275e+00
-1.430000000000000000e+02 1.700000000000000000e+01 1.131325081997255122e+00
-1.430000000000000000e+02 1.800000000000000000e+01 1.056191147427874233e+00
-1.430000000000000000e+02 1.900000000000000000e+01 1.020436193691864002e+00
-1.430000000000000000e+02 2.000000000000000000e+01 9.469594575751550947e-01
-1.430000000000000000e+02 2.100000000000000000e+01 9.180863266350507423e-01
-1.430000000000000000e+02 2.200000000000000000e+01 8.607848952269784304e-01
-1.430000000000000000e+02 2.300000000000000000e+01 8.209939682063346345e-01
-1.430000000000000000e+02 2.400000000000000000e+01 7.931310510072826503e-01
-1.430000000000000000e+02 2.500000000000000000e+01 8.217065134381991154e-01
-1.430000000000000000e+02 2.600000000000000000e+01 8.282103664592760373e-01
-1.430000000000000000e+02 2.700000000000000000e+01 8.044728152929264686e-01
-1.430000000000000000e+02 2.800000000000000000e+01 8.003407535983364518e-01
-1.430000000000000000e+02 2.900000000000000000e+01 7.099224583554082368e-01
-1.430000000000000000e+02 3.000000000000000000e+01 6.467923331241413054e-01
-1.430000000000000000e+02 3.100000000000000000e+01 6.482949801458692818e-01
-1.420000000000000000e+02 1.100000000000000000e+01 1.346591258248836187e+00
-1.420000000000000000e+02 1.200000000000000000e+01 1.341884901538577646e+00
-1.420000000000000000e+02 1.300000000000000000e+01 1.307279575978594455e+00
-1.420000000000000000e+02 1.400000000000000000e+01 1.273795300980243184e+00
-1.420000000000000000e+02 1.500000000000000000e+01 1.271711858809753348e+00
-1.420000000000000000e+02 1.600000000000000000e+01 1.234787725395289693e+00
-1.420000000000000000e+02 1.700000000000000000e+01 1.096129078398021095e+00
-1.420000000000000000e+02 1.800000000000000000e+01 9.994993100248920070e-01
-1.420000000000000000e+02 1.900000000000000000e+01 9.524673856876828548e-01
-1.420000000000000000e+02 2.000000000000000000e+01 8.908017842075796056e-01
-1.420000000000000000e+02 2.100000000000000000e+01 8.708805323403784326e-01
-1.420000000000000000e+02 2.200000000000000000e+01 8.312804313083539398e-01
-1.420000000000000000e+02 2.300000000000000000e+01 8.129861589507947350e-01
-1.420000000000000000e+02 2.400000000000000000e+01 7.676087522075274450e-01
-1.420000000000000000e+02 2.500000000000000000e+01 7.744358382273144326e-01
-1.420000000000000000e+02 2.600000000000000000e+01 8.232315649815147296e-01
-1.420000000000000000e+02 2.700000000000000000e+01 7.948055741353950987e-01
-1.420000000000000000e+02 2.800000000000000000e+01 7.878277805492693853e-01
-1.420000000000000000e+02 2.900000000000000000e+01 6.848029869484900667e-01
-1.420000000000000000e+02 3.000000000000000000e+01 6.374183024000907860e-01
-1.420000000000000000e+02 3.100000000000000000e+01 6.476801139884977854e-01
-1.410000000000000000e+02 1.100000000000000000e+01 1.343260798846281245e+00
-1.410000000000000000e+02 1.200000000000000000e+01 1.338450001408524770e+00
-1.410000000000000000e+02 1.300000000000000000e+01 1.293784265383604914e+00
-1.410000000000000000e+02 1.400000000000000000e+01 1.260238419427574641e+00
-1.410000000000000000e+02 1.500000000000000000e+01 1.260725021715260352e+00
-1.410000000000000000e+02 1.600000000000000000e+01 1.226134188125860724e+00
-1.410000000000000000e+02 1.700000000000000000e+01 1.088106963776672709e+00
-1.410000000000000000e+02 1.800000000000000000e+01 9.820826634431156776e-01
-1.410000000000000000e+02 1.900000000000000000e+01 8.981862599516362566e-01
-1.410000000000000000e+02 2.000000000000000000e+01 8.615566518063539903e-01
-1.410000000000000000e+02 2.100000000000000000e+01 8.535155435015463476e-01
-1.410000000000000000e+02 2.200000000000000000e+01 8.112225288972986226e-01
-1.410000000000000000e+02 2.300000000000000000e+01 8.137609107616509130e-01
-1.410000000000000000e+02 2.400000000000000000e+01 7.609929551110151680e-01
-1.410000000000000000e+02 2.500000000000000000e+01 7.676137194758098081e-01
-1.410000000000000000e+02 2.600000000000000000e+01 8.016827097544049208e-01
-1.410000000000000000e+02 2.700000000000000000e+01 7.911259603961778852e-01
-1.410000000000000000e+02 2.800000000000000000e+01 7.846034492323599174e-01
-1.410000000000000000e+02 2.900000000000000000e+01 6.847688415308524901e-01
-1.410000000000000000e+02 3.000000000000000000e+01 6.421812965986515298e-01
-1.410000000000000000e+02 3.100000000000000000e+01 6.430626105331304077e-01
-1.400000000000000000e+02 1.100000000000000000e+01 1.351198688074408905e+00
-1.400000000000000000e+02 1.200000000000000000e+01 1.351752751046835677e+00
-1.400000000000000000e+02 1.300000000000000000e+01 1.309642684116814504e+00
-1.400000000000000000e+02 1.400000000000000000e+01 1.254450306016910321e+00
-1.400000000000000000e+02 1.500000000000000000e+01 1.261617976812622999e+00
-1.400000000000000000e+02 1.600000000000000000e+01 1.232681286401355214e+00
-1.400000000000000000e+02 1.700000000000000000e+01 1.148628417619818709e+00
-1.400000000000000000e+02 1.800000000000000000e+01 1.036091817606834775e+00
-1.400000000000000000e+02 1.900000000000000000e+01 9.094531199071814731e-01
-1.400000000000000000e+02 2.000000000000000000e+01 8.701503775785244255e-01
-1.400000000000000000e+02 2.100000000000000000e+01 8.635715706507738343e-01
-1.400000000000000000e+02 2.200000000000000000e+01 8.362038009197509947e-01
-1.400000000000000000e+02 2.300000000000000000e+01 8.337099868897315247e-01
-1.400000000000000000e+02 2.400000000000000000e+01 7.644706610853673201e-01
-1.400000000000000000e+02 2.500000000000000000e+01 7.660062891696216569e-01
-1.400000000000000000e+02 2.600000000000000000e+01 7.758421451348369580e-01
-1.400000000000000000e+02 2.700000000000000000e+01 7.818582954504674776e-01
-1.400000000000000000e+02 2.800000000000000000e+01 7.694228752147092010e-01
-1.400000000000000000e+02 2.900000000000000000e+01 6.913030289257320327e-01
-1.400000000000000000e+02 3.000000000000000000e+01 6.775252286616481046e-01
-1.400000000000000000e+02 3.100000000000000000e+01 nan
