Longitude[deg], Latitude[deg], Dust optical depth
1.800000000000000000e+01 3.300000000000000000e+01 nan
1.800000000000000000e+01 3.400000000000000000e+01 nan
1.800000000000000000e+01 3.500000000000000000e+01 nan
1.800000000000000000e+01 3.600000000000000000e+01 nan
1.800000000000000000e+01 3.700000000000000000e+01 nan
1.800000000000000000e+01 3.800000000000000000e+01 nan
1.800000000000000000e+01 3.900000000000000000e+01 nan
1.800000000000000000e+01 4.000000000000000000e+01 nan
1.800000000000000000e+01 4.100000000000000000e+01 nan
1.800000000000000000e+01 4.200000000000000000e+01 nan
1.800000000000000000e+01 4.300000000000000000e+01 nan
1.800000000000000000e+01 4.400000000000000000e+01 nan
1.800000000000000000e+01 4.500000000000000000e+01 nan
1.800000000000000000e+01 4.600000000000000000e+01 nan
1.800000000000000000e+01 4.700000000000000000e+01 nan
1.800000000000000000e+01 4.800000000000000000e+01 nan
1.800000000000000000e+01 4.900000000000000000e+01 nan
1.900000000000000000e+01 3.300000000000000000e+01 nan
1.900000000000000000e+01 3.400000000000000000e+01 nan
1.900000000000000000e+01 3.500000000000000000e+01 nan
1.900000000000000000e+01 3.600000000000000000e+01 nan
1.900000000000000000e+01 3.700000000000000000e+01 nan
1.900000000000000000e+01 3.800000000000000000e+01 nan
1.900000000000000000e+01 3.900000000000000000e+01 nan
1.900000000000000000e+01 4.000000000000000000e+01 nan
1.900000000000000000e+01 4.100000000000000000e+01 nan
1.900000000000000000e+01 4.200000000000000000e+01 nan
1.900000000000000000e+01 4.300000000000000000e+01 nan
1.900000000000000000e+01 4.400000000000000000e+01 nan
1.900000000000000000e+01 4.500000000000000000e+01 nan
1.900000000000000000e+01 4.600000000000000000e+01 nan
1.900000000000000000e+01 4.700000000000000000e+01 nan
1.900000000000000000e+01 4.800000000000000000e+01 nan
1.900000000000000000e+01 4.900000000000000000e+01 nan
2.000000000000000000e+01 3.300000000000000000e+01 nan
2.000000000000000000e+01 3.400000000000000000e+01 nan
2.000000000000000000e+01 3.500000000000000000e+01 nan
2.000000000000000000e+01 3.600000000000000000e+01 nan
2.000000000000000000e+01 3.700000000000000000e+01 nan
2.000000000000000000e+01 3.800000000000000000e+01 nan
2.000000000000000000e+01 3.900000000000000000e+01 4.135737183406207884e-01
2.000000000000000000e+01 4.000000000000000000e+01 3.646379631377115182e-01
2.000000000000000000e+01 4.100000000000000000e+01 3.140445635638111632e-01
2.000000000000000000e+01 4.200000000000000000e+01 2.635486844085045410e-01
2.000000000000000000e+01 4.300000000000000000e+01 2.210559234980775667e-01
2.000000000000000000e+01 4.400000000000000000e+01 1.893793136953415557e-01
2.000000000000000000e+01 4.500000000000000000e+01 1.861420672547829114e-01
2.000000000000000000e+01 4.600000000000000000e+01 2.278365497493266278e-01
2.000000000000000000e+01 4.700000000000000000e+01 nan
2.000000000000000000e+01 4.800000000000000000e+01 nan
2.000000000000000000e+01 4.900000000000000000e+01 nan
2.100000000000000000e+01 3.300000000000000000e+01 nan
2.100000000000000000e+01 3.400000000000000000e+01 8.920954381772716602e-01
2.100000000000000000e+01 3.500000000000000000e+01 9.055366369069364207e-01
2.100000000000000000e+01 3.600000000000000000e+01 8.211008939132175000e-01
2.100000000000000000e+01 3.700000000000000000e+01 7.808713532225372012e-01
2.100000000000000000e+01 3.800000000000000000e+01 7.640386186095963206e-01
2.100000000000000000e+01 3.900000000000000000e+01 5.615786413367410690e-01
2.100000000000000000e+01 4.000000000000000000e+01 3.245451539996123125e-01
2.100000000000000000e+01 4.100000000000000000e+01 2.968616389554981083e-01
2.100000000000000000e+01 4.200000000000000000e+01 2.746512943209415414e-01
2.100000000000000000e+01 4.300000000000000000e+01 2.311194522505947702e-01
2.100000000000000000e+01 4.400000000000000000e+01 2.049136165856018377e-01
2.100000000000000000e+01 4.500000000000000000e+01 2.049136165856018377e-01
2.100000000000000000e+01 4.600000000000000000e+01 2.526367720613961754e-01
2.100000000000000000e+01 4.700000000000000000e+01 nan
2.100000000000000000e+01 4.800000000000000000e+01 nan
2.100000000000000000e+01 4.900000000000000000e+01 nan
2.200000000000000000e+01 3.300000000000000000e+01 nan
2.200000000000000000e+01 3.400000000000000000e+01 8.648902846061998773e-01
2.200000000000000000e+01 3.500000000000000000e+01 8.883663113283127855e-01
2.200000000000000000e+01 3.600000000000000000e+01 8.367113668578508578e-01
2.200000000000000000e+01 3.700000000000000000e+01 7.703726368806637081e-01
2.200000000000000000e+01 3.800000000000000000e+01 7.392374085276874895e-01
2.200000000000000000e+01 3.900000000000000000e+01 4.617506752262379721e-01
2.200000000000000000e+01 4.000000000000000000e+01 2.827904193376461484e-01
2.200000000000000000e+01 4.100000000000000000e+01 2.713574364430915153e-01
2.200000000000000000e+01 4.200000000000000000e+01 2.823197099577233748e-01
2.200000000000000000e+01 4.300000000000000000e+01 2.683961423559873549e-01
2.200000000000000000e+01 4.400000000000000000e+01 2.339446177078287059e-01
2.200000000000000000e+01 4.500000000000000000e+01 2.140671147607601521e-01
2.200000000000000000e+01 4.600000000000000000e+01 2.392828926875827933e-01
2.200000000000000000e+01 4.700000000000000000e+01 nan
2.200000000000000000e+01 4.800000000000000000e+01 nan
2.200000000000000000e+01 4.900000000000000000e+01 nan
2.300000000000000000e+01 3.300000000000000000e+01 nan
2.300000000000000000e+01 3.400000000000000000e+01 8.596332411127191042e-01
2.300000000000000000e+01 3.500000000000000000e+01 8.817746489285376299e-01
2.300000000000000000e+01 3.600000000000000000e+01 8.402632755413538268e-01
2.300000000000000000e+01 3.700000000000000000e+01 7.065511609089596412e-01
2.300000000000000000e+01 3.800000000000000000e+01 5.509268636699722332e-01
2.300000000000000000e+01 3.900000000000000000e+01 3.041334179803423243e-01
2.300000000000000000e+01 4.000000000000000000e+01 2.597046259363915421e-01
2.300000000000000000e+01 4.100000000000000000e+01 2.432776374096992378e-01
2.300000000000000000e+01 4.200000000000000000e+01 2.536182454589387403e-01
2.300000000000000000e+01 4.300000000000000000e+01 2.809377431408795478e-01
2.300000000000000000e+01 4.400000000000000000e+01 2.616243469097156993e-01
2.300000000000000000e+01 4.500000000000000000e+01 2.107764423505674722e-01
2.300000000000000000e+01 4.600000000000000000e+01 2.069784835067897955e-01
2.300000000000000000e+01 4.700000000000000000e+01 nan
2.300000000000000000e+01 4.800000000000000000e+01 nan
2.300000000000000000e+01 4.900000000000000000e+01 nan
2.400000000000000000e+01 3.300000000000000000e+01 nan
2.400000000000000000e+01 3.400000000000000000e+01 8.489606672478128280e-01
2.400000000000000000e+01 3.500000000000000000e+01 8.723300212332095738e-01
2.400000000000000000e+01 3.600000000000000000e+01 8.314334826123845890e-01
2.400000000000000000e+01 3.700000000000000000e+01 6.284559831182666700e-01
2.400000000000000000e+01 3.800000000000000000e+01 4.239257938642427836e-01
2.400000000000000000e+01 3.900000000000000000e+01 2.905527180269393828e-01
2.400000000000000000e+01 4.000000000000000000e+01 2.552324402802372827e-01
2.400000000000000000e+01 4.100000000000000000e+01 2.261718286910359144e-01
2.400000000000000000e+01 4.200000000000000000e+01 2.276901170059923707e-01
2.400000000000000000e+01 4.300000000000000000e+01 2.518311874816803186e-01
2.400000000000000000e+01 4.400000000000000000e+01 2.479000395740983687e-01
2.400000000000000000e+01 4.500000000000000000e+01 2.079220909280927732e-01
2.400000000000000000e+01 4.600000000000000000e+01 2.009596801968936697e-01
2.400000000000000000e+01 4.700000000000000000e+01 nan
2.400000000000000000e+01 4.800000000000000000e+01 nan
2.400000000000000000e+01 4.900000000000000000e+01 nan
2.500000000000000000e+01 3.300000000000000000e+01 nan
2.500000000000000000e+01 3.400000000000000000e+01 8.241401308218558874e-01
2.500000000000000000e+01 3.500000000000000000e+01 8.645397510789581963e-01
2.500000000000000000e+01 3.600000000000000000e+01 8.265965591447071992e-01
2.500000000000000000e+01 3.700000000000000000e+01 6.451007280560477897e-01
2.500000000000000000e+01 3.800000000000000000e+01 4.656526636073101688e-01
2.500000000000000000e+01 3.900000000000000000e+01 3.203736021467470385e-01
2.500000000000000000e+01 4.000000000000000000e+01 2.481118498005337181e-01
2.500000000000000000e+01 4.100000000000000000e+01 2.192111638776888527e-01
2.500000000000000000e+01 4.200000000000000000e+01 2.282647299048249923e-01
2.500000000000000000e+01 4.300000000000000000e+01 2.395325440438993425e-01
2.500000000000000000e+01 4.400000000000000000e+01 2.382493966340220870e-01
2.500000000000000000e+01 4.500000000000000000e+01 2.067697170142716867e-01
2.500000000000000000e+01 4.600000000000000000e+01 1.989809972684610240e-01
2.500000000000000000e+01 4.700000000000000000e+01 nan
2.500000000000000000e+01 4.800000000000000000e+01 nan
2.500000000000000000e+01 4.900000000000000000e+01 nan
2.600000000000000000e+01 3.300000000000000000e+01 nan
2.600000000000000000e+01 3.400000000000000000e+01 nan
2.600000000000000000e+01 3.500000000000000000e+01 nan
2.600000000000000000e+01 3.600000000000000000e+01 nan
2.600000000000000000e+01 3.700000000000000000e+01 nan
2.600000000000000000e+01 3.800000000000000000e+01 nan
2.600000000000000000e+01 3.900000000000000000e+01 nan
2.600000000000000000e+01 4.000000000000000000e+01 nan
2.600000000000000000e+01 4.100000000000000000e+01 nan
2.600000000000000000e+01 4.200000000000000000e+01 nan
2.600000000000000000e+01 4.300000000000000000e+01 nan
2.600000000000000000e+01 4.400000000000000000e+01 nan
2.600000000000000000e+01 4.500000000000000000e+01 nan
2.600000000000000000e+01 4.600000000000000000e+01 nan
2.600000000000000000e+01 4.700000000000000000e+01 nan
2.600000000000000000e+01 4.800000000000000000e+01 nan
2.600000000000000000e+01 4.900000000000000000e+01 nan
