Longitude[deg], Latitude[deg], Dust optical depth
1.090000000000000000e+02 -2.200000000000000000e+01 nan
1.090000000000000000e+02 -2.100000000000000000e+01 nan
1.090000000000000000e+02 -2.000000000000000000e+01 nan
1.090000000000000000e+02 -1.900000000000000000e+01 nan
1.090000000000000000e+02 -1.800000000000000000e+01 nan
1.090000000000000000e+02 -1.700000000000000000e+01 nan
1.090000000000000000e+02 -1.600000000000000000e+01 nan
1.090000000000000000e+02 -1.500000000000000000e+01 nan
1.090000000000000000e+02 -1.400000000000000000e+01 3.338326776196285373e+00
1.090000000000000000e+02 -1.300000000000000000e+01 3.236101891544864273e+00
1.090000000000000000e+02 -1.200000000000000000e+01 3.184068746478870615e+00
1.090000000000000000e+02 -1.100000000000000000e+01 3.100495744396932540e+00
1.090000000000000000e+02 -1.000000000000000000e+01 3.064708909165339445e+00
1.090000000000000000e+02 -9.000000000000000000e+00 2.938883017903048955e+00
1.090000000000000000e+02 -8.000000000000000000e+00 2.882640616395914179e+00
1.090000000000000000e+02 -7.000000000000000000e+00 2.931841980977009765e+00
1.090000000000000000e+02 -6.000000000000000000e+00 nan
1.100000000000000000e+02 -2.200000000000000000e+01 4.210199572780370936e+00
1.100000000000000000e+02 -2.100000000000000000e+01 4.127698725301074845e+00
1.100000000000000000e+02 -2.000000000000000000e+01 3.928463081968907478e+00
1.100000000000000000e+02 -1.900000000000000000e+01 3.716641048901637934e+00
1.100000000000000000e+02 -1.800000000000000000e+01 3.570428095088131748e+00
1.100000000000000000e+02 -1.700000000000000000e+01 3.408504470295234512e+00
1.100000000000000000e+02 -1.600000000000000000e+01 3.335191906352397151e+00
1.100000000000000000e+02 -1.500000000000000000e+01 3.269819083226437328e+00
1.100000000000000000e+02 -1.400000000000000000e+01 3.334842559683313556e+00
1.100000000000000000e+02 -1.300000000000000000e+01 3.283766596673717952e+00
1.100000000000000000e+02 -1.200000000000000000e+01 3.185493776995133253e+00
1.100000000000000000e+02 -1.100000000000000000e+01 3.081326162143343872e+00
1.100000000000000000e+02 -1.000000000000000000e+01 3.085535996418503846e+00
1.100000000000000000e+02 -9.000000000000000000e+00 2.976822849207569455e+00
1.100000000000000000e+02 -8.000000000000000000e+00 2.938883017903048955e+00
1.100000000000000000e+02 -7.000000000000000000e+00 2.985447377768930100e+00
1.100000000000000000e+02 -6.000000000000000000e+00 nan
1.110000000000000000e+02 -2.200000000000000000e+01 4.187772818782964812e+00
1.110000000000000000e+02 -2.100000000000000000e+01 4.098546425662201287e+00
1.110000000000000000e+02 -2.000000000000000000e+01 3.908859927676703538e+00
1.110000000000000000e+02 -1.900000000000000000e+01 3.706355366601829626e+00
1.110000000000000000e+02 -1.800000000000000000e+01 3.563709775881471309e+00
1.110000000000000000e+02 -1.700000000000000000e+01 3.399267083275819612e+00
1.110000000000000000e+02 -1.600000000000000000e+01 3.327134081255353593e+00
1.110000000000000000e+02 -1.500000000000000000e+01 3.298644267416962705e+00
1.110000000000000000e+02 -1.400000000000000000e+01 3.349948748630843021e+00
1.110000000000000000e+02 -1.300000000000000000e+01 3.309341378869314454e+00
1.110000000000000000e+02 -1.200000000000000000e+01 3.197488344148122774e+00
1.110000000000000000e+02 -1.100000000000000000e+01 3.091637799972314582e+00
1.110000000000000000e+02 -1.000000000000000000e+01 3.093345781008397744e+00
1.110000000000000000e+02 -9.000000000000000000e+00 2.983863888313027957e+00
1.110000000000000000e+02 -8.000000000000000000e+00 2.953411830072216304e+00
1.110000000000000000e+02 -7.000000000000000000e+00 3.039133880966816026e+00
1.110000000000000000e+02 -6.000000000000000000e+00 nan
1.120000000000000000e+02 -2.200000000000000000e+01 4.147653174650570485e+00
1.120000000000000000e+02 -2.100000000000000000e+01 4.048596282905316812e+00
1.120000000000000000e+02 -2.000000000000000000e+01 3.853206206190662009e+00
1.120000000000000000e+02 -1.900000000000000000e+01 3.678805079162890568e+00
1.120000000000000000e+02 -1.800000000000000000e+01 3.546554857251006165e+00
1.120000000000000000e+02 -1.700000000000000000e+01 3.370210124520402584e+00
1.120000000000000000e+02 -1.600000000000000000e+01 3.305822743875540759e+00
1.120000000000000000e+02 -1.500000000000000000e+01 3.366989885031639762e+00
1.120000000000000000e+02 -1.400000000000000000e+01 3.375805032092316527e+00
1.120000000000000000e+02 -1.300000000000000000e+01 3.359535882759777436e+00
1.120000000000000000e+02 -1.200000000000000000e+01 3.216731477404516593e+00
1.120000000000000000e+02 -1.100000000000000000e+01 3.182880910300516231e+00
1.120000000000000000e+02 -1.000000000000000000e+01 3.104878298329987185e+00
1.120000000000000000e+02 -9.000000000000000000e+00 2.958780641316668625e+00
1.120000000000000000e+02 -8.000000000000000000e+00 2.981583180725071447e+00
1.120000000000000000e+02 -7.000000000000000000e+00 3.097598345378609785e+00
1.120000000000000000e+02 -6.000000000000000000e+00 nan
