Longitude[deg], Latitude[deg], Dust optical depth
-8.500000000000000000e+01 2.700000000000000000e+01 nan
-8.500000000000000000e+01 2.800000000000000000e+01 nan
-8.500000000000000000e+01 2.900000000000000000e+01 nan
-8.500000000000000000e+01 3.000000000000000000e+01 nan
-8.500000000000000000e+01 3.100000000000000000e+01 nan
-8.500000000000000000e+01 3.200000000000000000e+01 nan
-8.500000000000000000e+01 3.300000000000000000e+01 nan
-8.500000000000000000e+01 3.400000000000000000e+01 nan
-8.500000000000000000e+01 3.500000000000000000e+01 nan
-8.500000000000000000e+01 3.600000000000000000e+01 nan
-8.500000000000000000e+01 3.700000000000000000e+01 nan
-8.500000000000000000e+01 3.800000000000000000e+01 nan
-8.500000000000000000e+01 3.900000000000000000e+01 nan
-8.500000000000000000e+01 4.000000000000000000e+01 nan
-8.500000000000000000e+01 4.100000000000000000e+01 nan
-8.500000000000000000e+01 4.200000000000000000e+01 nan
-8.500000000000000000e+01 4.300000000000000000e+01 8.710761021721993291e-01
-8.500000000000000000e+01 4.400000000000000000e+01 6.642169154772343820e-01
-8.500000000000000000e+01 4.500000000000000000e+01 5.346236138922981773e-01
-8.500000000000000000e+01 4.600000000000000000e+01 4.563620751695722788e-01
-8.400000000000000000e+01 2.700000000000000000e+01 nan
-8.400000000000000000e+01 2.800000000000000000e+01 nan
-8.400000000000000000e+01 2.900000000000000000e+01 nan
-8.400000000000000000e+01 3.000000000000000000e+01 nan
-8.400000000000000000e+01 3.100000000000000000e+01 nan
-8.400000000000000000e+01 3.200000000000000000e+01 nan
-8.400000000000000000e+01 3.300000000000000000e+01 nan
-8.400000000000000000e+01 3.400000000000000000e+01 nan
-8.400000000000000000e+01 3.500000000000000000e+01 nan
-8.400000000000000000e+01 3.600000000000000000e+01 nan
-8.400000000000000000e+01 3.700000000000000000e+01 nan
-8.400000000000000000e+01 3.800000000000000000e+01 6.428375888443194075e-01
-8.400000000000000000e+01 3.900000000000000000e+01 6.417431566936413478e-01
-8.400000000000000000e+01 4.000000000000000000e+01 7.099672421400616829e-01
-8.400000000000000000e+01 4.100000000000000000e+01 8.296304783449400810e-01
-8.400000000000000000e+01 4.200000000000000000e+01 9.206012985086114986e-01
-8.400000000000000000e+01 4.300000000000000000e+01 8.479287392526693168e-01
-8.400000000000000000e+01 4.400000000000000000e+01 6.485357932320752194e-01
-8.400000000000000000e+01 4.500000000000000000e+01 5.545805023958189084e-01
-8.400000000000000000e+01 4.600000000000000000e+01 4.707840595614565804e-01
-8.300000000000000000e+01 2.700000000000000000e+01 nan
-8.300000000000000000e+01 2.800000000000000000e+01 nan
-8.300000000000000000e+01 2.900000000000000000e+01 nan
-8.300000000000000000e+01 3.000000000000000000e+01 nan
-8.300000000000000000e+01 3.100000000000000000e+01 nan
-8.300000000000000000e+01 3.200000000000000000e+01 6.544763748285052918e-01
-8.300000000000000000e+01 3.300000000000000000e+01 5.671376155024524524e-01
-8.300000000000000000e+01 3.400000000000000000e+01 5.370141097025040722e-01
-8.300000000000000000e+01 3.500000000000000000e+01 6.082760079411961840e-01
-8.300000000000000000e+01 3.600000000000000000e+01 6.326779419952052175e-01
-8.300000000000000000e+01 3.700000000000000000e+01 6.413333875891640279e-01
-8.300000000000000000e+01 3.800000000000000000e+01 6.485695483303195452e-01
-8.300000000000000000e+01 3.900000000000000000e+01 6.362201064925439020e-01
-8.300000000000000000e+01 4.000000000000000000e+01 6.997564715062625229e-01
-8.300000000000000000e+01 4.100000000000000000e+01 8.296304783449400810e-01
-8.300000000000000000e+01 4.200000000000000000e+01 9.251300250767888755e-01
-8.300000000000000000e+01 4.300000000000000000e+01 8.760209572196060446e-01
-8.300000000000000000e+01 4.400000000000000000e+01 6.498504649949613521e-01
-8.300000000000000000e+01 4.500000000000000000e+01 5.393451472031984828e-01
-8.300000000000000000e+01 4.600000000000000000e+01 4.928718448314757250e-01
-8.200000000000000000e+01 2.700000000000000000e+01 5.738148800113049841e-01
-8.200000000000000000e+01 2.800000000000000000e+01 5.989031923517109668e-01
-8.200000000000000000e+01 2.900000000000000000e+01 5.976031284973438718e-01
-8.200000000000000000e+01 3.000000000000000000e+01 5.712504404193823326e-01
-8.200000000000000000e+01 3.100000000000000000e+01 5.709386420680384600e-01
-8.200000000000000000e+01 3.200000000000000000e+01 6.109311678343409824e-01
-8.200000000000000000e+01 3.300000000000000000e+01 6.012324871382481728e-01
-8.200000000000000000e+01 3.400000000000000000e+01 5.683423018763570367e-01
-8.200000000000000000e+01 3.500000000000000000e+01 6.299604185034497483e-01
-8.200000000000000000e+01 3.600000000000000000e+01 6.353967834677978210e-01
-8.200000000000000000e+01 3.700000000000000000e+01 6.389546731643537258e-01
-8.200000000000000000e+01 3.800000000000000000e+01 6.549245319628121953e-01
-8.200000000000000000e+01 3.900000000000000000e+01 6.458955067863969557e-01
-8.200000000000000000e+01 4.000000000000000000e+01 6.961766967929067240e-01
-8.200000000000000000e+01 4.100000000000000000e+01 8.171742931298691115e-01
-8.200000000000000000e+01 4.200000000000000000e+01 9.002664244081846068e-01
-8.200000000000000000e+01 4.300000000000000000e+01 8.469301962620944257e-01
-8.200000000000000000e+01 4.400000000000000000e+01 6.596708873528553951e-01
-8.200000000000000000e+01 4.500000000000000000e+01 5.211093199196527026e-01
-8.200000000000000000e+01 4.600000000000000000e+01 4.747989955693505126e-01
-8.100000000000000000e+01 2.700000000000000000e+01 5.884717845697685634e-01
-8.100000000000000000e+01 2.800000000000000000e+01 5.873308800948694453e-01
-8.100000000000000000e+01 2.900000000000000000e+01 5.661616236157008819e-01
-8.100000000000000000e+01 3.000000000000000000e+01 5.559654822614710223e-01
-8.100000000000000000e+01 3.100000000000000000e+01 5.881565749233126361e-01
-8.100000000000000000e+01 3.200000000000000000e+01 6.370179684440545609e-01
-8.100000000000000000e+01 3.300000000000000000e+01 6.433284282603052295e-01
-8.100000000000000000e+01 3.400000000000000000e+01 6.102775389158484609e-01
-8.100000000000000000e+01 3.500000000000000000e+01 6.362074781074928964e-01
-8.100000000000000000e+01 3.600000000000000000e+01 6.325639951541255357e-01
-8.100000000000000000e+01 3.700000000000000000e+01 6.327305528791173916e-01
-8.100000000000000000e+01 3.800000000000000000e+01 6.573736566460748332e-01
-8.100000000000000000e+01 3.900000000000000000e+01 6.588991987505141701e-01
-8.100000000000000000e+01 4.000000000000000000e+01 6.959639051948155464e-01
-8.100000000000000000e+01 4.100000000000000000e+01 8.047964480837392909e-01
-8.100000000000000000e+01 4.200000000000000000e+01 8.751210562291397155e-01
-8.100000000000000000e+01 4.300000000000000000e+01 7.880254458478854751e-01
-8.100000000000000000e+01 4.400000000000000000e+01 6.499603435092518033e-01
-8.100000000000000000e+01 4.500000000000000000e+01 5.304430703027862570e-01
-8.100000000000000000e+01 4.600000000000000000e+01 4.533957193109450778e-01
-8.000000000000000000e+01 2.700000000000000000e+01 5.796605712265965327e-01
-8.000000000000000000e+01 2.800000000000000000e+01 5.715752913342359021e-01
-8.000000000000000000e+01 2.900000000000000000e+01 5.406004794738888952e-01
-8.000000000000000000e+01 3.000000000000000000e+01 5.524948904451625342e-01
-8.000000000000000000e+01 3.100000000000000000e+01 6.514174352629585885e-01
-8.000000000000000000e+01 3.200000000000000000e+01 7.172058916548168517e-01
-8.000000000000000000e+01 3.300000000000000000e+01 6.839793589587612743e-01
-8.000000000000000000e+01 3.400000000000000000e+01 6.352941140548725718e-01
-8.000000000000000000e+01 3.500000000000000000e+01 6.340194933548379819e-01
-8.000000000000000000e+01 3.600000000000000000e+01 6.217664897318933015e-01
-8.000000000000000000e+01 3.700000000000000000e+01 6.286353433535500912e-01
-8.000000000000000000e+01 3.800000000000000000e+01 6.557490375134712446e-01
-8.000000000000000000e+01 3.900000000000000000e+01 6.599068459995788283e-01
-8.000000000000000000e+01 4.000000000000000000e+01 6.797793702740576594e-01
-8.000000000000000000e+01 4.100000000000000000e+01 7.916309380496089343e-01
-8.000000000000000000e+01 4.200000000000000000e+01 8.511689183478992060e-01
-8.000000000000000000e+01 4.300000000000000000e+01 7.643492399844525886e-01
-8.000000000000000000e+01 4.400000000000000000e+01 6.220241238768732250e-01
-8.000000000000000000e+01 4.500000000000000000e+01 5.035698785324776994e-01
-8.000000000000000000e+01 4.600000000000000000e+01 4.528363235794378161e-01
-7.900000000000000000e+01 2.700000000000000000e+01 6.138755610141523045e-01
-7.900000000000000000e+01 2.800000000000000000e+01 5.794013292490394207e-01
-7.900000000000000000e+01 2.900000000000000000e+01 5.601046988600283383e-01
-7.900000000000000000e+01 3.000000000000000000e+01 6.061025376007087573e-01
-7.900000000000000000e+01 3.100000000000000000e+01 7.484900271327532550e-01
-7.900000000000000000e+01 3.200000000000000000e+01 7.947694692403963757e-01
-7.900000000000000000e+01 3.300000000000000000e+01 7.041916701575801074e-01
-7.900000000000000000e+01 3.400000000000000000e+01 6.296779883804121125e-01
-7.900000000000000000e+01 3.500000000000000000e+01 6.300900199040881944e-01
-7.900000000000000000e+01 3.600000000000000000e+01 6.212306551154931356e-01
-7.900000000000000000e+01 3.700000000000000000e+01 6.259245992523002622e-01
-7.900000000000000000e+01 3.800000000000000000e+01 6.471530109494091354e-01
-7.900000000000000000e+01 3.900000000000000000e+01 6.530211250856197136e-01
-7.900000000000000000e+01 4.000000000000000000e+01 6.619938303450005890e-01
-7.900000000000000000e+01 4.100000000000000000e+01 7.726696880482354368e-01
-7.900000000000000000e+01 4.200000000000000000e+01 8.388159732395621404e-01
-7.900000000000000000e+01 4.300000000000000000e+01 7.423699372682105446e-01
-7.900000000000000000e+01 4.400000000000000000e+01 5.979943209289174666e-01
-7.900000000000000000e+01 4.500000000000000000e+01 4.834051386452021815e-01
-7.900000000000000000e+01 4.600000000000000000e+01 4.461455645056762176e-01
-7.800000000000000000e+01 2.700000000000000000e+01 6.510941876791538352e-01
-7.800000000000000000e+01 2.800000000000000000e+01 6.191214462401155583e-01
-7.800000000000000000e+01 2.900000000000000000e+01 5.953719074184281590e-01
-7.800000000000000000e+01 3.000000000000000000e+01 6.576348708554060618e-01
-7.800000000000000000e+01 3.100000000000000000e+01 8.066072791192042679e-01
-7.800000000000000000e+01 3.200000000000000000e+01 8.321299317349232227e-01
-7.800000000000000000e+01 3.300000000000000000e+01 7.118002209248355250e-01
-7.800000000000000000e+01 3.400000000000000000e+01 6.260798666754494590e-01
-7.800000000000000000e+01 3.500000000000000000e+01 6.353885946735569057e-01
-7.800000000000000000e+01 3.600000000000000000e+01 6.211482648013115782e-01
-7.800000000000000000e+01 3.700000000000000000e+01 6.234423068889505259e-01
-7.800000000000000000e+01 3.800000000000000000e+01 6.376757183190856493e-01
-7.800000000000000000e+01 3.900000000000000000e+01 6.401157782309643274e-01
-7.800000000000000000e+01 4.000000000000000000e+01 6.585504704093472217e-01
-7.800000000000000000e+01 4.100000000000000000e+01 7.610996384657978675e-01
-7.800000000000000000e+01 4.200000000000000000e+01 8.312593751324940383e-01
-7.800000000000000000e+01 4.300000000000000000e+01 7.301643683699160503e-01
-7.800000000000000000e+01 4.400000000000000000e+01 6.082544920341819150e-01
-7.800000000000000000e+01 4.500000000000000000e+01 4.868314294280669530e-01
-7.800000000000000000e+01 4.600000000000000000e+01 nan
