Longitude[deg], Latitude[deg], Dust optical depth
7.100000000000000000e+01 -1.500000000000000000e+01 nan
7.100000000000000000e+01 -1.400000000000000000e+01 nan
7.100000000000000000e+01 -1.300000000000000000e+01 nan
7.100000000000000000e+01 -1.200000000000000000e+01 nan
7.100000000000000000e+01 -1.100000000000000000e+01 nan
7.100000000000000000e+01 -1.000000000000000000e+01 nan
7.100000000000000000e+01 -9.000000000000000000e+00 nan
7.100000000000000000e+01 -8.000000000000000000e+00 nan
7.100000000000000000e+01 -7.000000000000000000e+00 nan
7.100000000000000000e+01 -6.000000000000000000e+00 nan
7.100000000000000000e+01 -5.000000000000000000e+00 nan
7.100000000000000000e+01 -4.000000000000000000e+00 nan
7.100000000000000000e+01 -3.000000000000000000e+00 nan
7.100000000000000000e+01 -2.000000000000000000e+00 nan
7.100000000000000000e+01 -1.000000000000000000e+00 6.983720568470715762e+00
7.100000000000000000e+01 0.000000000000000000e+00 6.809118226548863895e+00
7.100000000000000000e+01 1.000000000000000000e+00 6.668837719551847343e+00
7.100000000000000000e+01 2.000000000000000000e+00 6.484823066347546572e+00
7.100000000000000000e+01 3.000000000000000000e+00 6.391671740467794294e+00
7.100000000000000000e+01 4.000000000000000000e+00 6.275191676174666888e+00
7.100000000000000000e+01 5.000000000000000000e+00 6.182905866366728453e+00
7.100000000000000000e+01 6.000000000000000000e+00 nan
7.200000000000000000e+01 -1.500000000000000000e+01 nan
7.200000000000000000e+01 -1.400000000000000000e+01 7.868676419303621827e+00
7.200000000000000000e+01 -1.300000000000000000e+01 7.834377646892563440e+00
7.200000000000000000e+01 -1.200000000000000000e+01 7.789585625952932801e+00
7.200000000000000000e+01 -1.100000000000000000e+01 7.658958369867063354e+00
7.200000000000000000e+01 -1.000000000000000000e+01 7.581171635677246279e+00
7.200000000000000000e+01 -9.000000000000000000e+00 7.543082499196992252e+00
7.200000000000000000e+01 -8.000000000000000000e+00 7.384480225177044055e+00
7.200000000000000000e+01 -7.000000000000000000e+00 7.278370838478677385e+00
7.200000000000000000e+01 -6.000000000000000000e+00 7.336608493178382595e+00
7.200000000000000000e+01 -5.000000000000000000e+00 7.493044296356652367e+00
7.200000000000000000e+01 -4.000000000000000000e+00 7.308058773192064983e+00
7.200000000000000000e+01 -3.000000000000000000e+00 7.216950793576011769e+00
7.200000000000000000e+01 -2.000000000000000000e+00 7.263781390420780859e+00
7.200000000000000000e+01 -1.000000000000000000e+00 7.043160544647791177e+00
7.200000000000000000e+01 0.000000000000000000e+00 6.808727840504920970e+00
7.200000000000000000e+01 1.000000000000000000e+00 6.636107173595489961e+00
7.200000000000000000e+01 2.000000000000000000e+00 6.470942748489065366e+00
7.200000000000000000e+01 3.000000000000000000e+00 6.412469476777141963e+00
7.200000000000000000e+01 4.000000000000000000e+00 6.371574228132844020e+00
7.200000000000000000e+01 5.000000000000000000e+00 6.268319382981539789e+00
7.200000000000000000e+01 6.000000000000000000e+00 6.153083120068476575e+00
7.300000000000000000e+01 -1.500000000000000000e+01 7.854942573692695440e+00
7.300000000000000000e+01 -1.400000000000000000e+01 7.854942573692695440e+00
7.300000000000000000e+01 -1.300000000000000000e+01 7.751792954585739359e+00
7.300000000000000000e+01 -1.200000000000000000e+01 7.658735803001445852e+00
7.300000000000000000e+01 -1.100000000000000000e+01 7.633011134037518630e+00
7.300000000000000000e+01 -1.000000000000000000e+01 7.555643443418847305e+00
7.300000000000000000e+01 -9.000000000000000000e+00 7.405085790273240320e+00
7.300000000000000000e+01 -8.000000000000000000e+00 7.264912810246292985e+00
7.300000000000000000e+01 -7.000000000000000000e+00 7.262315025562619653e+00
7.300000000000000000e+01 -6.000000000000000000e+00 7.342703536385933205e+00
7.300000000000000000e+01 -5.000000000000000000e+00 7.431929435616453361e+00
7.300000000000000000e+01 -4.000000000000000000e+00 7.238505945671813713e+00
7.300000000000000000e+01 -3.000000000000000000e+00 7.158310604915614661e+00
7.300000000000000000e+01 -2.000000000000000000e+00 7.235281612986776523e+00
7.300000000000000000e+01 -1.000000000000000000e+00 7.088631614473801967e+00
7.300000000000000000e+01 0.000000000000000000e+00 6.866058067585041336e+00
7.300000000000000000e+01 1.000000000000000000e+00 6.660060581043403261e+00
7.300000000000000000e+01 2.000000000000000000e+00 6.481800521365253864e+00
7.300000000000000000e+01 3.000000000000000000e+00 6.441543076539645973e+00
7.300000000000000000e+01 4.000000000000000000e+00 6.418768901019578088e+00
7.300000000000000000e+01 5.000000000000000000e+00 6.361768817624319006e+00
7.300000000000000000e+01 6.000000000000000000e+00 6.215819783633055096e+00
7.400000000000000000e+01 -1.500000000000000000e+01 7.729524001800007760e+00
7.400000000000000000e+01 -1.400000000000000000e+01 7.730735377052649682e+00
7.400000000000000000e+01 -1.300000000000000000e+01 7.666014701493890193e+00
7.400000000000000000e+01 -1.200000000000000000e+01 7.593344221583022247e+00
7.400000000000000000e+01 -1.100000000000000000e+01 7.598928296332989163e+00
7.400000000000000000e+01 -1.000000000000000000e+01 7.486868488751762030e+00
7.400000000000000000e+01 -9.000000000000000000e+00 7.340672016371216912e+00
7.400000000000000000e+01 -8.000000000000000000e+00 7.227329228989199272e+00
7.400000000000000000e+01 -7.000000000000000000e+00 7.230770977690789358e+00
7.400000000000000000e+01 -6.000000000000000000e+00 7.327219218021553182e+00
7.400000000000000000e+01 -5.000000000000000000e+00 7.385506269300143423e+00
7.400000000000000000e+01 -4.000000000000000000e+00 7.172692416882249233e+00
7.400000000000000000e+01 -3.000000000000000000e+00 7.094375744993632438e+00
7.400000000000000000e+01 -2.000000000000000000e+00 7.180279040433716453e+00
7.400000000000000000e+01 -1.000000000000000000e+00 7.109838005924267179e+00
7.400000000000000000e+01 0.000000000000000000e+00 6.927664126900905828e+00
7.400000000000000000e+01 1.000000000000000000e+00 6.728594678815698060e+00
7.400000000000000000e+01 2.000000000000000000e+00 6.500148158133191245e+00
7.400000000000000000e+01 3.000000000000000000e+00 6.463280234277323899e+00
7.400000000000000000e+01 4.000000000000000000e+00 6.431999134249729799e+00
7.400000000000000000e+01 5.000000000000000000e+00 6.389400305429830951e+00
7.400000000000000000e+01 6.000000000000000000e+00 6.298876555191212034e+00
7.500000000000000000e+01 -1.500000000000000000e+01 7.574524788896723315e+00
7.500000000000000000e+01 -1.400000000000000000e+01 7.596854454284316382e+00
7.500000000000000000e+01 -1.300000000000000000e+01 7.556444183682461180e+00
7.500000000000000000e+01 -1.200000000000000000e+01 7.552601777751469569e+00
7.500000000000000000e+01 -1.100000000000000000e+01 7.549736048289982016e+00
7.500000000000000000e+01 -1.000000000000000000e+01 7.412130968921792018e+00
7.500000000000000000e+01 -9.000000000000000000e+00 7.269441353011673712e+00
7.500000000000000000e+01 -8.000000000000000000e+00 7.201666124718279605e+00
7.500000000000000000e+01 -7.000000000000000000e+00 7.206432281383198912e+00
7.500000000000000000e+01 -6.000000000000000000e+00 7.291891300587347580e+00
7.500000000000000000e+01 -5.000000000000000000e+00 7.359776167676949754e+00
7.500000000000000000e+01 -4.000000000000000000e+00 7.131888018151451014e+00
7.500000000000000000e+01 -3.000000000000000000e+00 7.064127069318238306e+00
7.500000000000000000e+01 -2.000000000000000000e+00 7.139834604242275340e+00
7.500000000000000000e+01 -1.000000000000000000e+00 7.101971273379056981e+00
7.500000000000000000e+01 0.000000000000000000e+00 6.985041869936395642e+00
7.500000000000000000e+01 1.000000000000000000e+00 6.853921924680557609e+00
7.500000000000000000e+01 2.000000000000000000e+00 6.626478386429119460e+00
7.500000000000000000e+01 3.000000000000000000e+00 6.450181324338957189e+00
7.500000000000000000e+01 4.000000000000000000e+00 6.431385793466426470e+00
7.500000000000000000e+01 5.000000000000000000e+00 6.360383090179529297e+00
7.500000000000000000e+01 6.000000000000000000e+00 nan
