Longitude[deg], Latitude[deg], Dust optical depth
8.300000000000000000e+01 -9.000000000000000000e+00 nan
8.300000000000000000e+01 -8.000000000000000000e+00 8.362606557843758059e-01
8.300000000000000000e+01 -7.000000000000000000e+00 7.749799888220069155e-01
8.300000000000000000e+01 -6.000000000000000000e+00 7.959271650121905184e-01
8.300000000000000000e+01 -5.000000000000000000e+00 9.615020283110193855e-01
8.300000000000000000e+01 -4.000000000000000000e+00 1.005765972300717737e+00
8.300000000000000000e+01 -3.000000000000000000e+00 9.702072477776482184e-01
8.300000000000000000e+01 -2.000000000000000000e+00 1.017462143515629691e+00
8.300000000000000000e+01 -1.000000000000000000e+00 1.031534145863346019e+00
8.300000000000000000e+01 0.000000000000000000e+00 1.031286598204115723e+00
8.300000000000000000e+01 1.000000000000000000e+00 1.185395727136550503e+00
8.300000000000000000e+01 2.000000000000000000e+00 1.247891560899176966e+00
8.300000000000000000e+01 3.000000000000000000e+00 1.467816433567544987e+00
8.300000000000000000e+01 4.000000000000000000e+00 1.685684256955461091e+00
8.300000000000000000e+01 5.000000000000000000e+00 1.719247846125170121e+00
8.300000000000000000e+01 6.000000000000000000e+00 1.744470729863335512e+00
8.400000000000000000e+01 -9.000000000000000000e+00 9.284051217211375384e-01
8.400000000000000000e+01 -8.000000000000000000e+00 8.514019109910593297e-01
8.400000000000000000e+01 -7.000000000000000000e+00 7.594684933250700487e-01
8.400000000000000000e+01 -6.000000000000000000e+00 7.786866849663296453e-01
8.400000000000000000e+01 -5.000000000000000000e+00 9.071974091432919440e-01
8.400000000000000000e+01 -4.000000000000000000e+00 1.014560239016265131e+00
8.400000000000000000e+01 -3.000000000000000000e+00 1.024222849184934336e+00
8.400000000000000000e+01 -2.000000000000000000e+00 1.048984691612087516e+00
8.400000000000000000e+01 -1.000000000000000000e+00 1.050212444111237708e+00
8.400000000000000000e+01 0.000000000000000000e+00 1.048433214320412921e+00
8.400000000000000000e+01 1.000000000000000000e+00 1.147899903993287118e+00
8.400000000000000000e+01 2.000000000000000000e+00 1.250238520630683858e+00
8.400000000000000000e+01 3.000000000000000000e+00 1.499589192613572486e+00
8.400000000000000000e+01 4.000000000000000000e+00 1.687356002046706660e+00
8.400000000000000000e+01 5.000000000000000000e+00 1.720967357191470981e+00
8.400000000000000000e+01 6.000000000000000000e+00 1.751737792415867467e+00
8.500000000000000000e+01 -9.000000000000000000e+00 8.995938352403679561e-01
8.500000000000000000e+01 -8.000000000000000000e+00 8.523477220968993517e-01
8.500000000000000000e+01 -7.000000000000000000e+00 7.619678750456789773e-01
8.500000000000000000e+01 -6.000000000000000000e+00 7.780246475966706710e-01
8.500000000000000000e+01 -5.000000000000000000e+00 9.111353779046035273e-01
8.500000000000000000e+01 -4.000000000000000000e+00 1.030185171187790294e+00
8.500000000000000000e+01 -3.000000000000000000e+00 1.044781207170382809e+00
8.500000000000000000e+01 -2.000000000000000000e+00 1.063075378711107799e+00
8.500000000000000000e+01 -1.000000000000000000e+00 1.065169596210024272e+00
8.500000000000000000e+01 0.000000000000000000e+00 1.059576574160302265e+00
8.500000000000000000e+01 1.000000000000000000e+00 1.128141826193976627e+00
8.500000000000000000e+01 2.000000000000000000e+00 1.250925790558148121e+00
8.500000000000000000e+01 3.000000000000000000e+00 1.511529313547799624e+00
8.500000000000000000e+01 4.000000000000000000e+00 1.691201182321247831e+00
8.500000000000000000e+01 5.000000000000000000e+00 1.723478207835266840e+00
8.500000000000000000e+01 6.000000000000000000e+00 1.754654742613806828e+00
8.600000000000000000e+01 -9.000000000000000000e+00 8.582372264453039801e-01
8.600000000000000000e+01 -8.000000000000000000e+00 8.501680141587617534e-01
8.600000000000000000e+01 -7.000000000000000000e+00 7.978559178013224784e-01
8.600000000000000000e+01 -6.000000000000000000e+00 7.731226568267116628e-01
8.600000000000000000e+01 -5.000000000000000000e+00 1.067257227550533649e+00
8.600000000000000000e+01 -4.000000000000000000e+00 1.176809058484631132e+00
8.600000000000000000e+01 -3.000000000000000000e+00 1.085558442434950921e+00
8.600000000000000000e+01 -2.000000000000000000e+00 1.129915833669119518e+00
8.600000000000000000e+01 -1.000000000000000000e+00 1.174405735150862995e+00
8.600000000000000000e+01 0.000000000000000000e+00 1.119541442787336472e+00
8.600000000000000000e+01 1.000000000000000000e+00 nan
8.600000000000000000e+01 2.000000000000000000e+00 nan
8.600000000000000000e+01 3.000000000000000000e+00 nan
8.600000000000000000e+01 4.000000000000000000e+00 nan
8.600000000000000000e+01 5.000000000000000000e+00 nan
8.600000000000000000e+01 6.000000000000000000e+00 nan
