Longitude[deg], Latitude[deg], Dust optical depth
-1.430000000000000000e+02 -4.000000000000000000e+00 nan
-1.430000000000000000e+02 -3.000000000000000000e+00 nan
-1.430000000000000000e+02 -2.000000000000000000e+00 nan
-1.430000000000000000e+02 -1.000000000000000000e+00 nan
-1.430000000000000000e+02 0.000000000000000000e+00 nan
-1.430000000000000000e+02 1.000000000000000000e+00 nan
-1.430000000000000000e+02 2.000000000000000000e+00 nan
-1.430000000000000000e+02 3.000000000000000000e+00 nan
-1.430000000000000000e+02 4.000000000000000000e+00 nan
-1.430000000000000000e+02 5.000000000000000000e+00 nan
-1.430000000000000000e+02 6.000000000000000000e+00 1.329095654459010012e+00
-1.430000000000000000e+02 7.000000000000000000e+00 1.376881575953333492e+00
-1.430000000000000000e+02 8.000000000000000000e+00 1.292532944835137032e+00
-1.430000000000000000e+02 9.000000000000000000e+00 1.275713695438918549e+00
-1.430000000000000000e+02 1.000000000000000000e+01 1.296827518064013640e+00
-1.430000000000000000e+02 1.100000000000000000e+01 1.297832573248196564e+00
-1.420000000000000000e+02 -4.000000000000000000e+00 8.864616533584063207e-01
-1.420000000000000000e+02 -3.000000000000000000e+00 9.616050533650032373e-01
-1.420000000000000000e+02 -2.000000000000000000e+00 1.171930301664678264e+00
-1.420000000000000000e+02 -1.000000000000000000e+00 1.182283202634376362e+00
-1.420000000000000000e+02 0.000000000000000000e+00 1.125910303798150380e+00
-1.420000000000000000e+02 1.000000000000000000e+00 1.301721598431989424e+00
-1.420000000000000000e+02 2.000000000000000000e+00 1.240995358892366340e+00
-1.420000000000000000e+02 3.000000000000000000e+00 1.271503487939093846e+00
-1.420000000000000000e+02 4.000000000000000000e+00 1.281117955268239239e+00
-1.420000000000000000e+02 5.000000000000000000e+00 1.222275024078719685e+00
-1.420000000000000000e+02 6.000000000000000000e+00 1.164553837328083041e+00
-1.420000000000000000e+02 7.000000000000000000e+00 1.221791587276719326e+00
-1.420000000000000000e+02 8.000000000000000000e+00 1.294221964604109765e+00
-1.420000000000000000e+02 9.000000000000000000e+00 1.310157682648666277e+00
-1.420000000000000000e+02 1.000000000000000000e+01 1.336820198353926514e+00
-1.420000000000000000e+02 1.100000000000000000e+01 1.340337637466288090e+00
-1.410000000000000000e+02 -4.000000000000000000e+00 8.820624497713749346e-01
-1.410000000000000000e+02 -3.000000000000000000e+00 9.501360451508898963e-01
-1.410000000000000000e+02 -2.000000000000000000e+00 1.158837713781422751e+00
-1.410000000000000000e+02 -1.000000000000000000e+00 1.173897799868952374e+00
-1.410000000000000000e+02 0.000000000000000000e+00 1.114915267331461735e+00
-1.410000000000000000e+02 1.000000000000000000e+00 1.304728294782452780e+00
-1.410000000000000000e+02 2.000000000000000000e+00 1.259871996575998354e+00
-1.410000000000000000e+02 3.000000000000000000e+00 1.274011673106200337e+00
-1.410000000000000000e+02 4.000000000000000000e+00 1.288916323236485972e+00
-1.410000000000000000e+02 5.000000000000000000e+00 1.224226097120530987e+00
-1.410000000000000000e+02 6.000000000000000000e+00 1.163027134617779623e+00
-1.410000000000000000e+02 7.000000000000000000e+00 1.201911379918247924e+00
-1.410000000000000000e+02 8.000000000000000000e+00 1.297308847183588520e+00
-1.410000000000000000e+02 9.000000000000000000e+00 1.310744784678512742e+00
-1.410000000000000000e+02 1.000000000000000000e+01 1.338613672525763798e+00
-1.410000000000000000e+02 1.100000000000000000e+01 1.367615197458359688e+00
-1.400000000000000000e+02 -4.000000000000000000e+00 8.794029467671909961e-01
-1.400000000000000000e+02 -3.000000000000000000e+00 9.362839503233875149e-01
-1.400000000000000000e+02 -2.000000000000000000e+00 1.123867119808122705e+00
-1.400000000000000000e+02 -1.000000000000000000e+00 1.147206881141204171e+00
-1.400000000000000000e+02 0.000000000000000000e+00 1.107576408699171067e+00
-1.400000000000000000e+02 1.000000000000000000e+00 1.308110259191262337e+00
-1.400000000000000000e+02 2.000000000000000000e+00 1.286269144505657325e+00
-1.400000000000000000e+02 3.000000000000000000e+00 1.310457448779456247e+00
-1.400000000000000000e+02 4.000000000000000000e+00 1.309365652812888303e+00
-1.400000000000000000e+02 5.000000000000000000e+00 1.225308534678537065e+00
-1.400000000000000000e+02 6.000000000000000000e+00 1.162438331465207142e+00
-1.400000000000000000e+02 7.000000000000000000e+00 1.201911379918247924e+00
-1.400000000000000000e+02 8.000000000000000000e+00 1.306399262425254282e+00
-1.400000000000000000e+02 9.000000000000000000e+00 1.299437902805817835e+00
-1.400000000000000000e+02 1.000000000000000000e+01 1.320577354060813891e+00
-1.400000000000000000e+02 1.100000000000000000e+01 nan
