Longitude[deg], Latitude[deg], Dust optical depth
-7.600000000000000000e+01 -3.200000000000000000e+01 7.451146480394792437e-01
-7.600000000000000000e+01 -3.100000000000000000e+01 8.406437673062815419e-01
-7.600000000000000000e+01 -3.000000000000000000e+01 9.060308107346090045e-01
-7.600000000000000000e+01 -2.900000000000000000e+01 9.917316871176892201e-01
-7.600000000000000000e+01 -2.800000000000000000e+01 1.351506893467581794e+00
-7.600000000000000000e+01 -2.700000000000000000e+01 1.272763520128959769e+00
-7.600000000000000000e+01 -2.600000000000000000e+01 1.250574169821104364e+00
-7.600000000000000000e+01 -2.500000000000000000e+01 1.243657443569366139e+00
-7.600000000000000000e+01 -2.400000000000000000e+01 1.185029036739296160e+00
-7.600000000000000000e+01 -2.300000000000000000e+01 1.195916713856283398e+00
-7.600000000000000000e+01 -2.200000000000000000e+01 1.155479943183860048e+00
-7.600000000000000000e+01 -2.100000000000000000e+01 1.063485026524238819e+00
-7.600000000000000000e+01 -2.000000000000000000e+01 8.020028636717472237e-01
-7.600000000000000000e+01 -1.900000000000000000e+01 7.690020198697440357e-01
-7.600000000000000000e+01 -1.800000000000000000e+01 7.522589635550304132e-01
-7.600000000000000000e+01 -1.700000000000000000e+01 8.061127392281607351e-01
-7.600000000000000000e+01 -1.600000000000000000e+01 7.543252940379933102e-01
-7.600000000000000000e+01 -1.500000000000000000e+01 6.260330176854572715e-01
-7.600000000000000000e+01 -1.400000000000000000e+01 6.340137722060525949e-01
-7.600000000000000000e+01 -1.300000000000000000e+01 6.579590442745530954e-01
-7.600000000000000000e+01 -1.200000000000000000e+01 6.973224106106364895e-01
-7.600000000000000000e+01 -1.100000000000000000e+01 5.458306691835662638e-01
-7.600000000000000000e+01 -1.000000000000000000e+01 7.864253707902922885e-01
-7.600000000000000000e+01 -9.000000000000000000e+00 9.897272167684393329e-01
-7.600000000000000000e+01 -8.000000000000000000e+00 9.560991073796942796e-01
-7.600000000000000000e+01 -7.000000000000000000e+00 1.030334423198037808e+00
-7.600000000000000000e+01 -6.000000000000000000e+00 1.190978911728028278e+00
-7.600000000000000000e+01 -5.000000000000000000e+00 nan
-7.500000000000000000e+01 -3.200000000000000000e+01 7.379028687840895051e-01
-7.500000000000000000e+01 -3.100000000000000000e+01 8.358933849203900035e-01
-7.500000000000000000e+01 -3.000000000000000000e+01 8.971906361759345305e-01
-7.500000000000000000e+01 -2.900000000000000000e+01 9.789071296637705810e-01
-7.500000000000000000e+01 -2.800000000000000000e+01 1.341856318330465703e+00
-7.500000000000000000e+01 -2.700000000000000000e+01 1.263260825306132595e+00
-7.500000000000000000e+01 -2.600000000000000000e+01 1.245892200555014373e+00
-7.500000000000000000e+01 -2.500000000000000000e+01 1.281285387179646351e+00
-7.500000000000000000e+01 -2.400000000000000000e+01 1.197833304288262735e+00
-7.500000000000000000e+01 -2.300000000000000000e+01 1.197422822925577890e+00
-7.500000000000000000e+01 -2.200000000000000000e+01 1.153153209961736314e+00
-7.500000000000000000e+01 -2.100000000000000000e+01 1.063872318253807681e+00
-7.500000000000000000e+01 -2.000000000000000000e+01 8.026037895990327797e-01
-7.500000000000000000e+01 -1.900000000000000000e+01 7.694817056963320079e-01
-7.500000000000000000e+01 -1.800000000000000000e+01 7.527700954613203432e-01
-7.500000000000000000e+01 -1.700000000000000000e+01 8.065132126476610708e-01
-7.500000000000000000e+01 -1.600000000000000000e+01 7.541696729648829089e-01
-7.500000000000000000e+01 -1.500000000000000000e+01 6.251921533329095615e-01
-7.500000000000000000e+01 -1.400000000000000000e+01 6.336719710779493697e-01
-7.500000000000000000e+01 -1.300000000000000000e+01 6.578060397217837529e-01
-7.500000000000000000e+01 -1.200000000000000000e+01 7.021181366695213866e-01
-7.500000000000000000e+01 -1.100000000000000000e+01 5.559832318520524508e-01
-7.500000000000000000e+01 -1.000000000000000000e+01 7.865731518388217047e-01
-7.500000000000000000e+01 -9.000000000000000000e+00 9.897272167684393329e-01
-7.500000000000000000e+01 -8.000000000000000000e+00 9.560991073796942796e-01
-7.500000000000000000e+01 -7.000000000000000000e+00 1.030334423198037808e+00
-7.500000000000000000e+01 -6.000000000000000000e+00 1.190978911728028278e+00
-7.500000000000000000e+01 -5.000000000000000000e+00 nan
-7.400000000000000000e+01 -3.200000000000000000e+01 7.297972448199473439e-01
-7.400000000000000000e+01 -3.100000000000000000e+01 8.241712562131511266e-01
-7.400000000000000000e+01 -3.000000000000000000e+01 8.734275337413656137e-01
-7.400000000000000000e+01 -2.900000000000000000e+01 9.551294676917980730e-01
-7.400000000000000000e+01 -2.800000000000000000e+01 1.314426619096233262e+00
-7.400000000000000000e+01 -2.700000000000000000e+01 1.243501244656511684e+00
-7.400000000000000000e+01 -2.600000000000000000e+01 1.240079304407541994e+00
-7.400000000000000000e+01 -2.500000000000000000e+01 1.435805545208318268e+00
-7.400000000000000000e+01 -2.400000000000000000e+01 1.238011995176952373e+00
-7.400000000000000000e+01 -2.300000000000000000e+01 1.211978365010125902e+00
-7.400000000000000000e+01 -2.200000000000000000e+01 1.142746100941927967e+00
-7.400000000000000000e+01 -2.100000000000000000e+01 1.064771187914343775e+00
-7.400000000000000000e+01 -2.000000000000000000e+01 8.039059820832367143e-01
-7.400000000000000000e+01 -1.900000000000000000e+01 7.713975290350095770e-01
-7.400000000000000000e+01 -1.800000000000000000e+01 7.576443212117900394e-01
-7.400000000000000000e+01 -1.700000000000000000e+01 8.077262189748285470e-01
-7.400000000000000000e+01 -1.600000000000000000e+01 7.528124376635106918e-01
-7.400000000000000000e+01 -1.500000000000000000e+01 6.231948808410214813e-01
-7.400000000000000000e+01 -1.400000000000000000e+01 6.346593332448955405e-01
-7.400000000000000000e+01 -1.300000000000000000e+01 6.554807639327228097e-01
-7.400000000000000000e+01 -1.200000000000000000e+01 8.147286088055442077e-01
-7.400000000000000000e+01 -1.100000000000000000e+01 8.031871253168928471e-01
-7.400000000000000000e+01 -1.000000000000000000e+01 nan
-7.400000000000000000e+01 -9.000000000000000000e+00 nan
-7.400000000000000000e+01 -8.000000000000000000e+00 nan
-7.400000000000000000e+01 -7.000000000000000000e+00 nan
-7.400000000000000000e+01 -6.000000000000000000e+00 nan
-7.400000000000000000e+01 -5.000000000000000000e+00 nan
