Longitude[deg], Latitude[deg], Dust optical depth
7.300000000000000000e+01 -5.700000000000000000e+01 4.587011835557508910e+00
7.300000000000000000e+01 -5.600000000000000000e+01 4.751360231402048662e+00
7.300000000000000000e+01 -5.500000000000000000e+01 5.214297701359095427e+00
7.300000000000000000e+01 -5.400000000000000000e+01 5.542041207802564706e+00
7.300000000000000000e+01 -5.300000000000000000e+01 5.645759014723351399e+00
7.300000000000000000e+01 -5.200000000000000000e+01 5.649411393848410512e+00
7.300000000000000000e+01 -5.100000000000000000e+01 5.817453876169638605e+00
7.300000000000000000e+01 -5.000000000000000000e+01 6.047221959039853267e+00
7.300000000000000000e+01 -4.900000000000000000e+01 6.265442132999174518e+00
7.300000000000000000e+01 -4.800000000000000000e+01 6.223252762612172084e+00
7.300000000000000000e+01 -4.700000000000000000e+01 6.176483497639845943e+00
7.300000000000000000e+01 -4.600000000000000000e+01 6.167514439493352540e+00
7.300000000000000000e+01 -4.500000000000000000e+01 6.099718471782765050e+00
7.300000000000000000e+01 -4.400000000000000000e+01 6.087705397688779385e+00
7.300000000000000000e+01 -4.300000000000000000e+01 6.224260028372896159e+00
7.300000000000000000e+01 -4.200000000000000000e+01 6.409773948867007576e+00
7.300000000000000000e+01 -4.100000000000000000e+01 6.572536827922810687e+00
7.300000000000000000e+01 -4.000000000000000000e+01 nan
7.300000000000000000e+01 -3.900000000000000000e+01 nan
7.300000000000000000e+01 -3.800000000000000000e+01 nan
7.300000000000000000e+01 -3.700000000000000000e+01 nan
7.300000000000000000e+01 -3.600000000000000000e+01 nan
7.300000000000000000e+01 -3.500000000000000000e+01 nan
7.300000000000000000e+01 -3.400000000000000000e+01 nan
7.300000000000000000e+01 -3.300000000000000000e+01 nan
7.300000000000000000e+01 -3.200000000000000000e+01 9.042939974437517847e+00
7.300000000000000000e+01 -3.100000000000000000e+01 nan
7.300000000000000000e+01 -3.000000000000000000e+01 nan
7.400000000000000000e+01 -5.700000000000000000e+01 4.587011835557508910e+00
7.400000000000000000e+01 -5.600000000000000000e+01 4.751360231402048662e+00
7.400000000000000000e+01 -5.500000000000000000e+01 5.214297701359095427e+00
7.400000000000000000e+01 -5.400000000000000000e+01 5.542228895867348903e+00
7.400000000000000000e+01 -5.300000000000000000e+01 5.643274919258106870e+00
7.400000000000000000e+01 -5.200000000000000000e+01 5.651234423319999145e+00
7.400000000000000000e+01 -5.100000000000000000e+01 5.842414169269162905e+00
7.400000000000000000e+01 -5.000000000000000000e+01 6.050157359007402924e+00
7.400000000000000000e+01 -4.900000000000000000e+01 6.265262616617317981e+00
7.400000000000000000e+01 -4.800000000000000000e+01 6.217301242093740576e+00
7.400000000000000000e+01 -4.700000000000000000e+01 6.186837120401165180e+00
7.400000000000000000e+01 -4.600000000000000000e+01 6.150570262989449866e+00
7.400000000000000000e+01 -4.500000000000000000e+01 6.069821167865636191e+00
7.400000000000000000e+01 -4.400000000000000000e+01 6.099454779330939935e+00
7.400000000000000000e+01 -4.300000000000000000e+01 6.241355485260315916e+00
7.400000000000000000e+01 -4.200000000000000000e+01 6.494141064382250583e+00
7.400000000000000000e+01 -4.100000000000000000e+01 6.692722320771870237e+00
7.400000000000000000e+01 -4.000000000000000000e+01 7.042258498073194595e+00
7.400000000000000000e+01 -3.900000000000000000e+01 7.300479961725553579e+00
7.400000000000000000e+01 -3.800000000000000000e+01 7.254789629018631558e+00
7.400000000000000000e+01 -3.700000000000000000e+01 7.286672095677618977e+00
7.400000000000000000e+01 -3.600000000000000000e+01 7.561545109693279088e+00
7.400000000000000000e+01 -3.500000000000000000e+01 7.743373165217184884e+00
7.400000000000000000e+01 -3.400000000000000000e+01 7.975346301881639732e+00
7.400000000000000000e+01 -3.300000000000000000e+01 8.334225244739570826e+00
7.400000000000000000e+01 -3.200000000000000000e+01 8.878847309550751632e+00
7.400000000000000000e+01 -3.100000000000000000e+01 9.107877454108542992e+00
7.400000000000000000e+01 -3.000000000000000000e+01 nan
7.500000000000000000e+01 -5.700000000000000000e+01 nan
7.500000000000000000e+01 -5.600000000000000000e+01 nan
7.500000000000000000e+01 -5.500000000000000000e+01 nan
7.500000000000000000e+01 -5.400000000000000000e+01 nan
7.500000000000000000e+01 -5.300000000000000000e+01 5.623488334865241356e+00
7.500000000000000000e+01 -5.200000000000000000e+01 5.737962724976732432e+00
7.500000000000000000e+01 -5.100000000000000000e+01 5.879721400184761748e+00
7.500000000000000000e+01 -5.000000000000000000e+01 6.071184968911548907e+00
7.500000000000000000e+01 -4.900000000000000000e+01 6.265262616617317981e+00
7.500000000000000000e+01 -4.800000000000000000e+01 6.212983357487417813e+00
7.500000000000000000e+01 -4.700000000000000000e+01 6.191907290298033217e+00
7.500000000000000000e+01 -4.600000000000000000e+01 6.139630405666927970e+00
7.500000000000000000e+01 -4.500000000000000000e+01 6.062220771270902198e+00
7.500000000000000000e+01 -4.400000000000000000e+01 6.123642689818372453e+00
7.500000000000000000e+01 -4.300000000000000000e+01 6.242244814260603292e+00
7.500000000000000000e+01 -4.200000000000000000e+01 6.495498976459933793e+00
7.500000000000000000e+01 -4.100000000000000000e+01 6.696806856196250379e+00
7.500000000000000000e+01 -4.000000000000000000e+01 7.043557485922675276e+00
7.500000000000000000e+01 -3.900000000000000000e+01 7.300479961725553579e+00
7.500000000000000000e+01 -3.800000000000000000e+01 7.254789629018631558e+00
7.500000000000000000e+01 -3.700000000000000000e+01 7.286672095677618977e+00
7.500000000000000000e+01 -3.600000000000000000e+01 7.561545109693279088e+00
7.500000000000000000e+01 -3.500000000000000000e+01 7.743373165217184884e+00
7.500000000000000000e+01 -3.400000000000000000e+01 7.975346301881639732e+00
7.500000000000000000e+01 -3.300000000000000000e+01 8.328705949689826582e+00
7.500000000000000000e+01 -3.200000000000000000e+01 8.846888148218571502e+00
7.500000000000000000e+01 -3.100000000000000000e+01 9.084825464911903126e+00
7.500000000000000000e+01 -3.000000000000000000e+01 nan
