Longitude[deg], Latitude[deg], Dust optical depth
-5.000000000000000000e+01 5.000000000000000000e+00 nan
-5.000000000000000000e+01 6.000000000000000000e+00 nan
-5.000000000000000000e+01 7.000000000000000000e+00 nan
-5.000000000000000000e+01 8.000000000000000000e+00 nan
-5.000000000000000000e+01 9.000000000000000000e+00 nan
-5.000000000000000000e+01 1.000000000000000000e+01 nan
-5.000000000000000000e+01 1.100000000000000000e+01 nan
-5.000000000000000000e+01 1.200000000000000000e+01 nan
-5.000000000000000000e+01 1.300000000000000000e+01 nan
-5.000000000000000000e+01 1.400000000000000000e+01 nan
-5.000000000000000000e+01 1.500000000000000000e+01 nan
-5.000000000000000000e+01 1.600000000000000000e+01 nan
-5.000000000000000000e+01 1.700000000000000000e+01 nan
-5.000000000000000000e+01 1.800000000000000000e+01 nan
-5.000000000000000000e+01 1.900000000000000000e+01 8.134421847672499428e-01
-5.000000000000000000e+01 2.000000000000000000e+01 7.756197703356232376e-01
-5.000000000000000000e+01 2.100000000000000000e+01 7.107885071322647130e-01
-5.000000000000000000e+01 2.200000000000000000e+01 6.626935346597967458e-01
-5.000000000000000000e+01 2.300000000000000000e+01 5.978816901468573253e-01
-5.000000000000000000e+01 2.400000000000000000e+01 5.481465456557006455e-01
-5.000000000000000000e+01 2.500000000000000000e+01 5.121748662690993603e-01
-5.000000000000000000e+01 2.600000000000000000e+01 nan
-4.900000000000000000e+01 5.000000000000000000e+00 nan
-4.900000000000000000e+01 6.000000000000000000e+00 nan
-4.900000000000000000e+01 7.000000000000000000e+00 nan
-4.900000000000000000e+01 8.000000000000000000e+00 1.493072783547479521e+00
-4.900000000000000000e+01 9.000000000000000000e+00 1.393131267155560682e+00
-4.900000000000000000e+01 1.000000000000000000e+01 1.321109762496268214e+00
-4.900000000000000000e+01 1.100000000000000000e+01 1.342686872551288602e+00
-4.900000000000000000e+01 1.200000000000000000e+01 1.270391872797750565e+00
-4.900000000000000000e+01 1.300000000000000000e+01 9.689031776137945196e-01
-4.900000000000000000e+01 1.400000000000000000e+01 8.326951173118277705e-01
-4.900000000000000000e+01 1.500000000000000000e+01 8.303572229205339328e-01
-4.900000000000000000e+01 1.600000000000000000e+01 9.094415409630549618e-01
-4.900000000000000000e+01 1.700000000000000000e+01 8.786746236336548943e-01
-4.900000000000000000e+01 1.800000000000000000e+01 8.069543053906471641e-01
-4.900000000000000000e+01 1.900000000000000000e+01 7.844959220996742255e-01
-4.900000000000000000e+01 2.000000000000000000e+01 7.866279641511957355e-01
-4.900000000000000000e+01 2.100000000000000000e+01 7.452481554568171074e-01
-4.900000000000000000e+01 2.200000000000000000e+01 6.624254776717628523e-01
-4.900000000000000000e+01 2.300000000000000000e+01 5.963625913414263291e-01
-4.900000000000000000e+01 2.400000000000000000e+01 5.604617446303320483e-01
-4.900000000000000000e+01 2.500000000000000000e+01 5.067865827275932489e-01
-4.900000000000000000e+01 2.600000000000000000e+01 4.925678888254821364e-01
-4.800000000000000000e+01 5.000000000000000000e+00 1.687190608154646609e+00
-4.800000000000000000e+01 6.000000000000000000e+00 1.669757047444800913e+00
-4.800000000000000000e+01 7.000000000000000000e+00 1.648557405916004637e+00
-4.800000000000000000e+01 8.000000000000000000e+00 1.538466234218859752e+00
-4.800000000000000000e+01 9.000000000000000000e+00 1.406830474897876604e+00
-4.800000000000000000e+01 1.000000000000000000e+01 1.326086113520439591e+00
-4.800000000000000000e+01 1.100000000000000000e+01 1.273673188599332651e+00
-4.800000000000000000e+01 1.200000000000000000e+01 1.097883561721668677e+00
-4.800000000000000000e+01 1.300000000000000000e+01 8.877412180992274582e-01
-4.800000000000000000e+01 1.400000000000000000e+01 8.269538851626877518e-01
-4.800000000000000000e+01 1.500000000000000000e+01 8.217658417187425623e-01
-4.800000000000000000e+01 1.600000000000000000e+01 8.792047363603051613e-01
-4.800000000000000000e+01 1.700000000000000000e+01 8.610953692418407135e-01
-4.800000000000000000e+01 1.800000000000000000e+01 8.072807414980187612e-01
-4.800000000000000000e+01 1.900000000000000000e+01 7.775964022013527321e-01
-4.800000000000000000e+01 2.000000000000000000e+01 7.707126000529038734e-01
-4.800000000000000000e+01 2.100000000000000000e+01 7.612277648232832483e-01
-4.800000000000000000e+01 2.200000000000000000e+01 6.661258132127262366e-01
-4.800000000000000000e+01 2.300000000000000000e+01 5.894911903034539824e-01
-4.800000000000000000e+01 2.400000000000000000e+01 5.599269852621998611e-01
-4.800000000000000000e+01 2.500000000000000000e+01 5.017042255157202479e-01
-4.800000000000000000e+01 2.600000000000000000e+01 5.123677975561625741e-01
-4.700000000000000000e+01 5.000000000000000000e+00 1.684175023667679350e+00
-4.700000000000000000e+01 6.000000000000000000e+00 1.666838903162921159e+00
-4.700000000000000000e+01 7.000000000000000000e+00 1.646684045437140975e+00
-4.700000000000000000e+01 8.000000000000000000e+00 1.543976542157477372e+00
-4.700000000000000000e+01 9.000000000000000000e+00 1.402361114932151764e+00
-4.700000000000000000e+01 1.000000000000000000e+01 1.306786485767762906e+00
-4.700000000000000000e+01 1.100000000000000000e+01 1.198565312742380984e+00
-4.700000000000000000e+01 1.200000000000000000e+01 9.821333734661944481e-01
-4.700000000000000000e+01 1.300000000000000000e+01 8.667536026575367591e-01
-4.700000000000000000e+01 1.400000000000000000e+01 8.228534410805367072e-01
-4.700000000000000000e+01 1.500000000000000000e+01 8.220446208649853093e-01
-4.700000000000000000e+01 1.600000000000000000e+01 8.677617101290527879e-01
-4.700000000000000000e+01 1.700000000000000000e+01 8.507399141831447631e-01
-4.700000000000000000e+01 1.800000000000000000e+01 8.023953526319261842e-01
-4.700000000000000000e+01 1.900000000000000000e+01 7.706414859034039777e-01
-4.700000000000000000e+01 2.000000000000000000e+01 7.443515134589405724e-01
-4.700000000000000000e+01 2.100000000000000000e+01 7.445045453291975202e-01
-4.700000000000000000e+01 2.200000000000000000e+01 6.629950681039061822e-01
-4.700000000000000000e+01 2.300000000000000000e+01 5.806219487698828230e-01
-4.700000000000000000e+01 2.400000000000000000e+01 5.414106255557252778e-01
-4.700000000000000000e+01 2.500000000000000000e+01 4.986298928530959462e-01
-4.700000000000000000e+01 2.600000000000000000e+01 5.152869996814680720e-01
-4.600000000000000000e+01 5.000000000000000000e+00 1.666328568283860667e+00
-4.600000000000000000e+01 6.000000000000000000e+00 1.664514049870295498e+00
-4.600000000000000000e+01 7.000000000000000000e+00 1.642402848902668078e+00
-4.600000000000000000e+01 8.000000000000000000e+00 1.538235579215974980e+00
-4.600000000000000000e+01 9.000000000000000000e+00 1.397479017521843447e+00
-4.600000000000000000e+01 1.000000000000000000e+01 1.281046585132662896e+00
-4.600000000000000000e+01 1.100000000000000000e+01 1.129700365899055647e+00
-4.600000000000000000e+01 1.200000000000000000e+01 9.285123748850758751e-01
-4.600000000000000000e+01 1.300000000000000000e+01 8.609416047471178945e-01
-4.600000000000000000e+01 1.400000000000000000e+01 8.230317196558242232e-01
-4.600000000000000000e+01 1.500000000000000000e+01 8.299994019715603022e-01
-4.600000000000000000e+01 1.600000000000000000e+01 8.776996680819061369e-01
-4.600000000000000000e+01 1.700000000000000000e+01 8.524816932744385678e-01
-4.600000000000000000e+01 1.800000000000000000e+01 7.824335527230450449e-01
-4.600000000000000000e+01 1.900000000000000000e+01 7.629176096777965377e-01
-4.600000000000000000e+01 2.000000000000000000e+01 7.372672224110961015e-01
-4.600000000000000000e+01 2.100000000000000000e+01 7.273532902437978009e-01
-4.600000000000000000e+01 2.200000000000000000e+01 6.462318203168695430e-01
-4.600000000000000000e+01 2.300000000000000000e+01 5.599885111513497327e-01
-4.600000000000000000e+01 2.400000000000000000e+01 5.244337546030564123e-01
-4.600000000000000000e+01 2.500000000000000000e+01 4.875694995185759217e-01
-4.600000000000000000e+01 2.600000000000000000e+01 nan
