Longitude[deg], Latitude[deg], Dust optical depth
1.480000000000000000e+02 7.000000000000000000e+00 nan
1.480000000000000000e+02 8.000000000000000000e+00 nan
1.480000000000000000e+02 9.000000000000000000e+00 nan
1.480000000000000000e+02 1.000000000000000000e+01 nan
1.480000000000000000e+02 1.100000000000000000e+01 nan
1.480000000000000000e+02 1.200000000000000000e+01 nan
1.480000000000000000e+02 1.300000000000000000e+01 nan
1.480000000000000000e+02 1.400000000000000000e+01 nan
1.480000000000000000e+02 1.500000000000000000e+01 nan
1.480000000000000000e+02 1.600000000000000000e+01 nan
1.480000000000000000e+02 1.700000000000000000e+01 nan
1.480000000000000000e+02 1.800000000000000000e+01 nan
1.480000000000000000e+02 1.900000000000000000e+01 nan
1.480000000000000000e+02 2.000000000000000000e+01 nan
1.480000000000000000e+02 2.100000000000000000e+01 nan
1.480000000000000000e+02 2.200000000000000000e+01 nan
1.480000000000000000e+02 2.300000000000000000e+01 nan
1.480000000000000000e+02 2.400000000000000000e+01 nan
1.480000000000000000e+02 2.500000000000000000e+01 8.064517839577787228e-01
1.480000000000000000e+02 2.600000000000000000e+01 8.984424030007609474e-01
1.480000000000000000e+02 2.700000000000000000e+01 9.846797268651129587e-01
1.480000000000000000e+02 2.800000000000000000e+01 nan
1.490000000000000000e+02 7.000000000000000000e+00 nan
1.490000000000000000e+02 8.000000000000000000e+00 nan
1.490000000000000000e+02 9.000000000000000000e+00 nan
1.490000000000000000e+02 1.000000000000000000e+01 nan
1.490000000000000000e+02 1.100000000000000000e+01 nan
1.490000000000000000e+02 1.200000000000000000e+01 nan
1.490000000000000000e+02 1.300000000000000000e+01 nan
1.490000000000000000e+02 1.400000000000000000e+01 nan
1.490000000000000000e+02 1.500000000000000000e+01 1.389879346436360130e+00
1.490000000000000000e+02 1.600000000000000000e+01 1.333791396415025199e+00
1.490000000000000000e+02 1.700000000000000000e+01 1.240034072643108498e+00
1.490000000000000000e+02 1.800000000000000000e+01 1.185521526430306949e+00
1.490000000000000000e+02 1.900000000000000000e+01 1.189367315403898617e+00
1.490000000000000000e+02 2.000000000000000000e+01 1.297367243958937211e+00
1.490000000000000000e+02 2.100000000000000000e+01 1.303939110596507245e+00
1.490000000000000000e+02 2.200000000000000000e+01 1.149793293873343059e+00
1.490000000000000000e+02 2.300000000000000000e+01 9.181968576468593213e-01
1.490000000000000000e+02 2.400000000000000000e+01 8.261683812128436388e-01
1.490000000000000000e+02 2.500000000000000000e+01 8.693673442531655304e-01
1.490000000000000000e+02 2.600000000000000000e+01 9.846744123966446605e-01
1.490000000000000000e+02 2.700000000000000000e+01 1.101767023266776668e+00
1.490000000000000000e+02 2.800000000000000000e+01 1.189695444532177016e+00
1.500000000000000000e+02 7.000000000000000000e+00 nan
1.500000000000000000e+02 8.000000000000000000e+00 1.483325883587775396e+00
1.500000000000000000e+02 9.000000000000000000e+00 1.438666515554585246e+00
1.500000000000000000e+02 1.000000000000000000e+01 1.349898513502775454e+00
1.500000000000000000e+02 1.100000000000000000e+01 1.297408880267714615e+00
1.500000000000000000e+02 1.200000000000000000e+01 1.305142534287540013e+00
1.500000000000000000e+02 1.300000000000000000e+01 1.362642713545777484e+00
1.500000000000000000e+02 1.400000000000000000e+01 1.350669467674046942e+00
1.500000000000000000e+02 1.500000000000000000e+01 1.341206226410070590e+00
1.500000000000000000e+02 1.600000000000000000e+01 1.311236741411962781e+00
1.500000000000000000e+02 1.700000000000000000e+01 1.249183975634927446e+00
1.500000000000000000e+02 1.800000000000000000e+01 1.155554378242884095e+00
1.500000000000000000e+02 1.900000000000000000e+01 1.173144844306184709e+00
1.500000000000000000e+02 2.000000000000000000e+01 1.326006699106224485e+00
1.500000000000000000e+02 2.100000000000000000e+01 1.364424731720915496e+00
1.500000000000000000e+02 2.200000000000000000e+01 1.276033107267704469e+00
1.500000000000000000e+02 2.300000000000000000e+01 1.135069323756354942e+00
1.500000000000000000e+02 2.400000000000000000e+01 1.061782287750492326e+00
1.500000000000000000e+02 2.500000000000000000e+01 1.056855506052906346e+00
1.500000000000000000e+02 2.600000000000000000e+01 1.085392502021303107e+00
1.500000000000000000e+02 2.700000000000000000e+01 1.104614992823363950e+00
1.500000000000000000e+02 2.800000000000000000e+01 1.071641132947735109e+00
1.510000000000000000e+02 7.000000000000000000e+00 nan
1.510000000000000000e+02 8.000000000000000000e+00 1.528667926745984396e+00
1.510000000000000000e+02 9.000000000000000000e+00 1.439378078858733589e+00
1.510000000000000000e+02 1.000000000000000000e+01 1.349323543620133625e+00
1.510000000000000000e+02 1.100000000000000000e+01 1.267652980347335312e+00
1.510000000000000000e+02 1.200000000000000000e+01 1.241389299042055194e+00
1.510000000000000000e+02 1.300000000000000000e+01 1.307035574798047328e+00
1.510000000000000000e+02 1.400000000000000000e+01 1.302241121875110652e+00
1.510000000000000000e+02 1.500000000000000000e+01 1.291071814283969665e+00
1.510000000000000000e+02 1.600000000000000000e+01 1.283566749029719345e+00
1.510000000000000000e+02 1.700000000000000000e+01 1.234876909720755034e+00
1.510000000000000000e+02 1.800000000000000000e+01 1.219977721980380236e+00
1.510000000000000000e+02 1.900000000000000000e+01 1.294994079748180926e+00
1.510000000000000000e+02 2.000000000000000000e+01 1.358950354732005872e+00
1.510000000000000000e+02 2.100000000000000000e+01 1.387673433906112308e+00
1.510000000000000000e+02 2.200000000000000000e+01 1.363596122834656255e+00
1.510000000000000000e+02 2.300000000000000000e+01 1.302427521534464727e+00
1.510000000000000000e+02 2.400000000000000000e+01 1.258221142628001887e+00
1.510000000000000000e+02 2.500000000000000000e+01 1.172874932695004091e+00
1.510000000000000000e+02 2.600000000000000000e+01 1.066080614842802143e+00
1.510000000000000000e+02 2.700000000000000000e+01 9.625785883171740220e-01
1.510000000000000000e+02 2.800000000000000000e+01 8.212934730103362835e-01
1.520000000000000000e+02 7.000000000000000000e+00 nan
1.520000000000000000e+02 8.000000000000000000e+00 1.530380503883851606e+00
1.520000000000000000e+02 9.000000000000000000e+00 1.439786062569690772e+00
1.520000000000000000e+02 1.000000000000000000e+01 1.348709276085458209e+00
1.520000000000000000e+02 1.100000000000000000e+01 1.254075649699232242e+00
1.520000000000000000e+02 1.200000000000000000e+01 1.220406680905914865e+00
1.520000000000000000e+02 1.300000000000000000e+01 1.271364839566532901e+00
1.520000000000000000e+02 1.400000000000000000e+01 1.267980180305966709e+00
1.520000000000000000e+02 1.500000000000000000e+01 1.246289607182356596e+00
1.520000000000000000e+02 1.600000000000000000e+01 1.223316136108081098e+00
1.520000000000000000e+02 1.700000000000000000e+01 1.199639516739644085e+00
1.520000000000000000e+02 1.800000000000000000e+01 1.262549615994074337e+00
1.520000000000000000e+02 1.900000000000000000e+01 1.361374807560739919e+00
1.520000000000000000e+02 2.000000000000000000e+01 1.370091891646579629e+00
1.520000000000000000e+02 2.100000000000000000e+01 1.384492882500135247e+00
1.520000000000000000e+02 2.200000000000000000e+01 1.393561491945154218e+00
1.520000000000000000e+02 2.300000000000000000e+01 1.330392166369170459e+00
1.520000000000000000e+02 2.400000000000000000e+01 1.283568982043935325e+00
1.520000000000000000e+02 2.500000000000000000e+01 1.140885801530370891e+00
1.520000000000000000e+02 2.600000000000000000e+01 9.759068623162310274e-01
1.520000000000000000e+02 2.700000000000000000e+01 8.084379287978630257e-01
1.520000000000000000e+02 2.800000000000000000e+01 6.044307400026591726e-01
1.530000000000000000e+02 7.000000000000000000e+00 nan
1.530000000000000000e+02 8.000000000000000000e+00 1.532271667894773870e+00
1.530000000000000000e+02 9.000000000000000000e+00 1.441299432714739703e+00
1.530000000000000000e+02 1.000000000000000000e+01 1.345890695397593095e+00
1.530000000000000000e+02 1.100000000000000000e+01 1.253837938152151388e+00
1.530000000000000000e+02 1.200000000000000000e+01 1.199439072423677421e+00
1.530000000000000000e+02 1.300000000000000000e+01 1.253653894693175230e+00
1.530000000000000000e+02 1.400000000000000000e+01 1.227388781724275235e+00
1.530000000000000000e+02 1.500000000000000000e+01 1.184028984535437035e+00
1.530000000000000000e+02 1.600000000000000000e+01 1.154122884478980815e+00
1.530000000000000000e+02 1.700000000000000000e+01 1.153340631621034840e+00
1.530000000000000000e+02 1.800000000000000000e+01 1.197281563643656455e+00
1.530000000000000000e+02 1.900000000000000000e+01 1.253472953776160637e+00
1.530000000000000000e+02 2.000000000000000000e+01 1.316367230014176659e+00
1.530000000000000000e+02 2.100000000000000000e+01 nan
1.530000000000000000e+02 2.200000000000000000e+01 nan
1.530000000000000000e+02 2.300000000000000000e+01 nan
1.530000000000000000e+02 2.400000000000000000e+01 nan
1.530000000000000000e+02 2.500000000000000000e+01 nan
1.530000000000000000e+02 2.600000000000000000e+01 nan
1.530000000000000000e+02 2.700000000000000000e+01 nan
1.530000000000000000e+02 2.800000000000000000e+01 nan
