Longitude[deg], Latitude[deg], Dust optical depth
-7.800000000000000000e+01 1.400000000000000000e+01 nan
-7.800000000000000000e+01 1.500000000000000000e+01 nan
-7.800000000000000000e+01 1.600000000000000000e+01 nan
-7.800000000000000000e+01 1.700000000000000000e+01 nan
-7.800000000000000000e+01 1.800000000000000000e+01 nan
-7.800000000000000000e+01 1.900000000000000000e+01 nan
-7.800000000000000000e+01 2.000000000000000000e+01 nan
-7.800000000000000000e+01 2.100000000000000000e+01 nan
-7.800000000000000000e+01 2.200000000000000000e+01 nan
-7.800000000000000000e+01 2.300000000000000000e+01 nan
-7.800000000000000000e+01 2.400000000000000000e+01 nan
-7.800000000000000000e+01 2.500000000000000000e+01 nan
-7.800000000000000000e+01 2.600000000000000000e+01 nan
-7.800000000000000000e+01 2.700000000000000000e+01 nan
-7.800000000000000000e+01 2.800000000000000000e+01 nan
-7.800000000000000000e+01 2.900000000000000000e+01 nan
-7.800000000000000000e+01 3.000000000000000000e+01 nan
-7.800000000000000000e+01 3.100000000000000000e+01 nan
-7.800000000000000000e+01 3.200000000000000000e+01 1.052550067096914566e+00
-7.800000000000000000e+01 3.300000000000000000e+01 1.026725745454322158e+00
-7.800000000000000000e+01 3.400000000000000000e+01 1.007861228194236070e+00
-7.800000000000000000e+01 3.500000000000000000e+01 nan
-7.700000000000000000e+01 1.400000000000000000e+01 nan
-7.700000000000000000e+01 1.500000000000000000e+01 nan
-7.700000000000000000e+01 1.600000000000000000e+01 nan
-7.700000000000000000e+01 1.700000000000000000e+01 nan
-7.700000000000000000e+01 1.800000000000000000e+01 nan
-7.700000000000000000e+01 1.900000000000000000e+01 nan
-7.700000000000000000e+01 2.000000000000000000e+01 nan
-7.700000000000000000e+01 2.100000000000000000e+01 nan
-7.700000000000000000e+01 2.200000000000000000e+01 nan
-7.700000000000000000e+01 2.300000000000000000e+01 1.109006191496645144e+00
-7.700000000000000000e+01 2.400000000000000000e+01 1.030651153280162768e+00
-7.700000000000000000e+01 2.500000000000000000e+01 1.031442151989854228e+00
-7.700000000000000000e+01 2.600000000000000000e+01 1.104792547963210803e+00
-7.700000000000000000e+01 2.700000000000000000e+01 1.083230648218131309e+00
-7.700000000000000000e+01 2.800000000000000000e+01 1.016380357020738812e+00
-7.700000000000000000e+01 2.900000000000000000e+01 1.021127561930627259e+00
-7.700000000000000000e+01 3.000000000000000000e+01 1.049345842699505038e+00
-7.700000000000000000e+01 3.100000000000000000e+01 1.044500485101265808e+00
-7.700000000000000000e+01 3.200000000000000000e+01 1.023093717745512832e+00
-7.700000000000000000e+01 3.300000000000000000e+01 9.669842415659375412e-01
-7.700000000000000000e+01 3.400000000000000000e+01 9.093301414073703404e-01
-7.700000000000000000e+01 3.500000000000000000e+01 nan
-7.600000000000000000e+01 1.400000000000000000e+01 1.253764811201241614e+00
-7.600000000000000000e+01 1.500000000000000000e+01 1.280221265608276093e+00
-7.600000000000000000e+01 1.600000000000000000e+01 1.291902547228253706e+00
-7.600000000000000000e+01 1.700000000000000000e+01 1.278235651938943285e+00
-7.600000000000000000e+01 1.800000000000000000e+01 1.233092131845240358e+00
-7.600000000000000000e+01 1.900000000000000000e+01 1.160124914183805478e+00
-7.600000000000000000e+01 2.000000000000000000e+01 1.069664869323577294e+00
-7.600000000000000000e+01 2.100000000000000000e+01 1.044799190021417745e+00
-7.600000000000000000e+01 2.200000000000000000e+01 9.946407055232446837e-01
-7.600000000000000000e+01 2.300000000000000000e+01 1.000742000427641942e+00
-7.600000000000000000e+01 2.400000000000000000e+01 1.007067116569067222e+00
-7.600000000000000000e+01 2.500000000000000000e+01 1.006967102604784836e+00
-7.600000000000000000e+01 2.600000000000000000e+01 1.061288955512821985e+00
-7.600000000000000000e+01 2.700000000000000000e+01 1.032130358389281799e+00
-7.600000000000000000e+01 2.800000000000000000e+01 9.795218273559724853e-01
-7.600000000000000000e+01 2.900000000000000000e+01 1.006578721005273902e+00
-7.600000000000000000e+01 3.000000000000000000e+01 1.038512128048808547e+00
-7.600000000000000000e+01 3.100000000000000000e+01 1.034315126405402241e+00
-7.600000000000000000e+01 3.200000000000000000e+01 9.935980825114674175e-01
-7.600000000000000000e+01 3.300000000000000000e+01 9.131440465977042065e-01
-7.600000000000000000e+01 3.400000000000000000e+01 8.739726705653204641e-01
-7.600000000000000000e+01 3.500000000000000000e+01 nan
-7.500000000000000000e+01 1.400000000000000000e+01 1.210932562170046634e+00
-7.500000000000000000e+01 1.500000000000000000e+01 1.194876826887356192e+00
-7.500000000000000000e+01 1.600000000000000000e+01 1.163484596927725434e+00
-7.500000000000000000e+01 1.700000000000000000e+01 1.147347249924590473e+00
-7.500000000000000000e+01 1.800000000000000000e+01 1.153647667319338765e+00
-7.500000000000000000e+01 1.900000000000000000e+01 1.112516190864033971e+00
-7.500000000000000000e+01 2.000000000000000000e+01 1.064108852437297470e+00
-7.500000000000000000e+01 2.100000000000000000e+01 1.030704186279167489e+00
-7.500000000000000000e+01 2.200000000000000000e+01 9.666504450489575850e-01
-7.500000000000000000e+01 2.300000000000000000e+01 9.398400376359665742e-01
-7.500000000000000000e+01 2.400000000000000000e+01 9.404698774505786396e-01
-7.500000000000000000e+01 2.500000000000000000e+01 9.846938514599911096e-01
-7.500000000000000000e+01 2.600000000000000000e+01 1.000735443571088457e+00
-7.500000000000000000e+01 2.700000000000000000e+01 9.571953546347857777e-01
-7.500000000000000000e+01 2.800000000000000000e+01 9.277242898097213253e-01
-7.500000000000000000e+01 2.900000000000000000e+01 9.583800872828672768e-01
-7.500000000000000000e+01 3.000000000000000000e+01 9.994550028709425771e-01
-7.500000000000000000e+01 3.100000000000000000e+01 9.549007192039578040e-01
-7.500000000000000000e+01 3.200000000000000000e+01 8.844967288684789652e-01
-7.500000000000000000e+01 3.300000000000000000e+01 8.191284427434712967e-01
-7.500000000000000000e+01 3.400000000000000000e+01 8.015703943103880125e-01
-7.500000000000000000e+01 3.500000000000000000e+01 nan
-7.400000000000000000e+01 1.400000000000000000e+01 1.179518856738503541e+00
-7.400000000000000000e+01 1.500000000000000000e+01 1.167546365320113688e+00
-7.400000000000000000e+01 1.600000000000000000e+01 1.144518937853008733e+00
-7.400000000000000000e+01 1.700000000000000000e+01 1.119002204668050560e+00
-7.400000000000000000e+01 1.800000000000000000e+01 1.101410642140055351e+00
-7.400000000000000000e+01 1.900000000000000000e+01 1.056671485420734857e+00
-7.400000000000000000e+01 2.000000000000000000e+01 1.043878146711495258e+00
-7.400000000000000000e+01 2.100000000000000000e+01 1.018961204924001551e+00
-7.400000000000000000e+01 2.200000000000000000e+01 9.309720606727628356e-01
-7.400000000000000000e+01 2.300000000000000000e+01 9.111573660923388829e-01
-7.400000000000000000e+01 2.400000000000000000e+01 9.275105432994837917e-01
-7.400000000000000000e+01 2.500000000000000000e+01 9.477556389065943110e-01
-7.400000000000000000e+01 2.600000000000000000e+01 9.848683539614976334e-01
-7.400000000000000000e+01 2.700000000000000000e+01 9.188475695861839654e-01
-7.400000000000000000e+01 2.800000000000000000e+01 8.962327780682852740e-01
-7.400000000000000000e+01 2.900000000000000000e+01 9.298391393970847352e-01
-7.400000000000000000e+01 3.000000000000000000e+01 9.550407172248749355e-01
-7.400000000000000000e+01 3.100000000000000000e+01 8.791151813453121910e-01
-7.400000000000000000e+01 3.200000000000000000e+01 7.819404575131042590e-01
-7.400000000000000000e+01 3.300000000000000000e+01 7.762410125544330075e-01
-7.400000000000000000e+01 3.400000000000000000e+01 7.933049063064859796e-01
-7.400000000000000000e+01 3.500000000000000000e+01 nan
-7.300000000000000000e+01 1.400000000000000000e+01 1.155757843989979827e+00
-7.300000000000000000e+01 1.500000000000000000e+01 1.199362858247109642e+00
-7.300000000000000000e+01 1.600000000000000000e+01 1.209356919491553439e+00
-7.300000000000000000e+01 1.700000000000000000e+01 1.164407106934925551e+00
-7.300000000000000000e+01 1.800000000000000000e+01 1.072011048634935015e+00
-7.300000000000000000e+01 1.900000000000000000e+01 1.002168440931715310e+00
-7.300000000000000000e+01 2.000000000000000000e+01 9.863844981220553088e-01
-7.300000000000000000e+01 2.100000000000000000e+01 9.970934607871949629e-01
-7.300000000000000000e+01 2.200000000000000000e+01 9.592782195797640021e-01
-7.300000000000000000e+01 2.300000000000000000e+01 9.305203351247743893e-01
-7.300000000000000000e+01 2.400000000000000000e+01 9.329828616144577591e-01
-7.300000000000000000e+01 2.500000000000000000e+01 9.356738855347123129e-01
-7.300000000000000000e+01 2.600000000000000000e+01 9.724298402443942724e-01
-7.300000000000000000e+01 2.700000000000000000e+01 9.328763042005411288e-01
-7.300000000000000000e+01 2.800000000000000000e+01 8.608541554506997651e-01
-7.300000000000000000e+01 2.900000000000000000e+01 8.796656016044862580e-01
-7.300000000000000000e+01 3.000000000000000000e+01 9.097844646409642966e-01
-7.300000000000000000e+01 3.100000000000000000e+01 8.211367618138583069e-01
-7.300000000000000000e+01 3.200000000000000000e+01 7.548404715768115558e-01
-7.300000000000000000e+01 3.300000000000000000e+01 7.306864711779041954e-01
-7.300000000000000000e+01 3.400000000000000000e+01 7.877472620522866231e-01
-7.300000000000000000e+01 3.500000000000000000e+01 nan
