Longitude[deg], Latitude[deg], Dust optical depth
1.510000000000000000e+02 -3.400000000000000000e+01 nan
1.510000000000000000e+02 -3.300000000000000000e+01 nan
1.510000000000000000e+02 -3.200000000000000000e+01 nan
1.510000000000000000e+02 -3.100000000000000000e+01 nan
1.510000000000000000e+02 -3.000000000000000000e+01 nan
1.510000000000000000e+02 -2.900000000000000000e+01 nan
1.510000000000000000e+02 -2.800000000000000000e+01 nan
1.510000000000000000e+02 -2.700000000000000000e+01 nan
1.510000000000000000e+02 -2.600000000000000000e+01 nan
1.510000000000000000e+02 -2.500000000000000000e+01 nan
1.510000000000000000e+02 -2.400000000000000000e+01 nan
1.510000000000000000e+02 -2.300000000000000000e+01 nan
1.510000000000000000e+02 -2.200000000000000000e+01 nan
1.510000000000000000e+02 -2.100000000000000000e+01 nan
1.510000000000000000e+02 -2.000000000000000000e+01 nan
1.510000000000000000e+02 -1.900000000000000000e+01 nan
1.510000000000000000e+02 -1.800000000000000000e+01 1.106671246100539463e+00
1.510000000000000000e+02 -1.700000000000000000e+01 1.135627755068109312e+00
1.510000000000000000e+02 -1.600000000000000000e+01 1.176996359688455396e+00
1.510000000000000000e+02 -1.500000000000000000e+01 1.034628706964863420e+00
1.510000000000000000e+02 -1.400000000000000000e+01 1.232815287223842482e+00
1.510000000000000000e+02 -1.300000000000000000e+01 1.274817768363412096e+00
1.510000000000000000e+02 -1.200000000000000000e+01 1.230264721283810925e+00
1.510000000000000000e+02 -1.100000000000000000e+01 1.240555073265765751e+00
1.510000000000000000e+02 -1.000000000000000000e+01 1.276996282291707141e+00
1.510000000000000000e+02 -9.000000000000000000e+00 1.385071651290362027e+00
1.510000000000000000e+02 -8.000000000000000000e+00 nan
1.510000000000000000e+02 -7.000000000000000000e+00 nan
1.520000000000000000e+02 -3.400000000000000000e+01 8.448060882750159095e-01
1.520000000000000000e+02 -3.300000000000000000e+01 8.597244858228161313e-01
1.520000000000000000e+02 -3.200000000000000000e+01 1.011930573620262841e+00
1.520000000000000000e+02 -3.100000000000000000e+01 9.872634598739447043e-01
1.520000000000000000e+02 -3.000000000000000000e+01 9.655701834803699368e-01
1.520000000000000000e+02 -2.900000000000000000e+01 1.142863495172901311e+00
1.520000000000000000e+02 -2.800000000000000000e+01 1.188708444792469399e+00
1.520000000000000000e+02 -2.700000000000000000e+01 1.117739227042799266e+00
1.520000000000000000e+02 -2.600000000000000000e+01 1.056391648222061219e+00
1.520000000000000000e+02 -2.500000000000000000e+01 1.254951475617224865e+00
1.520000000000000000e+02 -2.400000000000000000e+01 1.269159915325331678e+00
1.520000000000000000e+02 -2.300000000000000000e+01 1.132605551434465285e+00
1.520000000000000000e+02 -2.200000000000000000e+01 1.144975938085967204e+00
1.520000000000000000e+02 -2.100000000000000000e+01 1.239680260351017305e+00
1.520000000000000000e+02 -2.000000000000000000e+01 1.416719864219209368e+00
1.520000000000000000e+02 -1.900000000000000000e+01 1.162660186089485181e+00
1.520000000000000000e+02 -1.800000000000000000e+01 1.000444542687526583e+00
1.520000000000000000e+02 -1.700000000000000000e+01 8.496555803732840362e-01
1.520000000000000000e+02 -1.600000000000000000e+01 1.146732772610532303e+00
1.520000000000000000e+02 -1.500000000000000000e+01 9.770450517210024222e-01
1.520000000000000000e+02 -1.400000000000000000e+01 1.195798790257409649e+00
1.520000000000000000e+02 -1.300000000000000000e+01 1.264509440899963311e+00
1.520000000000000000e+02 -1.200000000000000000e+01 1.245208084892742928e+00
1.520000000000000000e+02 -1.100000000000000000e+01 1.248854164470469374e+00
1.520000000000000000e+02 -1.000000000000000000e+01 1.279874184971054207e+00
1.520000000000000000e+02 -9.000000000000000000e+00 1.370774923011290891e+00
1.520000000000000000e+02 -8.000000000000000000e+00 nan
1.520000000000000000e+02 -7.000000000000000000e+00 nan
1.530000000000000000e+02 -3.400000000000000000e+01 8.448060882750159095e-01
1.530000000000000000e+02 -3.300000000000000000e+01 8.597244858228161313e-01
1.530000000000000000e+02 -3.200000000000000000e+01 1.011930573620262841e+00
1.530000000000000000e+02 -3.100000000000000000e+01 9.872634598739447043e-01
1.530000000000000000e+02 -3.000000000000000000e+01 9.655701834803699368e-01
1.530000000000000000e+02 -2.900000000000000000e+01 1.142863495172901311e+00
1.530000000000000000e+02 -2.800000000000000000e+01 1.188708444792469399e+00
1.530000000000000000e+02 -2.700000000000000000e+01 1.117739227042799266e+00
1.530000000000000000e+02 -2.600000000000000000e+01 1.056391648222061219e+00
1.530000000000000000e+02 -2.500000000000000000e+01 1.254951475617224865e+00
1.530000000000000000e+02 -2.400000000000000000e+01 1.269159915325331678e+00
1.530000000000000000e+02 -2.300000000000000000e+01 1.132605551434465285e+00
1.530000000000000000e+02 -2.200000000000000000e+01 1.144975938085967204e+00
1.530000000000000000e+02 -2.100000000000000000e+01 1.239680260351017305e+00
1.530000000000000000e+02 -2.000000000000000000e+01 1.416230802536506017e+00
1.530000000000000000e+02 -1.900000000000000000e+01 1.164826151381276542e+00
1.530000000000000000e+02 -1.800000000000000000e+01 9.969527604233852092e-01
1.530000000000000000e+02 -1.700000000000000000e+01 8.470831368417870433e-01
1.530000000000000000e+02 -1.600000000000000000e+01 1.144906391952291935e+00
1.530000000000000000e+02 -1.500000000000000000e+01 9.707242947137149081e-01
1.530000000000000000e+02 -1.400000000000000000e+01 1.187208397243150859e+00
1.530000000000000000e+02 -1.300000000000000000e+01 1.262155776313851341e+00
1.530000000000000000e+02 -1.200000000000000000e+01 1.254932927075206761e+00
1.530000000000000000e+02 -1.100000000000000000e+01 1.255831012823465542e+00
1.530000000000000000e+02 -1.000000000000000000e+01 1.282630233388871943e+00
1.530000000000000000e+02 -9.000000000000000000e+00 1.365564079805378084e+00
1.530000000000000000e+02 -8.000000000000000000e+00 nan
1.530000000000000000e+02 -7.000000000000000000e+00 nan
