Longitude[deg], Latitude[deg], Dust optical depth
1.700000000000000000e+01 8.000000000000000000e+00 nan
1.700000000000000000e+01 9.000000000000000000e+00 nan
1.700000000000000000e+01 1.000000000000000000e+01 nan
1.700000000000000000e+01 1.100000000000000000e+01 nan
1.700000000000000000e+01 1.200000000000000000e+01 nan
1.700000000000000000e+01 1.300000000000000000e+01 nan
1.700000000000000000e+01 1.400000000000000000e+01 nan
1.700000000000000000e+01 1.500000000000000000e+01 nan
1.700000000000000000e+01 1.600000000000000000e+01 nan
1.700000000000000000e+01 1.700000000000000000e+01 nan
1.700000000000000000e+01 1.800000000000000000e+01 nan
1.700000000000000000e+01 1.900000000000000000e+01 nan
1.700000000000000000e+01 2.000000000000000000e+01 nan
1.700000000000000000e+01 2.100000000000000000e+01 nan
1.700000000000000000e+01 2.200000000000000000e+01 nan
1.700000000000000000e+01 2.300000000000000000e+01 nan
1.700000000000000000e+01 2.400000000000000000e+01 nan
1.700000000000000000e+01 2.500000000000000000e+01 nan
1.700000000000000000e+01 2.600000000000000000e+01 nan
1.700000000000000000e+01 2.700000000000000000e+01 nan
1.700000000000000000e+01 2.800000000000000000e+01 nan
1.700000000000000000e+01 2.900000000000000000e+01 nan
1.800000000000000000e+01 8.000000000000000000e+00 nan
1.800000000000000000e+01 9.000000000000000000e+00 nan
1.800000000000000000e+01 1.000000000000000000e+01 nan
1.800000000000000000e+01 1.100000000000000000e+01 nan
1.800000000000000000e+01 1.200000000000000000e+01 nan
1.800000000000000000e+01 1.300000000000000000e+01 nan
1.800000000000000000e+01 1.400000000000000000e+01 nan
1.800000000000000000e+01 1.500000000000000000e+01 nan
1.800000000000000000e+01 1.600000000000000000e+01 nan
1.800000000000000000e+01 1.700000000000000000e+01 nan
1.800000000000000000e+01 1.800000000000000000e+01 nan
1.800000000000000000e+01 1.900000000000000000e+01 nan
1.800000000000000000e+01 2.000000000000000000e+01 1.521334551629031528e+00
1.800000000000000000e+01 2.100000000000000000e+01 1.402977442178110268e+00
1.800000000000000000e+01 2.200000000000000000e+01 1.379954225093611653e+00
1.800000000000000000e+01 2.300000000000000000e+01 1.411386512977050200e+00
1.800000000000000000e+01 2.400000000000000000e+01 1.355692606520476851e+00
1.800000000000000000e+01 2.500000000000000000e+01 1.313746209932431741e+00
1.800000000000000000e+01 2.600000000000000000e+01 1.327083216359297824e+00
1.800000000000000000e+01 2.700000000000000000e+01 1.237723320081033362e+00
1.800000000000000000e+01 2.800000000000000000e+01 1.128523376759320351e+00
1.800000000000000000e+01 2.900000000000000000e+01 1.101717908965984760e+00
1.900000000000000000e+01 8.000000000000000000e+00 nan
1.900000000000000000e+01 9.000000000000000000e+00 2.000117192841421421e+00
1.900000000000000000e+01 1.000000000000000000e+01 1.970601132414076861e+00
1.900000000000000000e+01 1.100000000000000000e+01 1.922144901506808168e+00
1.900000000000000000e+01 1.200000000000000000e+01 1.897097537393523492e+00
1.900000000000000000e+01 1.300000000000000000e+01 1.910611958351037476e+00
1.900000000000000000e+01 1.400000000000000000e+01 1.906545913068517395e+00
1.900000000000000000e+01 1.500000000000000000e+01 1.796561535737941639e+00
1.900000000000000000e+01 1.600000000000000000e+01 1.655735873979414352e+00
1.900000000000000000e+01 1.700000000000000000e+01 1.605654492341381578e+00
1.900000000000000000e+01 1.800000000000000000e+01 1.592503774511453640e+00
1.900000000000000000e+01 1.900000000000000000e+01 1.565486851033920157e+00
1.900000000000000000e+01 2.000000000000000000e+01 1.515529910799701119e+00
1.900000000000000000e+01 2.100000000000000000e+01 1.417917768797456457e+00
1.900000000000000000e+01 2.200000000000000000e+01 1.379300790564689683e+00
1.900000000000000000e+01 2.300000000000000000e+01 1.407620831951414520e+00
1.900000000000000000e+01 2.400000000000000000e+01 1.349249671374898707e+00
1.900000000000000000e+01 2.500000000000000000e+01 1.301527225115789443e+00
1.900000000000000000e+01 2.600000000000000000e+01 1.316012038282308838e+00
1.900000000000000000e+01 2.700000000000000000e+01 1.237876724510822202e+00
1.900000000000000000e+01 2.800000000000000000e+01 1.132106737704055677e+00
1.900000000000000000e+01 2.900000000000000000e+01 1.109092009217780062e+00
2.000000000000000000e+01 8.000000000000000000e+00 nan
2.000000000000000000e+01 9.000000000000000000e+00 2.028332379049277545e+00
2.000000000000000000e+01 1.000000000000000000e+01 1.990401578737278410e+00
2.000000000000000000e+01 1.100000000000000000e+01 1.945049233816069867e+00
2.000000000000000000e+01 1.200000000000000000e+01 1.897972882553533802e+00
2.000000000000000000e+01 1.300000000000000000e+01 1.884572663283041072e+00
2.000000000000000000e+01 1.400000000000000000e+01 1.875179762236202752e+00
2.000000000000000000e+01 1.500000000000000000e+01 1.762973310300022023e+00
2.000000000000000000e+01 1.600000000000000000e+01 1.601862661299011670e+00
2.000000000000000000e+01 1.700000000000000000e+01 1.550095262316352418e+00
2.000000000000000000e+01 1.800000000000000000e+01 1.554511132724323508e+00
2.000000000000000000e+01 1.900000000000000000e+01 1.549890735478082648e+00
2.000000000000000000e+01 2.000000000000000000e+01 1.505544311389718448e+00
2.000000000000000000e+01 2.100000000000000000e+01 1.419765013224354444e+00
2.000000000000000000e+01 2.200000000000000000e+01 1.393526395764525638e+00
2.000000000000000000e+01 2.300000000000000000e+01 1.407175383758327625e+00
2.000000000000000000e+01 2.400000000000000000e+01 1.352572871050531811e+00
2.000000000000000000e+01 2.500000000000000000e+01 1.304989147115651393e+00
2.000000000000000000e+01 2.600000000000000000e+01 1.310791099866623011e+00
2.000000000000000000e+01 2.700000000000000000e+01 1.236299361365020166e+00
2.000000000000000000e+01 2.800000000000000000e+01 1.133137101782462963e+00
2.000000000000000000e+01 2.900000000000000000e+01 1.109587942185609855e+00
2.100000000000000000e+01 8.000000000000000000e+00 nan
2.100000000000000000e+01 9.000000000000000000e+00 2.027791815541962084e+00
2.100000000000000000e+01 1.000000000000000000e+01 2.001382058483456294e+00
2.100000000000000000e+01 1.100000000000000000e+01 1.957499725155760872e+00
2.100000000000000000e+01 1.200000000000000000e+01 1.896122196704541629e+00
2.100000000000000000e+01 1.300000000000000000e+01 1.869108215638316306e+00
2.100000000000000000e+01 1.400000000000000000e+01 1.855285499089011081e+00
2.100000000000000000e+01 1.500000000000000000e+01 1.737579884564925958e+00
2.100000000000000000e+01 1.600000000000000000e+01 1.561897240266213460e+00
2.100000000000000000e+01 1.700000000000000000e+01 1.527046194378599786e+00
2.100000000000000000e+01 1.800000000000000000e+01 1.534010637765365059e+00
2.100000000000000000e+01 1.900000000000000000e+01 1.532261494359160814e+00
2.100000000000000000e+01 2.000000000000000000e+01 1.504141934240797340e+00
2.100000000000000000e+01 2.100000000000000000e+01 1.425055815384014712e+00
2.100000000000000000e+01 2.200000000000000000e+01 1.400566270725048135e+00
2.100000000000000000e+01 2.300000000000000000e+01 1.414253816243183470e+00
2.100000000000000000e+01 2.400000000000000000e+01 1.365544509082996738e+00
2.100000000000000000e+01 2.500000000000000000e+01 1.321719571700955997e+00
2.100000000000000000e+01 2.600000000000000000e+01 1.317720768356305472e+00
2.100000000000000000e+01 2.700000000000000000e+01 1.234150068579817239e+00
2.100000000000000000e+01 2.800000000000000000e+01 1.128829890096999078e+00
2.100000000000000000e+01 2.900000000000000000e+01 1.107678024865997424e+00
2.200000000000000000e+01 8.000000000000000000e+00 nan
2.200000000000000000e+01 9.000000000000000000e+00 2.016789839105927573e+00
2.200000000000000000e+01 1.000000000000000000e+01 2.010999497057784691e+00
2.200000000000000000e+01 1.100000000000000000e+01 1.967496915964797921e+00
2.200000000000000000e+01 1.200000000000000000e+01 1.891719383636490726e+00
2.200000000000000000e+01 1.300000000000000000e+01 1.854912624289842382e+00
2.200000000000000000e+01 1.400000000000000000e+01 1.853881105207640934e+00
2.200000000000000000e+01 1.500000000000000000e+01 1.731532533488164383e+00
2.200000000000000000e+01 1.600000000000000000e+01 1.546949191754737551e+00
2.200000000000000000e+01 1.700000000000000000e+01 1.523626039307661273e+00
2.200000000000000000e+01 1.800000000000000000e+01 1.531542185213349283e+00
2.200000000000000000e+01 1.900000000000000000e+01 1.525991284935921399e+00
2.200000000000000000e+01 2.000000000000000000e+01 1.521377150343215634e+00
2.200000000000000000e+01 2.100000000000000000e+01 1.453654688876568679e+00
2.200000000000000000e+01 2.200000000000000000e+01 1.417257147539587869e+00
2.200000000000000000e+01 2.300000000000000000e+01 1.432148209455270660e+00
2.200000000000000000e+01 2.400000000000000000e+01 1.378548926838262467e+00
2.200000000000000000e+01 2.500000000000000000e+01 1.333687421556200681e+00
2.200000000000000000e+01 2.600000000000000000e+01 1.339045763991197902e+00
2.200000000000000000e+01 2.700000000000000000e+01 1.235175981726307048e+00
2.200000000000000000e+01 2.800000000000000000e+01 1.131391298138779478e+00
2.200000000000000000e+01 2.900000000000000000e+01 nan
