Longitude[deg], Latitude[deg], Dust optical depth
7.400000000000000000e+01 1.200000000000000000e+01 nan
7.400000000000000000e+01 1.300000000000000000e+01 nan
7.400000000000000000e+01 1.400000000000000000e+01 3.715952958254143734e+00
7.400000000000000000e+01 1.500000000000000000e+01 3.660976958557499383e+00
7.400000000000000000e+01 1.600000000000000000e+01 3.593193998778442477e+00
7.400000000000000000e+01 1.700000000000000000e+01 nan
7.500000000000000000e+01 1.200000000000000000e+01 3.888452269281555740e+00
7.500000000000000000e+01 1.300000000000000000e+01 3.823961697166600171e+00
7.500000000000000000e+01 1.400000000000000000e+01 3.790463910099749256e+00
7.500000000000000000e+01 1.500000000000000000e+01 3.750555448358421806e+00
7.500000000000000000e+01 1.600000000000000000e+01 3.710800626619323861e+00
7.500000000000000000e+01 1.700000000000000000e+01 nan
7.600000000000000000e+01 1.200000000000000000e+01 3.833143976319777213e+00
7.600000000000000000e+01 1.300000000000000000e+01 3.774867458675899456e+00
7.600000000000000000e+01 1.400000000000000000e+01 3.757702296466730818e+00
7.600000000000000000e+01 1.500000000000000000e+01 3.749457243795180084e+00
7.600000000000000000e+01 1.600000000000000000e+01 3.736132803421330806e+00
7.600000000000000000e+01 1.700000000000000000e+01 nan
7.700000000000000000e+01 1.200000000000000000e+01 3.730522984589776492e+00
7.700000000000000000e+01 1.300000000000000000e+01 3.701787656098873835e+00
7.700000000000000000e+01 1.400000000000000000e+01 3.726716464729836087e+00
7.700000000000000000e+01 1.500000000000000000e+01 3.757702296466730818e+00
7.700000000000000000e+01 1.600000000000000000e+01 3.766478816072963642e+00
7.700000000000000000e+01 1.700000000000000000e+01 3.827561637762120661e+00
7.800000000000000000e+01 1.200000000000000000e+01 3.670092704493038038e+00
7.800000000000000000e+01 1.300000000000000000e+01 3.677845945665367822e+00
7.800000000000000000e+01 1.400000000000000000e+01 3.736887343656311256e+00
7.800000000000000000e+01 1.500000000000000000e+01 3.791650316689118227e+00
7.800000000000000000e+01 1.600000000000000000e+01 3.797932182305720161e+00
7.800000000000000000e+01 1.700000000000000000e+01 nan
