Longitude[deg], Latitude[deg], Dust optical depth
-8.100000000000000000e+01 -1.200000000000000000e+01 nan
-8.100000000000000000e+01 -1.100000000000000000e+01 nan
-8.100000000000000000e+01 -1.000000000000000000e+01 nan
-8.100000000000000000e+01 -9.000000000000000000e+00 nan
-8.100000000000000000e+01 -8.000000000000000000e+00 nan
-8.100000000000000000e+01 -7.000000000000000000e+00 6.511917607086555870e-01
-8.100000000000000000e+01 -6.000000000000000000e+00 7.280175801819436243e-01
-8.100000000000000000e+01 -5.000000000000000000e+00 1.005592926714615754e+00
-8.100000000000000000e+01 -4.000000000000000000e+00 8.718642213124339069e-01
-8.100000000000000000e+01 -3.000000000000000000e+00 8.056261252224645730e-01
-8.100000000000000000e+01 -2.000000000000000000e+00 8.653938822420731425e-01
-8.100000000000000000e+01 -1.000000000000000000e+00 9.539717056882528468e-01
-8.100000000000000000e+01 0.000000000000000000e+00 1.042456314477850698e+00
-8.100000000000000000e+01 1.000000000000000000e+00 1.017338970570783818e+00
-8.100000000000000000e+01 2.000000000000000000e+00 9.179943888712541744e-01
-8.100000000000000000e+01 3.000000000000000000e+00 9.345206427243505365e-01
-8.000000000000000000e+01 -1.200000000000000000e+01 1.195606295633302008e+00
-8.000000000000000000e+01 -1.100000000000000000e+01 8.673718152777736279e-01
-8.000000000000000000e+01 -1.000000000000000000e+01 8.324822692102330501e-01
-8.000000000000000000e+01 -9.000000000000000000e+00 8.447101812583529545e-01
-8.000000000000000000e+01 -8.000000000000000000e+00 6.366141168757738500e-01
-8.000000000000000000e+01 -7.000000000000000000e+00 6.582292832583452880e-01
-8.000000000000000000e+01 -6.000000000000000000e+00 9.661617136199001088e-01
-8.000000000000000000e+01 -5.000000000000000000e+00 9.567922022511589075e-01
-8.000000000000000000e+01 -4.000000000000000000e+00 7.115509942836957258e-01
-8.000000000000000000e+01 -3.000000000000000000e+00 7.796638758788349000e-01
-8.000000000000000000e+01 -2.000000000000000000e+00 8.546098336624110559e-01
-8.000000000000000000e+01 -1.000000000000000000e+00 9.381311614654829212e-01
-8.000000000000000000e+01 0.000000000000000000e+00 1.064382584560871647e+00
-8.000000000000000000e+01 1.000000000000000000e+00 1.126654383056758579e+00
-8.000000000000000000e+01 2.000000000000000000e+00 1.038855148598723632e+00
-8.000000000000000000e+01 3.000000000000000000e+00 9.547671243958888443e-01
-7.900000000000000000e+01 -1.200000000000000000e+01 1.212274808954156402e+00
-7.900000000000000000e+01 -1.100000000000000000e+01 8.845618772052263878e-01
-7.900000000000000000e+01 -1.000000000000000000e+01 8.420960517611546514e-01
-7.900000000000000000e+01 -9.000000000000000000e+00 7.691276574152752232e-01
-7.900000000000000000e+01 -8.000000000000000000e+00 6.340590191916452012e-01
-7.900000000000000000e+01 -7.000000000000000000e+00 6.713269167321831432e-01
-7.900000000000000000e+01 -6.000000000000000000e+00 9.455632232377020330e-01
-7.900000000000000000e+01 -5.000000000000000000e+00 8.517697672557742461e-01
-7.900000000000000000e+01 -4.000000000000000000e+00 6.945694825326556021e-01
-7.900000000000000000e+01 -3.000000000000000000e+00 7.866535752046683871e-01
-7.900000000000000000e+01 -2.000000000000000000e+00 8.560727534742506029e-01
-7.900000000000000000e+01 -1.000000000000000000e+00 9.312254259416614666e-01
-7.900000000000000000e+01 0.000000000000000000e+00 1.086476813022047461e+00
-7.900000000000000000e+01 1.000000000000000000e+00 1.187416414990434488e+00
-7.900000000000000000e+01 2.000000000000000000e+00 1.183931975452175767e+00
-7.900000000000000000e+01 3.000000000000000000e+00 1.000938856078242845e+00
-7.800000000000000000e+01 -1.200000000000000000e+01 1.265934825309063205e+00
-7.800000000000000000e+01 -1.100000000000000000e+01 1.212475776411900075e+00
-7.800000000000000000e+01 -1.000000000000000000e+01 8.546299836781995340e-01
-7.800000000000000000e+01 -9.000000000000000000e+00 7.450152347764656957e-01
-7.800000000000000000e+01 -8.000000000000000000e+00 6.193428759326515820e-01
-7.800000000000000000e+01 -7.000000000000000000e+00 7.350914096823103483e-01
-7.800000000000000000e+01 -6.000000000000000000e+00 7.178077082595469838e-01
-7.800000000000000000e+01 -5.000000000000000000e+00 6.944576930717499819e-01
-7.800000000000000000e+01 -4.000000000000000000e+00 7.235202807088589871e-01
-7.800000000000000000e+01 -3.000000000000000000e+00 9.153572016098259212e-01
-7.800000000000000000e+01 -2.000000000000000000e+00 8.775446791880043840e-01
-7.800000000000000000e+01 -1.000000000000000000e+00 9.173288970950350674e-01
-7.800000000000000000e+01 0.000000000000000000e+00 1.018249193917313500e+00
-7.800000000000000000e+01 1.000000000000000000e+00 1.095141396031010794e+00
-7.800000000000000000e+01 2.000000000000000000e+00 1.150244401000064753e+00
-7.800000000000000000e+01 3.000000000000000000e+00 nan
