Longitude[deg], Latitude[deg], Dust optical depth
-2.400000000000000000e+01 -5.500000000000000000e+01 3.070714697108853919e+00
-2.400000000000000000e+01 -5.400000000000000000e+01 3.079247973702389007e+00
-2.400000000000000000e+01 -5.300000000000000000e+01 3.123381065338629803e+00
-2.400000000000000000e+01 -5.200000000000000000e+01 3.206097919151743803e+00
-2.400000000000000000e+01 -5.100000000000000000e+01 3.184683173253105348e+00
-2.400000000000000000e+01 -5.000000000000000000e+01 3.158210426614997512e+00
-2.400000000000000000e+01 -4.900000000000000000e+01 3.187101076354595275e+00
-2.400000000000000000e+01 -4.800000000000000000e+01 3.266630162125268466e+00
-2.400000000000000000e+01 -4.700000000000000000e+01 3.403789597930746424e+00
-2.400000000000000000e+01 -4.600000000000000000e+01 3.567518107149867834e+00
-2.400000000000000000e+01 -4.500000000000000000e+01 3.827635771425170752e+00
-2.400000000000000000e+01 -4.400000000000000000e+01 4.046144136645394518e+00
-2.400000000000000000e+01 -4.300000000000000000e+01 4.117308762659236621e+00
-2.400000000000000000e+01 -4.200000000000000000e+01 4.000801182781193788e+00
-2.400000000000000000e+01 -4.100000000000000000e+01 4.116501485621124168e+00
-2.400000000000000000e+01 -4.000000000000000000e+01 4.170850304621756877e+00
-2.400000000000000000e+01 -3.900000000000000000e+01 4.248784695353587715e+00
-2.400000000000000000e+01 -3.800000000000000000e+01 4.606348869577641558e+00
-2.400000000000000000e+01 -3.700000000000000000e+01 4.904495915184774013e+00
-2.400000000000000000e+01 -3.600000000000000000e+01 5.130968582896157315e+00
-2.400000000000000000e+01 -3.500000000000000000e+01 5.301477274448857635e+00
-2.400000000000000000e+01 -3.400000000000000000e+01 5.625740845999838591e+00
-2.400000000000000000e+01 -3.300000000000000000e+01 5.915109470150179405e+00
-2.400000000000000000e+01 -3.200000000000000000e+01 6.039537485778290637e+00
-2.400000000000000000e+01 -3.100000000000000000e+01 6.136390236331941139e+00
-2.400000000000000000e+01 -3.000000000000000000e+01 6.078700363189442513e+00
-2.400000000000000000e+01 -2.900000000000000000e+01 6.039422414996738375e+00
-2.400000000000000000e+01 -2.800000000000000000e+01 nan
-2.300000000000000000e+01 -5.500000000000000000e+01 3.070714697108853919e+00
-2.300000000000000000e+01 -5.400000000000000000e+01 3.079247973702389007e+00
-2.300000000000000000e+01 -5.300000000000000000e+01 3.123381065338629803e+00
-2.300000000000000000e+01 -5.200000000000000000e+01 3.206097919151743803e+00
-2.300000000000000000e+01 -5.100000000000000000e+01 3.184683173253105348e+00
-2.300000000000000000e+01 -5.000000000000000000e+01 3.157832877426147711e+00
-2.300000000000000000e+01 -4.900000000000000000e+01 3.186004084278969639e+00
-2.300000000000000000e+01 -4.800000000000000000e+01 3.280701202321335774e+00
-2.300000000000000000e+01 -4.700000000000000000e+01 3.402812567287179402e+00
-2.300000000000000000e+01 -4.600000000000000000e+01 3.570330657673785879e+00
-2.300000000000000000e+01 -4.500000000000000000e+01 3.838946446510848265e+00
-2.300000000000000000e+01 -4.400000000000000000e+01 4.054780647540374261e+00
-2.300000000000000000e+01 -4.300000000000000000e+01 4.079951632149981577e+00
-2.300000000000000000e+01 -4.200000000000000000e+01 3.995241514688349760e+00
-2.300000000000000000e+01 -4.100000000000000000e+01 4.121448586733246877e+00
-2.300000000000000000e+01 -4.000000000000000000e+01 4.166343814803776802e+00
-2.300000000000000000e+01 -3.900000000000000000e+01 4.249942378437161494e+00
-2.300000000000000000e+01 -3.800000000000000000e+01 4.604095205573651484e+00
-2.300000000000000000e+01 -3.700000000000000000e+01 4.895945613833148968e+00
-2.300000000000000000e+01 -3.600000000000000000e+01 5.084328363304806864e+00
-2.300000000000000000e+01 -3.500000000000000000e+01 5.288962256687042895e+00
-2.300000000000000000e+01 -3.400000000000000000e+01 5.615036403111062668e+00
-2.300000000000000000e+01 -3.300000000000000000e+01 5.924946411926499401e+00
-2.300000000000000000e+01 -3.200000000000000000e+01 6.057758372483677434e+00
-2.300000000000000000e+01 -3.100000000000000000e+01 6.130021409239590824e+00
-2.300000000000000000e+01 -3.000000000000000000e+01 6.087341671879983984e+00
-2.300000000000000000e+01 -2.900000000000000000e+01 5.998290410518554161e+00
-2.300000000000000000e+01 -2.800000000000000000e+01 nan
-2.200000000000000000e+01 -5.500000000000000000e+01 nan
-2.200000000000000000e+01 -5.400000000000000000e+01 nan
-2.200000000000000000e+01 -5.300000000000000000e+01 nan
-2.200000000000000000e+01 -5.200000000000000000e+01 nan
-2.200000000000000000e+01 -5.100000000000000000e+01 nan
-2.200000000000000000e+01 -5.000000000000000000e+01 nan
-2.200000000000000000e+01 -4.900000000000000000e+01 3.183603374427186328e+00
-2.200000000000000000e+01 -4.800000000000000000e+01 3.363885392722782086e+00
-2.200000000000000000e+01 -4.700000000000000000e+01 3.400656554663040509e+00
-2.200000000000000000e+01 -4.600000000000000000e+01 3.572482910681894275e+00
-2.200000000000000000e+01 -4.500000000000000000e+01 3.857180668240797417e+00
-2.200000000000000000e+01 -4.400000000000000000e+01 4.060138687714238692e+00
-2.200000000000000000e+01 -4.300000000000000000e+01 4.057344570818345986e+00
-2.200000000000000000e+01 -4.200000000000000000e+01 3.988376147857354059e+00
-2.200000000000000000e+01 -4.100000000000000000e+01 4.124781733173806586e+00
-2.200000000000000000e+01 -4.000000000000000000e+01 4.165426186986531221e+00
-2.200000000000000000e+01 -3.900000000000000000e+01 4.250034751829297797e+00
-2.200000000000000000e+01 -3.800000000000000000e+01 4.599754225142118180e+00
-2.200000000000000000e+01 -3.700000000000000000e+01 4.891858590707783172e+00
-2.200000000000000000e+01 -3.600000000000000000e+01 5.069089212156822732e+00
-2.200000000000000000e+01 -3.500000000000000000e+01 5.286725483814104898e+00
-2.200000000000000000e+01 -3.400000000000000000e+01 5.610467610840731645e+00
-2.200000000000000000e+01 -3.300000000000000000e+01 5.929665516016339843e+00
-2.200000000000000000e+01 -3.200000000000000000e+01 6.067528085343092847e+00
-2.200000000000000000e+01 -3.100000000000000000e+01 6.127805689803058620e+00
-2.200000000000000000e+01 -3.000000000000000000e+01 6.090328845626168608e+00
-2.200000000000000000e+01 -2.900000000000000000e+01 5.887203456068506036e+00
-2.200000000000000000e+01 -2.800000000000000000e+01 nan
