Longitude[deg], Latitude[deg], Dust optical depth
-4.500000000000000000e+01 -3.500000000000000000e+01 nan
-4.500000000000000000e+01 -3.400000000000000000e+01 nan
-4.500000000000000000e+01 -3.300000000000000000e+01 nan
-4.500000000000000000e+01 -3.200000000000000000e+01 nan
-4.500000000000000000e+01 -3.100000000000000000e+01 nan
-4.500000000000000000e+01 -3.000000000000000000e+01 nan
-4.500000000000000000e+01 -2.900000000000000000e+01 nan
-4.500000000000000000e+01 -2.800000000000000000e+01 nan
-4.500000000000000000e+01 -2.700000000000000000e+01 nan
-4.500000000000000000e+01 -2.600000000000000000e+01 nan
-4.500000000000000000e+01 -2.500000000000000000e+01 nan
-4.500000000000000000e+01 -2.400000000000000000e+01 nan
-4.500000000000000000e+01 -2.300000000000000000e+01 nan
-4.500000000000000000e+01 -2.200000000000000000e+01 nan
-4.500000000000000000e+01 -2.100000000000000000e+01 nan
-4.500000000000000000e+01 -2.000000000000000000e+01 nan
-4.500000000000000000e+01 -1.900000000000000000e+01 nan
-4.500000000000000000e+01 -1.800000000000000000e+01 nan
-4.500000000000000000e+01 -1.700000000000000000e+01 nan
-4.500000000000000000e+01 -1.600000000000000000e+01 nan
-4.500000000000000000e+01 -1.500000000000000000e+01 nan
-4.500000000000000000e+01 -1.400000000000000000e+01 nan
-4.500000000000000000e+01 -1.300000000000000000e+01 1.326710717695803288e+00
-4.500000000000000000e+01 -1.200000000000000000e+01 1.244814896728061893e+00
-4.500000000000000000e+01 -1.100000000000000000e+01 1.361951858041845709e+00
-4.500000000000000000e+01 -1.000000000000000000e+01 1.424900027110617362e+00
-4.500000000000000000e+01 -9.000000000000000000e+00 1.403895670630646686e+00
-4.500000000000000000e+01 -8.000000000000000000e+00 nan
-4.400000000000000000e+01 -3.500000000000000000e+01 1.280019616176133024e+00
-4.400000000000000000e+01 -3.400000000000000000e+01 1.225047092232429025e+00
-4.400000000000000000e+01 -3.300000000000000000e+01 1.076823935181167924e+00
-4.400000000000000000e+01 -3.200000000000000000e+01 8.982417377221197929e-01
-4.400000000000000000e+01 -3.100000000000000000e+01 8.334543111406378380e-01
-4.400000000000000000e+01 -3.000000000000000000e+01 7.538767661351576388e-01
-4.400000000000000000e+01 -2.900000000000000000e+01 8.729624365098384020e-01
-4.400000000000000000e+01 -2.800000000000000000e+01 1.144634752982451209e+00
-4.400000000000000000e+01 -2.700000000000000000e+01 1.234854179291122511e+00
-4.400000000000000000e+01 -2.600000000000000000e+01 1.139459205050741719e+00
-4.400000000000000000e+01 -2.500000000000000000e+01 1.092911167646366088e+00
-4.400000000000000000e+01 -2.400000000000000000e+01 1.064893856439206532e+00
-4.400000000000000000e+01 -2.300000000000000000e+01 1.097149768223969479e+00
-4.400000000000000000e+01 -2.200000000000000000e+01 1.128504424668315353e+00
-4.400000000000000000e+01 -2.100000000000000000e+01 1.137276859146926222e+00
-4.400000000000000000e+01 -2.000000000000000000e+01 1.218744883743748897e+00
-4.400000000000000000e+01 -1.900000000000000000e+01 1.248133276115866552e+00
-4.400000000000000000e+01 -1.800000000000000000e+01 1.274176022806044584e+00
-4.400000000000000000e+01 -1.700000000000000000e+01 1.438704143307104166e+00
-4.400000000000000000e+01 -1.600000000000000000e+01 1.506585811223619675e+00
-4.400000000000000000e+01 -1.500000000000000000e+01 1.472957083547878687e+00
-4.400000000000000000e+01 -1.400000000000000000e+01 1.436667096468659199e+00
-4.400000000000000000e+01 -1.300000000000000000e+01 1.318959710493889048e+00
-4.400000000000000000e+01 -1.200000000000000000e+01 1.293684853349269970e+00
-4.400000000000000000e+01 -1.100000000000000000e+01 1.380287756751411132e+00
-4.400000000000000000e+01 -1.000000000000000000e+01 1.403130734696095727e+00
-4.400000000000000000e+01 -9.000000000000000000e+00 1.415807808035967952e+00
-4.400000000000000000e+01 -8.000000000000000000e+00 nan
-4.300000000000000000e+01 -3.500000000000000000e+01 1.280019616176133024e+00
-4.300000000000000000e+01 -3.400000000000000000e+01 1.225047092232429025e+00
-4.300000000000000000e+01 -3.300000000000000000e+01 1.076823935181167924e+00
-4.300000000000000000e+01 -3.200000000000000000e+01 8.982417377221197929e-01
-4.300000000000000000e+01 -3.100000000000000000e+01 8.334543111406378380e-01
-4.300000000000000000e+01 -3.000000000000000000e+01 7.538767661351576388e-01
-4.300000000000000000e+01 -2.900000000000000000e+01 8.729624365098384020e-01
-4.300000000000000000e+01 -2.800000000000000000e+01 1.144634752982451209e+00
-4.300000000000000000e+01 -2.700000000000000000e+01 1.234854179291122511e+00
-4.300000000000000000e+01 -2.600000000000000000e+01 1.139459205050741719e+00
-4.300000000000000000e+01 -2.500000000000000000e+01 1.092911167646366088e+00
-4.300000000000000000e+01 -2.400000000000000000e+01 1.064893856439206532e+00
-4.300000000000000000e+01 -2.300000000000000000e+01 1.097149768223969479e+00
-4.300000000000000000e+01 -2.200000000000000000e+01 1.128504424668315353e+00
-4.300000000000000000e+01 -2.100000000000000000e+01 1.137276859146926222e+00
-4.300000000000000000e+01 -2.000000000000000000e+01 1.218744883743748897e+00
-4.300000000000000000e+01 -1.900000000000000000e+01 1.248133276115866552e+00
-4.300000000000000000e+01 -1.800000000000000000e+01 1.274176022806044584e+00
-4.300000000000000000e+01 -1.700000000000000000e+01 1.438704143307104166e+00
-4.300000000000000000e+01 -1.600000000000000000e+01 1.506585811223619675e+00
-4.300000000000000000e+01 -1.500000000000000000e+01 1.472957083547878687e+00
-4.300000000000000000e+01 -1.400000000000000000e+01 1.437447395751545676e+00
-4.300000000000000000e+01 -1.300000000000000000e+01 1.318666816004123943e+00
-4.300000000000000000e+01 -1.200000000000000000e+01 1.296174242213943284e+00
-4.300000000000000000e+01 -1.100000000000000000e+01 1.382073612441084620e+00
-4.300000000000000000e+01 -1.000000000000000000e+01 1.397474594465684339e+00
-4.300000000000000000e+01 -9.000000000000000000e+00 1.424332866324582891e+00
-4.300000000000000000e+01 -8.000000000000000000e+00 nan
