Longitude[deg], Latitude[deg], Dust optical depth
1.530000000000000000e+02 -2.000000000000000000e+00 nan
1.530000000000000000e+02 -1.000000000000000000e+00 nan
1.530000000000000000e+02 0.000000000000000000e+00 nan
1.530000000000000000e+02 1.000000000000000000e+00 nan
1.530000000000000000e+02 2.000000000000000000e+00 nan
1.530000000000000000e+02 3.000000000000000000e+00 nan
1.530000000000000000e+02 4.000000000000000000e+00 nan
1.530000000000000000e+02 5.000000000000000000e+00 1.419675088407637231e+00
1.530000000000000000e+02 6.000000000000000000e+00 1.305177506693106393e+00
1.530000000000000000e+02 7.000000000000000000e+00 9.909637914696982630e-01
1.530000000000000000e+02 8.000000000000000000e+00 4.200994027393457064e-01
1.530000000000000000e+02 9.000000000000000000e+00 4.139025546341952855e-01
1.530000000000000000e+02 1.000000000000000000e+01 4.135533191059387881e-01
1.530000000000000000e+02 1.100000000000000000e+01 3.384738574154325108e-01
1.530000000000000000e+02 1.200000000000000000e+01 4.590485830405342527e-01
1.530000000000000000e+02 1.300000000000000000e+01 4.799613450896388911e-01
1.530000000000000000e+02 1.400000000000000000e+01 nan
1.540000000000000000e+02 -2.000000000000000000e+00 1.972361525943634675e+00
1.540000000000000000e+02 -1.000000000000000000e+00 1.975546546142630921e+00
1.540000000000000000e+02 0.000000000000000000e+00 1.966725056698578333e+00
1.540000000000000000e+02 1.000000000000000000e+00 1.827444773782448628e+00
1.540000000000000000e+02 2.000000000000000000e+00 1.765483958943235177e+00
1.540000000000000000e+02 3.000000000000000000e+00 1.704123333684858910e+00
1.540000000000000000e+02 4.000000000000000000e+00 1.634279559827907180e+00
1.540000000000000000e+02 5.000000000000000000e+00 1.589668305907810941e+00
1.540000000000000000e+02 6.000000000000000000e+00 1.396385098151179172e+00
1.540000000000000000e+02 7.000000000000000000e+00 1.117179729666863297e+00
1.540000000000000000e+02 8.000000000000000000e+00 6.852718536408174410e-01
1.540000000000000000e+02 9.000000000000000000e+00 4.138893747249977606e-01
1.540000000000000000e+02 1.000000000000000000e+01 3.822933316458735353e-01
1.540000000000000000e+02 1.100000000000000000e+01 3.248789401289310930e-01
1.540000000000000000e+02 1.200000000000000000e+01 4.478349177780253099e-01
1.540000000000000000e+02 1.300000000000000000e+01 4.833397620898643443e-01
1.540000000000000000e+02 1.400000000000000000e+01 nan
1.550000000000000000e+02 -2.000000000000000000e+00 1.965097658390872581e+00
1.550000000000000000e+02 -1.000000000000000000e+00 1.972838093994639719e+00
1.550000000000000000e+02 0.000000000000000000e+00 1.947056060631850105e+00
1.550000000000000000e+02 1.000000000000000000e+00 1.797145479756374176e+00
1.550000000000000000e+02 2.000000000000000000e+00 1.758495807706074388e+00
1.550000000000000000e+02 3.000000000000000000e+00 1.702245402419356735e+00
1.550000000000000000e+02 4.000000000000000000e+00 1.639084499961130037e+00
1.550000000000000000e+02 5.000000000000000000e+00 1.598611559620975786e+00
1.550000000000000000e+02 6.000000000000000000e+00 1.406365935017671154e+00
1.550000000000000000e+02 7.000000000000000000e+00 1.120497356043355985e+00
1.550000000000000000e+02 8.000000000000000000e+00 7.245695091400267129e-01
1.550000000000000000e+02 9.000000000000000000e+00 4.142103135716267426e-01
1.550000000000000000e+02 1.000000000000000000e+01 3.722006027133056838e-01
1.550000000000000000e+02 1.100000000000000000e+01 3.238474101396976446e-01
1.550000000000000000e+02 1.200000000000000000e+01 4.473139843635832724e-01
1.550000000000000000e+02 1.300000000000000000e+01 4.807068033651463734e-01
1.550000000000000000e+02 1.400000000000000000e+01 nan
1.560000000000000000e+02 -2.000000000000000000e+00 1.954732967233515639e+00
1.560000000000000000e+02 -1.000000000000000000e+00 1.963196346425017280e+00
1.560000000000000000e+02 0.000000000000000000e+00 1.905086945319044878e+00
1.560000000000000000e+02 1.000000000000000000e+00 1.762999183490940869e+00
1.560000000000000000e+02 2.000000000000000000e+00 1.733644871087498540e+00
1.560000000000000000e+02 3.000000000000000000e+00 1.694200687994759980e+00
1.560000000000000000e+02 4.000000000000000000e+00 1.650639688921533565e+00
1.560000000000000000e+02 5.000000000000000000e+00 1.617149271176481884e+00
1.560000000000000000e+02 6.000000000000000000e+00 1.417191757658169848e+00
1.560000000000000000e+02 7.000000000000000000e+00 1.097774857870667420e+00
1.560000000000000000e+02 8.000000000000000000e+00 7.555169150452202276e-01
1.560000000000000000e+02 9.000000000000000000e+00 4.171286986008427289e-01
1.560000000000000000e+02 1.000000000000000000e+01 3.831520261400605531e-01
1.560000000000000000e+02 1.100000000000000000e+01 3.276007126182205464e-01
1.560000000000000000e+02 1.200000000000000000e+01 4.593357573853394382e-01
1.560000000000000000e+02 1.300000000000000000e+01 4.723569312441324719e-01
1.560000000000000000e+02 1.400000000000000000e+01 nan
