Longitude[deg], Latitude[deg], Dust optical depth
-1.090000000000000000e+02 -2.000000000000000000e+00 nan
-1.090000000000000000e+02 -1.000000000000000000e+00 nan
-1.090000000000000000e+02 0.000000000000000000e+00 nan
-1.090000000000000000e+02 1.000000000000000000e+00 nan
-1.090000000000000000e+02 2.000000000000000000e+00 nan
-1.090000000000000000e+02 3.000000000000000000e+00 nan
-1.090000000000000000e+02 4.000000000000000000e+00 nan
-1.090000000000000000e+02 5.000000000000000000e+00 nan
-1.090000000000000000e+02 6.000000000000000000e+00 nan
-1.090000000000000000e+02 7.000000000000000000e+00 nan
-1.090000000000000000e+02 8.000000000000000000e+00 nan
-1.090000000000000000e+02 9.000000000000000000e+00 2.012596626527360044e+00
-1.090000000000000000e+02 1.000000000000000000e+01 1.645274116386004959e+00
-1.090000000000000000e+02 1.100000000000000000e+01 1.690289461326419440e+00
-1.090000000000000000e+02 1.200000000000000000e+01 1.677318324642828928e+00
-1.090000000000000000e+02 1.300000000000000000e+01 1.662430347729362934e+00
-1.090000000000000000e+02 1.400000000000000000e+01 nan
-1.080000000000000000e+02 -2.000000000000000000e+00 nan
-1.080000000000000000e+02 -1.000000000000000000e+00 nan
-1.080000000000000000e+02 0.000000000000000000e+00 nan
-1.080000000000000000e+02 1.000000000000000000e+00 nan
-1.080000000000000000e+02 2.000000000000000000e+00 nan
-1.080000000000000000e+02 3.000000000000000000e+00 nan
-1.080000000000000000e+02 4.000000000000000000e+00 nan
-1.080000000000000000e+02 5.000000000000000000e+00 nan
-1.080000000000000000e+02 6.000000000000000000e+00 nan
-1.080000000000000000e+02 7.000000000000000000e+00 nan
-1.080000000000000000e+02 8.000000000000000000e+00 nan
-1.080000000000000000e+02 9.000000000000000000e+00 2.064743282381196199e+00
-1.080000000000000000e+02 1.000000000000000000e+01 1.635397777738127889e+00
-1.080000000000000000e+02 1.100000000000000000e+01 1.659203961090499613e+00
-1.080000000000000000e+02 1.200000000000000000e+01 1.667005699288301557e+00
-1.080000000000000000e+02 1.300000000000000000e+01 1.650690014534109240e+00
-1.080000000000000000e+02 1.400000000000000000e+01 1.540907866331423515e+00
-1.070000000000000000e+02 -2.000000000000000000e+00 nan
-1.070000000000000000e+02 -1.000000000000000000e+00 nan
-1.070000000000000000e+02 0.000000000000000000e+00 nan
-1.070000000000000000e+02 1.000000000000000000e+00 nan
-1.070000000000000000e+02 2.000000000000000000e+00 nan
-1.070000000000000000e+02 3.000000000000000000e+00 nan
-1.070000000000000000e+02 4.000000000000000000e+00 nan
-1.070000000000000000e+02 5.000000000000000000e+00 nan
-1.070000000000000000e+02 6.000000000000000000e+00 nan
-1.070000000000000000e+02 7.000000000000000000e+00 nan
-1.070000000000000000e+02 8.000000000000000000e+00 nan
-1.070000000000000000e+02 9.000000000000000000e+00 2.077885195982232869e+00
-1.070000000000000000e+02 1.000000000000000000e+01 1.626833324773014677e+00
-1.070000000000000000e+02 1.100000000000000000e+01 1.655112337147068846e+00
-1.070000000000000000e+02 1.200000000000000000e+01 1.652260927922831524e+00
-1.070000000000000000e+02 1.300000000000000000e+01 1.619331387304711489e+00
-1.070000000000000000e+02 1.400000000000000000e+01 1.539377098620188677e+00
-1.060000000000000000e+02 -2.000000000000000000e+00 nan
-1.060000000000000000e+02 -1.000000000000000000e+00 nan
-1.060000000000000000e+02 0.000000000000000000e+00 nan
-1.060000000000000000e+02 1.000000000000000000e+00 nan
-1.060000000000000000e+02 2.000000000000000000e+00 nan
-1.060000000000000000e+02 3.000000000000000000e+00 nan
-1.060000000000000000e+02 4.000000000000000000e+00 nan
-1.060000000000000000e+02 5.000000000000000000e+00 nan
-1.060000000000000000e+02 6.000000000000000000e+00 nan
-1.060000000000000000e+02 7.000000000000000000e+00 nan
-1.060000000000000000e+02 8.000000000000000000e+00 nan
-1.060000000000000000e+02 9.000000000000000000e+00 nan
-1.060000000000000000e+02 1.000000000000000000e+01 nan
-1.060000000000000000e+02 1.100000000000000000e+01 nan
-1.060000000000000000e+02 1.200000000000000000e+01 1.454137695452252022e+00
-1.060000000000000000e+02 1.300000000000000000e+01 1.478374206513396460e+00
-1.060000000000000000e+02 1.400000000000000000e+01 nan
