Longitude[deg], Latitude[deg], Dust optical depth
-1.590000000000000000e+02 -1.600000000000000000e+01 nan
-1.590000000000000000e+02 -1.500000000000000000e+01 nan
-1.590000000000000000e+02 -1.400000000000000000e+01 nan
-1.590000000000000000e+02 -1.300000000000000000e+01 nan
-1.590000000000000000e+02 -1.200000000000000000e+01 nan
-1.590000000000000000e+02 -1.100000000000000000e+01 nan
-1.590000000000000000e+02 -1.000000000000000000e+01 nan
-1.590000000000000000e+02 -9.000000000000000000e+00 nan
-1.590000000000000000e+02 -8.000000000000000000e+00 nan
-1.590000000000000000e+02 -7.000000000000000000e+00 nan
-1.590000000000000000e+02 -6.000000000000000000e+00 nan
-1.590000000000000000e+02 -5.000000000000000000e+00 nan
-1.590000000000000000e+02 -4.000000000000000000e+00 5.662795974767541374e+00
-1.590000000000000000e+02 -3.000000000000000000e+00 5.740671992109765753e+00
-1.590000000000000000e+02 -2.000000000000000000e+00 5.738915351630800465e+00
-1.590000000000000000e+02 -1.000000000000000000e+00 5.728815680177465453e+00
-1.590000000000000000e+02 0.000000000000000000e+00 5.659792610305740546e+00
-1.590000000000000000e+02 1.000000000000000000e+00 5.770348339016891259e+00
-1.590000000000000000e+02 2.000000000000000000e+00 5.908623002342539898e+00
-1.590000000000000000e+02 3.000000000000000000e+00 5.990247658863837366e+00
-1.590000000000000000e+02 4.000000000000000000e+00 6.062593298269999487e+00
-1.590000000000000000e+02 5.000000000000000000e+00 nan
-1.580000000000000000e+02 -1.600000000000000000e+01 6.125804492552184399e+00
-1.580000000000000000e+02 -1.500000000000000000e+01 6.229841729098317238e+00
-1.580000000000000000e+02 -1.400000000000000000e+01 6.176362421822142679e+00
-1.580000000000000000e+02 -1.300000000000000000e+01 6.072018717892840201e+00
-1.580000000000000000e+02 -1.200000000000000000e+01 6.004969142847214059e+00
-1.580000000000000000e+02 -1.100000000000000000e+01 5.869924252653820673e+00
-1.580000000000000000e+02 -1.000000000000000000e+01 5.813004264062011650e+00
-1.580000000000000000e+02 -9.000000000000000000e+00 5.911538988365538927e+00
-1.580000000000000000e+02 -8.000000000000000000e+00 5.902951181030066330e+00
-1.580000000000000000e+02 -7.000000000000000000e+00 5.758564088254693125e+00
-1.580000000000000000e+02 -6.000000000000000000e+00 5.751294020132125873e+00
-1.580000000000000000e+02 -5.000000000000000000e+00 5.664240834556387050e+00
-1.580000000000000000e+02 -4.000000000000000000e+00 5.553331611492263953e+00
-1.580000000000000000e+02 -3.000000000000000000e+00 5.642316795131689489e+00
-1.580000000000000000e+02 -2.000000000000000000e+00 5.683227406489868017e+00
-1.580000000000000000e+02 -1.000000000000000000e+00 5.719582708803220505e+00
-1.580000000000000000e+02 0.000000000000000000e+00 5.738161855435753189e+00
-1.580000000000000000e+02 1.000000000000000000e+00 5.827978809742716315e+00
-1.580000000000000000e+02 2.000000000000000000e+00 5.926969384396071128e+00
-1.580000000000000000e+02 3.000000000000000000e+00 5.983127085808696677e+00
-1.580000000000000000e+02 4.000000000000000000e+00 6.047451612846460378e+00
-1.580000000000000000e+02 5.000000000000000000e+00 nan
-1.570000000000000000e+02 -1.600000000000000000e+01 6.124449485108604208e+00
-1.570000000000000000e+02 -1.500000000000000000e+01 6.200903387084280460e+00
-1.570000000000000000e+02 -1.400000000000000000e+01 6.207761688512954734e+00
-1.570000000000000000e+02 -1.300000000000000000e+01 6.091481360334828565e+00
-1.570000000000000000e+02 -1.200000000000000000e+01 5.991621551962564851e+00
-1.570000000000000000e+02 -1.100000000000000000e+01 5.867612101964403415e+00
-1.570000000000000000e+02 -1.000000000000000000e+01 5.810293313077493416e+00
-1.570000000000000000e+02 -9.000000000000000000e+00 5.911109435285993641e+00
-1.570000000000000000e+02 -8.000000000000000000e+00 5.907292789302678315e+00
-1.570000000000000000e+02 -7.000000000000000000e+00 5.789572918115423406e+00
-1.570000000000000000e+02 -6.000000000000000000e+00 5.769452534022657453e+00
-1.570000000000000000e+02 -5.000000000000000000e+00 5.630434344712832662e+00
-1.570000000000000000e+02 -4.000000000000000000e+00 5.523836684766262550e+00
-1.570000000000000000e+02 -3.000000000000000000e+00 5.618624986737069449e+00
-1.570000000000000000e+02 -2.000000000000000000e+00 5.676653229977390858e+00
-1.570000000000000000e+02 -1.000000000000000000e+00 5.743319172953649243e+00
-1.570000000000000000e+02 0.000000000000000000e+00 5.791918299842333973e+00
-1.570000000000000000e+02 1.000000000000000000e+00 5.876915768990494726e+00
-1.570000000000000000e+02 2.000000000000000000e+00 5.928532685026148386e+00
-1.570000000000000000e+02 3.000000000000000000e+00 5.955958932332245936e+00
-1.570000000000000000e+02 4.000000000000000000e+00 6.031109227556339825e+00
-1.570000000000000000e+02 5.000000000000000000e+00 5.809070384599801962e+00
-1.560000000000000000e+02 -1.600000000000000000e+01 6.095541578837945451e+00
-1.560000000000000000e+02 -1.500000000000000000e+01 6.138276011237452146e+00
-1.560000000000000000e+02 -1.400000000000000000e+01 6.166843776322109782e+00
-1.560000000000000000e+02 -1.300000000000000000e+01 6.058664666703930557e+00
-1.560000000000000000e+02 -1.200000000000000000e+01 5.964685779312176805e+00
-1.560000000000000000e+02 -1.100000000000000000e+01 5.863205583464437431e+00
-1.560000000000000000e+02 -1.000000000000000000e+01 5.792463290774346518e+00
-1.560000000000000000e+02 -9.000000000000000000e+00 5.883743973597380439e+00
-1.560000000000000000e+02 -8.000000000000000000e+00 5.891484634767919282e+00
-1.560000000000000000e+02 -7.000000000000000000e+00 5.823390136006320716e+00
-1.560000000000000000e+02 -6.000000000000000000e+00 5.767102595719151736e+00
-1.560000000000000000e+02 -5.000000000000000000e+00 5.583928568625295519e+00
-1.560000000000000000e+02 -4.000000000000000000e+00 5.479822150463455444e+00
-1.560000000000000000e+02 -3.000000000000000000e+00 5.608961072169906359e+00
-1.560000000000000000e+02 -2.000000000000000000e+00 5.711161233265632298e+00
-1.560000000000000000e+02 -1.000000000000000000e+00 5.773190628109488465e+00
-1.560000000000000000e+02 0.000000000000000000e+00 5.868702148627106041e+00
-1.560000000000000000e+02 1.000000000000000000e+00 5.926614797497607334e+00
-1.560000000000000000e+02 2.000000000000000000e+00 5.924439257079685994e+00
-1.560000000000000000e+02 3.000000000000000000e+00 5.930458531022411606e+00
-1.560000000000000000e+02 4.000000000000000000e+00 6.027730012324028053e+00
-1.560000000000000000e+02 5.000000000000000000e+00 5.824113104625739723e+00
-1.550000000000000000e+02 -1.600000000000000000e+01 6.026955231037935512e+00
-1.550000000000000000e+02 -1.500000000000000000e+01 6.081795779686415493e+00
-1.550000000000000000e+02 -1.400000000000000000e+01 6.095371725266676144e+00
-1.550000000000000000e+02 -1.300000000000000000e+01 5.984858907736308353e+00
-1.550000000000000000e+02 -1.200000000000000000e+01 5.928386003712907915e+00
-1.550000000000000000e+02 -1.100000000000000000e+01 5.855561363842176625e+00
-1.550000000000000000e+02 -1.000000000000000000e+01 5.762407553215560085e+00
-1.550000000000000000e+02 -9.000000000000000000e+00 5.808479100007578388e+00
-1.550000000000000000e+02 -8.000000000000000000e+00 5.853458064058821186e+00
-1.550000000000000000e+02 -7.000000000000000000e+00 5.808299993040390241e+00
-1.550000000000000000e+02 -6.000000000000000000e+00 5.714521997513784868e+00
-1.550000000000000000e+02 -5.000000000000000000e+00 5.507323735863457692e+00
-1.550000000000000000e+02 -4.000000000000000000e+00 5.453477725646897589e+00
-1.550000000000000000e+02 -3.000000000000000000e+00 5.630261974903552513e+00
-1.550000000000000000e+02 -2.000000000000000000e+00 5.764695966869240351e+00
-1.550000000000000000e+02 -1.000000000000000000e+00 5.855115896137182752e+00
-1.550000000000000000e+02 0.000000000000000000e+00 5.870720335820296398e+00
-1.550000000000000000e+02 1.000000000000000000e+00 5.943631955553160040e+00
-1.550000000000000000e+02 2.000000000000000000e+00 5.958562954432466086e+00
-1.550000000000000000e+02 3.000000000000000000e+00 5.854832559789621804e+00
-1.550000000000000000e+02 4.000000000000000000e+00 nan
-1.550000000000000000e+02 5.000000000000000000e+00 nan
