Longitude[deg], Latitude[deg], Dust optical depth
-2.500000000000000000e+01 1.800000000000000000e+01 nan
-2.500000000000000000e+01 1.900000000000000000e+01 nan
-2.500000000000000000e+01 2.000000000000000000e+01 nan
-2.500000000000000000e+01 2.100000000000000000e+01 nan
-2.500000000000000000e+01 2.200000000000000000e+01 nan
-2.500000000000000000e+01 2.300000000000000000e+01 nan
-2.500000000000000000e+01 2.400000000000000000e+01 nan
-2.500000000000000000e+01 2.500000000000000000e+01 nan
-2.500000000000000000e+01 2.600000000000000000e+01 nan
-2.500000000000000000e+01 2.700000000000000000e+01 nan
-2.500000000000000000e+01 2.800000000000000000e+01 nan
-2.500000000000000000e+01 2.900000000000000000e+01 nan
-2.500000000000000000e+01 3.000000000000000000e+01 nan
-2.500000000000000000e+01 3.100000000000000000e+01 nan
-2.500000000000000000e+01 3.200000000000000000e+01 nan
-2.500000000000000000e+01 3.300000000000000000e+01 nan
-2.500000000000000000e+01 3.400000000000000000e+01 nan
-2.500000000000000000e+01 3.500000000000000000e+01 nan
-2.500000000000000000e+01 3.600000000000000000e+01 nan
-2.500000000000000000e+01 3.700000000000000000e+01 nan
-2.500000000000000000e+01 3.800000000000000000e+01 nan
-2.500000000000000000e+01 3.900000000000000000e+01 nan
-2.400000000000000000e+01 1.800000000000000000e+01 nan
-2.400000000000000000e+01 1.900000000000000000e+01 nan
-2.400000000000000000e+01 2.000000000000000000e+01 nan
-2.400000000000000000e+01 2.100000000000000000e+01 nan
-2.400000000000000000e+01 2.200000000000000000e+01 nan
-2.400000000000000000e+01 2.300000000000000000e+01 nan
-2.400000000000000000e+01 2.400000000000000000e+01 nan
-2.400000000000000000e+01 2.500000000000000000e+01 nan
-2.400000000000000000e+01 2.600000000000000000e+01 nan
-2.400000000000000000e+01 2.700000000000000000e+01 nan
-2.400000000000000000e+01 2.800000000000000000e+01 nan
-2.400000000000000000e+01 2.900000000000000000e+01 nan
-2.400000000000000000e+01 3.000000000000000000e+01 nan
-2.400000000000000000e+01 3.100000000000000000e+01 nan
-2.400000000000000000e+01 3.200000000000000000e+01 nan
-2.400000000000000000e+01 3.300000000000000000e+01 nan
-2.400000000000000000e+01 3.400000000000000000e+01 nan
-2.400000000000000000e+01 3.500000000000000000e+01 nan
-2.400000000000000000e+01 3.600000000000000000e+01 nan
-2.400000000000000000e+01 3.700000000000000000e+01 nan
-2.400000000000000000e+01 3.800000000000000000e+01 nan
-2.400000000000000000e+01 3.900000000000000000e+01 nan
-2.300000000000000000e+01 1.800000000000000000e+01 nan
-2.300000000000000000e+01 1.900000000000000000e+01 nan
-2.300000000000000000e+01 2.000000000000000000e+01 nan
-2.300000000000000000e+01 2.100000000000000000e+01 nan
-2.300000000000000000e+01 2.200000000000000000e+01 nan
-2.300000000000000000e+01 2.300000000000000000e+01 nan
-2.300000000000000000e+01 2.400000000000000000e+01 nan
-2.300000000000000000e+01 2.500000000000000000e+01 nan
-2.300000000000000000e+01 2.600000000000000000e+01 nan
-2.300000000000000000e+01 2.700000000000000000e+01 nan
-2.300000000000000000e+01 2.800000000000000000e+01 nan
-2.300000000000000000e+01 2.900000000000000000e+01 1.989807010056257930e+00
-2.300000000000000000e+01 3.000000000000000000e+01 1.958766656125733308e+00
-2.300000000000000000e+01 3.100000000000000000e+01 1.902774313500772863e+00
-2.300000000000000000e+01 3.200000000000000000e+01 1.829353160319302285e+00
-2.300000000000000000e+01 3.300000000000000000e+01 1.780933510815543741e+00
-2.300000000000000000e+01 3.400000000000000000e+01 nan
-2.300000000000000000e+01 3.500000000000000000e+01 nan
-2.300000000000000000e+01 3.600000000000000000e+01 nan
-2.300000000000000000e+01 3.700000000000000000e+01 nan
-2.300000000000000000e+01 3.800000000000000000e+01 nan
-2.300000000000000000e+01 3.900000000000000000e+01 nan
-2.200000000000000000e+01 1.800000000000000000e+01 nan
-2.200000000000000000e+01 1.900000000000000000e+01 nan
-2.200000000000000000e+01 2.000000000000000000e+01 nan
-2.200000000000000000e+01 2.100000000000000000e+01 nan
-2.200000000000000000e+01 2.200000000000000000e+01 nan
-2.200000000000000000e+01 2.300000000000000000e+01 2.191405475951371695e+00
-2.200000000000000000e+01 2.400000000000000000e+01 2.153666303933912118e+00
-2.200000000000000000e+01 2.500000000000000000e+01 2.207062656676078038e+00
-2.200000000000000000e+01 2.600000000000000000e+01 2.209298888452722931e+00
-2.200000000000000000e+01 2.700000000000000000e+01 2.119910780215421564e+00
-2.200000000000000000e+01 2.800000000000000000e+01 2.019611508265064970e+00
-2.200000000000000000e+01 2.900000000000000000e+01 1.988525890251758632e+00
-2.200000000000000000e+01 3.000000000000000000e+01 1.958036735491607505e+00
-2.200000000000000000e+01 3.100000000000000000e+01 1.907926969267111694e+00
-2.200000000000000000e+01 3.200000000000000000e+01 1.831058038654792108e+00
-2.200000000000000000e+01 3.300000000000000000e+01 1.765960945776412494e+00
-2.200000000000000000e+01 3.400000000000000000e+01 nan
-2.200000000000000000e+01 3.500000000000000000e+01 nan
-2.200000000000000000e+01 3.600000000000000000e+01 nan
-2.200000000000000000e+01 3.700000000000000000e+01 nan
-2.200000000000000000e+01 3.800000000000000000e+01 nan
-2.200000000000000000e+01 3.900000000000000000e+01 nan
-2.100000000000000000e+01 1.800000000000000000e+01 nan
-2.100000000000000000e+01 1.900000000000000000e+01 2.133586610887401314e+00
-2.100000000000000000e+01 2.000000000000000000e+01 2.117998035995621198e+00
-2.100000000000000000e+01 2.100000000000000000e+01 2.148031128568676618e+00
-2.100000000000000000e+01 2.200000000000000000e+01 2.238853424401178405e+00
-2.100000000000000000e+01 2.300000000000000000e+01 2.221103558191654948e+00
-2.100000000000000000e+01 2.400000000000000000e+01 2.144987987088557091e+00
-2.100000000000000000e+01 2.500000000000000000e+01 2.175634769338056440e+00
-2.100000000000000000e+01 2.600000000000000000e+01 2.176579323772476648e+00
-2.100000000000000000e+01 2.700000000000000000e+01 2.104610556746536520e+00
-2.100000000000000000e+01 2.800000000000000000e+01 2.017514668603212158e+00
-2.100000000000000000e+01 2.900000000000000000e+01 1.973231055601782691e+00
-2.100000000000000000e+01 3.000000000000000000e+01 1.959227928007816866e+00
-2.100000000000000000e+01 3.100000000000000000e+01 1.923460946628916535e+00
-2.100000000000000000e+01 3.200000000000000000e+01 1.864571977590719909e+00
-2.100000000000000000e+01 3.300000000000000000e+01 1.788186851041339009e+00
-2.100000000000000000e+01 3.400000000000000000e+01 nan
-2.100000000000000000e+01 3.500000000000000000e+01 nan
-2.100000000000000000e+01 3.600000000000000000e+01 nan
-2.100000000000000000e+01 3.700000000000000000e+01 nan
-2.100000000000000000e+01 3.800000000000000000e+01 nan
-2.100000000000000000e+01 3.900000000000000000e+01 nan
-2.000000000000000000e+01 1.800000000000000000e+01 2.097131370898422276e+00
-2.000000000000000000e+01 1.900000000000000000e+01 2.113971058218491184e+00
-2.000000000000000000e+01 2.000000000000000000e+01 2.098591956311139040e+00
-2.000000000000000000e+01 2.100000000000000000e+01 2.128194541196980261e+00
-2.000000000000000000e+01 2.200000000000000000e+01 2.216342690611497357e+00
-2.000000000000000000e+01 2.300000000000000000e+01 2.218497585392512406e+00
-2.000000000000000000e+01 2.400000000000000000e+01 2.144118626584262000e+00
-2.000000000000000000e+01 2.500000000000000000e+01 2.142464280206323402e+00
-2.000000000000000000e+01 2.600000000000000000e+01 2.127519191356224137e+00
-2.000000000000000000e+01 2.700000000000000000e+01 2.078497265739548627e+00
-2.000000000000000000e+01 2.800000000000000000e+01 2.014744556901727712e+00
-2.000000000000000000e+01 2.900000000000000000e+01 1.954247905283085229e+00
-2.000000000000000000e+01 3.000000000000000000e+01 1.964269932739241664e+00
-2.000000000000000000e+01 3.100000000000000000e+01 1.960398780480243408e+00
-2.000000000000000000e+01 3.200000000000000000e+01 1.890301179968801204e+00
-2.000000000000000000e+01 3.300000000000000000e+01 1.801314470728657913e+00
-2.000000000000000000e+01 3.400000000000000000e+01 nan
-2.000000000000000000e+01 3.500000000000000000e+01 nan
-2.000000000000000000e+01 3.600000000000000000e+01 nan
-2.000000000000000000e+01 3.700000000000000000e+01 nan
-2.000000000000000000e+01 3.800000000000000000e+01 nan
-2.000000000000000000e+01 3.900000000000000000e+01 nan
-1.900000000000000000e+01 1.800000000000000000e+01 2.064228213000564693e+00
-1.900000000000000000e+01 1.900000000000000000e+01 2.095106891429018958e+00
-1.900000000000000000e+01 2.000000000000000000e+01 2.088145241574833388e+00
-1.900000000000000000e+01 2.100000000000000000e+01 2.100185139114220778e+00
-1.900000000000000000e+01 2.200000000000000000e+01 2.156295939234989412e+00
-1.900000000000000000e+01 2.300000000000000000e+01 2.170429040874743087e+00
-1.900000000000000000e+01 2.400000000000000000e+01 2.139964417419456311e+00
-1.900000000000000000e+01 2.500000000000000000e+01 2.114968852172304015e+00
-1.900000000000000000e+01 2.600000000000000000e+01 2.089054479476527781e+00
-1.900000000000000000e+01 2.700000000000000000e+01 2.070704607622748661e+00
-1.900000000000000000e+01 2.800000000000000000e+01 2.033183424935873340e+00
-1.900000000000000000e+01 2.900000000000000000e+01 1.977553060116766570e+00
-1.900000000000000000e+01 3.000000000000000000e+01 1.975164195812041834e+00
-1.900000000000000000e+01 3.100000000000000000e+01 1.991212310417843190e+00
-1.900000000000000000e+01 3.200000000000000000e+01 1.924511977966921306e+00
-1.900000000000000000e+01 3.300000000000000000e+01 1.786674973208103756e+00
-1.900000000000000000e+01 3.400000000000000000e+01 nan
-1.900000000000000000e+01 3.500000000000000000e+01 nan
-1.900000000000000000e+01 3.600000000000000000e+01 nan
-1.900000000000000000e+01 3.700000000000000000e+01 nan
-1.900000000000000000e+01 3.800000000000000000e+01 nan
-1.900000000000000000e+01 3.900000000000000000e+01 nan
-1.800000000000000000e+01 1.800000000000000000e+01 nan
-1.800000000000000000e+01 1.900000000000000000e+01 2.071229491204892526e+00
-1.800000000000000000e+01 2.000000000000000000e+01 2.078479909938518055e+00
-1.800000000000000000e+01 2.100000000000000000e+01 2.077843494113140288e+00
-1.800000000000000000e+01 2.200000000000000000e+01 2.113337744505152660e+00
-1.800000000000000000e+01 2.300000000000000000e+01 2.132065438387186873e+00
-1.800000000000000000e+01 2.400000000000000000e+01 2.106636791308896584e+00
-1.800000000000000000e+01 2.500000000000000000e+01 2.077340097103203220e+00
-1.800000000000000000e+01 2.600000000000000000e+01 2.058358779951366735e+00
-1.800000000000000000e+01 2.700000000000000000e+01 2.067470402639658644e+00
-1.800000000000000000e+01 2.800000000000000000e+01 2.046838813444660676e+00
-1.800000000000000000e+01 2.900000000000000000e+01 2.011922039383628125e+00
-1.800000000000000000e+01 3.000000000000000000e+01 1.985157462835491771e+00
-1.800000000000000000e+01 3.100000000000000000e+01 2.002872665078540670e+00
-1.800000000000000000e+01 3.200000000000000000e+01 1.958760641450905560e+00
-1.800000000000000000e+01 3.300000000000000000e+01 1.810855778820143591e+00
-1.800000000000000000e+01 3.400000000000000000e+01 nan
-1.800000000000000000e+01 3.500000000000000000e+01 nan
-1.800000000000000000e+01 3.600000000000000000e+01 nan
-1.800000000000000000e+01 3.700000000000000000e+01 nan
-1.800000000000000000e+01 3.800000000000000000e+01 nan
-1.800000000000000000e+01 3.900000000000000000e+01 nan
-1.700000000000000000e+01 1.800000000000000000e+01 nan
-1.700000000000000000e+01 1.900000000000000000e+01 2.041240945761163328e+00
-1.700000000000000000e+01 2.000000000000000000e+01 2.052824297328601943e+00
-1.700000000000000000e+01 2.100000000000000000e+01 2.052294942753167373e+00
-1.700000000000000000e+01 2.200000000000000000e+01 2.083341518695839945e+00
-1.700000000000000000e+01 2.300000000000000000e+01 2.094852105758752803e+00
-1.700000000000000000e+01 2.400000000000000000e+01 2.043730788680380162e+00
-1.700000000000000000e+01 2.500000000000000000e+01 2.017014470132574289e+00
-1.700000000000000000e+01 2.600000000000000000e+01 2.025292101213849172e+00
-1.700000000000000000e+01 2.700000000000000000e+01 2.053416370376091926e+00
-1.700000000000000000e+01 2.800000000000000000e+01 2.053416370376091926e+00
-1.700000000000000000e+01 2.900000000000000000e+01 2.026156905263831742e+00
-1.700000000000000000e+01 3.000000000000000000e+01 nan
-1.700000000000000000e+01 3.100000000000000000e+01 nan
-1.700000000000000000e+01 3.200000000000000000e+01 nan
-1.700000000000000000e+01 3.300000000000000000e+01 nan
-1.700000000000000000e+01 3.400000000000000000e+01 nan
-1.700000000000000000e+01 3.500000000000000000e+01 nan
-1.700000000000000000e+01 3.600000000000000000e+01 nan
-1.700000000000000000e+01 3.700000000000000000e+01 nan
-1.700000000000000000e+01 3.800000000000000000e+01 nan
-1.700000000000000000e+01 3.900000000000000000e+01 nan
