Longitude[deg], Latitude[deg], Dust optical depth
-1.100000000000000000e+01 1.500000000000000000e+01 nan
-1.100000000000000000e+01 1.600000000000000000e+01 nan
-1.100000000000000000e+01 1.700000000000000000e+01 nan
-1.100000000000000000e+01 1.800000000000000000e+01 nan
-1.100000000000000000e+01 1.900000000000000000e+01 nan
-1.100000000000000000e+01 2.000000000000000000e+01 nan
-1.100000000000000000e+01 2.100000000000000000e+01 nan
-1.100000000000000000e+01 2.200000000000000000e+01 nan
-1.100000000000000000e+01 2.300000000000000000e+01 nan
-1.100000000000000000e+01 2.400000000000000000e+01 nan
-1.100000000000000000e+01 2.500000000000000000e+01 nan
-1.100000000000000000e+01 2.600000000000000000e+01 nan
-1.100000000000000000e+01 2.700000000000000000e+01 nan
-1.100000000000000000e+01 2.800000000000000000e+01 nan
-1.100000000000000000e+01 2.900000000000000000e+01 nan
-1.100000000000000000e+01 3.000000000000000000e+01 1.351137665229854568e+00
-1.100000000000000000e+01 3.100000000000000000e+01 1.334800322010469831e+00
-1.100000000000000000e+01 3.200000000000000000e+01 1.304675384235508107e+00
-1.100000000000000000e+01 3.300000000000000000e+01 1.317522506855363540e+00
-1.100000000000000000e+01 3.400000000000000000e+01 1.315750634180480994e+00
-1.100000000000000000e+01 3.500000000000000000e+01 1.314708983696434519e+00
-1.100000000000000000e+01 3.600000000000000000e+01 nan
-1.000000000000000000e+01 1.500000000000000000e+01 nan
-1.000000000000000000e+01 1.600000000000000000e+01 nan
-1.000000000000000000e+01 1.700000000000000000e+01 nan
-1.000000000000000000e+01 1.800000000000000000e+01 nan
-1.000000000000000000e+01 1.900000000000000000e+01 nan
-1.000000000000000000e+01 2.000000000000000000e+01 1.060976457109301885e+00
-1.000000000000000000e+01 2.100000000000000000e+01 1.052422606249710624e+00
-1.000000000000000000e+01 2.200000000000000000e+01 1.011646126089200015e+00
-1.000000000000000000e+01 2.300000000000000000e+01 9.856057366806125764e-01
-1.000000000000000000e+01 2.400000000000000000e+01 1.009773753970181209e+00
-1.000000000000000000e+01 2.500000000000000000e+01 9.883791141174750328e-01
-1.000000000000000000e+01 2.600000000000000000e+01 1.011780407510094015e+00
-1.000000000000000000e+01 2.700000000000000000e+01 1.047266212263161966e+00
-1.000000000000000000e+01 2.800000000000000000e+01 1.132673023788898226e+00
-1.000000000000000000e+01 2.900000000000000000e+01 1.229814931795026434e+00
-1.000000000000000000e+01 3.000000000000000000e+01 1.300543519659221658e+00
-1.000000000000000000e+01 3.100000000000000000e+01 1.320679349231273836e+00
-1.000000000000000000e+01 3.200000000000000000e+01 1.304960249681194950e+00
-1.000000000000000000e+01 3.300000000000000000e+01 1.299152865746212138e+00
-1.000000000000000000e+01 3.400000000000000000e+01 1.316043400529461671e+00
-1.000000000000000000e+01 3.500000000000000000e+01 1.310093267032516717e+00
-1.000000000000000000e+01 3.600000000000000000e+01 1.291302379571900527e+00
-9.000000000000000000e+00 1.500000000000000000e+01 nan
-9.000000000000000000e+00 1.600000000000000000e+01 1.047313702425961557e+00
-9.000000000000000000e+00 1.700000000000000000e+01 1.053771669437735037e+00
-9.000000000000000000e+00 1.800000000000000000e+01 1.054431799182834029e+00
-9.000000000000000000e+00 1.900000000000000000e+01 1.068267604527020964e+00
-9.000000000000000000e+00 2.000000000000000000e+01 1.074930577792512887e+00
-9.000000000000000000e+00 2.100000000000000000e+01 1.120803539842035734e+00
-9.000000000000000000e+00 2.200000000000000000e+01 1.072946344798313412e+00
-9.000000000000000000e+00 2.300000000000000000e+01 9.821358516094915725e-01
-9.000000000000000000e+00 2.400000000000000000e+01 9.856124016270322308e-01
-9.000000000000000000e+00 2.500000000000000000e+01 9.807748043241306668e-01
-9.000000000000000000e+00 2.600000000000000000e+01 1.010169746901631305e+00
-9.000000000000000000e+00 2.700000000000000000e+01 1.071307428680289275e+00
-9.000000000000000000e+00 2.800000000000000000e+01 1.121846979274006895e+00
-9.000000000000000000e+00 2.900000000000000000e+01 1.219080649812408268e+00
-9.000000000000000000e+00 3.000000000000000000e+01 1.306092342053604360e+00
-9.000000000000000000e+00 3.100000000000000000e+01 1.334821984867581302e+00
-9.000000000000000000e+00 3.200000000000000000e+01 1.306509399074116562e+00
-9.000000000000000000e+00 3.300000000000000000e+01 1.302882918939159973e+00
-9.000000000000000000e+00 3.400000000000000000e+01 1.322929111609917996e+00
-9.000000000000000000e+00 3.500000000000000000e+01 1.310955523430702208e+00
-9.000000000000000000e+00 3.600000000000000000e+01 1.262572149434920465e+00
-8.000000000000000000e+00 1.500000000000000000e+01 nan
-8.000000000000000000e+00 1.600000000000000000e+01 1.049618028491072108e+00
-8.000000000000000000e+00 1.700000000000000000e+01 1.047454778383618113e+00
-8.000000000000000000e+00 1.800000000000000000e+01 1.031212737417700920e+00
-8.000000000000000000e+00 1.900000000000000000e+01 1.020906677523760520e+00
-8.000000000000000000e+00 2.000000000000000000e+01 1.017643655711936379e+00
-8.000000000000000000e+00 2.100000000000000000e+01 1.073021570853011752e+00
-8.000000000000000000e+00 2.200000000000000000e+01 1.062238382926815605e+00
-8.000000000000000000e+00 2.300000000000000000e+01 9.651342025500915245e-01
-8.000000000000000000e+00 2.400000000000000000e+01 9.562522566338340635e-01
-8.000000000000000000e+00 2.500000000000000000e+01 9.664298683574165105e-01
-8.000000000000000000e+00 2.600000000000000000e+01 9.855635097973681757e-01
-8.000000000000000000e+00 2.700000000000000000e+01 1.028440607957676667e+00
-8.000000000000000000e+00 2.800000000000000000e+01 1.077668559937640991e+00
-8.000000000000000000e+00 2.900000000000000000e+01 1.197815685973953714e+00
-8.000000000000000000e+00 3.000000000000000000e+01 1.302449403112177162e+00
-8.000000000000000000e+00 3.100000000000000000e+01 1.312035279455627146e+00
-8.000000000000000000e+00 3.200000000000000000e+01 1.303880060463754154e+00
-8.000000000000000000e+00 3.300000000000000000e+01 1.312340117187751343e+00
-8.000000000000000000e+00 3.400000000000000000e+01 1.327313530272776543e+00
-8.000000000000000000e+00 3.500000000000000000e+01 1.322152267970048367e+00
-8.000000000000000000e+00 3.600000000000000000e+01 1.262413577282593735e+00
-7.000000000000000000e+00 1.500000000000000000e+01 nan
-7.000000000000000000e+00 1.600000000000000000e+01 1.053678106322016417e+00
-7.000000000000000000e+00 1.700000000000000000e+01 1.041117558423754863e+00
-7.000000000000000000e+00 1.800000000000000000e+01 1.002676492942025543e+00
-7.000000000000000000e+00 1.900000000000000000e+01 9.886483746807932516e-01
-7.000000000000000000e+00 2.000000000000000000e+01 9.786569814267931378e-01
-7.000000000000000000e+00 2.100000000000000000e+01 1.017828649738000912e+00
-7.000000000000000000e+00 2.200000000000000000e+01 1.036788296152942879e+00
-7.000000000000000000e+00 2.300000000000000000e+01 9.555270259711772241e-01
-7.000000000000000000e+00 2.400000000000000000e+01 9.488045077977055319e-01
-7.000000000000000000e+00 2.500000000000000000e+01 9.533126633886663814e-01
-7.000000000000000000e+00 2.600000000000000000e+01 9.570985660699358188e-01
-7.000000000000000000e+00 2.700000000000000000e+01 1.007413687318574169e+00
-7.000000000000000000e+00 2.800000000000000000e+01 1.034961415056797174e+00
-7.000000000000000000e+00 2.900000000000000000e+01 1.181636830754640100e+00
-7.000000000000000000e+00 3.000000000000000000e+01 1.287436647655422428e+00
-7.000000000000000000e+00 3.100000000000000000e+01 1.291039929584520518e+00
-7.000000000000000000e+00 3.200000000000000000e+01 1.300756056423118867e+00
-7.000000000000000000e+00 3.300000000000000000e+01 1.307340485880961634e+00
-7.000000000000000000e+00 3.400000000000000000e+01 1.321096735024392732e+00
-7.000000000000000000e+00 3.500000000000000000e+01 1.321096735024392732e+00
-7.000000000000000000e+00 3.600000000000000000e+01 1.259283996341819423e+00
-6.000000000000000000e+00 1.500000000000000000e+01 nan
-6.000000000000000000e+00 1.600000000000000000e+01 nan
-6.000000000000000000e+00 1.700000000000000000e+01 nan
-6.000000000000000000e+00 1.800000000000000000e+01 nan
-6.000000000000000000e+00 1.900000000000000000e+01 nan
-6.000000000000000000e+00 2.000000000000000000e+01 nan
-6.000000000000000000e+00 2.100000000000000000e+01 nan
-6.000000000000000000e+00 2.200000000000000000e+01 nan
-6.000000000000000000e+00 2.300000000000000000e+01 nan
-6.000000000000000000e+00 2.400000000000000000e+01 nan
-6.000000000000000000e+00 2.500000000000000000e+01 nan
-6.000000000000000000e+00 2.600000000000000000e+01 nan
-6.000000000000000000e+00 2.700000000000000000e+01 nan
-6.000000000000000000e+00 2.800000000000000000e+01 nan
-6.000000000000000000e+00 2.900000000000000000e+01 nan
-6.000000000000000000e+00 3.000000000000000000e+01 nan
-6.000000000000000000e+00 3.100000000000000000e+01 nan
-6.000000000000000000e+00 3.200000000000000000e+01 nan
-6.000000000000000000e+00 3.300000000000000000e+01 nan
-6.000000000000000000e+00 3.400000000000000000e+01 nan
-6.000000000000000000e+00 3.500000000000000000e+01 nan
-6.000000000000000000e+00 3.600000000000000000e+01 nan
