Longitude[deg], Latitude[deg], Dust optical depth
-5.300000000000000000e+01 0.000000000000000000e+00 nan
-5.300000000000000000e+01 1.000000000000000000e+00 nan
-5.300000000000000000e+01 2.000000000000000000e+00 nan
-5.300000000000000000e+01 3.000000000000000000e+00 nan
-5.300000000000000000e+01 4.000000000000000000e+00 nan
-5.300000000000000000e+01 5.000000000000000000e+00 nan
-5.300000000000000000e+01 6.000000000000000000e+00 nan
-5.300000000000000000e+01 7.000000000000000000e+00 nan
-5.300000000000000000e+01 8.000000000000000000e+00 nan
-5.300000000000000000e+01 9.000000000000000000e+00 nan
-5.300000000000000000e+01 1.000000000000000000e+01 nan
-5.300000000000000000e+01 1.100000000000000000e+01 nan
-5.300000000000000000e+01 1.200000000000000000e+01 nan
-5.300000000000000000e+01 1.300000000000000000e+01 3.124933516079590134e+00
-5.300000000000000000e+01 1.400000000000000000e+01 3.118619129535541656e+00
-5.300000000000000000e+01 1.500000000000000000e+01 3.149712829906095912e+00
-5.300000000000000000e+01 1.600000000000000000e+01 3.142114997848776792e+00
-5.300000000000000000e+01 1.700000000000000000e+01 3.033382416392343295e+00
-5.300000000000000000e+01 1.800000000000000000e+01 2.916202101477464836e+00
-5.300000000000000000e+01 1.900000000000000000e+01 2.853775149288892976e+00
-5.300000000000000000e+01 2.000000000000000000e+01 2.746495026802365569e+00
-5.200000000000000000e+01 0.000000000000000000e+00 nan
-5.200000000000000000e+01 1.000000000000000000e+00 nan
-5.200000000000000000e+01 2.000000000000000000e+00 3.148106733482830766e+00
-5.200000000000000000e+01 3.000000000000000000e+00 3.043765997772526433e+00
-5.200000000000000000e+01 4.000000000000000000e+00 3.082306172510658637e+00
-5.200000000000000000e+01 5.000000000000000000e+00 3.165814769959652164e+00
-5.200000000000000000e+01 6.000000000000000000e+00 3.203940745978556937e+00
-5.200000000000000000e+01 7.000000000000000000e+00 3.202367904144832078e+00
-5.200000000000000000e+01 8.000000000000000000e+00 3.172743277979626964e+00
-5.200000000000000000e+01 9.000000000000000000e+00 3.081904636506862083e+00
-5.200000000000000000e+01 1.000000000000000000e+01 2.999216368597184434e+00
-5.200000000000000000e+01 1.100000000000000000e+01 2.993899220540932049e+00
-5.200000000000000000e+01 1.200000000000000000e+01 3.011470181861469975e+00
-5.200000000000000000e+01 1.300000000000000000e+01 3.124487375435664127e+00
-5.200000000000000000e+01 1.400000000000000000e+01 3.152157083732065601e+00
-5.200000000000000000e+01 1.500000000000000000e+01 3.171590611024381001e+00
-5.200000000000000000e+01 1.600000000000000000e+01 3.145269106893525013e+00
-5.200000000000000000e+01 1.700000000000000000e+01 3.008936888728513281e+00
-5.200000000000000000e+01 1.800000000000000000e+01 2.903397699275462873e+00
-5.200000000000000000e+01 1.900000000000000000e+01 2.855621018606913974e+00
-5.200000000000000000e+01 2.000000000000000000e+01 2.746495026802365569e+00
-5.100000000000000000e+01 0.000000000000000000e+00 3.285043508385483868e+00
-5.100000000000000000e+01 1.000000000000000000e+00 3.300636664675945742e+00
-5.100000000000000000e+01 2.000000000000000000e+00 3.235142598070471998e+00
-5.100000000000000000e+01 3.000000000000000000e+00 3.189414235927202412e+00
-5.100000000000000000e+01 4.000000000000000000e+00 3.191356590486145173e+00
-5.100000000000000000e+01 5.000000000000000000e+00 3.172442626464090143e+00
-5.100000000000000000e+01 6.000000000000000000e+00 3.188238493636492255e+00
-5.100000000000000000e+01 7.000000000000000000e+00 3.179028203868412117e+00
-5.100000000000000000e+01 8.000000000000000000e+00 3.170770038423749604e+00
-5.100000000000000000e+01 9.000000000000000000e+00 3.084714857757425488e+00
-5.100000000000000000e+01 1.000000000000000000e+01 2.995885793440434597e+00
-5.100000000000000000e+01 1.100000000000000000e+01 2.995497616401732177e+00
-5.100000000000000000e+01 1.200000000000000000e+01 2.970542985496356092e+00
-5.100000000000000000e+01 1.300000000000000000e+01 3.099016917967691409e+00
-5.100000000000000000e+01 1.400000000000000000e+01 3.143879179697883330e+00
-5.100000000000000000e+01 1.500000000000000000e+01 3.166802895585401956e+00
-5.100000000000000000e+01 1.600000000000000000e+01 3.145151234213470648e+00
-5.100000000000000000e+01 1.700000000000000000e+01 2.997212044051095869e+00
-5.100000000000000000e+01 1.800000000000000000e+01 2.893341495840592970e+00
-5.100000000000000000e+01 1.900000000000000000e+01 2.865492812421117641e+00
-5.100000000000000000e+01 2.000000000000000000e+01 2.811210150017739551e+00
-5.000000000000000000e+01 0.000000000000000000e+00 3.291605741823290909e+00
-5.000000000000000000e+01 1.000000000000000000e+00 3.297721465270609276e+00
-5.000000000000000000e+01 2.000000000000000000e+00 3.257146836966779091e+00
-5.000000000000000000e+01 3.000000000000000000e+00 3.234795040230803664e+00
-5.000000000000000000e+01 4.000000000000000000e+00 3.227044744979329138e+00
-5.000000000000000000e+01 5.000000000000000000e+00 3.162174365945839671e+00
-5.000000000000000000e+01 6.000000000000000000e+00 3.157027531335768522e+00
-5.000000000000000000e+01 7.000000000000000000e+00 3.172476550379093929e+00
-5.000000000000000000e+01 8.000000000000000000e+00 3.184844108302899102e+00
-5.000000000000000000e+01 9.000000000000000000e+00 3.100717635988443188e+00
-5.000000000000000000e+01 1.000000000000000000e+01 2.994186235854221501e+00
-5.000000000000000000e+01 1.100000000000000000e+01 2.993054184179550603e+00
-5.000000000000000000e+01 1.200000000000000000e+01 2.939252907244472635e+00
-5.000000000000000000e+01 1.300000000000000000e+01 3.086961582509951896e+00
-5.000000000000000000e+01 1.400000000000000000e+01 3.156619910545129581e+00
-5.000000000000000000e+01 1.500000000000000000e+01 3.240052250211674867e+00
-5.000000000000000000e+01 1.600000000000000000e+01 3.150574329292178177e+00
-5.000000000000000000e+01 1.700000000000000000e+01 3.005418396639586209e+00
-5.000000000000000000e+01 1.800000000000000000e+01 2.917289524293730008e+00
-5.000000000000000000e+01 1.900000000000000000e+01 2.891537190263382850e+00
-5.000000000000000000e+01 2.000000000000000000e+01 2.867277319314694317e+00
-4.900000000000000000e+01 0.000000000000000000e+00 3.303112705947451211e+00
-4.900000000000000000e+01 1.000000000000000000e+00 3.293894141591241276e+00
-4.900000000000000000e+01 2.000000000000000000e+00 3.281050976738948854e+00
-4.900000000000000000e+01 3.000000000000000000e+00 3.294436457343226543e+00
-4.900000000000000000e+01 4.000000000000000000e+00 3.243457827385434200e+00
-4.900000000000000000e+01 5.000000000000000000e+00 3.143539674861385969e+00
-4.900000000000000000e+01 6.000000000000000000e+00 3.082526881697298826e+00
-4.900000000000000000e+01 7.000000000000000000e+00 3.174637940294672500e+00
-4.900000000000000000e+01 8.000000000000000000e+00 3.205471265478420761e+00
-4.900000000000000000e+01 9.000000000000000000e+00 3.132533519740905881e+00
-4.900000000000000000e+01 1.000000000000000000e+01 2.989703155311048910e+00
-4.900000000000000000e+01 1.100000000000000000e+01 2.929346434150554845e+00
-4.900000000000000000e+01 1.200000000000000000e+01 2.926714541235802436e+00
-4.900000000000000000e+01 1.300000000000000000e+01 3.151508919409988341e+00
-4.900000000000000000e+01 1.400000000000000000e+01 3.292519622323379913e+00
-4.900000000000000000e+01 1.500000000000000000e+01 3.314881958896385594e+00
-4.900000000000000000e+01 1.600000000000000000e+01 3.197300450030401642e+00
-4.900000000000000000e+01 1.700000000000000000e+01 3.011552065592944416e+00
-4.900000000000000000e+01 1.800000000000000000e+01 2.988594095837386444e+00
-4.900000000000000000e+01 1.900000000000000000e+01 3.050342771304007883e+00
-4.900000000000000000e+01 2.000000000000000000e+01 nan
