Longitude[deg], Latitude[deg], Dust optical depth
-8.400000000000000000e+01 2.800000000000000000e+01 nan
-8.400000000000000000e+01 2.900000000000000000e+01 nan
-8.400000000000000000e+01 3.000000000000000000e+01 nan
-8.400000000000000000e+01 3.100000000000000000e+01 nan
-8.400000000000000000e+01 3.200000000000000000e+01 nan
-8.400000000000000000e+01 3.300000000000000000e+01 nan
-8.400000000000000000e+01 3.400000000000000000e+01 nan
-8.400000000000000000e+01 3.500000000000000000e+01 nan
-8.400000000000000000e+01 3.600000000000000000e+01 nan
-8.400000000000000000e+01 3.700000000000000000e+01 nan
-8.400000000000000000e+01 3.800000000000000000e+01 nan
-8.400000000000000000e+01 3.900000000000000000e+01 nan
-8.400000000000000000e+01 4.000000000000000000e+01 nan
-8.400000000000000000e+01 4.100000000000000000e+01 nan
-8.400000000000000000e+01 4.200000000000000000e+01 nan
-8.400000000000000000e+01 4.300000000000000000e+01 nan
-8.400000000000000000e+01 4.400000000000000000e+01 nan
-8.400000000000000000e+01 4.500000000000000000e+01 nan
-8.400000000000000000e+01 4.600000000000000000e+01 nan
-8.400000000000000000e+01 4.700000000000000000e+01 nan
-8.300000000000000000e+01 2.800000000000000000e+01 nan
-8.300000000000000000e+01 2.900000000000000000e+01 nan
-8.300000000000000000e+01 3.000000000000000000e+01 nan
-8.300000000000000000e+01 3.100000000000000000e+01 nan
-8.300000000000000000e+01 3.200000000000000000e+01 nan
-8.300000000000000000e+01 3.300000000000000000e+01 nan
-8.300000000000000000e+01 3.400000000000000000e+01 nan
-8.300000000000000000e+01 3.500000000000000000e+01 nan
-8.300000000000000000e+01 3.600000000000000000e+01 nan
-8.300000000000000000e+01 3.700000000000000000e+01 nan
-8.300000000000000000e+01 3.800000000000000000e+01 nan
-8.300000000000000000e+01 3.900000000000000000e+01 nan
-8.300000000000000000e+01 4.000000000000000000e+01 nan
-8.300000000000000000e+01 4.100000000000000000e+01 nan
-8.300000000000000000e+01 4.200000000000000000e+01 nan
-8.300000000000000000e+01 4.300000000000000000e+01 1.566109976140650228e-01
-8.300000000000000000e+01 4.400000000000000000e+01 7.643929232109875072e-02
-8.300000000000000000e+01 4.500000000000000000e+01 9.063720923468705781e-02
-8.300000000000000000e+01 4.600000000000000000e+01 1.267761268271519748e-01
-8.300000000000000000e+01 4.700000000000000000e+01 nan
-8.200000000000000000e+01 2.800000000000000000e+01 nan
-8.200000000000000000e+01 2.900000000000000000e+01 nan
-8.200000000000000000e+01 3.000000000000000000e+01 nan
-8.200000000000000000e+01 3.100000000000000000e+01 nan
-8.200000000000000000e+01 3.200000000000000000e+01 nan
-8.200000000000000000e+01 3.300000000000000000e+01 nan
-8.200000000000000000e+01 3.400000000000000000e+01 nan
-8.200000000000000000e+01 3.500000000000000000e+01 nan
-8.200000000000000000e+01 3.600000000000000000e+01 nan
-8.200000000000000000e+01 3.700000000000000000e+01 7.783940678401091162e-01
-8.200000000000000000e+01 3.800000000000000000e+01 6.642534825646680963e-01
-8.200000000000000000e+01 3.900000000000000000e+01 5.485074743788125318e-01
-8.200000000000000000e+01 4.000000000000000000e+01 5.119051270975900625e-01
-8.200000000000000000e+01 4.100000000000000000e+01 3.625051482580496365e-01
-8.200000000000000000e+01 4.200000000000000000e+01 2.451491090234690917e-01
-8.200000000000000000e+01 4.300000000000000000e+01 1.667190883052623862e-01
-8.200000000000000000e+01 4.400000000000000000e+01 7.770588423362731478e-02
-8.200000000000000000e+01 4.500000000000000000e+01 8.559324856922133351e-02
-8.200000000000000000e+01 4.600000000000000000e+01 1.148741330419551926e-01
-8.200000000000000000e+01 4.700000000000000000e+01 1.225500852705348198e-01
-8.100000000000000000e+01 2.800000000000000000e+01 nan
-8.100000000000000000e+01 2.900000000000000000e+01 nan
-8.100000000000000000e+01 3.000000000000000000e+01 nan
-8.100000000000000000e+01 3.100000000000000000e+01 9.636121091748396372e-01
-8.100000000000000000e+01 3.200000000000000000e+01 9.396157255635492200e-01
-8.100000000000000000e+01 3.300000000000000000e+01 8.687010696222512429e-01
-8.100000000000000000e+01 3.400000000000000000e+01 8.162413706303631722e-01
-8.100000000000000000e+01 3.500000000000000000e+01 7.956691769283634752e-01
-8.100000000000000000e+01 3.600000000000000000e+01 8.204295959837961671e-01
-8.100000000000000000e+01 3.700000000000000000e+01 7.594044774559760569e-01
-8.100000000000000000e+01 3.800000000000000000e+01 6.549560012627899663e-01
-8.100000000000000000e+01 3.900000000000000000e+01 5.746080111906612942e-01
-8.100000000000000000e+01 4.000000000000000000e+01 5.277483809325131947e-01
-8.100000000000000000e+01 4.100000000000000000e+01 3.971252412214377192e-01
-8.100000000000000000e+01 4.200000000000000000e+01 2.459253051377476851e-01
-8.100000000000000000e+01 4.300000000000000000e+01 1.503536592602061073e-01
-8.100000000000000000e+01 4.400000000000000000e+01 9.076594586619227134e-02
-8.100000000000000000e+01 4.500000000000000000e+01 8.116930929668741967e-02
-8.100000000000000000e+01 4.600000000000000000e+01 1.099534906771357373e-01
-8.100000000000000000e+01 4.700000000000000000e+01 1.302180467307644252e-01
-8.000000000000000000e+01 2.800000000000000000e+01 1.215077380417882491e+00
-8.000000000000000000e+01 2.900000000000000000e+01 1.116231975167331303e+00
-8.000000000000000000e+01 3.000000000000000000e+01 1.006758054366160282e+00
-8.000000000000000000e+01 3.100000000000000000e+01 9.483522382790889882e-01
-8.000000000000000000e+01 3.200000000000000000e+01 8.803140051765993013e-01
-8.000000000000000000e+01 3.300000000000000000e+01 8.409488798238029528e-01
-8.000000000000000000e+01 3.400000000000000000e+01 8.079101760229173701e-01
-8.000000000000000000e+01 3.500000000000000000e+01 7.894493672766431658e-01
-8.000000000000000000e+01 3.600000000000000000e+01 8.077655458473596006e-01
-8.000000000000000000e+01 3.700000000000000000e+01 7.655270116265738833e-01
-8.000000000000000000e+01 3.800000000000000000e+01 6.573617930052285674e-01
-8.000000000000000000e+01 3.900000000000000000e+01 5.892202306779903420e-01
-8.000000000000000000e+01 4.000000000000000000e+01 5.271092440247653332e-01
-8.000000000000000000e+01 4.100000000000000000e+01 3.816820536519449081e-01
-8.000000000000000000e+01 4.200000000000000000e+01 2.263219141457483985e-01
-8.000000000000000000e+01 4.300000000000000000e+01 1.441552517046056081e-01
-8.000000000000000000e+01 4.400000000000000000e+01 1.036695173279326004e-01
-8.000000000000000000e+01 4.500000000000000000e+01 6.899587112490125629e-02
-8.000000000000000000e+01 4.600000000000000000e+01 1.097442775998320186e-01
-8.000000000000000000e+01 4.700000000000000000e+01 1.373827489176539240e-01
-7.900000000000000000e+01 2.800000000000000000e+01 1.163280695883606830e+00
-7.900000000000000000e+01 2.900000000000000000e+01 1.056039105825662849e+00
-7.900000000000000000e+01 3.000000000000000000e+01 9.794553549366535883e-01
-7.900000000000000000e+01 3.100000000000000000e+01 9.102593595852699337e-01
-7.900000000000000000e+01 3.200000000000000000e+01 8.108985221685849343e-01
-7.900000000000000000e+01 3.300000000000000000e+01 8.018586412629368221e-01
-7.900000000000000000e+01 3.400000000000000000e+01 7.929745030123431793e-01
-7.900000000000000000e+01 3.500000000000000000e+01 7.729385992375370495e-01
-7.900000000000000000e+01 3.600000000000000000e+01 7.729162638766999827e-01
-7.900000000000000000e+01 3.700000000000000000e+01 7.628461802962694938e-01
-7.900000000000000000e+01 3.800000000000000000e+01 6.821247356537234463e-01
-7.900000000000000000e+01 3.900000000000000000e+01 5.892202306779903420e-01
-7.900000000000000000e+01 4.000000000000000000e+01 5.149040553888691862e-01
-7.900000000000000000e+01 4.100000000000000000e+01 3.541233271573782093e-01
-7.900000000000000000e+01 4.200000000000000000e+01 2.025237038702604186e-01
-7.900000000000000000e+01 4.300000000000000000e+01 1.478340758138233513e-01
-7.900000000000000000e+01 4.400000000000000000e+01 1.168623793297528801e-01
-7.900000000000000000e+01 4.500000000000000000e+01 7.030278987615816433e-02
-7.900000000000000000e+01 4.600000000000000000e+01 1.015059062172499471e-01
-7.900000000000000000e+01 4.700000000000000000e+01 1.326768266582426803e-01
-7.800000000000000000e+01 2.800000000000000000e+01 1.063705373632445994e+00
-7.800000000000000000e+01 2.900000000000000000e+01 9.944400516627448505e-01
-7.800000000000000000e+01 3.000000000000000000e+01 9.435510891125780120e-01
-7.800000000000000000e+01 3.100000000000000000e+01 8.363623791309005018e-01
-7.800000000000000000e+01 3.200000000000000000e+01 7.344645469068491472e-01
-7.800000000000000000e+01 3.300000000000000000e+01 7.437989551285794088e-01
-7.800000000000000000e+01 3.400000000000000000e+01 7.706151484778448468e-01
-7.800000000000000000e+01 3.500000000000000000e+01 7.585429857653350760e-01
-7.800000000000000000e+01 3.600000000000000000e+01 7.574525931575806226e-01
-7.800000000000000000e+01 3.700000000000000000e+01 7.724455980199684824e-01
-7.800000000000000000e+01 3.800000000000000000e+01 6.849334209110558014e-01
-7.800000000000000000e+01 3.900000000000000000e+01 5.650173202464421340e-01
-7.800000000000000000e+01 4.000000000000000000e+01 5.078830948726587025e-01
-7.800000000000000000e+01 4.100000000000000000e+01 3.398069013437516328e-01
-7.800000000000000000e+01 4.200000000000000000e+01 1.822524024239522422e-01
-7.800000000000000000e+01 4.300000000000000000e+01 1.353897679858145076e-01
-7.800000000000000000e+01 4.400000000000000000e+01 1.187974461184879149e-01
-7.800000000000000000e+01 4.500000000000000000e+01 7.645589182963416497e-02
-7.800000000000000000e+01 4.600000000000000000e+01 8.676654538505881864e-02
-7.800000000000000000e+01 4.700000000000000000e+01 1.242921323511347043e-01
-7.700000000000000000e+01 2.800000000000000000e+01 1.022277347713605122e+00
-7.700000000000000000e+01 2.900000000000000000e+01 9.669608570581548213e-01
-7.700000000000000000e+01 3.000000000000000000e+01 9.174812638297922263e-01
-7.700000000000000000e+01 3.100000000000000000e+01 7.879684602381386016e-01
-7.700000000000000000e+01 3.200000000000000000e+01 6.995053515503251162e-01
-7.700000000000000000e+01 3.300000000000000000e+01 7.029886069481274813e-01
-7.700000000000000000e+01 3.400000000000000000e+01 7.424713655687414926e-01
-7.700000000000000000e+01 3.500000000000000000e+01 7.562941110649754606e-01
-7.700000000000000000e+01 3.600000000000000000e+01 7.716503112809635079e-01
-7.700000000000000000e+01 3.700000000000000000e+01 7.912303662168418406e-01
-7.700000000000000000e+01 3.800000000000000000e+01 6.944511689467741666e-01
-7.700000000000000000e+01 3.900000000000000000e+01 5.494867180051505873e-01
-7.700000000000000000e+01 4.000000000000000000e+01 4.745439124135888420e-01
-7.700000000000000000e+01 4.100000000000000000e+01 3.252200678267602174e-01
-7.700000000000000000e+01 4.200000000000000000e+01 1.646879881646267085e-01
-7.700000000000000000e+01 4.300000000000000000e+01 1.128593577662653502e-01
-7.700000000000000000e+01 4.400000000000000000e+01 1.103799875393385588e-01
-7.700000000000000000e+01 4.500000000000000000e+01 6.360817835120580188e-02
-7.700000000000000000e+01 4.600000000000000000e+01 8.430477315337360500e-02
-7.700000000000000000e+01 4.700000000000000000e+01 nan
-7.600000000000000000e+01 2.800000000000000000e+01 1.002960613897876829e+00
-7.600000000000000000e+01 2.900000000000000000e+01 9.523205247287050978e-01
-7.600000000000000000e+01 3.000000000000000000e+01 8.989703366245096472e-01
-7.600000000000000000e+01 3.100000000000000000e+01 7.736734217556683335e-01
-7.600000000000000000e+01 3.200000000000000000e+01 6.739397018832089525e-01
-7.600000000000000000e+01 3.300000000000000000e+01 6.886813407304142043e-01
-7.600000000000000000e+01 3.400000000000000000e+01 7.217561201304315555e-01
-7.600000000000000000e+01 3.500000000000000000e+01 7.479964300556006807e-01
-7.600000000000000000e+01 3.600000000000000000e+01 7.742528809350477381e-01
-7.600000000000000000e+01 3.700000000000000000e+01 7.947291682482130470e-01
-7.600000000000000000e+01 3.800000000000000000e+01 7.356552785773711189e-01
-7.600000000000000000e+01 3.900000000000000000e+01 5.767271747674997950e-01
-7.600000000000000000e+01 4.000000000000000000e+01 4.237690133780473434e-01
-7.600000000000000000e+01 4.100000000000000000e+01 2.942411721638700239e-01
-7.600000000000000000e+01 4.200000000000000000e+01 1.239402693156838042e-01
-7.600000000000000000e+01 4.300000000000000000e+01 1.019179888609792611e-01
-7.600000000000000000e+01 4.400000000000000000e+01 9.062497278487464947e-02
-7.600000000000000000e+01 4.500000000000000000e+01 5.883309269369607630e-02
-7.600000000000000000e+01 4.600000000000000000e+01 nan
-7.600000000000000000e+01 4.700000000000000000e+01 nan
