Longitude[deg], Latitude[deg], Dust optical depth
-1.460000000000000000e+02 -3.900000000000000000e+01 1.948363622100248049e+00
-1.460000000000000000e+02 -3.800000000000000000e+01 1.933099901954242084e+00
-1.460000000000000000e+02 -3.700000000000000000e+01 1.790432613629767467e+00
-1.460000000000000000e+02 -3.600000000000000000e+01 1.796873147916549618e+00
-1.460000000000000000e+02 -3.500000000000000000e+01 1.754253728172024962e+00
-1.460000000000000000e+02 -3.400000000000000000e+01 1.676357803420001735e+00
-1.460000000000000000e+02 -3.300000000000000000e+01 1.933551211687530857e+00
-1.460000000000000000e+02 -3.200000000000000000e+01 1.939489986871931526e+00
-1.460000000000000000e+02 -3.100000000000000000e+01 1.637460934232248810e+00
-1.460000000000000000e+02 -3.000000000000000000e+01 1.443021880258031908e+00
-1.460000000000000000e+02 -2.900000000000000000e+01 1.559427191329759932e+00
-1.460000000000000000e+02 -2.800000000000000000e+01 1.682820252185891263e+00
-1.460000000000000000e+02 -2.700000000000000000e+01 1.475531739889090810e+00
-1.460000000000000000e+02 -2.600000000000000000e+01 1.499699595511901018e+00
-1.460000000000000000e+02 -2.500000000000000000e+01 1.803756911443590738e+00
-1.460000000000000000e+02 -2.400000000000000000e+01 2.143480976797178972e+00
-1.460000000000000000e+02 -2.300000000000000000e+01 1.914047727888178008e+00
-1.460000000000000000e+02 -2.200000000000000000e+01 1.606322242034441405e+00
-1.460000000000000000e+02 -2.100000000000000000e+01 1.653368289283894121e+00
-1.460000000000000000e+02 -2.000000000000000000e+01 1.651152486172480671e+00
-1.460000000000000000e+02 -1.900000000000000000e+01 1.844999507808540384e+00
-1.460000000000000000e+02 -1.800000000000000000e+01 1.927553995843653167e+00
-1.460000000000000000e+02 -1.700000000000000000e+01 2.208451431042972590e+00
-1.460000000000000000e+02 -1.600000000000000000e+01 2.159535149519421271e+00
-1.460000000000000000e+02 -1.500000000000000000e+01 2.153010338012737890e+00
-1.460000000000000000e+02 -1.400000000000000000e+01 1.979675194599591181e+00
-1.460000000000000000e+02 -1.300000000000000000e+01 1.955007859563307360e+00
-1.460000000000000000e+02 -1.200000000000000000e+01 nan
-1.450000000000000000e+02 -3.900000000000000000e+01 1.948363622100248049e+00
-1.450000000000000000e+02 -3.800000000000000000e+01 1.933099901954242084e+00
-1.450000000000000000e+02 -3.700000000000000000e+01 1.790174106217194749e+00
-1.450000000000000000e+02 -3.600000000000000000e+01 1.796599085053194766e+00
-1.450000000000000000e+02 -3.500000000000000000e+01 1.750789178367931243e+00
-1.450000000000000000e+02 -3.400000000000000000e+01 1.683718351942459890e+00
-1.450000000000000000e+02 -3.300000000000000000e+01 1.931706220053792888e+00
-1.450000000000000000e+02 -3.200000000000000000e+01 1.935680943261965270e+00
-1.450000000000000000e+02 -3.100000000000000000e+01 1.644343808994761957e+00
-1.450000000000000000e+02 -3.000000000000000000e+01 1.447714807088098965e+00
-1.450000000000000000e+02 -2.900000000000000000e+01 1.657856809136690313e+00
-1.450000000000000000e+02 -2.800000000000000000e+01 1.803510599461549235e+00
-1.450000000000000000e+02 -2.700000000000000000e+01 1.572537745189086067e+00
-1.450000000000000000e+02 -2.600000000000000000e+01 1.521868419904640390e+00
-1.450000000000000000e+02 -2.500000000000000000e+01 1.798823997990712797e+00
-1.450000000000000000e+02 -2.400000000000000000e+01 2.207514274108481445e+00
-1.450000000000000000e+02 -2.300000000000000000e+01 1.953256554875922424e+00
-1.450000000000000000e+02 -2.200000000000000000e+01 1.611298745429954993e+00
-1.450000000000000000e+02 -2.100000000000000000e+01 1.666313335288436726e+00
-1.450000000000000000e+02 -2.000000000000000000e+01 1.665865598146158533e+00
-1.450000000000000000e+02 -1.900000000000000000e+01 1.851611236823554885e+00
-1.450000000000000000e+02 -1.800000000000000000e+01 1.931114936829628759e+00
-1.450000000000000000e+02 -1.700000000000000000e+01 2.220766614403671735e+00
-1.450000000000000000e+02 -1.600000000000000000e+01 2.165245039316431086e+00
-1.450000000000000000e+02 -1.500000000000000000e+01 2.156698184881455482e+00
-1.450000000000000000e+02 -1.400000000000000000e+01 1.984667640650851439e+00
-1.450000000000000000e+02 -1.300000000000000000e+01 1.955163968936279417e+00
-1.450000000000000000e+02 -1.200000000000000000e+01 nan
-1.440000000000000000e+02 -3.900000000000000000e+01 nan
-1.440000000000000000e+02 -3.800000000000000000e+01 nan
-1.440000000000000000e+02 -3.700000000000000000e+01 nan
-1.440000000000000000e+02 -3.600000000000000000e+01 1.785350162524521167e+00
-1.440000000000000000e+02 -3.500000000000000000e+01 1.706741969734449249e+00
-1.440000000000000000e+02 -3.400000000000000000e+01 1.757910198055385065e+00
-1.440000000000000000e+02 -3.300000000000000000e+01 1.928480021209249218e+00
-1.440000000000000000e+02 -3.200000000000000000e+01 1.918091149626049097e+00
-1.440000000000000000e+02 -3.100000000000000000e+01 1.657890307888746584e+00
-1.440000000000000000e+02 -3.000000000000000000e+01 1.460156658540266328e+00
-1.440000000000000000e+02 -2.900000000000000000e+01 1.845949246418153278e+00
-1.440000000000000000e+02 -2.800000000000000000e+01 2.135346631304704257e+00
-1.440000000000000000e+02 -2.700000000000000000e+01 1.704361064293579808e+00
-1.440000000000000000e+02 -2.600000000000000000e+01 1.592647075929013223e+00
-1.440000000000000000e+02 -2.500000000000000000e+01 1.785849838271023282e+00
-1.440000000000000000e+02 -2.400000000000000000e+01 2.516446362024255201e+00
-1.440000000000000000e+02 -2.300000000000000000e+01 2.235875095037442861e+00
-1.440000000000000000e+02 -2.200000000000000000e+01 1.619810802995693244e+00
-1.440000000000000000e+02 -2.100000000000000000e+01 1.689909993596558024e+00
-1.440000000000000000e+02 -2.000000000000000000e+01 1.888636998722736715e+00
-1.440000000000000000e+02 -1.900000000000000000e+01 1.893120698894768195e+00
-1.440000000000000000e+02 -1.800000000000000000e+01 2.183427635745581075e+00
-1.440000000000000000e+02 -1.700000000000000000e+01 2.250239465240036374e+00
-1.440000000000000000e+02 -1.600000000000000000e+01 2.191819975116436225e+00
-1.440000000000000000e+02 -1.500000000000000000e+01 2.172214705327554451e+00
-1.440000000000000000e+02 -1.400000000000000000e+01 2.189861511537420036e+00
-1.440000000000000000e+02 -1.300000000000000000e+01 1.956078646936913801e+00
-1.440000000000000000e+02 -1.200000000000000000e+01 nan
