Longitude[deg], Latitude[deg], Dust optical depth
-4.800000000000000000e+01 3.400000000000000000e+01 nan
-4.800000000000000000e+01 3.500000000000000000e+01 nan
-4.800000000000000000e+01 3.600000000000000000e+01 nan
-4.800000000000000000e+01 3.700000000000000000e+01 nan
-4.800000000000000000e+01 3.800000000000000000e+01 nan
-4.800000000000000000e+01 3.900000000000000000e+01 nan
-4.800000000000000000e+01 4.000000000000000000e+01 nan
-4.800000000000000000e+01 4.100000000000000000e+01 nan
-4.800000000000000000e+01 4.200000000000000000e+01 nan
-4.800000000000000000e+01 4.300000000000000000e+01 nan
-4.800000000000000000e+01 4.400000000000000000e+01 nan
-4.800000000000000000e+01 4.500000000000000000e+01 nan
-4.800000000000000000e+01 4.600000000000000000e+01 nan
-4.800000000000000000e+01 4.700000000000000000e+01 nan
-4.800000000000000000e+01 4.800000000000000000e+01 nan
-4.800000000000000000e+01 4.900000000000000000e+01 nan
-4.800000000000000000e+01 5.000000000000000000e+01 nan
-4.700000000000000000e+01 3.400000000000000000e+01 nan
-4.700000000000000000e+01 3.500000000000000000e+01 nan
-4.700000000000000000e+01 3.600000000000000000e+01 nan
-4.700000000000000000e+01 3.700000000000000000e+01 nan
-4.700000000000000000e+01 3.800000000000000000e+01 nan
-4.700000000000000000e+01 3.900000000000000000e+01 nan
-4.700000000000000000e+01 4.000000000000000000e+01 nan
-4.700000000000000000e+01 4.100000000000000000e+01 nan
-4.700000000000000000e+01 4.200000000000000000e+01 nan
-4.700000000000000000e+01 4.300000000000000000e+01 nan
-4.700000000000000000e+01 4.400000000000000000e+01 nan
-4.700000000000000000e+01 4.500000000000000000e+01 nan
-4.700000000000000000e+01 4.600000000000000000e+01 nan
-4.700000000000000000e+01 4.700000000000000000e+01 nan
-4.700000000000000000e+01 4.800000000000000000e+01 nan
-4.700000000000000000e+01 4.900000000000000000e+01 nan
-4.700000000000000000e+01 5.000000000000000000e+01 nan
-4.600000000000000000e+01 3.400000000000000000e+01 nan
-4.600000000000000000e+01 3.500000000000000000e+01 nan
-4.600000000000000000e+01 3.600000000000000000e+01 nan
-4.600000000000000000e+01 3.700000000000000000e+01 nan
-4.600000000000000000e+01 3.800000000000000000e+01 nan
-4.600000000000000000e+01 3.900000000000000000e+01 3.223196711187903407e-01
-4.600000000000000000e+01 4.000000000000000000e+01 2.816652819737297531e-01
-4.600000000000000000e+01 4.100000000000000000e+01 2.820356327263757179e-01
-4.600000000000000000e+01 4.200000000000000000e+01 2.428858363528225428e-01
-4.600000000000000000e+01 4.300000000000000000e+01 1.961271542845255400e-01
-4.600000000000000000e+01 4.400000000000000000e+01 2.006082664148331196e-01
-4.600000000000000000e+01 4.500000000000000000e+01 nan
-4.600000000000000000e+01 4.600000000000000000e+01 nan
-4.600000000000000000e+01 4.700000000000000000e+01 nan
-4.600000000000000000e+01 4.800000000000000000e+01 nan
-4.600000000000000000e+01 4.900000000000000000e+01 nan
-4.600000000000000000e+01 5.000000000000000000e+01 nan
-4.500000000000000000e+01 3.400000000000000000e+01 4.800732747978403436e-01
-4.500000000000000000e+01 3.500000000000000000e+01 4.243913472103064133e-01
-4.500000000000000000e+01 3.600000000000000000e+01 4.035223961004921200e-01
-4.500000000000000000e+01 3.700000000000000000e+01 3.634348731468742821e-01
-4.500000000000000000e+01 3.800000000000000000e+01 3.509523743930000883e-01
-4.500000000000000000e+01 3.900000000000000000e+01 3.510815731593420752e-01
-4.500000000000000000e+01 4.000000000000000000e+01 3.085463093048260719e-01
-4.500000000000000000e+01 4.100000000000000000e+01 2.944625673604854832e-01
-4.500000000000000000e+01 4.200000000000000000e+01 2.553031569784263710e-01
-4.500000000000000000e+01 4.300000000000000000e+01 2.050816074820513701e-01
-4.500000000000000000e+01 4.400000000000000000e+01 2.021923128957386351e-01
-4.500000000000000000e+01 4.500000000000000000e+01 nan
-4.500000000000000000e+01 4.600000000000000000e+01 nan
-4.500000000000000000e+01 4.700000000000000000e+01 nan
-4.500000000000000000e+01 4.800000000000000000e+01 nan
-4.500000000000000000e+01 4.900000000000000000e+01 nan
-4.500000000000000000e+01 5.000000000000000000e+01 nan
-4.400000000000000000e+01 3.400000000000000000e+01 4.624285133056958985e-01
-4.400000000000000000e+01 3.500000000000000000e+01 4.357253984948420977e-01
-4.400000000000000000e+01 3.600000000000000000e+01 4.027629938299706058e-01
-4.400000000000000000e+01 3.700000000000000000e+01 3.712288313637657766e-01
-4.400000000000000000e+01 3.800000000000000000e+01 3.748891173537804988e-01
-4.400000000000000000e+01 3.900000000000000000e+01 3.656073984659594656e-01
-4.400000000000000000e+01 4.000000000000000000e+01 3.182997473688027323e-01
-4.400000000000000000e+01 4.100000000000000000e+01 3.000238950112929515e-01
-4.400000000000000000e+01 4.200000000000000000e+01 2.767803115420255922e-01
-4.400000000000000000e+01 4.300000000000000000e+01 2.327400286902400750e-01
-4.400000000000000000e+01 4.400000000000000000e+01 2.250857988876198423e-01
-4.400000000000000000e+01 4.500000000000000000e+01 nan
-4.400000000000000000e+01 4.600000000000000000e+01 nan
-4.400000000000000000e+01 4.700000000000000000e+01 nan
-4.400000000000000000e+01 4.800000000000000000e+01 nan
-4.400000000000000000e+01 4.900000000000000000e+01 nan
-4.400000000000000000e+01 5.000000000000000000e+01 nan
-4.300000000000000000e+01 3.400000000000000000e+01 4.436060041238829021e-01
-4.300000000000000000e+01 3.500000000000000000e+01 4.301276691220312087e-01
-4.300000000000000000e+01 3.600000000000000000e+01 4.137016387657869165e-01
-4.300000000000000000e+01 3.700000000000000000e+01 3.920470583613600568e-01
-4.300000000000000000e+01 3.800000000000000000e+01 3.857820037586037198e-01
-4.300000000000000000e+01 3.900000000000000000e+01 3.412564350391668055e-01
-4.300000000000000000e+01 4.000000000000000000e+01 3.172102721332437092e-01
-4.300000000000000000e+01 4.100000000000000000e+01 3.153550381455682006e-01
-4.300000000000000000e+01 4.200000000000000000e+01 2.907213801012278886e-01
-4.300000000000000000e+01 4.300000000000000000e+01 2.691709924512143970e-01
-4.300000000000000000e+01 4.400000000000000000e+01 2.464040737918001545e-01
-4.300000000000000000e+01 4.500000000000000000e+01 nan
-4.300000000000000000e+01 4.600000000000000000e+01 nan
-4.300000000000000000e+01 4.700000000000000000e+01 nan
-4.300000000000000000e+01 4.800000000000000000e+01 nan
-4.300000000000000000e+01 4.900000000000000000e+01 nan
-4.300000000000000000e+01 5.000000000000000000e+01 nan
-4.200000000000000000e+01 3.400000000000000000e+01 4.107347836356826098e-01
-4.200000000000000000e+01 3.500000000000000000e+01 4.198423474601132299e-01
-4.200000000000000000e+01 3.600000000000000000e+01 4.255757505027117915e-01
-4.200000000000000000e+01 3.700000000000000000e+01 4.015973738222433642e-01
-4.200000000000000000e+01 3.800000000000000000e+01 3.705771655600170189e-01
-4.200000000000000000e+01 3.900000000000000000e+01 3.228181769647064936e-01
-4.200000000000000000e+01 4.000000000000000000e+01 3.210249836231806597e-01
-4.200000000000000000e+01 4.100000000000000000e+01 3.270102221242403018e-01
-4.200000000000000000e+01 4.200000000000000000e+01 2.919914678681755915e-01
-4.200000000000000000e+01 4.300000000000000000e+01 2.831946878702822912e-01
-4.200000000000000000e+01 4.400000000000000000e+01 2.789599223496507796e-01
-4.200000000000000000e+01 4.500000000000000000e+01 nan
-4.200000000000000000e+01 4.600000000000000000e+01 nan
-4.200000000000000000e+01 4.700000000000000000e+01 nan
-4.200000000000000000e+01 4.800000000000000000e+01 nan
-4.200000000000000000e+01 4.900000000000000000e+01 nan
-4.200000000000000000e+01 5.000000000000000000e+01 nan
-4.100000000000000000e+01 3.400000000000000000e+01 3.893507819791900970e-01
-4.100000000000000000e+01 3.500000000000000000e+01 4.035366748825794381e-01
-4.100000000000000000e+01 3.600000000000000000e+01 4.241731683070465997e-01
-4.100000000000000000e+01 3.700000000000000000e+01 3.936003125323012108e-01
-4.100000000000000000e+01 3.800000000000000000e+01 3.531253594016205422e-01
-4.100000000000000000e+01 3.900000000000000000e+01 3.309587035103946917e-01
-4.100000000000000000e+01 4.000000000000000000e+01 3.300339573336633081e-01
-4.100000000000000000e+01 4.100000000000000000e+01 3.298054395161901797e-01
-4.100000000000000000e+01 4.200000000000000000e+01 2.888512450355189554e-01
-4.100000000000000000e+01 4.300000000000000000e+01 2.826938346692892678e-01
-4.100000000000000000e+01 4.400000000000000000e+01 2.980491805256263449e-01
-4.100000000000000000e+01 4.500000000000000000e+01 nan
-4.100000000000000000e+01 4.600000000000000000e+01 nan
-4.100000000000000000e+01 4.700000000000000000e+01 nan
-4.100000000000000000e+01 4.800000000000000000e+01 nan
-4.100000000000000000e+01 4.900000000000000000e+01 nan
-4.100000000000000000e+01 5.000000000000000000e+01 nan
-4.000000000000000000e+01 3.400000000000000000e+01 nan
-4.000000000000000000e+01 3.500000000000000000e+01 nan
-4.000000000000000000e+01 3.600000000000000000e+01 nan
-4.000000000000000000e+01 3.700000000000000000e+01 nan
-4.000000000000000000e+01 3.800000000000000000e+01 nan
-4.000000000000000000e+01 3.900000000000000000e+01 nan
-4.000000000000000000e+01 4.000000000000000000e+01 nan
-4.000000000000000000e+01 4.100000000000000000e+01 nan
-4.000000000000000000e+01 4.200000000000000000e+01 nan
-4.000000000000000000e+01 4.300000000000000000e+01 nan
-4.000000000000000000e+01 4.400000000000000000e+01 nan
-4.000000000000000000e+01 4.500000000000000000e+01 nan
-4.000000000000000000e+01 4.600000000000000000e+01 nan
-4.000000000000000000e+01 4.700000000000000000e+01 nan
-4.000000000000000000e+01 4.800000000000000000e+01 nan
-4.000000000000000000e+01 4.900000000000000000e+01 nan
-4.000000000000000000e+01 5.000000000000000000e+01 nan
