Longitude[deg], Latitude[deg], Dust optical depth
5.200000000000000000e+01 -6.000000000000000000e+00 nan
5.200000000000000000e+01 -5.000000000000000000e+00 nan
5.200000000000000000e+01 -4.000000000000000000e+00 nan
5.200000000000000000e+01 -3.000000000000000000e+00 nan
5.200000000000000000e+01 -2.000000000000000000e+00 nan
5.200000000000000000e+01 -1.000000000000000000e+00 nan
5.200000000000000000e+01 0.000000000000000000e+00 nan
5.200000000000000000e+01 1.000000000000000000e+00 nan
5.200000000000000000e+01 2.000000000000000000e+00 nan
5.200000000000000000e+01 3.000000000000000000e+00 nan
5.200000000000000000e+01 4.000000000000000000e+00 nan
5.200000000000000000e+01 5.000000000000000000e+00 nan
5.200000000000000000e+01 6.000000000000000000e+00 nan
5.200000000000000000e+01 7.000000000000000000e+00 nan
5.200000000000000000e+01 8.000000000000000000e+00 nan
5.200000000000000000e+01 9.000000000000000000e+00 nan
5.200000000000000000e+01 1.000000000000000000e+01 nan
5.300000000000000000e+01 -6.000000000000000000e+00 1.351846935155584406e+00
5.300000000000000000e+01 -5.000000000000000000e+00 1.142657843271124296e+00
5.300000000000000000e+01 -4.000000000000000000e+00 8.061598797185380860e-01
5.300000000000000000e+01 -3.000000000000000000e+00 7.786891506733066848e-01
5.300000000000000000e+01 -2.000000000000000000e+00 6.983172455445306737e-01
5.300000000000000000e+01 -1.000000000000000000e+00 5.739664855832923296e-01
5.300000000000000000e+01 0.000000000000000000e+00 6.526977815296954866e-01
5.300000000000000000e+01 1.000000000000000000e+00 7.251642280118973938e-01
5.300000000000000000e+01 2.000000000000000000e+00 7.735902000800894962e-01
5.300000000000000000e+01 3.000000000000000000e+00 8.094989660375803142e-01
5.300000000000000000e+01 4.000000000000000000e+00 7.737472897531758598e-01
5.300000000000000000e+01 5.000000000000000000e+00 7.635324993617472744e-01
5.300000000000000000e+01 6.000000000000000000e+00 7.552744719849073807e-01
5.300000000000000000e+01 7.000000000000000000e+00 6.987020833819426180e-01
5.300000000000000000e+01 8.000000000000000000e+00 6.780648262019137729e-01
5.300000000000000000e+01 9.000000000000000000e+00 8.218341201350948255e-01
5.300000000000000000e+01 1.000000000000000000e+01 nan
5.400000000000000000e+01 -6.000000000000000000e+00 1.420722532404949945e+00
5.400000000000000000e+01 -5.000000000000000000e+00 1.183396397125661803e+00
5.400000000000000000e+01 -4.000000000000000000e+00 9.354055783685573111e-01
5.400000000000000000e+01 -3.000000000000000000e+00 1.080003406886889117e+00
5.400000000000000000e+01 -2.000000000000000000e+00 1.012011590366776348e+00
5.400000000000000000e+01 -1.000000000000000000e+00 8.964480795014545533e-01
5.400000000000000000e+01 0.000000000000000000e+00 7.884738734745048161e-01
5.400000000000000000e+01 1.000000000000000000e+00 7.858380939343888594e-01
5.400000000000000000e+01 2.000000000000000000e+00 8.456723581284207869e-01
5.400000000000000000e+01 3.000000000000000000e+00 8.230241834008190649e-01
5.400000000000000000e+01 4.000000000000000000e+00 7.799763709003596501e-01
5.400000000000000000e+01 5.000000000000000000e+00 7.713467877932983496e-01
5.400000000000000000e+01 6.000000000000000000e+00 7.368097089485580176e-01
5.400000000000000000e+01 7.000000000000000000e+00 7.010359463986923778e-01
5.400000000000000000e+01 8.000000000000000000e+00 6.833473416571804737e-01
5.400000000000000000e+01 9.000000000000000000e+00 7.566031284918054434e-01
5.400000000000000000e+01 1.000000000000000000e+01 nan
5.500000000000000000e+01 -6.000000000000000000e+00 1.446267122852983977e+00
5.500000000000000000e+01 -5.000000000000000000e+00 1.208801091741066092e+00
5.500000000000000000e+01 -4.000000000000000000e+00 9.689878735752106564e-01
5.500000000000000000e+01 -3.000000000000000000e+00 1.247013386802033441e+00
5.500000000000000000e+01 -2.000000000000000000e+00 1.245183435697599261e+00
5.500000000000000000e+01 -1.000000000000000000e+00 1.080497190984121891e+00
5.500000000000000000e+01 0.000000000000000000e+00 9.154364770608213187e-01
5.500000000000000000e+01 1.000000000000000000e+00 8.385598707402491803e-01
5.500000000000000000e+01 2.000000000000000000e+00 8.765253413669487070e-01
5.500000000000000000e+01 3.000000000000000000e+00 8.283136156326611488e-01
5.500000000000000000e+01 4.000000000000000000e+00 7.826737699714714225e-01
5.500000000000000000e+01 5.000000000000000000e+00 7.752777601345482994e-01
5.500000000000000000e+01 6.000000000000000000e+00 7.302796268179335692e-01
5.500000000000000000e+01 7.000000000000000000e+00 7.014601369023865107e-01
5.500000000000000000e+01 8.000000000000000000e+00 6.851503289909578465e-01
5.500000000000000000e+01 9.000000000000000000e+00 6.254839292015054175e-01
5.500000000000000000e+01 1.000000000000000000e+01 nan
