Longitude[deg], Latitude[deg], Dust optical depth
6.700000000000000000e+01 5.000000000000000000e+00 nan
6.700000000000000000e+01 6.000000000000000000e+00 nan
6.700000000000000000e+01 7.000000000000000000e+00 nan
6.700000000000000000e+01 8.000000000000000000e+00 nan
6.700000000000000000e+01 9.000000000000000000e+00 nan
6.700000000000000000e+01 1.000000000000000000e+01 nan
6.700000000000000000e+01 1.100000000000000000e+01 nan
6.700000000000000000e+01 1.200000000000000000e+01 nan
6.700000000000000000e+01 1.300000000000000000e+01 nan
6.700000000000000000e+01 1.400000000000000000e+01 nan
6.700000000000000000e+01 1.500000000000000000e+01 nan
6.700000000000000000e+01 1.600000000000000000e+01 nan
6.700000000000000000e+01 1.700000000000000000e+01 nan
6.700000000000000000e+01 1.800000000000000000e+01 nan
6.700000000000000000e+01 1.900000000000000000e+01 nan
6.700000000000000000e+01 2.000000000000000000e+01 nan
6.700000000000000000e+01 2.100000000000000000e+01 nan
6.700000000000000000e+01 2.200000000000000000e+01 nan
6.700000000000000000e+01 2.300000000000000000e+01 nan
6.700000000000000000e+01 2.400000000000000000e+01 nan
6.700000000000000000e+01 2.500000000000000000e+01 nan
6.700000000000000000e+01 2.600000000000000000e+01 5.021801720288897819e+00
6.700000000000000000e+01 2.700000000000000000e+01 4.971050096646985494e+00
6.700000000000000000e+01 2.800000000000000000e+01 4.927918648074691710e+00
6.700000000000000000e+01 2.900000000000000000e+01 4.861731493304154661e+00
6.700000000000000000e+01 3.000000000000000000e+01 4.755825644583069334e+00
6.700000000000000000e+01 3.100000000000000000e+01 nan
6.800000000000000000e+01 5.000000000000000000e+00 nan
6.800000000000000000e+01 6.000000000000000000e+00 nan
6.800000000000000000e+01 7.000000000000000000e+00 nan
6.800000000000000000e+01 8.000000000000000000e+00 nan
6.800000000000000000e+01 9.000000000000000000e+00 nan
6.800000000000000000e+01 1.000000000000000000e+01 nan
6.800000000000000000e+01 1.100000000000000000e+01 nan
6.800000000000000000e+01 1.200000000000000000e+01 nan
6.800000000000000000e+01 1.300000000000000000e+01 nan
6.800000000000000000e+01 1.400000000000000000e+01 nan
6.800000000000000000e+01 1.500000000000000000e+01 nan
6.800000000000000000e+01 1.600000000000000000e+01 nan
6.800000000000000000e+01 1.700000000000000000e+01 nan
6.800000000000000000e+01 1.800000000000000000e+01 nan
6.800000000000000000e+01 1.900000000000000000e+01 nan
6.800000000000000000e+01 2.000000000000000000e+01 nan
6.800000000000000000e+01 2.100000000000000000e+01 5.369567847287440188e+00
6.800000000000000000e+01 2.200000000000000000e+01 5.324576467030183835e+00
6.800000000000000000e+01 2.300000000000000000e+01 5.334877157323965946e+00
6.800000000000000000e+01 2.400000000000000000e+01 5.285051006257247330e+00
6.800000000000000000e+01 2.500000000000000000e+01 5.105798539618761289e+00
6.800000000000000000e+01 2.600000000000000000e+01 5.010268929941834593e+00
6.800000000000000000e+01 2.700000000000000000e+01 4.991813213267536575e+00
6.800000000000000000e+01 2.800000000000000000e+01 4.945547673556745849e+00
6.800000000000000000e+01 2.900000000000000000e+01 4.866895403162587286e+00
6.800000000000000000e+01 3.000000000000000000e+01 4.764980257615228254e+00
6.800000000000000000e+01 3.100000000000000000e+01 nan
6.900000000000000000e+01 5.000000000000000000e+00 nan
6.900000000000000000e+01 6.000000000000000000e+00 nan
6.900000000000000000e+01 7.000000000000000000e+00 nan
6.900000000000000000e+01 8.000000000000000000e+00 nan
6.900000000000000000e+01 9.000000000000000000e+00 nan
6.900000000000000000e+01 1.000000000000000000e+01 nan
6.900000000000000000e+01 1.100000000000000000e+01 nan
6.900000000000000000e+01 1.200000000000000000e+01 nan
6.900000000000000000e+01 1.300000000000000000e+01 nan
6.900000000000000000e+01 1.400000000000000000e+01 nan
6.900000000000000000e+01 1.500000000000000000e+01 nan
6.900000000000000000e+01 1.600000000000000000e+01 5.935065954705501134e+00
6.900000000000000000e+01 1.700000000000000000e+01 5.916397681644626871e+00
6.900000000000000000e+01 1.800000000000000000e+01 5.747839807050733718e+00
6.900000000000000000e+01 1.900000000000000000e+01 5.643706261940145019e+00
6.900000000000000000e+01 2.000000000000000000e+01 5.614075708447777480e+00
6.900000000000000000e+01 2.100000000000000000e+01 5.447311923201735517e+00
6.900000000000000000e+01 2.200000000000000000e+01 5.306160686817999128e+00
6.900000000000000000e+01 2.300000000000000000e+01 5.268915283682895634e+00
6.900000000000000000e+01 2.400000000000000000e+01 5.254427234532305313e+00
6.900000000000000000e+01 2.500000000000000000e+01 5.112731211742701731e+00
6.900000000000000000e+01 2.600000000000000000e+01 4.984172938514014106e+00
6.900000000000000000e+01 2.700000000000000000e+01 4.936898216947187557e+00
6.900000000000000000e+01 2.800000000000000000e+01 4.885728826043870932e+00
6.900000000000000000e+01 2.900000000000000000e+01 4.837182846892871702e+00
6.900000000000000000e+01 3.000000000000000000e+01 4.755097232041418209e+00
6.900000000000000000e+01 3.100000000000000000e+01 nan
7.000000000000000000e+01 5.000000000000000000e+00 nan
7.000000000000000000e+01 6.000000000000000000e+00 nan
7.000000000000000000e+01 7.000000000000000000e+00 nan
7.000000000000000000e+01 8.000000000000000000e+00 nan
7.000000000000000000e+01 9.000000000000000000e+00 5.983932714796633690e+00
7.000000000000000000e+01 1.000000000000000000e+01 6.077310306621559910e+00
7.000000000000000000e+01 1.100000000000000000e+01 6.046339459015219298e+00
7.000000000000000000e+01 1.200000000000000000e+01 5.950390264658187434e+00
7.000000000000000000e+01 1.300000000000000000e+01 5.927260422290054009e+00
7.000000000000000000e+01 1.400000000000000000e+01 5.946264973195543035e+00
7.000000000000000000e+01 1.500000000000000000e+01 5.903721404828235819e+00
7.000000000000000000e+01 1.600000000000000000e+01 5.877184536812062987e+00
7.000000000000000000e+01 1.700000000000000000e+01 5.894244637822723121e+00
7.000000000000000000e+01 1.800000000000000000e+01 5.754802585971234841e+00
7.000000000000000000e+01 1.900000000000000000e+01 5.646789937732522802e+00
7.000000000000000000e+01 2.000000000000000000e+01 5.636128962950641252e+00
7.000000000000000000e+01 2.100000000000000000e+01 5.488848712072819325e+00
7.000000000000000000e+01 2.200000000000000000e+01 5.288538396921683926e+00
7.000000000000000000e+01 2.300000000000000000e+01 5.184540034569343092e+00
7.000000000000000000e+01 2.400000000000000000e+01 5.161148830713024438e+00
7.000000000000000000e+01 2.500000000000000000e+01 5.091969701434269524e+00
7.000000000000000000e+01 2.600000000000000000e+01 4.967057599954172176e+00
7.000000000000000000e+01 2.700000000000000000e+01 4.872303861401553249e+00
7.000000000000000000e+01 2.800000000000000000e+01 4.848189411956569828e+00
7.000000000000000000e+01 2.900000000000000000e+01 4.856061849698987132e+00
7.000000000000000000e+01 3.000000000000000000e+01 4.820644920922121379e+00
7.000000000000000000e+01 3.100000000000000000e+01 nan
7.100000000000000000e+01 5.000000000000000000e+00 6.283586351291773120e+00
7.100000000000000000e+01 6.000000000000000000e+00 6.223467910253470237e+00
7.100000000000000000e+01 7.000000000000000000e+00 6.117488397473890060e+00
7.100000000000000000e+01 8.000000000000000000e+00 6.076477659808190879e+00
7.100000000000000000e+01 9.000000000000000000e+00 6.031523207343025383e+00
7.100000000000000000e+01 1.000000000000000000e+01 6.079872745548462909e+00
7.100000000000000000e+01 1.100000000000000000e+01 6.077310306621559910e+00
7.100000000000000000e+01 1.200000000000000000e+01 5.928869319597467324e+00
7.100000000000000000e+01 1.300000000000000000e+01 5.890997602647080278e+00
7.100000000000000000e+01 1.400000000000000000e+01 5.927053635052042857e+00
7.100000000000000000e+01 1.500000000000000000e+01 5.907890869952497681e+00
7.100000000000000000e+01 1.600000000000000000e+01 5.903721404828235819e+00
7.100000000000000000e+01 1.700000000000000000e+01 5.942880406942550486e+00
7.100000000000000000e+01 1.800000000000000000e+01 5.804865414635109744e+00
7.100000000000000000e+01 1.900000000000000000e+01 5.671291090330349505e+00
7.100000000000000000e+01 2.000000000000000000e+01 5.647097429085365938e+00
7.100000000000000000e+01 2.100000000000000000e+01 5.557966669734866194e+00
7.100000000000000000e+01 2.200000000000000000e+01 5.333212179812847786e+00
7.100000000000000000e+01 2.300000000000000000e+01 5.194697473495204498e+00
7.100000000000000000e+01 2.400000000000000000e+01 5.171464566860150214e+00
7.100000000000000000e+01 2.500000000000000000e+01 5.105770402589952184e+00
7.100000000000000000e+01 2.600000000000000000e+01 4.986908853971067757e+00
7.100000000000000000e+01 2.700000000000000000e+01 4.887453702842959657e+00
7.100000000000000000e+01 2.800000000000000000e+01 4.881551228772527118e+00
7.100000000000000000e+01 2.900000000000000000e+01 4.933049137952974839e+00
7.100000000000000000e+01 3.000000000000000000e+01 4.941455947054141262e+00
7.100000000000000000e+01 3.100000000000000000e+01 nan
7.200000000000000000e+01 5.000000000000000000e+00 6.361306177158408737e+00
7.200000000000000000e+01 6.000000000000000000e+00 6.302236915118093918e+00
7.200000000000000000e+01 7.000000000000000000e+00 6.192754398452126274e+00
7.200000000000000000e+01 8.000000000000000000e+00 6.123882794961271969e+00
7.200000000000000000e+01 9.000000000000000000e+00 6.076594054015887814e+00
7.200000000000000000e+01 1.000000000000000000e+01 6.109514355275009301e+00
7.200000000000000000e+01 1.100000000000000000e+01 6.129896942933045878e+00
7.200000000000000000e+01 1.200000000000000000e+01 5.974600283260562250e+00
7.200000000000000000e+01 1.300000000000000000e+01 5.903068581948405225e+00
7.200000000000000000e+01 1.400000000000000000e+01 5.954900826494493593e+00
7.200000000000000000e+01 1.500000000000000000e+01 5.959351668020107518e+00
7.200000000000000000e+01 1.600000000000000000e+01 5.988224781048799628e+00
7.200000000000000000e+01 1.700000000000000000e+01 6.031363436876986839e+00
7.200000000000000000e+01 1.800000000000000000e+01 5.896374029388999460e+00
7.200000000000000000e+01 1.900000000000000000e+01 5.740835115324449234e+00
7.200000000000000000e+01 2.000000000000000000e+01 5.687613677076829077e+00
7.200000000000000000e+01 2.100000000000000000e+01 5.634758262432753462e+00
7.200000000000000000e+01 2.200000000000000000e+01 5.436914513668207327e+00
7.200000000000000000e+01 2.300000000000000000e+01 5.291299096096716781e+00
7.200000000000000000e+01 2.400000000000000000e+01 5.301038038389660478e+00
7.200000000000000000e+01 2.500000000000000000e+01 5.210822121667253448e+00
7.200000000000000000e+01 2.600000000000000000e+01 5.030354640691557577e+00
7.200000000000000000e+01 2.700000000000000000e+01 4.889491783437163619e+00
7.200000000000000000e+01 2.800000000000000000e+01 4.891368114810515699e+00
7.200000000000000000e+01 2.900000000000000000e+01 4.966137244525808292e+00
7.200000000000000000e+01 3.000000000000000000e+01 4.854058358691942132e+00
7.200000000000000000e+01 3.100000000000000000e+01 nan
7.300000000000000000e+01 5.000000000000000000e+00 6.473973851845926220e+00
7.300000000000000000e+01 6.000000000000000000e+00 6.409249991747620889e+00
7.300000000000000000e+01 7.000000000000000000e+00 6.311449851957504187e+00
7.300000000000000000e+01 8.000000000000000000e+00 6.251177945884839104e+00
7.300000000000000000e+01 9.000000000000000000e+00 6.196168340242908634e+00
7.300000000000000000e+01 1.000000000000000000e+01 6.235068844171546942e+00
7.300000000000000000e+01 1.100000000000000000e+01 6.262695057491370676e+00
7.300000000000000000e+01 1.200000000000000000e+01 6.112032345061236605e+00
7.300000000000000000e+01 1.300000000000000000e+01 6.024093955389882460e+00
7.300000000000000000e+01 1.400000000000000000e+01 6.062118770031108994e+00
7.300000000000000000e+01 1.500000000000000000e+01 6.070271735559753523e+00
7.300000000000000000e+01 1.600000000000000000e+01 6.051577594273334526e+00
7.300000000000000000e+01 1.700000000000000000e+01 6.051833252682107478e+00
7.300000000000000000e+01 1.800000000000000000e+01 5.951115331853274348e+00
7.300000000000000000e+01 1.900000000000000000e+01 5.836610738373409824e+00
7.300000000000000000e+01 2.000000000000000000e+01 5.779602130268559179e+00
7.300000000000000000e+01 2.100000000000000000e+01 5.700246666452087219e+00
7.300000000000000000e+01 2.200000000000000000e+01 5.498744082384845910e+00
7.300000000000000000e+01 2.300000000000000000e+01 5.383532089549608379e+00
7.300000000000000000e+01 2.400000000000000000e+01 5.373813491185617686e+00
7.300000000000000000e+01 2.500000000000000000e+01 5.260498192610411294e+00
7.300000000000000000e+01 2.600000000000000000e+01 5.075743458890072723e+00
7.300000000000000000e+01 2.700000000000000000e+01 4.933285698019552967e+00
7.300000000000000000e+01 2.800000000000000000e+01 4.906414428147420459e+00
7.300000000000000000e+01 2.900000000000000000e+01 5.022209277367951863e+00
7.300000000000000000e+01 3.000000000000000000e+01 4.855329230001187213e+00
7.300000000000000000e+01 3.100000000000000000e+01 nan
7.400000000000000000e+01 5.000000000000000000e+00 6.528071374872301824e+00
7.400000000000000000e+01 6.000000000000000000e+00 6.465802626456604862e+00
7.400000000000000000e+01 7.000000000000000000e+00 6.370006232306048233e+00
7.400000000000000000e+01 8.000000000000000000e+00 6.329640435526322939e+00
7.400000000000000000e+01 9.000000000000000000e+00 6.287043239059279642e+00
7.400000000000000000e+01 1.000000000000000000e+01 6.314964758073792872e+00
7.400000000000000000e+01 1.100000000000000000e+01 6.354105432354482552e+00
7.400000000000000000e+01 1.200000000000000000e+01 6.190596229962551433e+00
7.400000000000000000e+01 1.300000000000000000e+01 6.109600026873249767e+00
7.400000000000000000e+01 1.400000000000000000e+01 6.149036165486051253e+00
7.400000000000000000e+01 1.500000000000000000e+01 6.129070016679778909e+00
7.400000000000000000e+01 1.600000000000000000e+01 6.069136189475127452e+00
7.400000000000000000e+01 1.700000000000000000e+01 6.016427806243173748e+00
7.400000000000000000e+01 1.800000000000000000e+01 5.947185172728683966e+00
7.400000000000000000e+01 1.900000000000000000e+01 5.895694607681266852e+00
7.400000000000000000e+01 2.000000000000000000e+01 5.861876500811325386e+00
7.400000000000000000e+01 2.100000000000000000e+01 5.745872500713652187e+00
7.400000000000000000e+01 2.200000000000000000e+01 5.573061337511052926e+00
7.400000000000000000e+01 2.300000000000000000e+01 5.460046091453267358e+00
7.400000000000000000e+01 2.400000000000000000e+01 5.394549038272357322e+00
7.400000000000000000e+01 2.500000000000000000e+01 5.269388598795546663e+00
7.400000000000000000e+01 2.600000000000000000e+01 5.147514366800580277e+00
7.400000000000000000e+01 2.700000000000000000e+01 nan
7.400000000000000000e+01 2.800000000000000000e+01 nan
7.400000000000000000e+01 2.900000000000000000e+01 nan
7.400000000000000000e+01 3.000000000000000000e+01 nan
7.400000000000000000e+01 3.100000000000000000e+01 nan
7.500000000000000000e+01 5.000000000000000000e+00 nan
7.500000000000000000e+01 6.000000000000000000e+00 6.474872197682707053e+00
7.500000000000000000e+01 7.000000000000000000e+00 6.394424805859775240e+00
7.500000000000000000e+01 8.000000000000000000e+00 nan
7.500000000000000000e+01 9.000000000000000000e+00 nan
7.500000000000000000e+01 1.000000000000000000e+01 nan
7.500000000000000000e+01 1.100000000000000000e+01 nan
7.500000000000000000e+01 1.200000000000000000e+01 nan
7.500000000000000000e+01 1.300000000000000000e+01 nan
7.500000000000000000e+01 1.400000000000000000e+01 nan
7.500000000000000000e+01 1.500000000000000000e+01 nan
7.500000000000000000e+01 1.600000000000000000e+01 nan
7.500000000000000000e+01 1.700000000000000000e+01 nan
7.500000000000000000e+01 1.800000000000000000e+01 nan
7.500000000000000000e+01 1.900000000000000000e+01 nan
7.500000000000000000e+01 2.000000000000000000e+01 nan
7.500000000000000000e+01 2.100000000000000000e+01 nan
7.500000000000000000e+01 2.200000000000000000e+01 nan
7.500000000000000000e+01 2.300000000000000000e+01 nan
7.500000000000000000e+01 2.400000000000000000e+01 nan
7.500000000000000000e+01 2.500000000000000000e+01 nan
7.500000000000000000e+01 2.600000000000000000e+01 nan
7.500000000000000000e+01 2.700000000000000000e+01 nan
7.500000000000000000e+01 2.800000000000000000e+01 nan
7.500000000000000000e+01 2.900000000000000000e+01 nan
7.500000000000000000e+01 3.000000000000000000e+01 nan
7.500000000000000000e+01 3.100000000000000000e+01 nan
