Longitude[deg], Latitude[deg], Dust optical depth
-8.600000000000000000e+01 0.000000000000000000e+00 nan
-8.600000000000000000e+01 1.000000000000000000e+00 nan
-8.600000000000000000e+01 2.000000000000000000e+00 nan
-8.600000000000000000e+01 3.000000000000000000e+00 nan
-8.600000000000000000e+01 4.000000000000000000e+00 nan
-8.600000000000000000e+01 5.000000000000000000e+00 nan
-8.600000000000000000e+01 6.000000000000000000e+00 nan
-8.600000000000000000e+01 7.000000000000000000e+00 nan
-8.600000000000000000e+01 8.000000000000000000e+00 nan
-8.600000000000000000e+01 9.000000000000000000e+00 nan
-8.600000000000000000e+01 1.000000000000000000e+01 nan
-8.600000000000000000e+01 1.100000000000000000e+01 nan
-8.600000000000000000e+01 1.200000000000000000e+01 nan
-8.600000000000000000e+01 1.300000000000000000e+01 nan
-8.600000000000000000e+01 1.400000000000000000e+01 nan
-8.600000000000000000e+01 1.500000000000000000e+01 nan
-8.600000000000000000e+01 1.600000000000000000e+01 nan
-8.600000000000000000e+01 1.700000000000000000e+01 nan
-8.600000000000000000e+01 1.800000000000000000e+01 nan
-8.600000000000000000e+01 1.900000000000000000e+01 nan
-8.500000000000000000e+01 0.000000000000000000e+00 nan
-8.500000000000000000e+01 1.000000000000000000e+00 nan
-8.500000000000000000e+01 2.000000000000000000e+00 nan
-8.500000000000000000e+01 3.000000000000000000e+00 nan
-8.500000000000000000e+01 4.000000000000000000e+00 nan
-8.500000000000000000e+01 5.000000000000000000e+00 nan
-8.500000000000000000e+01 6.000000000000000000e+00 nan
-8.500000000000000000e+01 7.000000000000000000e+00 nan
-8.500000000000000000e+01 8.000000000000000000e+00 nan
-8.500000000000000000e+01 9.000000000000000000e+00 2.636797809029341799e+00
-8.500000000000000000e+01 1.000000000000000000e+01 2.847593098314819660e+00
-8.500000000000000000e+01 1.100000000000000000e+01 2.938476236497015393e+00
-8.500000000000000000e+01 1.200000000000000000e+01 2.912412690914779834e+00
-8.500000000000000000e+01 1.300000000000000000e+01 3.064397641054693366e+00
-8.500000000000000000e+01 1.400000000000000000e+01 2.937422698824806222e+00
-8.500000000000000000e+01 1.500000000000000000e+01 2.835066364955364904e+00
-8.500000000000000000e+01 1.600000000000000000e+01 2.828080410027632663e+00
-8.500000000000000000e+01 1.700000000000000000e+01 2.734252402375183966e+00
-8.500000000000000000e+01 1.800000000000000000e+01 2.534544412761879695e+00
-8.500000000000000000e+01 1.900000000000000000e+01 2.367649707083669064e+00
-8.400000000000000000e+01 0.000000000000000000e+00 3.565768742752324805e+00
-8.400000000000000000e+01 1.000000000000000000e+00 3.468774629200947590e+00
-8.400000000000000000e+01 2.000000000000000000e+00 3.573741056953507744e+00
-8.400000000000000000e+01 3.000000000000000000e+00 3.540386280430772192e+00
-8.400000000000000000e+01 4.000000000000000000e+00 3.275184903164412908e+00
-8.400000000000000000e+01 5.000000000000000000e+00 3.056880937360756167e+00
-8.400000000000000000e+01 6.000000000000000000e+00 2.842758711303053243e+00
-8.400000000000000000e+01 7.000000000000000000e+00 2.564025840414291491e+00
-8.400000000000000000e+01 8.000000000000000000e+00 2.462244419910300408e+00
-8.400000000000000000e+01 9.000000000000000000e+00 2.629849395093216913e+00
-8.400000000000000000e+01 1.000000000000000000e+01 2.918730556829582934e+00
-8.400000000000000000e+01 1.100000000000000000e+01 2.963458990582605423e+00
-8.400000000000000000e+01 1.200000000000000000e+01 2.916660347235811912e+00
-8.400000000000000000e+01 1.300000000000000000e+01 3.055876857433210692e+00
-8.400000000000000000e+01 1.400000000000000000e+01 3.018070554352440205e+00
-8.400000000000000000e+01 1.500000000000000000e+01 2.853656819593782590e+00
-8.400000000000000000e+01 1.600000000000000000e+01 2.804303695573981514e+00
-8.400000000000000000e+01 1.700000000000000000e+01 2.666385290698674915e+00
-8.400000000000000000e+01 1.800000000000000000e+01 2.487919654469229691e+00
-8.400000000000000000e+01 1.900000000000000000e+01 2.353505398797441917e+00
-8.300000000000000000e+01 0.000000000000000000e+00 3.301076021302836949e+00
-8.300000000000000000e+01 1.000000000000000000e+00 3.308801988147630713e+00
-8.300000000000000000e+01 2.000000000000000000e+00 3.460160766200630622e+00
-8.300000000000000000e+01 3.000000000000000000e+00 3.479254503282773303e+00
-8.300000000000000000e+01 4.000000000000000000e+00 3.313293272396343525e+00
-8.300000000000000000e+01 5.000000000000000000e+00 3.111880086140395019e+00
-8.300000000000000000e+01 6.000000000000000000e+00 2.883750424888067432e+00
-8.300000000000000000e+01 7.000000000000000000e+00 2.571934010898779377e+00
-8.300000000000000000e+01 8.000000000000000000e+00 2.455652611844290067e+00
-8.300000000000000000e+01 9.000000000000000000e+00 2.657215238495770127e+00
-8.300000000000000000e+01 1.000000000000000000e+01 2.945455505558300047e+00
-8.300000000000000000e+01 1.100000000000000000e+01 3.012334985875229965e+00
-8.300000000000000000e+01 1.200000000000000000e+01 2.980030241305443806e+00
-8.300000000000000000e+01 1.300000000000000000e+01 3.013221058458543045e+00
-8.300000000000000000e+01 1.400000000000000000e+01 2.997177419407860199e+00
-8.300000000000000000e+01 1.500000000000000000e+01 2.860023935779927307e+00
-8.300000000000000000e+01 1.600000000000000000e+01 2.756984627971583723e+00
-8.300000000000000000e+01 1.700000000000000000e+01 2.620265539978126945e+00
-8.300000000000000000e+01 1.800000000000000000e+01 2.411797004464425687e+00
-8.300000000000000000e+01 1.900000000000000000e+01 2.332407383144448954e+00
-8.200000000000000000e+01 0.000000000000000000e+00 3.047753141037793156e+00
-8.200000000000000000e+01 1.000000000000000000e+00 3.144001717072876012e+00
-8.200000000000000000e+01 2.000000000000000000e+00 3.402922331653955634e+00
-8.200000000000000000e+01 3.000000000000000000e+00 3.476053404768887134e+00
-8.200000000000000000e+01 4.000000000000000000e+00 3.358600838784171483e+00
-8.200000000000000000e+01 5.000000000000000000e+00 3.175257140692484992e+00
-8.200000000000000000e+01 6.000000000000000000e+00 2.931653905693384576e+00
-8.200000000000000000e+01 7.000000000000000000e+00 2.594552360551023451e+00
-8.200000000000000000e+01 8.000000000000000000e+00 2.436682498573910394e+00
-8.200000000000000000e+01 9.000000000000000000e+00 2.685516836811043806e+00
-8.200000000000000000e+01 1.000000000000000000e+01 2.972593352816599310e+00
-8.200000000000000000e+01 1.100000000000000000e+01 3.024463224428929120e+00
-8.200000000000000000e+01 1.200000000000000000e+01 3.010598783929315569e+00
-8.200000000000000000e+01 1.300000000000000000e+01 2.957041209270423909e+00
-8.200000000000000000e+01 1.400000000000000000e+01 2.929126952625729086e+00
-8.200000000000000000e+01 1.500000000000000000e+01 2.852785875380857483e+00
-8.200000000000000000e+01 1.600000000000000000e+01 2.703928259324505756e+00
-8.200000000000000000e+01 1.700000000000000000e+01 2.610026045963332653e+00
-8.200000000000000000e+01 1.800000000000000000e+01 2.413473066650376975e+00
-8.200000000000000000e+01 1.900000000000000000e+01 2.332372983323453219e+00
-8.100000000000000000e+01 0.000000000000000000e+00 2.778608484581843729e+00
-8.100000000000000000e+01 1.000000000000000000e+00 3.019988978403639557e+00
-8.100000000000000000e+01 2.000000000000000000e+00 3.360223198602699135e+00
-8.100000000000000000e+01 3.000000000000000000e+00 3.532863188277304722e+00
-8.100000000000000000e+01 4.000000000000000000e+00 3.442889962481046062e+00
-8.100000000000000000e+01 5.000000000000000000e+00 3.252347861386450489e+00
-8.100000000000000000e+01 6.000000000000000000e+00 3.045110446144888350e+00
-8.100000000000000000e+01 7.000000000000000000e+00 2.640586889227980461e+00
-8.100000000000000000e+01 8.000000000000000000e+00 2.383823029468326471e+00
-8.100000000000000000e+01 9.000000000000000000e+00 2.673477880223810388e+00
-8.100000000000000000e+01 1.000000000000000000e+01 2.950097069960083918e+00
-8.100000000000000000e+01 1.100000000000000000e+01 3.010598783929315569e+00
-8.100000000000000000e+01 1.200000000000000000e+01 2.997490782259418118e+00
-8.100000000000000000e+01 1.300000000000000000e+01 2.877990829667131045e+00
-8.100000000000000000e+01 1.400000000000000000e+01 2.901389416026799672e+00
-8.100000000000000000e+01 1.500000000000000000e+01 2.890151956343713469e+00
-8.100000000000000000e+01 1.600000000000000000e+01 nan
-8.100000000000000000e+01 1.700000000000000000e+01 nan
-8.100000000000000000e+01 1.800000000000000000e+01 nan
-8.100000000000000000e+01 1.900000000000000000e+01 nan
