Longitude[deg], Latitude[deg], Dust optical depth
1.710000000000000000e+02 -9.000000000000000000e+00 nan
1.710000000000000000e+02 -8.000000000000000000e+00 nan
1.710000000000000000e+02 -7.000000000000000000e+00 nan
1.710000000000000000e+02 -6.000000000000000000e+00 nan
1.710000000000000000e+02 -5.000000000000000000e+00 nan
1.710000000000000000e+02 -4.000000000000000000e+00 nan
1.710000000000000000e+02 -3.000000000000000000e+00 nan
1.710000000000000000e+02 -2.000000000000000000e+00 nan
1.710000000000000000e+02 -1.000000000000000000e+00 nan
1.710000000000000000e+02 0.000000000000000000e+00 nan
1.710000000000000000e+02 1.000000000000000000e+00 nan
1.710000000000000000e+02 2.000000000000000000e+00 nan
1.710000000000000000e+02 3.000000000000000000e+00 nan
1.710000000000000000e+02 4.000000000000000000e+00 nan
1.710000000000000000e+02 5.000000000000000000e+00 nan
1.710000000000000000e+02 6.000000000000000000e+00 nan
1.710000000000000000e+02 7.000000000000000000e+00 nan
1.710000000000000000e+02 8.000000000000000000e+00 nan
1.710000000000000000e+02 9.000000000000000000e+00 nan
1.710000000000000000e+02 1.000000000000000000e+01 nan
1.710000000000000000e+02 1.100000000000000000e+01 nan
1.710000000000000000e+02 1.200000000000000000e+01 nan
1.720000000000000000e+02 -9.000000000000000000e+00 nan
1.720000000000000000e+02 -8.000000000000000000e+00 nan
1.720000000000000000e+02 -7.000000000000000000e+00 nan
1.720000000000000000e+02 -6.000000000000000000e+00 nan
1.720000000000000000e+02 -5.000000000000000000e+00 nan
1.720000000000000000e+02 -4.000000000000000000e+00 nan
1.720000000000000000e+02 -3.000000000000000000e+00 nan
1.720000000000000000e+02 -2.000000000000000000e+00 nan
1.720000000000000000e+02 -1.000000000000000000e+00 nan
1.720000000000000000e+02 0.000000000000000000e+00 nan
1.720000000000000000e+02 1.000000000000000000e+00 5.401536143629200204e+00
1.720000000000000000e+02 2.000000000000000000e+00 5.357456538280389147e+00
1.720000000000000000e+02 3.000000000000000000e+00 5.558124873474874938e+00
1.720000000000000000e+02 4.000000000000000000e+00 5.662090549738877598e+00
1.720000000000000000e+02 5.000000000000000000e+00 5.722943463920635132e+00
1.720000000000000000e+02 6.000000000000000000e+00 5.826139192758623686e+00
1.720000000000000000e+02 7.000000000000000000e+00 5.938496464429301014e+00
1.720000000000000000e+02 8.000000000000000000e+00 5.929963134930595459e+00
1.720000000000000000e+02 9.000000000000000000e+00 5.836407531974385776e+00
1.720000000000000000e+02 1.000000000000000000e+01 5.715763933724060664e+00
1.720000000000000000e+02 1.100000000000000000e+01 5.632133250734887575e+00
1.720000000000000000e+02 1.200000000000000000e+01 nan
1.730000000000000000e+02 -9.000000000000000000e+00 5.263234279383948611e+00
1.730000000000000000e+02 -8.000000000000000000e+00 4.988032485290408324e+00
1.730000000000000000e+02 -7.000000000000000000e+00 4.878036743954229593e+00
1.730000000000000000e+02 -6.000000000000000000e+00 4.987718534913137880e+00
1.730000000000000000e+02 -5.000000000000000000e+00 5.150079377446561857e+00
1.730000000000000000e+02 -4.000000000000000000e+00 5.211875372648612448e+00
1.730000000000000000e+02 -3.000000000000000000e+00 5.343442678825748082e+00
1.730000000000000000e+02 -2.000000000000000000e+00 5.409522840319402448e+00
1.730000000000000000e+02 -1.000000000000000000e+00 5.394921164733804453e+00
1.730000000000000000e+02 0.000000000000000000e+00 5.366154340977224102e+00
1.730000000000000000e+02 1.000000000000000000e+00 5.397307213314572749e+00
1.730000000000000000e+02 2.000000000000000000e+00 5.421109388956029562e+00
1.730000000000000000e+02 3.000000000000000000e+00 5.516936623878602397e+00
1.730000000000000000e+02 4.000000000000000000e+00 5.629619039014634119e+00
1.730000000000000000e+02 5.000000000000000000e+00 5.656198978248994536e+00
1.730000000000000000e+02 6.000000000000000000e+00 5.712693542457582652e+00
1.730000000000000000e+02 7.000000000000000000e+00 5.824877499716684781e+00
1.730000000000000000e+02 8.000000000000000000e+00 5.925743967147282909e+00
1.730000000000000000e+02 9.000000000000000000e+00 5.852332372360071311e+00
1.730000000000000000e+02 1.000000000000000000e+01 5.732813546858148257e+00
1.730000000000000000e+02 1.100000000000000000e+01 5.639573405592610555e+00
1.730000000000000000e+02 1.200000000000000000e+01 nan
1.740000000000000000e+02 -9.000000000000000000e+00 5.082351940253561295e+00
1.740000000000000000e+02 -8.000000000000000000e+00 4.936484845570602076e+00
1.740000000000000000e+02 -7.000000000000000000e+00 4.958355440106119616e+00
1.740000000000000000e+02 -6.000000000000000000e+00 5.062837809436922853e+00
1.740000000000000000e+02 -5.000000000000000000e+00 5.150297377923631181e+00
1.740000000000000000e+02 -4.000000000000000000e+00 5.237394426722320695e+00
1.740000000000000000e+02 -3.000000000000000000e+00 5.339954060852587503e+00
1.740000000000000000e+02 -2.000000000000000000e+00 5.398871278170626731e+00
1.740000000000000000e+02 -1.000000000000000000e+00 5.442818134375190908e+00
1.740000000000000000e+02 0.000000000000000000e+00 5.428321629619691002e+00
1.740000000000000000e+02 1.000000000000000000e+00 5.421498867852270642e+00
1.740000000000000000e+02 2.000000000000000000e+00 5.445498762232834800e+00
1.740000000000000000e+02 3.000000000000000000e+00 5.556734469913154228e+00
1.740000000000000000e+02 4.000000000000000000e+00 5.672001777216500784e+00
1.740000000000000000e+02 5.000000000000000000e+00 5.684785913181139350e+00
1.740000000000000000e+02 6.000000000000000000e+00 5.692293201468923591e+00
1.740000000000000000e+02 7.000000000000000000e+00 5.809488411942196784e+00
1.740000000000000000e+02 8.000000000000000000e+00 5.933512847812771440e+00
1.740000000000000000e+02 9.000000000000000000e+00 5.905436972505374804e+00
1.740000000000000000e+02 1.000000000000000000e+01 5.759418656548311866e+00
1.740000000000000000e+02 1.100000000000000000e+01 5.678259745360771937e+00
1.740000000000000000e+02 1.200000000000000000e+01 nan
1.750000000000000000e+02 -9.000000000000000000e+00 4.984181538767443520e+00
1.750000000000000000e+02 -8.000000000000000000e+00 4.905282652664259224e+00
1.750000000000000000e+02 -7.000000000000000000e+00 4.987626319557467269e+00
1.750000000000000000e+02 -6.000000000000000000e+00 5.115121838889532313e+00
1.750000000000000000e+02 -5.000000000000000000e+00 5.152093653129512951e+00
1.750000000000000000e+02 -4.000000000000000000e+00 5.257218254154081727e+00
1.750000000000000000e+02 -3.000000000000000000e+00 5.322937812638908639e+00
1.750000000000000000e+02 -2.000000000000000000e+00 5.371109874174967658e+00
1.750000000000000000e+02 -1.000000000000000000e+00 5.501002288983528388e+00
1.750000000000000000e+02 0.000000000000000000e+00 5.482473559488533432e+00
1.750000000000000000e+02 1.000000000000000000e+00 5.433411159973678295e+00
1.750000000000000000e+02 2.000000000000000000e+00 5.466902171933471166e+00
1.750000000000000000e+02 3.000000000000000000e+00 5.601825564397810098e+00
1.750000000000000000e+02 4.000000000000000000e+00 5.716322895972822948e+00
1.750000000000000000e+02 5.000000000000000000e+00 5.742666866399408043e+00
1.750000000000000000e+02 6.000000000000000000e+00 5.702544777863253422e+00
1.750000000000000000e+02 7.000000000000000000e+00 5.813610040638564236e+00
1.750000000000000000e+02 8.000000000000000000e+00 5.941524835878848165e+00
1.750000000000000000e+02 9.000000000000000000e+00 5.926410435443304259e+00
1.750000000000000000e+02 1.000000000000000000e+01 5.765149097340887430e+00
1.750000000000000000e+02 1.100000000000000000e+01 5.709512911981249772e+00
1.750000000000000000e+02 1.200000000000000000e+01 nan
1.760000000000000000e+02 -9.000000000000000000e+00 4.866879794537334547e+00
1.760000000000000000e+02 -8.000000000000000000e+00 4.846514347555868518e+00
1.760000000000000000e+02 -7.000000000000000000e+00 4.982935583880659713e+00
1.760000000000000000e+02 -6.000000000000000000e+00 5.047057004473416875e+00
1.760000000000000000e+02 -5.000000000000000000e+00 5.161145937850093901e+00
1.760000000000000000e+02 -4.000000000000000000e+00 5.249820813207267456e+00
1.760000000000000000e+02 -3.000000000000000000e+00 5.305098410219091676e+00
1.760000000000000000e+02 -2.000000000000000000e+00 5.337535231462809726e+00
1.760000000000000000e+02 -1.000000000000000000e+00 5.507259836510883133e+00
1.760000000000000000e+02 0.000000000000000000e+00 5.487233993901479145e+00
1.760000000000000000e+02 1.000000000000000000e+00 5.422191077854013663e+00
1.760000000000000000e+02 2.000000000000000000e+00 5.502550342888399726e+00
1.760000000000000000e+02 3.000000000000000000e+00 5.618612593262194643e+00
1.760000000000000000e+02 4.000000000000000000e+00 5.731013097362025022e+00
1.760000000000000000e+02 5.000000000000000000e+00 5.777552823174147534e+00
1.760000000000000000e+02 6.000000000000000000e+00 nan
1.760000000000000000e+02 7.000000000000000000e+00 nan
1.760000000000000000e+02 8.000000000000000000e+00 nan
1.760000000000000000e+02 9.000000000000000000e+00 nan
1.760000000000000000e+02 1.000000000000000000e+01 nan
1.760000000000000000e+02 1.100000000000000000e+01 nan
1.760000000000000000e+02 1.200000000000000000e+01 nan
