Longitude[deg], Latitude[deg], Dust optical depth
7.400000000000000000e+01 -7.000000000000000000e+00 nan
7.400000000000000000e+01 -6.000000000000000000e+00 nan
7.400000000000000000e+01 -5.000000000000000000e+00 nan
7.400000000000000000e+01 -4.000000000000000000e+00 nan
7.400000000000000000e+01 -3.000000000000000000e+00 nan
7.400000000000000000e+01 -2.000000000000000000e+00 nan
7.400000000000000000e+01 -1.000000000000000000e+00 nan
7.400000000000000000e+01 0.000000000000000000e+00 nan
7.400000000000000000e+01 1.000000000000000000e+00 nan
7.400000000000000000e+01 2.000000000000000000e+00 nan
7.400000000000000000e+01 3.000000000000000000e+00 nan
7.400000000000000000e+01 4.000000000000000000e+00 nan
7.400000000000000000e+01 5.000000000000000000e+00 nan
7.400000000000000000e+01 6.000000000000000000e+00 nan
7.400000000000000000e+01 7.000000000000000000e+00 nan
7.400000000000000000e+01 8.000000000000000000e+00 nan
7.400000000000000000e+01 9.000000000000000000e+00 nan
7.400000000000000000e+01 1.000000000000000000e+01 nan
7.400000000000000000e+01 1.100000000000000000e+01 nan
7.400000000000000000e+01 1.200000000000000000e+01 nan
7.400000000000000000e+01 1.300000000000000000e+01 nan
7.500000000000000000e+01 -7.000000000000000000e+00 nan
7.500000000000000000e+01 -6.000000000000000000e+00 nan
7.500000000000000000e+01 -5.000000000000000000e+00 nan
7.500000000000000000e+01 -4.000000000000000000e+00 nan
7.500000000000000000e+01 -3.000000000000000000e+00 nan
7.500000000000000000e+01 -2.000000000000000000e+00 nan
7.500000000000000000e+01 -1.000000000000000000e+00 nan
7.500000000000000000e+01 0.000000000000000000e+00 nan
7.500000000000000000e+01 1.000000000000000000e+00 nan
7.500000000000000000e+01 2.000000000000000000e+00 nan
7.500000000000000000e+01 3.000000000000000000e+00 nan
7.500000000000000000e+01 4.000000000000000000e+00 4.270819465261685544e+00
7.500000000000000000e+01 5.000000000000000000e+00 4.292990753198438370e+00
7.500000000000000000e+01 6.000000000000000000e+00 4.291850921838966215e+00
7.500000000000000000e+01 7.000000000000000000e+00 4.228645526715283154e+00
7.500000000000000000e+01 8.000000000000000000e+00 4.085501626638778916e+00
7.500000000000000000e+01 9.000000000000000000e+00 3.945986901648304901e+00
7.500000000000000000e+01 1.000000000000000000e+01 3.957451821253815005e+00
7.500000000000000000e+01 1.100000000000000000e+01 3.885781506922332262e+00
7.500000000000000000e+01 1.200000000000000000e+01 3.799948924294958452e+00
7.500000000000000000e+01 1.300000000000000000e+01 3.826702080809723849e+00
7.600000000000000000e+01 -7.000000000000000000e+00 4.408124237360369513e+00
7.600000000000000000e+01 -6.000000000000000000e+00 4.425996645988729661e+00
7.600000000000000000e+01 -5.000000000000000000e+00 4.393855209661063022e+00
7.600000000000000000e+01 -4.000000000000000000e+00 4.318022580386077003e+00
7.600000000000000000e+01 -3.000000000000000000e+00 4.311812996614917459e+00
7.600000000000000000e+01 -2.000000000000000000e+00 4.411082721531159656e+00
7.600000000000000000e+01 -1.000000000000000000e+00 4.456107086229818215e+00
7.600000000000000000e+01 0.000000000000000000e+00 4.361545812451126380e+00
7.600000000000000000e+01 1.000000000000000000e+00 4.266670972843677134e+00
7.600000000000000000e+01 2.000000000000000000e+00 4.312348627626390041e+00
7.600000000000000000e+01 3.000000000000000000e+00 4.373303939674647367e+00
7.600000000000000000e+01 4.000000000000000000e+00 4.290075751763316347e+00
7.600000000000000000e+01 5.000000000000000000e+00 4.282151851958951205e+00
7.600000000000000000e+01 6.000000000000000000e+00 4.271624863482417211e+00
7.600000000000000000e+01 7.000000000000000000e+00 4.211960335642899622e+00
7.600000000000000000e+01 8.000000000000000000e+00 4.060341330226759027e+00
7.600000000000000000e+01 9.000000000000000000e+00 3.853377168926798380e+00
7.600000000000000000e+01 1.000000000000000000e+01 3.866775706479931518e+00
7.600000000000000000e+01 1.100000000000000000e+01 3.870623177762887224e+00
7.600000000000000000e+01 1.200000000000000000e+01 3.792510267459872075e+00
7.600000000000000000e+01 1.300000000000000000e+01 3.784899276166037829e+00
7.700000000000000000e+01 -7.000000000000000000e+00 4.398851067253343849e+00
7.700000000000000000e+01 -6.000000000000000000e+00 4.442122496650526386e+00
7.700000000000000000e+01 -5.000000000000000000e+00 4.411264475721774936e+00
7.700000000000000000e+01 -4.000000000000000000e+00 4.325886632997189452e+00
7.700000000000000000e+01 -3.000000000000000000e+00 4.320140431026119998e+00
7.700000000000000000e+01 -2.000000000000000000e+00 4.431148025439097360e+00
7.700000000000000000e+01 -1.000000000000000000e+00 4.509143534723326852e+00
7.700000000000000000e+01 0.000000000000000000e+00 4.421158404902990391e+00
7.700000000000000000e+01 1.000000000000000000e+00 4.312271309584000178e+00
7.700000000000000000e+01 2.000000000000000000e+00 4.332993820056264767e+00
7.700000000000000000e+01 3.000000000000000000e+00 4.380691558184629741e+00
7.700000000000000000e+01 4.000000000000000000e+00 4.320197181419455745e+00
7.700000000000000000e+01 5.000000000000000000e+00 4.283451869792897604e+00
7.700000000000000000e+01 6.000000000000000000e+00 4.231236909405060587e+00
7.700000000000000000e+01 7.000000000000000000e+00 4.130148973561744263e+00
7.700000000000000000e+01 8.000000000000000000e+00 3.974850013029738172e+00
7.700000000000000000e+01 9.000000000000000000e+00 3.823680807840398543e+00
7.700000000000000000e+01 1.000000000000000000e+01 3.824047827450094417e+00
7.700000000000000000e+01 1.100000000000000000e+01 3.822095492341370804e+00
7.700000000000000000e+01 1.200000000000000000e+01 3.773871997379917520e+00
7.700000000000000000e+01 1.300000000000000000e+01 3.741709410649875611e+00
7.800000000000000000e+01 -7.000000000000000000e+00 4.387905580728786781e+00
7.800000000000000000e+01 -6.000000000000000000e+00 4.438872251637852706e+00
7.800000000000000000e+01 -5.000000000000000000e+00 4.405780786261546567e+00
7.800000000000000000e+01 -4.000000000000000000e+00 4.315620069454507046e+00
7.800000000000000000e+01 -3.000000000000000000e+00 4.328317681910938575e+00
7.800000000000000000e+01 -2.000000000000000000e+00 4.462451206390220193e+00
7.800000000000000000e+01 -1.000000000000000000e+00 4.562102941197142769e+00
7.800000000000000000e+01 0.000000000000000000e+00 4.460733056729889512e+00
7.800000000000000000e+01 1.000000000000000000e+00 4.366478976478378904e+00
7.800000000000000000e+01 2.000000000000000000e+00 4.361104342085005747e+00
7.800000000000000000e+01 3.000000000000000000e+00 4.390143199934980700e+00
7.800000000000000000e+01 4.000000000000000000e+00 4.343384413241647479e+00
7.800000000000000000e+01 5.000000000000000000e+00 4.283901475973643791e+00
7.800000000000000000e+01 6.000000000000000000e+00 4.188053579656138226e+00
7.800000000000000000e+01 7.000000000000000000e+00 4.054111101768596015e+00
7.800000000000000000e+01 8.000000000000000000e+00 3.932914846725557467e+00
7.800000000000000000e+01 9.000000000000000000e+00 3.827889729994719215e+00
7.800000000000000000e+01 1.000000000000000000e+01 3.822468309745561843e+00
7.800000000000000000e+01 1.100000000000000000e+01 3.790392934724361673e+00
7.800000000000000000e+01 1.200000000000000000e+01 3.757067528806540935e+00
7.800000000000000000e+01 1.300000000000000000e+01 3.743279181475245743e+00
7.900000000000000000e+01 -7.000000000000000000e+00 4.359405533273031708e+00
7.900000000000000000e+01 -6.000000000000000000e+00 4.415041153596678036e+00
7.900000000000000000e+01 -5.000000000000000000e+00 4.353722040706347052e+00
7.900000000000000000e+01 -4.000000000000000000e+00 4.294105166618440883e+00
7.900000000000000000e+01 -3.000000000000000000e+00 4.335476557103305595e+00
7.900000000000000000e+01 -2.000000000000000000e+00 4.504327942970883569e+00
7.900000000000000000e+01 -1.000000000000000000e+00 4.600312168582008532e+00
7.900000000000000000e+01 0.000000000000000000e+00 4.479773846106580137e+00
7.900000000000000000e+01 1.000000000000000000e+00 4.424540103945198588e+00
7.900000000000000000e+01 2.000000000000000000e+00 4.408363558713393360e+00
7.900000000000000000e+01 3.000000000000000000e+00 4.428612411460420617e+00
7.900000000000000000e+01 4.000000000000000000e+00 4.347880586865156438e+00
7.900000000000000000e+01 5.000000000000000000e+00 4.265111800373994733e+00
7.900000000000000000e+01 6.000000000000000000e+00 4.186150240121698118e+00
7.900000000000000000e+01 7.000000000000000000e+00 4.018615737277730027e+00
7.900000000000000000e+01 8.000000000000000000e+00 3.967570500048445581e+00
7.900000000000000000e+01 9.000000000000000000e+00 3.925446254438401894e+00
7.900000000000000000e+01 1.000000000000000000e+01 3.830368871294677291e+00
7.900000000000000000e+01 1.100000000000000000e+01 nan
7.900000000000000000e+01 1.200000000000000000e+01 nan
7.900000000000000000e+01 1.300000000000000000e+01 nan
