Longitude[deg], Latitude[deg], Dust optical depth
-1.150000000000000000e+02 -7.300000000000000000e+01 nan
-1.150000000000000000e+02 -7.200000000000000000e+01 nan
-1.150000000000000000e+02 -7.100000000000000000e+01 nan
-1.150000000000000000e+02 -7.000000000000000000e+01 nan
-1.150000000000000000e+02 -6.900000000000000000e+01 nan
-1.150000000000000000e+02 -6.800000000000000000e+01 nan
-1.150000000000000000e+02 -6.700000000000000000e+01 nan
-1.150000000000000000e+02 -6.600000000000000000e+01 nan
-1.150000000000000000e+02 -6.500000000000000000e+01 nan
-1.150000000000000000e+02 -6.400000000000000000e+01 nan
-1.150000000000000000e+02 -6.300000000000000000e+01 nan
-1.150000000000000000e+02 -6.200000000000000000e+01 nan
-1.150000000000000000e+02 -6.100000000000000000e+01 nan
-1.150000000000000000e+02 -6.000000000000000000e+01 nan
-1.150000000000000000e+02 -5.900000000000000000e+01 nan
-1.150000000000000000e+02 -5.800000000000000000e+01 nan
-1.150000000000000000e+02 -5.700000000000000000e+01 nan
-1.150000000000000000e+02 -5.600000000000000000e+01 nan
-1.150000000000000000e+02 -5.500000000000000000e+01 nan
-1.150000000000000000e+02 -5.400000000000000000e+01 nan
-1.150000000000000000e+02 -5.300000000000000000e+01 nan
-1.150000000000000000e+02 -5.200000000000000000e+01 nan
-1.150000000000000000e+02 -5.100000000000000000e+01 nan
-1.150000000000000000e+02 -5.000000000000000000e+01 nan
-1.150000000000000000e+02 -4.900000000000000000e+01 nan
-1.150000000000000000e+02 -4.800000000000000000e+01 nan
-1.150000000000000000e+02 -4.700000000000000000e+01 nan
-1.150000000000000000e+02 -4.600000000000000000e+01 nan
-1.150000000000000000e+02 -4.500000000000000000e+01 nan
-1.150000000000000000e+02 -4.400000000000000000e+01 nan
-1.150000000000000000e+02 -4.300000000000000000e+01 nan
-1.150000000000000000e+02 -4.200000000000000000e+01 nan
-1.150000000000000000e+02 -4.100000000000000000e+01 nan
-1.150000000000000000e+02 -4.000000000000000000e+01 nan
-1.150000000000000000e+02 -3.900000000000000000e+01 nan
-1.150000000000000000e+02 -3.800000000000000000e+01 nan
-1.150000000000000000e+02 -3.700000000000000000e+01 nan
-1.150000000000000000e+02 -3.600000000000000000e+01 nan
-1.150000000000000000e+02 -3.500000000000000000e+01 nan
-1.150000000000000000e+02 -3.400000000000000000e+01 nan
-1.150000000000000000e+02 -3.300000000000000000e+01 nan
-1.150000000000000000e+02 -3.200000000000000000e+01 nan
-1.150000000000000000e+02 -3.100000000000000000e+01 nan
-1.150000000000000000e+02 -3.000000000000000000e+01 nan
-1.150000000000000000e+02 -2.900000000000000000e+01 nan
-1.140000000000000000e+02 -7.300000000000000000e+01 nan
-1.140000000000000000e+02 -7.200000000000000000e+01 nan
-1.140000000000000000e+02 -7.100000000000000000e+01 nan
-1.140000000000000000e+02 -7.000000000000000000e+01 nan
-1.140000000000000000e+02 -6.900000000000000000e+01 nan
-1.140000000000000000e+02 -6.800000000000000000e+01 nan
-1.140000000000000000e+02 -6.700000000000000000e+01 nan
-1.140000000000000000e+02 -6.600000000000000000e+01 nan
-1.140000000000000000e+02 -6.500000000000000000e+01 nan
-1.140000000000000000e+02 -6.400000000000000000e+01 nan
-1.140000000000000000e+02 -6.300000000000000000e+01 nan
-1.140000000000000000e+02 -6.200000000000000000e+01 nan
-1.140000000000000000e+02 -6.100000000000000000e+01 nan
-1.140000000000000000e+02 -6.000000000000000000e+01 nan
-1.140000000000000000e+02 -5.900000000000000000e+01 nan
-1.140000000000000000e+02 -5.800000000000000000e+01 nan
-1.140000000000000000e+02 -5.700000000000000000e+01 nan
-1.140000000000000000e+02 -5.600000000000000000e+01 nan
-1.140000000000000000e+02 -5.500000000000000000e+01 nan
-1.140000000000000000e+02 -5.400000000000000000e+01 nan
-1.140000000000000000e+02 -5.300000000000000000e+01 nan
-1.140000000000000000e+02 -5.200000000000000000e+01 nan
-1.140000000000000000e+02 -5.100000000000000000e+01 nan
-1.140000000000000000e+02 -5.000000000000000000e+01 nan
-1.140000000000000000e+02 -4.900000000000000000e+01 nan
-1.140000000000000000e+02 -4.800000000000000000e+01 nan
-1.140000000000000000e+02 -4.700000000000000000e+01 nan
-1.140000000000000000e+02 -4.600000000000000000e+01 nan
-1.140000000000000000e+02 -4.500000000000000000e+01 nan
-1.140000000000000000e+02 -4.400000000000000000e+01 nan
-1.140000000000000000e+02 -4.300000000000000000e+01 nan
-1.140000000000000000e+02 -4.200000000000000000e+01 nan
-1.140000000000000000e+02 -4.100000000000000000e+01 nan
-1.140000000000000000e+02 -4.000000000000000000e+01 nan
-1.140000000000000000e+02 -3.900000000000000000e+01 nan
-1.140000000000000000e+02 -3.800000000000000000e+01 nan
-1.140000000000000000e+02 -3.700000000000000000e+01 nan
-1.140000000000000000e+02 -3.600000000000000000e+01 nan
-1.140000000000000000e+02 -3.500000000000000000e+01 nan
-1.140000000000000000e+02 -3.400000000000000000e+01 nan
-1.140000000000000000e+02 -3.300000000000000000e+01 nan
-1.140000000000000000e+02 -3.200000000000000000e+01 nan
-1.140000000000000000e+02 -3.100000000000000000e+01 nan
-1.140000000000000000e+02 -3.000000000000000000e+01 nan
-1.140000000000000000e+02 -2.900000000000000000e+01 nan
-1.130000000000000000e+02 -7.300000000000000000e+01 nan
-1.130000000000000000e+02 -7.200000000000000000e+01 nan
-1.130000000000000000e+02 -7.100000000000000000e+01 nan
-1.130000000000000000e+02 -7.000000000000000000e+01 nan
-1.130000000000000000e+02 -6.900000000000000000e+01 nan
-1.130000000000000000e+02 -6.800000000000000000e+01 nan
-1.130000000000000000e+02 -6.700000000000000000e+01 nan
-1.130000000000000000e+02 -6.600000000000000000e+01 nan
-1.130000000000000000e+02 -6.500000000000000000e+01 nan
-1.130000000000000000e+02 -6.400000000000000000e+01 nan
-1.130000000000000000e+02 -6.300000000000000000e+01 nan
-1.130000000000000000e+02 -6.200000000000000000e+01 nan
-1.130000000000000000e+02 -6.100000000000000000e+01 nan
-1.130000000000000000e+02 -6.000000000000000000e+01 nan
-1.130000000000000000e+02 -5.900000000000000000e+01 nan
-1.130000000000000000e+02 -5.800000000000000000e+01 nan
-1.130000000000000000e+02 -5.700000000000000000e+01 nan
-1.130000000000000000e+02 -5.600000000000000000e+01 nan
-1.130000000000000000e+02 -5.500000000000000000e+01 nan
-1.130000000000000000e+02 -5.400000000000000000e+01 nan
-1.130000000000000000e+02 -5.300000000000000000e+01 nan
-1.130000000000000000e+02 -5.200000000000000000e+01 nan
-1.130000000000000000e+02 -5.100000000000000000e+01 nan
-1.130000000000000000e+02 -5.000000000000000000e+01 nan
-1.130000000000000000e+02 -4.900000000000000000e+01 nan
-1.130000000000000000e+02 -4.800000000000000000e+01 nan
-1.130000000000000000e+02 -4.700000000000000000e+01 nan
-1.130000000000000000e+02 -4.600000000000000000e+01 nan
-1.130000000000000000e+02 -4.500000000000000000e+01 nan
-1.130000000000000000e+02 -4.400000000000000000e+01 nan
-1.130000000000000000e+02 -4.300000000000000000e+01 nan
-1.130000000000000000e+02 -4.200000000000000000e+01 nan
-1.130000000000000000e+02 -4.100000000000000000e+01 nan
-1.130000000000000000e+02 -4.000000000000000000e+01 nan
-1.130000000000000000e+02 -3.900000000000000000e+01 nan
-1.130000000000000000e+02 -3.800000000000000000e+01 nan
-1.130000000000000000e+02 -3.700000000000000000e+01 nan
-1.130000000000000000e+02 -3.600000000000000000e+01 nan
-1.130000000000000000e+02 -3.500000000000000000e+01 nan
-1.130000000000000000e+02 -3.400000000000000000e+01 nan
-1.130000000000000000e+02 -3.300000000000000000e+01 nan
-1.130000000000000000e+02 -3.200000000000000000e+01 nan
-1.130000000000000000e+02 -3.100000000000000000e+01 nan
-1.130000000000000000e+02 -3.000000000000000000e+01 nan
-1.130000000000000000e+02 -2.900000000000000000e+01 nan
-1.120000000000000000e+02 -7.300000000000000000e+01 nan
-1.120000000000000000e+02 -7.200000000000000000e+01 nan
-1.120000000000000000e+02 -7.100000000000000000e+01 nan
-1.120000000000000000e+02 -7.000000000000000000e+01 nan
-1.120000000000000000e+02 -6.900000000000000000e+01 nan
-1.120000000000000000e+02 -6.800000000000000000e+01 nan
-1.120000000000000000e+02 -6.700000000000000000e+01 nan
-1.120000000000000000e+02 -6.600000000000000000e+01 nan
-1.120000000000000000e+02 -6.500000000000000000e+01 nan
-1.120000000000000000e+02 -6.400000000000000000e+01 nan
-1.120000000000000000e+02 -6.300000000000000000e+01 nan
-1.120000000000000000e+02 -6.200000000000000000e+01 nan
-1.120000000000000000e+02 -6.100000000000000000e+01 nan
-1.120000000000000000e+02 -6.000000000000000000e+01 nan
-1.120000000000000000e+02 -5.900000000000000000e+01 nan
-1.120000000000000000e+02 -5.800000000000000000e+01 nan
-1.120000000000000000e+02 -5.700000000000000000e+01 nan
-1.120000000000000000e+02 -5.600000000000000000e+01 nan
-1.120000000000000000e+02 -5.500000000000000000e+01 nan
-1.120000000000000000e+02 -5.400000000000000000e+01 nan
-1.120000000000000000e+02 -5.300000000000000000e+01 nan
-1.120000000000000000e+02 -5.200000000000000000e+01 nan
-1.120000000000000000e+02 -5.100000000000000000e+01 nan
-1.120000000000000000e+02 -5.000000000000000000e+01 nan
-1.120000000000000000e+02 -4.900000000000000000e+01 nan
-1.120000000000000000e+02 -4.800000000000000000e+01 nan
-1.120000000000000000e+02 -4.700000000000000000e+01 nan
-1.120000000000000000e+02 -4.600000000000000000e+01 nan
-1.120000000000000000e+02 -4.500000000000000000e+01 nan
-1.120000000000000000e+02 -4.400000000000000000e+01 nan
-1.120000000000000000e+02 -4.300000000000000000e+01 nan
-1.120000000000000000e+02 -4.200000000000000000e+01 nan
-1.120000000000000000e+02 -4.100000000000000000e+01 nan
-1.120000000000000000e+02 -4.000000000000000000e+01 nan
-1.120000000000000000e+02 -3.900000000000000000e+01 nan
-1.120000000000000000e+02 -3.800000000000000000e+01 nan
-1.120000000000000000e+02 -3.700000000000000000e+01 nan
-1.120000000000000000e+02 -3.600000000000000000e+01 nan
-1.120000000000000000e+02 -3.500000000000000000e+01 nan
-1.120000000000000000e+02 -3.400000000000000000e+01 nan
-1.120000000000000000e+02 -3.300000000000000000e+01 nan
-1.120000000000000000e+02 -3.200000000000000000e+01 nan
-1.120000000000000000e+02 -3.100000000000000000e+01 nan
-1.120000000000000000e+02 -3.000000000000000000e+01 nan
-1.120000000000000000e+02 -2.900000000000000000e+01 nan
-1.110000000000000000e+02 -7.300000000000000000e+01 nan
-1.110000000000000000e+02 -7.200000000000000000e+01 nan
-1.110000000000000000e+02 -7.100000000000000000e+01 nan
-1.110000000000000000e+02 -7.000000000000000000e+01 nan
-1.110000000000000000e+02 -6.900000000000000000e+01 nan
-1.110000000000000000e+02 -6.800000000000000000e+01 nan
-1.110000000000000000e+02 -6.700000000000000000e+01 nan
-1.110000000000000000e+02 -6.600000000000000000e+01 nan
-1.110000000000000000e+02 -6.500000000000000000e+01 nan
-1.110000000000000000e+02 -6.400000000000000000e+01 nan
-1.110000000000000000e+02 -6.300000000000000000e+01 nan
-1.110000000000000000e+02 -6.200000000000000000e+01 nan
-1.110000000000000000e+02 -6.100000000000000000e+01 nan
-1.110000000000000000e+02 -6.000000000000000000e+01 nan
-1.110000000000000000e+02 -5.900000000000000000e+01 nan
-1.110000000000000000e+02 -5.800000000000000000e+01 nan
-1.110000000000000000e+02 -5.700000000000000000e+01 nan
-1.110000000000000000e+02 -5.600000000000000000e+01 nan
-1.110000000000000000e+02 -5.500000000000000000e+01 nan
-1.110000000000000000e+02 -5.400000000000000000e+01 nan
-1.110000000000000000e+02 -5.300000000000000000e+01 nan
-1.110000000000000000e+02 -5.200000000000000000e+01 nan
-1.110000000000000000e+02 -5.100000000000000000e+01 nan
-1.110000000000000000e+02 -5.000000000000000000e+01 nan
-1.110000000000000000e+02 -4.900000000000000000e+01 nan
-1.110000000000000000e+02 -4.800000000000000000e+01 nan
-1.110000000000000000e+02 -4.700000000000000000e+01 nan
-1.110000000000000000e+02 -4.600000000000000000e+01 nan
-1.110000000000000000e+02 -4.500000000000000000e+01 nan
-1.110000000000000000e+02 -4.400000000000000000e+01 nan
-1.110000000000000000e+02 -4.300000000000000000e+01 nan
-1.110000000000000000e+02 -4.200000000000000000e+01 nan
-1.110000000000000000e+02 -4.100000000000000000e+01 nan
-1.110000000000000000e+02 -4.000000000000000000e+01 nan
-1.110000000000000000e+02 -3.900000000000000000e+01 nan
-1.110000000000000000e+02 -3.800000000000000000e+01 nan
-1.110000000000000000e+02 -3.700000000000000000e+01 nan
-1.110000000000000000e+02 -3.600000000000000000e+01 nan
-1.110000000000000000e+02 -3.500000000000000000e+01 nan
-1.110000000000000000e+02 -3.400000000000000000e+01 nan
-1.110000000000000000e+02 -3.300000000000000000e+01 nan
-1.110000000000000000e+02 -3.200000000000000000e+01 nan
-1.110000000000000000e+02 -3.100000000000000000e+01 nan
-1.110000000000000000e+02 -3.000000000000000000e+01 nan
-1.110000000000000000e+02 -2.900000000000000000e+01 nan
-1.100000000000000000e+02 -7.300000000000000000e+01 nan
-1.100000000000000000e+02 -7.200000000000000000e+01 nan
-1.100000000000000000e+02 -7.100000000000000000e+01 nan
-1.100000000000000000e+02 -7.000000000000000000e+01 nan
-1.100000000000000000e+02 -6.900000000000000000e+01 nan
-1.100000000000000000e+02 -6.800000000000000000e+01 nan
-1.100000000000000000e+02 -6.700000000000000000e+01 nan
-1.100000000000000000e+02 -6.600000000000000000e+01 nan
-1.100000000000000000e+02 -6.500000000000000000e+01 nan
-1.100000000000000000e+02 -6.400000000000000000e+01 nan
-1.100000000000000000e+02 -6.300000000000000000e+01 nan
-1.100000000000000000e+02 -6.200000000000000000e+01 nan
-1.100000000000000000e+02 -6.100000000000000000e+01 nan
-1.100000000000000000e+02 -6.000000000000000000e+01 nan
-1.100000000000000000e+02 -5.900000000000000000e+01 nan
-1.100000000000000000e+02 -5.800000000000000000e+01 nan
-1.100000000000000000e+02 -5.700000000000000000e+01 nan
-1.100000000000000000e+02 -5.600000000000000000e+01 nan
-1.100000000000000000e+02 -5.500000000000000000e+01 nan
-1.100000000000000000e+02 -5.400000000000000000e+01 nan
-1.100000000000000000e+02 -5.300000000000000000e+01 nan
-1.100000000000000000e+02 -5.200000000000000000e+01 nan
-1.100000000000000000e+02 -5.100000000000000000e+01 nan
-1.100000000000000000e+02 -5.000000000000000000e+01 nan
-1.100000000000000000e+02 -4.900000000000000000e+01 nan
-1.100000000000000000e+02 -4.800000000000000000e+01 nan
-1.100000000000000000e+02 -4.700000000000000000e+01 nan
-1.100000000000000000e+02 -4.600000000000000000e+01 nan
-1.100000000000000000e+02 -4.500000000000000000e+01 nan
-1.100000000000000000e+02 -4.400000000000000000e+01 nan
-1.100000000000000000e+02 -4.300000000000000000e+01 nan
-1.100000000000000000e+02 -4.200000000000000000e+01 nan
-1.100000000000000000e+02 -4.100000000000000000e+01 nan
-1.100000000000000000e+02 -4.000000000000000000e+01 nan
-1.100000000000000000e+02 -3.900000000000000000e+01 nan
-1.100000000000000000e+02 -3.800000000000000000e+01 nan
-1.100000000000000000e+02 -3.700000000000000000e+01 nan
-1.100000000000000000e+02 -3.600000000000000000e+01 nan
-1.100000000000000000e+02 -3.500000000000000000e+01 nan
-1.100000000000000000e+02 -3.400000000000000000e+01 nan
-1.100000000000000000e+02 -3.300000000000000000e+01 nan
-1.100000000000000000e+02 -3.200000000000000000e+01 nan
-1.100000000000000000e+02 -3.100000000000000000e+01 nan
-1.100000000000000000e+02 -3.000000000000000000e+01 nan
-1.100000000000000000e+02 -2.900000000000000000e+01 nan
-1.090000000000000000e+02 -7.300000000000000000e+01 nan
-1.090000000000000000e+02 -7.200000000000000000e+01 nan
-1.090000000000000000e+02 -7.100000000000000000e+01 nan
-1.090000000000000000e+02 -7.000000000000000000e+01 nan
-1.090000000000000000e+02 -6.900000000000000000e+01 nan
-1.090000000000000000e+02 -6.800000000000000000e+01 nan
-1.090000000000000000e+02 -6.700000000000000000e+01 nan
-1.090000000000000000e+02 -6.600000000000000000e+01 nan
-1.090000000000000000e+02 -6.500000000000000000e+01 nan
-1.090000000000000000e+02 -6.400000000000000000e+01 nan
-1.090000000000000000e+02 -6.300000000000000000e+01 nan
-1.090000000000000000e+02 -6.200000000000000000e+01 nan
-1.090000000000000000e+02 -6.100000000000000000e+01 nan
-1.090000000000000000e+02 -6.000000000000000000e+01 9.447700358080537431e-01
-1.090000000000000000e+02 -5.900000000000000000e+01 9.463372503272022840e-01
-1.090000000000000000e+02 -5.800000000000000000e+01 8.953640732318514095e-01
-1.090000000000000000e+02 -5.700000000000000000e+01 8.855574673037450717e-01
-1.090000000000000000e+02 -5.600000000000000000e+01 8.964510245135001165e-01
-1.090000000000000000e+02 -5.500000000000000000e+01 9.120569350053336910e-01
-1.090000000000000000e+02 -5.400000000000000000e+01 8.457474574012696644e-01
-1.090000000000000000e+02 -5.300000000000000000e+01 nan
-1.090000000000000000e+02 -5.200000000000000000e+01 nan
-1.090000000000000000e+02 -5.100000000000000000e+01 nan
-1.090000000000000000e+02 -5.000000000000000000e+01 nan
-1.090000000000000000e+02 -4.900000000000000000e+01 nan
-1.090000000000000000e+02 -4.800000000000000000e+01 nan
-1.090000000000000000e+02 -4.700000000000000000e+01 nan
-1.090000000000000000e+02 -4.600000000000000000e+01 nan
-1.090000000000000000e+02 -4.500000000000000000e+01 nan
-1.090000000000000000e+02 -4.400000000000000000e+01 nan
-1.090000000000000000e+02 -4.300000000000000000e+01 nan
-1.090000000000000000e+02 -4.200000000000000000e+01 nan
-1.090000000000000000e+02 -4.100000000000000000e+01 nan
-1.090000000000000000e+02 -4.000000000000000000e+01 nan
-1.090000000000000000e+02 -3.900000000000000000e+01 nan
-1.090000000000000000e+02 -3.800000000000000000e+01 nan
-1.090000000000000000e+02 -3.700000000000000000e+01 nan
-1.090000000000000000e+02 -3.600000000000000000e+01 nan
-1.090000000000000000e+02 -3.500000000000000000e+01 nan
-1.090000000000000000e+02 -3.400000000000000000e+01 nan
-1.090000000000000000e+02 -3.300000000000000000e+01 nan
-1.090000000000000000e+02 -3.200000000000000000e+01 nan
-1.090000000000000000e+02 -3.100000000000000000e+01 nan
-1.090000000000000000e+02 -3.000000000000000000e+01 nan
-1.090000000000000000e+02 -2.900000000000000000e+01 nan
-1.080000000000000000e+02 -7.300000000000000000e+01 nan
-1.080000000000000000e+02 -7.200000000000000000e+01 nan
-1.080000000000000000e+02 -7.100000000000000000e+01 nan
-1.080000000000000000e+02 -7.000000000000000000e+01 nan
-1.080000000000000000e+02 -6.900000000000000000e+01 nan
-1.080000000000000000e+02 -6.800000000000000000e+01 nan
-1.080000000000000000e+02 -6.700000000000000000e+01 nan
-1.080000000000000000e+02 -6.600000000000000000e+01 nan
-1.080000000000000000e+02 -6.500000000000000000e+01 nan
-1.080000000000000000e+02 -6.400000000000000000e+01 nan
-1.080000000000000000e+02 -6.300000000000000000e+01 nan
-1.080000000000000000e+02 -6.200000000000000000e+01 nan
-1.080000000000000000e+02 -6.100000000000000000e+01 nan
-1.080000000000000000e+02 -6.000000000000000000e+01 9.447700358080537431e-01
-1.080000000000000000e+02 -5.900000000000000000e+01 9.463372503272022840e-01
-1.080000000000000000e+02 -5.800000000000000000e+01 8.953640732318514095e-01
-1.080000000000000000e+02 -5.700000000000000000e+01 8.855574673037450717e-01
-1.080000000000000000e+02 -5.600000000000000000e+01 8.982876220110320720e-01
-1.080000000000000000e+02 -5.500000000000000000e+01 8.776931548592022958e-01
-1.080000000000000000e+02 -5.400000000000000000e+01 8.273923467493037309e-01
-1.080000000000000000e+02 -5.300000000000000000e+01 8.157704207086413639e-01
-1.080000000000000000e+02 -5.200000000000000000e+01 8.713065580298970936e-01
-1.080000000000000000e+02 -5.100000000000000000e+01 9.080172547837151997e-01
-1.080000000000000000e+02 -5.000000000000000000e+01 8.972356643798861109e-01
-1.080000000000000000e+02 -4.900000000000000000e+01 8.302353411051207610e-01
-1.080000000000000000e+02 -4.800000000000000000e+01 8.860949677371035005e-01
-1.080000000000000000e+02 -4.700000000000000000e+01 9.188934444156000581e-01
-1.080000000000000000e+02 -4.600000000000000000e+01 9.280157548830010317e-01
-1.080000000000000000e+02 -4.500000000000000000e+01 9.421076098965610601e-01
-1.080000000000000000e+02 -4.400000000000000000e+01 9.290159601020974156e-01
-1.080000000000000000e+02 -4.300000000000000000e+01 8.883109717312437370e-01
-1.080000000000000000e+02 -4.200000000000000000e+01 8.544241693234303492e-01
-1.080000000000000000e+02 -4.100000000000000000e+01 8.230608737977508360e-01
-1.080000000000000000e+02 -4.000000000000000000e+01 nan
-1.080000000000000000e+02 -3.900000000000000000e+01 nan
-1.080000000000000000e+02 -3.800000000000000000e+01 nan
-1.080000000000000000e+02 -3.700000000000000000e+01 nan
-1.080000000000000000e+02 -3.600000000000000000e+01 nan
-1.080000000000000000e+02 -3.500000000000000000e+01 nan
-1.080000000000000000e+02 -3.400000000000000000e+01 nan
-1.080000000000000000e+02 -3.300000000000000000e+01 nan
-1.080000000000000000e+02 -3.200000000000000000e+01 nan
-1.080000000000000000e+02 -3.100000000000000000e+01 nan
-1.080000000000000000e+02 -3.000000000000000000e+01 nan
-1.080000000000000000e+02 -2.900000000000000000e+01 nan
-1.070000000000000000e+02 -7.300000000000000000e+01 nan
-1.070000000000000000e+02 -7.200000000000000000e+01 nan
-1.070000000000000000e+02 -7.100000000000000000e+01 nan
-1.070000000000000000e+02 -7.000000000000000000e+01 nan
-1.070000000000000000e+02 -6.900000000000000000e+01 nan
-1.070000000000000000e+02 -6.800000000000000000e+01 nan
-1.070000000000000000e+02 -6.700000000000000000e+01 nan
-1.070000000000000000e+02 -6.600000000000000000e+01 nan
-1.070000000000000000e+02 -6.500000000000000000e+01 nan
-1.070000000000000000e+02 -6.400000000000000000e+01 nan
-1.070000000000000000e+02 -6.300000000000000000e+01 nan
-1.070000000000000000e+02 -6.200000000000000000e+01 nan
-1.070000000000000000e+02 -6.100000000000000000e+01 nan
-1.070000000000000000e+02 -6.000000000000000000e+01 nan
-1.070000000000000000e+02 -5.900000000000000000e+01 nan
-1.070000000000000000e+02 -5.800000000000000000e+01 nan
-1.070000000000000000e+02 -5.700000000000000000e+01 nan
-1.070000000000000000e+02 -5.600000000000000000e+01 nan
-1.070000000000000000e+02 -5.500000000000000000e+01 8.414347860629819431e-01
-1.070000000000000000e+02 -5.400000000000000000e+01 8.251151164703549590e-01
-1.070000000000000000e+02 -5.300000000000000000e+01 8.157704207086413639e-01
-1.070000000000000000e+02 -5.200000000000000000e+01 8.713065580298970936e-01
-1.070000000000000000e+02 -5.100000000000000000e+01 9.080172547837151997e-01
-1.070000000000000000e+02 -5.000000000000000000e+01 8.972356643798861109e-01
-1.070000000000000000e+02 -4.900000000000000000e+01 8.302353411051207610e-01
-1.070000000000000000e+02 -4.800000000000000000e+01 8.860949677371035005e-01
-1.070000000000000000e+02 -4.700000000000000000e+01 9.188934444156000581e-01
-1.070000000000000000e+02 -4.600000000000000000e+01 9.280157548830010317e-01
-1.070000000000000000e+02 -4.500000000000000000e+01 9.421076098965610601e-01
-1.070000000000000000e+02 -4.400000000000000000e+01 9.290159601020974156e-01
-1.070000000000000000e+02 -4.300000000000000000e+01 8.883081822790197535e-01
-1.070000000000000000e+02 -4.200000000000000000e+01 8.546166796599056203e-01
-1.070000000000000000e+02 -4.100000000000000000e+01 8.230608737977508360e-01
-1.070000000000000000e+02 -4.000000000000000000e+01 1.063141597384166248e+00
-1.070000000000000000e+02 -3.900000000000000000e+01 1.110072604038035093e+00
-1.070000000000000000e+02 -3.800000000000000000e+01 8.566268597546767838e-01
-1.070000000000000000e+02 -3.700000000000000000e+01 7.452027787488413324e-01
-1.070000000000000000e+02 -3.600000000000000000e+01 6.233997477895888428e-01
-1.070000000000000000e+02 -3.500000000000000000e+01 7.550271286170756602e-01
-1.070000000000000000e+02 -3.400000000000000000e+01 1.136496845731441718e+00
-1.070000000000000000e+02 -3.300000000000000000e+01 1.283931224461038578e+00
-1.070000000000000000e+02 -3.200000000000000000e+01 1.117740947320492451e+00
-1.070000000000000000e+02 -3.100000000000000000e+01 1.083698758155537067e+00
-1.070000000000000000e+02 -3.000000000000000000e+01 nan
-1.070000000000000000e+02 -2.900000000000000000e+01 nan
-1.060000000000000000e+02 -7.300000000000000000e+01 nan
-1.060000000000000000e+02 -7.200000000000000000e+01 nan
-1.060000000000000000e+02 -7.100000000000000000e+01 nan
-1.060000000000000000e+02 -7.000000000000000000e+01 nan
-1.060000000000000000e+02 -6.900000000000000000e+01 nan
-1.060000000000000000e+02 -6.800000000000000000e+01 nan
-1.060000000000000000e+02 -6.700000000000000000e+01 nan
-1.060000000000000000e+02 -6.600000000000000000e+01 nan
-1.060000000000000000e+02 -6.500000000000000000e+01 nan
-1.060000000000000000e+02 -6.400000000000000000e+01 nan
-1.060000000000000000e+02 -6.300000000000000000e+01 nan
-1.060000000000000000e+02 -6.200000000000000000e+01 nan
-1.060000000000000000e+02 -6.100000000000000000e+01 nan
-1.060000000000000000e+02 -6.000000000000000000e+01 nan
-1.060000000000000000e+02 -5.900000000000000000e+01 nan
-1.060000000000000000e+02 -5.800000000000000000e+01 nan
-1.060000000000000000e+02 -5.700000000000000000e+01 nan
-1.060000000000000000e+02 -5.600000000000000000e+01 nan
-1.060000000000000000e+02 -5.500000000000000000e+01 nan
-1.060000000000000000e+02 -5.400000000000000000e+01 nan
-1.060000000000000000e+02 -5.300000000000000000e+01 nan
-1.060000000000000000e+02 -5.200000000000000000e+01 nan
-1.060000000000000000e+02 -5.100000000000000000e+01 nan
-1.060000000000000000e+02 -5.000000000000000000e+01 nan
-1.060000000000000000e+02 -4.900000000000000000e+01 nan
-1.060000000000000000e+02 -4.800000000000000000e+01 nan
-1.060000000000000000e+02 -4.700000000000000000e+01 nan
-1.060000000000000000e+02 -4.600000000000000000e+01 nan
-1.060000000000000000e+02 -4.500000000000000000e+01 nan
-1.060000000000000000e+02 -4.400000000000000000e+01 nan
-1.060000000000000000e+02 -4.300000000000000000e+01 8.652829010020257616e-01
-1.060000000000000000e+02 -4.200000000000000000e+01 8.548796073540023688e-01
-1.060000000000000000e+02 -4.100000000000000000e+01 8.230272226690621418e-01
-1.060000000000000000e+02 -4.000000000000000000e+01 1.065664768925959738e+00
-1.060000000000000000e+02 -3.900000000000000000e+01 1.110072604038035093e+00
-1.060000000000000000e+02 -3.800000000000000000e+01 8.566268597546767838e-01
-1.060000000000000000e+02 -3.700000000000000000e+01 7.452027787488413324e-01
-1.060000000000000000e+02 -3.600000000000000000e+01 6.233997477895888428e-01
-1.060000000000000000e+02 -3.500000000000000000e+01 7.550271286170756602e-01
-1.060000000000000000e+02 -3.400000000000000000e+01 1.136496845731441718e+00
-1.060000000000000000e+02 -3.300000000000000000e+01 1.283931224461038578e+00
-1.060000000000000000e+02 -3.200000000000000000e+01 1.117740947320492451e+00
-1.060000000000000000e+02 -3.100000000000000000e+01 1.083698758155537067e+00
-1.060000000000000000e+02 -3.000000000000000000e+01 nan
-1.060000000000000000e+02 -2.900000000000000000e+01 nan
