Longitude[deg], Latitude[deg], Dust optical depth
-7.300000000000000000e+01 -2.700000000000000000e+01 1.104169655668291172e+00
-7.300000000000000000e+01 -2.600000000000000000e+01 1.063978399116940254e+00
-7.300000000000000000e+01 -2.500000000000000000e+01 1.064043678448726382e+00
-7.300000000000000000e+01 -2.400000000000000000e+01 1.247622099910465465e+00
-7.300000000000000000e+01 -2.300000000000000000e+01 1.230899972937427256e+00
-7.300000000000000000e+01 -2.200000000000000000e+01 1.148904029938879301e+00
-7.300000000000000000e+01 -2.100000000000000000e+01 1.036252133476365911e+00
-7.300000000000000000e+01 -2.000000000000000000e+01 1.042177086742661185e+00
-7.300000000000000000e+01 -1.900000000000000000e+01 1.117649159088043520e+00
-7.300000000000000000e+01 -1.800000000000000000e+01 1.109250362247637289e+00
-7.300000000000000000e+01 -1.700000000000000000e+01 1.132581342103384126e+00
-7.300000000000000000e+01 -1.600000000000000000e+01 8.928673607044281813e-01
-7.300000000000000000e+01 -1.500000000000000000e+01 1.089992058747286219e+00
-7.300000000000000000e+01 -1.400000000000000000e+01 1.094805590758094249e+00
-7.300000000000000000e+01 -1.300000000000000000e+01 8.978166416869760580e-01
-7.300000000000000000e+01 -1.200000000000000000e+01 7.828541698621153122e-01
-7.300000000000000000e+01 -1.100000000000000000e+01 7.338499924867596391e-01
-7.300000000000000000e+01 -1.000000000000000000e+01 1.679721309192240275e-01
-7.300000000000000000e+01 -9.000000000000000000e+00 6.443669117305091953e-01
-7.300000000000000000e+01 -8.000000000000000000e+00 7.056201309941696476e-01
-7.300000000000000000e+01 -7.000000000000000000e+00 4.298965485393419494e-01
-7.300000000000000000e+01 -6.000000000000000000e+00 7.671109778171660842e-01
-7.300000000000000000e+01 -5.000000000000000000e+00 1.191384710990084583e+00
-7.300000000000000000e+01 -4.000000000000000000e+00 1.281063673419774895e+00
-7.300000000000000000e+01 -3.000000000000000000e+00 1.137215185898403425e+00
-7.300000000000000000e+01 -2.000000000000000000e+00 8.273802771118745625e-01
-7.300000000000000000e+01 -1.000000000000000000e+00 7.076914410117062237e-01
-7.300000000000000000e+01 0.000000000000000000e+00 nan
-7.200000000000000000e+01 -2.700000000000000000e+01 1.104169655668291172e+00
-7.200000000000000000e+01 -2.600000000000000000e+01 1.063978399116940254e+00
-7.200000000000000000e+01 -2.500000000000000000e+01 1.064043678448726382e+00
-7.200000000000000000e+01 -2.400000000000000000e+01 1.247622099910465465e+00
-7.200000000000000000e+01 -2.300000000000000000e+01 1.230899972937427256e+00
-7.200000000000000000e+01 -2.200000000000000000e+01 1.148904029938879301e+00
-7.200000000000000000e+01 -2.100000000000000000e+01 1.036252133476365911e+00
-7.200000000000000000e+01 -2.000000000000000000e+01 1.042177086742661185e+00
-7.200000000000000000e+01 -1.900000000000000000e+01 1.117649159088043520e+00
-7.200000000000000000e+01 -1.800000000000000000e+01 1.109250362247637289e+00
-7.200000000000000000e+01 -1.700000000000000000e+01 1.132581342103384126e+00
-7.200000000000000000e+01 -1.600000000000000000e+01 8.928673607044281813e-01
-7.200000000000000000e+01 -1.500000000000000000e+01 1.089992058747286219e+00
-7.200000000000000000e+01 -1.400000000000000000e+01 1.094805590758094249e+00
-7.200000000000000000e+01 -1.300000000000000000e+01 8.978166416869760580e-01
-7.200000000000000000e+01 -1.200000000000000000e+01 7.828541698621153122e-01
-7.200000000000000000e+01 -1.100000000000000000e+01 7.338499924867596391e-01
-7.200000000000000000e+01 -1.000000000000000000e+01 1.679721309192240275e-01
-7.200000000000000000e+01 -9.000000000000000000e+00 6.443669117305091953e-01
-7.200000000000000000e+01 -8.000000000000000000e+00 7.056201309941696476e-01
-7.200000000000000000e+01 -7.000000000000000000e+00 4.298965485393419494e-01
-7.200000000000000000e+01 -6.000000000000000000e+00 7.671109778171660842e-01
-7.200000000000000000e+01 -5.000000000000000000e+00 1.191384710990084583e+00
-7.200000000000000000e+01 -4.000000000000000000e+00 1.281063673419774895e+00
-7.200000000000000000e+01 -3.000000000000000000e+00 1.137215185898403425e+00
-7.200000000000000000e+01 -2.000000000000000000e+00 8.273802771118745625e-01
-7.200000000000000000e+01 -1.000000000000000000e+00 7.076914410117062237e-01
-7.200000000000000000e+01 0.000000000000000000e+00 nan
