Longitude[deg], Latitude[deg], Dust optical depth
7.000000000000000000e+01 -1.700000000000000000e+01 nan
7.000000000000000000e+01 -1.600000000000000000e+01 nan
7.000000000000000000e+01 -1.500000000000000000e+01 nan
7.000000000000000000e+01 -1.400000000000000000e+01 nan
7.000000000000000000e+01 -1.300000000000000000e+01 nan
7.000000000000000000e+01 -1.200000000000000000e+01 nan
7.000000000000000000e+01 -1.100000000000000000e+01 nan
7.000000000000000000e+01 -1.000000000000000000e+01 nan
7.000000000000000000e+01 -9.000000000000000000e+00 nan
7.000000000000000000e+01 -8.000000000000000000e+00 nan
7.000000000000000000e+01 -7.000000000000000000e+00 nan
7.000000000000000000e+01 -6.000000000000000000e+00 nan
7.000000000000000000e+01 -5.000000000000000000e+00 5.698991592285806540e+00
7.000000000000000000e+01 -4.000000000000000000e+00 5.584969725810649877e+00
7.000000000000000000e+01 -3.000000000000000000e+00 5.316020313136763598e+00
7.000000000000000000e+01 -2.000000000000000000e+00 5.205596448196183168e+00
7.000000000000000000e+01 -1.000000000000000000e+00 5.237884747292779863e+00
7.000000000000000000e+01 0.000000000000000000e+00 5.143446263024808118e+00
7.000000000000000000e+01 1.000000000000000000e+00 4.961131243680767966e+00
7.000000000000000000e+01 2.000000000000000000e+00 4.889120805839058725e+00
7.000000000000000000e+01 3.000000000000000000e+00 4.917570706515355994e+00
7.000000000000000000e+01 4.000000000000000000e+00 4.857821821864339640e+00
7.100000000000000000e+01 -1.700000000000000000e+01 6.681955633768974501e+00
7.100000000000000000e+01 -1.600000000000000000e+01 6.541217712605895684e+00
7.100000000000000000e+01 -1.500000000000000000e+01 6.336240598720971562e+00
7.100000000000000000e+01 -1.400000000000000000e+01 6.223180643258507061e+00
7.100000000000000000e+01 -1.300000000000000000e+01 6.133307413640531891e+00
7.100000000000000000e+01 -1.200000000000000000e+01 5.971138609076674264e+00
7.100000000000000000e+01 -1.100000000000000000e+01 5.860788892282355889e+00
7.100000000000000000e+01 -1.000000000000000000e+01 5.810022870041905207e+00
7.100000000000000000e+01 -9.000000000000000000e+00 5.831084816710562890e+00
7.100000000000000000e+01 -8.000000000000000000e+00 6.019891280218540253e+00
7.100000000000000000e+01 -7.000000000000000000e+00 6.023583767246614151e+00
7.100000000000000000e+01 -6.000000000000000000e+00 5.869962683736173581e+00
7.100000000000000000e+01 -5.000000000000000000e+00 5.682749613417255041e+00
7.100000000000000000e+01 -4.000000000000000000e+00 5.497213722934906954e+00
7.100000000000000000e+01 -3.000000000000000000e+00 5.384423249297450198e+00
7.100000000000000000e+01 -2.000000000000000000e+00 5.244116552497430916e+00
7.100000000000000000e+01 -1.000000000000000000e+00 5.249536271823069811e+00
7.100000000000000000e+01 0.000000000000000000e+00 5.228990534879884855e+00
7.100000000000000000e+01 1.000000000000000000e+00 5.000769808403985550e+00
7.100000000000000000e+01 2.000000000000000000e+00 4.906732042681262840e+00
7.100000000000000000e+01 3.000000000000000000e+00 4.919768135408559395e+00
7.100000000000000000e+01 4.000000000000000000e+00 4.857821821864339640e+00
7.200000000000000000e+01 -1.700000000000000000e+01 6.516197392958796186e+00
7.200000000000000000e+01 -1.600000000000000000e+01 6.474082905593852466e+00
7.200000000000000000e+01 -1.500000000000000000e+01 6.284880967818986974e+00
7.200000000000000000e+01 -1.400000000000000000e+01 6.156678541773112912e+00
7.200000000000000000e+01 -1.300000000000000000e+01 6.016274787198891971e+00
7.200000000000000000e+01 -1.200000000000000000e+01 5.889177278310352648e+00
7.200000000000000000e+01 -1.100000000000000000e+01 5.806269560083518577e+00
7.200000000000000000e+01 -1.000000000000000000e+01 5.768875068008434859e+00
7.200000000000000000e+01 -9.000000000000000000e+00 5.787006828435466765e+00
7.200000000000000000e+01 -8.000000000000000000e+00 5.878167337247555579e+00
7.200000000000000000e+01 -7.000000000000000000e+00 5.925189324284733772e+00
7.200000000000000000e+01 -6.000000000000000000e+00 5.834481551503602148e+00
7.200000000000000000e+01 -5.000000000000000000e+00 5.719728412225269842e+00
7.200000000000000000e+01 -4.000000000000000000e+00 5.536087863307663781e+00
7.200000000000000000e+01 -3.000000000000000000e+00 5.378157447230921484e+00
7.200000000000000000e+01 -2.000000000000000000e+00 5.285673949641302549e+00
7.200000000000000000e+01 -1.000000000000000000e+00 5.314315403341339561e+00
7.200000000000000000e+01 0.000000000000000000e+00 5.355806082532049039e+00
7.200000000000000000e+01 1.000000000000000000e+00 5.165762845055091645e+00
7.200000000000000000e+01 2.000000000000000000e+00 5.014909390492538144e+00
7.200000000000000000e+01 3.000000000000000000e+00 4.935174920711349777e+00
7.200000000000000000e+01 4.000000000000000000e+00 4.849878416990507368e+00
7.300000000000000000e+01 -1.700000000000000000e+01 6.429923049169249616e+00
7.300000000000000000e+01 -1.600000000000000000e+01 6.409034715204260380e+00
7.300000000000000000e+01 -1.500000000000000000e+01 6.246979756327284861e+00
7.300000000000000000e+01 -1.400000000000000000e+01 6.087041675298132226e+00
7.300000000000000000e+01 -1.300000000000000000e+01 5.964931655186202164e+00
7.300000000000000000e+01 -1.200000000000000000e+01 5.827228955816978306e+00
7.300000000000000000e+01 -1.100000000000000000e+01 5.749147662428526928e+00
7.300000000000000000e+01 -1.000000000000000000e+01 5.734566110185233434e+00
7.300000000000000000e+01 -9.000000000000000000e+00 5.709751286305198015e+00
7.300000000000000000e+01 -8.000000000000000000e+00 5.783097582094002931e+00
7.300000000000000000e+01 -7.000000000000000000e+00 5.828333665308218059e+00
7.300000000000000000e+01 -6.000000000000000000e+00 5.780603677150492281e+00
7.300000000000000000e+01 -5.000000000000000000e+00 5.763520521462704771e+00
7.300000000000000000e+01 -4.000000000000000000e+00 5.575742613563861028e+00
7.300000000000000000e+01 -3.000000000000000000e+00 5.348062682860531325e+00
7.300000000000000000e+01 -2.000000000000000000e+00 5.292552774600814303e+00
7.300000000000000000e+01 -1.000000000000000000e+00 5.355695206196521951e+00
7.300000000000000000e+01 0.000000000000000000e+00 5.391231704128812474e+00
7.300000000000000000e+01 1.000000000000000000e+00 5.308542286422596845e+00
7.300000000000000000e+01 2.000000000000000000e+00 5.110850575851805466e+00
7.300000000000000000e+01 3.000000000000000000e+00 4.976112538895939075e+00
7.300000000000000000e+01 4.000000000000000000e+00 4.835853367170961370e+00
7.400000000000000000e+01 -1.700000000000000000e+01 6.371455268066912758e+00
7.400000000000000000e+01 -1.600000000000000000e+01 6.373923413854521769e+00
7.400000000000000000e+01 -1.500000000000000000e+01 6.216464592460629213e+00
7.400000000000000000e+01 -1.400000000000000000e+01 5.993155537130771648e+00
7.400000000000000000e+01 -1.300000000000000000e+01 5.901630963931805418e+00
7.400000000000000000e+01 -1.200000000000000000e+01 5.755908562613662127e+00
7.400000000000000000e+01 -1.100000000000000000e+01 5.731772638108791895e+00
7.400000000000000000e+01 -1.000000000000000000e+01 5.699753983212129782e+00
7.400000000000000000e+01 -9.000000000000000000e+00 5.635893146219578043e+00
7.400000000000000000e+01 -8.000000000000000000e+00 5.694866272268162000e+00
7.400000000000000000e+01 -7.000000000000000000e+00 5.753896576416927644e+00
7.400000000000000000e+01 -6.000000000000000000e+00 5.726578307623412911e+00
7.400000000000000000e+01 -5.000000000000000000e+00 5.754308994710392255e+00
7.400000000000000000e+01 -4.000000000000000000e+00 5.618893328130582177e+00
7.400000000000000000e+01 -3.000000000000000000e+00 5.323925859848213094e+00
7.400000000000000000e+01 -2.000000000000000000e+00 5.245226397202039870e+00
7.400000000000000000e+01 -1.000000000000000000e+00 5.318543959599615789e+00
7.400000000000000000e+01 0.000000000000000000e+00 5.352464151277879445e+00
7.400000000000000000e+01 1.000000000000000000e+00 5.366094506980538803e+00
7.400000000000000000e+01 2.000000000000000000e+00 5.302417179045289863e+00
7.400000000000000000e+01 3.000000000000000000e+00 nan
7.400000000000000000e+01 4.000000000000000000e+00 nan
