Longitude[deg], Latitude[deg], Dust optical depth
3.700000000000000000e+01 -1.500000000000000000e+01 nan
3.700000000000000000e+01 -1.400000000000000000e+01 nan
3.700000000000000000e+01 -1.300000000000000000e+01 nan
3.700000000000000000e+01 -1.200000000000000000e+01 nan
3.700000000000000000e+01 -1.100000000000000000e+01 nan
3.700000000000000000e+01 -1.000000000000000000e+01 nan
3.700000000000000000e+01 -9.000000000000000000e+00 nan
3.700000000000000000e+01 -8.000000000000000000e+00 nan
3.700000000000000000e+01 -7.000000000000000000e+00 nan
3.700000000000000000e+01 -6.000000000000000000e+00 nan
3.700000000000000000e+01 -5.000000000000000000e+00 nan
3.700000000000000000e+01 -4.000000000000000000e+00 nan
3.700000000000000000e+01 -3.000000000000000000e+00 nan
3.700000000000000000e+01 -2.000000000000000000e+00 nan
3.700000000000000000e+01 -1.000000000000000000e+00 nan
3.700000000000000000e+01 0.000000000000000000e+00 nan
3.700000000000000000e+01 1.000000000000000000e+00 nan
3.700000000000000000e+01 2.000000000000000000e+00 6.740744625833165138e+00
3.700000000000000000e+01 3.000000000000000000e+00 6.671688603494045466e+00
3.700000000000000000e+01 4.000000000000000000e+00 6.607793109446212121e+00
3.700000000000000000e+01 5.000000000000000000e+00 nan
3.800000000000000000e+01 -1.500000000000000000e+01 nan
3.800000000000000000e+01 -1.400000000000000000e+01 nan
3.800000000000000000e+01 -1.300000000000000000e+01 nan
3.800000000000000000e+01 -1.200000000000000000e+01 nan
3.800000000000000000e+01 -1.100000000000000000e+01 nan
3.800000000000000000e+01 -1.000000000000000000e+01 nan
3.800000000000000000e+01 -9.000000000000000000e+00 7.716197165899735033e+00
3.800000000000000000e+01 -8.000000000000000000e+00 7.456948203968692290e+00
3.800000000000000000e+01 -7.000000000000000000e+00 7.313463197800294857e+00
3.800000000000000000e+01 -6.000000000000000000e+00 7.253108092354089820e+00
3.800000000000000000e+01 -5.000000000000000000e+00 6.998043450703844037e+00
3.800000000000000000e+01 -4.000000000000000000e+00 7.013777969150881475e+00
3.800000000000000000e+01 -3.000000000000000000e+00 7.027629180025868116e+00
3.800000000000000000e+01 -2.000000000000000000e+00 6.857547628620675795e+00
3.800000000000000000e+01 -1.000000000000000000e+00 6.821106860292842633e+00
3.800000000000000000e+01 0.000000000000000000e+00 6.829886321125460569e+00
3.800000000000000000e+01 1.000000000000000000e+00 6.760334884941057609e+00
3.800000000000000000e+01 2.000000000000000000e+00 6.673555629447052162e+00
3.800000000000000000e+01 3.000000000000000000e+00 6.563201703729091285e+00
3.800000000000000000e+01 4.000000000000000000e+00 6.524018691369410483e+00
3.800000000000000000e+01 5.000000000000000000e+00 6.657035974235648190e+00
3.900000000000000000e+01 -1.500000000000000000e+01 8.396473041811503890e+00
3.900000000000000000e+01 -1.400000000000000000e+01 8.184147869878987791e+00
3.900000000000000000e+01 -1.300000000000000000e+01 8.033081488979894047e+00
3.900000000000000000e+01 -1.200000000000000000e+01 7.870544338374883431e+00
3.900000000000000000e+01 -1.100000000000000000e+01 7.789077092688866166e+00
3.900000000000000000e+01 -1.000000000000000000e+01 7.701691831317948989e+00
3.900000000000000000e+01 -9.000000000000000000e+00 7.601322100915179902e+00
3.900000000000000000e+01 -8.000000000000000000e+00 7.433245838399564320e+00
3.900000000000000000e+01 -7.000000000000000000e+00 7.347272630558666862e+00
3.900000000000000000e+01 -6.000000000000000000e+00 7.273633089967256993e+00
3.900000000000000000e+01 -5.000000000000000000e+00 7.043970781733368547e+00
3.900000000000000000e+01 -4.000000000000000000e+00 7.006638521142092735e+00
3.900000000000000000e+01 -3.000000000000000000e+00 7.002445105923838398e+00
3.900000000000000000e+01 -2.000000000000000000e+00 6.860312050403254425e+00
3.900000000000000000e+01 -1.000000000000000000e+00 6.795990790516892588e+00
3.900000000000000000e+01 0.000000000000000000e+00 6.772010389943652342e+00
3.900000000000000000e+01 1.000000000000000000e+00 6.717446270279237908e+00
3.900000000000000000e+01 2.000000000000000000e+00 6.634950635485087567e+00
3.900000000000000000e+01 3.000000000000000000e+00 6.544986357362465590e+00
3.900000000000000000e+01 4.000000000000000000e+00 6.470842355110256072e+00
3.900000000000000000e+01 5.000000000000000000e+00 6.582191236378055699e+00
4.000000000000000000e+01 -1.500000000000000000e+01 8.376301479874284084e+00
4.000000000000000000e+01 -1.400000000000000000e+01 8.155405634039009755e+00
4.000000000000000000e+01 -1.300000000000000000e+01 8.011979637374363250e+00
4.000000000000000000e+01 -1.200000000000000000e+01 7.870682966812998060e+00
4.000000000000000000e+01 -1.100000000000000000e+01 7.785984787488402503e+00
4.000000000000000000e+01 -1.000000000000000000e+01 7.700718451666775266e+00
4.000000000000000000e+01 -9.000000000000000000e+00 7.597153168521645128e+00
4.000000000000000000e+01 -8.000000000000000000e+00 7.452930116389622661e+00
4.000000000000000000e+01 -7.000000000000000000e+00 7.378264195166072348e+00
4.000000000000000000e+01 -6.000000000000000000e+00 7.353417927197217985e+00
4.000000000000000000e+01 -5.000000000000000000e+00 7.165694356779742868e+00
4.000000000000000000e+01 -4.000000000000000000e+00 7.055743138030140749e+00
4.000000000000000000e+01 -3.000000000000000000e+00 7.028695387620697232e+00
4.000000000000000000e+01 -2.000000000000000000e+00 6.920287868453185887e+00
4.000000000000000000e+01 -1.000000000000000000e+00 6.770826637542093351e+00
4.000000000000000000e+01 0.000000000000000000e+00 6.716459756401057746e+00
4.000000000000000000e+01 1.000000000000000000e+00 6.601174752713737881e+00
4.000000000000000000e+01 2.000000000000000000e+00 6.523392843670195340e+00
4.000000000000000000e+01 3.000000000000000000e+00 6.481949616752536336e+00
4.000000000000000000e+01 4.000000000000000000e+00 6.399734645262467936e+00
4.000000000000000000e+01 5.000000000000000000e+00 6.431948292623515862e+00
4.100000000000000000e+01 -1.500000000000000000e+01 8.357674198455610437e+00
4.100000000000000000e+01 -1.400000000000000000e+01 8.149399284548012545e+00
4.100000000000000000e+01 -1.300000000000000000e+01 7.983885118850935214e+00
4.100000000000000000e+01 -1.200000000000000000e+01 7.868693691599730755e+00
4.100000000000000000e+01 -1.100000000000000000e+01 7.785434127601230436e+00
4.100000000000000000e+01 -1.000000000000000000e+01 7.717556281716864142e+00
4.100000000000000000e+01 -9.000000000000000000e+00 7.604031091693341793e+00
4.100000000000000000e+01 -8.000000000000000000e+00 7.468676071531590743e+00
4.100000000000000000e+01 -7.000000000000000000e+00 7.401174789775478935e+00
4.100000000000000000e+01 -6.000000000000000000e+00 7.403940258764597715e+00
4.100000000000000000e+01 -5.000000000000000000e+00 7.264027190445750293e+00
4.100000000000000000e+01 -4.000000000000000000e+00 7.126513806954445585e+00
4.100000000000000000e+01 -3.000000000000000000e+00 7.081238503257067052e+00
4.100000000000000000e+01 -2.000000000000000000e+00 6.960998648497612962e+00
4.100000000000000000e+01 -1.000000000000000000e+00 6.764031298742379406e+00
4.100000000000000000e+01 0.000000000000000000e+00 6.636763634564498027e+00
4.100000000000000000e+01 1.000000000000000000e+00 6.544367799548849618e+00
4.100000000000000000e+01 2.000000000000000000e+00 6.432766635714848746e+00
4.100000000000000000e+01 3.000000000000000000e+00 6.358646026732127865e+00
4.100000000000000000e+01 4.000000000000000000e+00 6.300396583811041396e+00
4.100000000000000000e+01 5.000000000000000000e+00 6.283106790532726471e+00
4.200000000000000000e+01 -1.500000000000000000e+01 8.342107089460776947e+00
4.200000000000000000e+01 -1.400000000000000000e+01 8.222064333324462737e+00
4.200000000000000000e+01 -1.300000000000000000e+01 7.925148772522441654e+00
4.200000000000000000e+01 -1.200000000000000000e+01 7.820823796060230926e+00
4.200000000000000000e+01 -1.100000000000000000e+01 7.835039696750185634e+00
4.200000000000000000e+01 -1.000000000000000000e+01 7.847889786833853520e+00
4.200000000000000000e+01 -9.000000000000000000e+00 nan
4.200000000000000000e+01 -8.000000000000000000e+00 nan
4.200000000000000000e+01 -7.000000000000000000e+00 nan
4.200000000000000000e+01 -6.000000000000000000e+00 nan
4.200000000000000000e+01 -5.000000000000000000e+00 nan
4.200000000000000000e+01 -4.000000000000000000e+00 nan
4.200000000000000000e+01 -3.000000000000000000e+00 nan
4.200000000000000000e+01 -2.000000000000000000e+00 nan
4.200000000000000000e+01 -1.000000000000000000e+00 nan
4.200000000000000000e+01 0.000000000000000000e+00 nan
4.200000000000000000e+01 1.000000000000000000e+00 nan
4.200000000000000000e+01 2.000000000000000000e+00 nan
4.200000000000000000e+01 3.000000000000000000e+00 nan
4.200000000000000000e+01 4.000000000000000000e+00 nan
4.200000000000000000e+01 5.000000000000000000e+00 nan
