Longitude[deg], Latitude[deg], Dust optical depth
-1.470000000000000000e+02 -1.200000000000000000e+01 nan
-1.470000000000000000e+02 -1.100000000000000000e+01 nan
-1.470000000000000000e+02 -1.000000000000000000e+01 nan
-1.470000000000000000e+02 -9.000000000000000000e+00 nan
-1.470000000000000000e+02 -8.000000000000000000e+00 1.810850203720519414e+00
-1.470000000000000000e+02 -7.000000000000000000e+00 1.901853043590683079e+00
-1.470000000000000000e+02 -6.000000000000000000e+00 2.154205662892408224e+00
-1.470000000000000000e+02 -5.000000000000000000e+00 2.455490037909919820e+00
-1.470000000000000000e+02 -4.000000000000000000e+00 2.371618361680393861e+00
-1.470000000000000000e+02 -3.000000000000000000e+00 2.158673650343800432e+00
-1.470000000000000000e+02 -2.000000000000000000e+00 2.353657452724139620e+00
-1.470000000000000000e+02 -1.000000000000000000e+00 2.369767380714660199e+00
-1.470000000000000000e+02 0.000000000000000000e+00 2.462494870268828517e+00
-1.470000000000000000e+02 1.000000000000000000e+00 2.503916687677617325e+00
-1.470000000000000000e+02 2.000000000000000000e+00 2.544221557671057621e+00
-1.470000000000000000e+02 3.000000000000000000e+00 2.539077401204582252e+00
-1.460000000000000000e+02 -1.200000000000000000e+01 1.632952520443240463e+00
-1.460000000000000000e+02 -1.100000000000000000e+01 1.858165562110844826e+00
-1.460000000000000000e+02 -1.000000000000000000e+01 1.864450341827419644e+00
-1.460000000000000000e+02 -9.000000000000000000e+00 1.836138797874528494e+00
-1.460000000000000000e+02 -8.000000000000000000e+00 1.845468983237565919e+00
-1.460000000000000000e+02 -7.000000000000000000e+00 1.902771903449429258e+00
-1.460000000000000000e+02 -6.000000000000000000e+00 2.121400385298900737e+00
-1.460000000000000000e+02 -5.000000000000000000e+00 2.278716466937214857e+00
-1.460000000000000000e+02 -4.000000000000000000e+00 2.321913610894136060e+00
-1.460000000000000000e+02 -3.000000000000000000e+00 2.162118823215176899e+00
-1.460000000000000000e+02 -2.000000000000000000e+00 2.375580425926994366e+00
-1.460000000000000000e+02 -1.000000000000000000e+00 2.402372365106884011e+00
-1.460000000000000000e+02 0.000000000000000000e+00 2.470022103595066909e+00
-1.460000000000000000e+02 1.000000000000000000e+00 2.511548283567584861e+00
-1.460000000000000000e+02 2.000000000000000000e+00 2.564065869306358270e+00
-1.460000000000000000e+02 3.000000000000000000e+00 2.548501936226084119e+00
-1.450000000000000000e+02 -1.200000000000000000e+01 1.628891537389619781e+00
-1.450000000000000000e+02 -1.100000000000000000e+01 1.862973508489335073e+00
-1.450000000000000000e+02 -1.000000000000000000e+01 1.863414915328597932e+00
-1.450000000000000000e+02 -9.000000000000000000e+00 1.832952219224519341e+00
-1.450000000000000000e+02 -8.000000000000000000e+00 1.844127232781872294e+00
-1.450000000000000000e+02 -7.000000000000000000e+00 1.894410245383375990e+00
-1.450000000000000000e+02 -6.000000000000000000e+00 2.105555680839078292e+00
-1.450000000000000000e+02 -5.000000000000000000e+00 2.220095125312150586e+00
-1.450000000000000000e+02 -4.000000000000000000e+00 2.305947153804411176e+00
-1.450000000000000000e+02 -3.000000000000000000e+00 2.166754289941933198e+00
-1.450000000000000000e+02 -2.000000000000000000e+00 2.403623843512137981e+00
-1.450000000000000000e+02 -1.000000000000000000e+00 2.410802154599486880e+00
-1.450000000000000000e+02 0.000000000000000000e+00 2.470836551419893112e+00
-1.450000000000000000e+02 1.000000000000000000e+00 2.514094274641937243e+00
-1.450000000000000000e+02 2.000000000000000000e+00 2.574775392474811575e+00
-1.450000000000000000e+02 3.000000000000000000e+00 2.552700700153390123e+00
-1.440000000000000000e+02 -1.200000000000000000e+01 1.624403888856609468e+00
-1.440000000000000000e+02 -1.100000000000000000e+01 1.866202373868610431e+00
-1.440000000000000000e+02 -1.000000000000000000e+01 1.858604061585618084e+00
-1.440000000000000000e+02 -9.000000000000000000e+00 1.822543775774823294e+00
-1.440000000000000000e+02 -8.000000000000000000e+00 1.832253187421442053e+00
-1.440000000000000000e+02 -7.000000000000000000e+00 1.866946119173274798e+00
-1.440000000000000000e+02 -6.000000000000000000e+00 2.025971979437439785e+00
-1.440000000000000000e+02 -5.000000000000000000e+00 2.212330632571354982e+00
-1.440000000000000000e+02 -4.000000000000000000e+00 2.328578780900403711e+00
-1.440000000000000000e+02 -3.000000000000000000e+00 2.198600748849935727e+00
-1.440000000000000000e+02 -2.000000000000000000e+00 2.437911380291840402e+00
-1.440000000000000000e+02 -1.000000000000000000e+00 2.408565958831339060e+00
-1.440000000000000000e+02 0.000000000000000000e+00 2.437176240031005747e+00
-1.440000000000000000e+02 1.000000000000000000e+00 2.601955093034531874e+00
-1.440000000000000000e+02 2.000000000000000000e+00 2.568803422020285776e+00
-1.440000000000000000e+02 3.000000000000000000e+00 nan
