Longitude[deg], Latitude[deg], Dust optical depth
1.080000000000000000e+02 -5.000000000000000000e+00 nan
1.080000000000000000e+02 -4.000000000000000000e+00 nan
1.080000000000000000e+02 -3.000000000000000000e+00 nan
1.080000000000000000e+02 -2.000000000000000000e+00 nan
1.080000000000000000e+02 -1.000000000000000000e+00 nan
1.080000000000000000e+02 0.000000000000000000e+00 nan
1.080000000000000000e+02 1.000000000000000000e+00 nan
1.080000000000000000e+02 2.000000000000000000e+00 nan
1.080000000000000000e+02 3.000000000000000000e+00 nan
1.080000000000000000e+02 4.000000000000000000e+00 nan
1.080000000000000000e+02 5.000000000000000000e+00 nan
1.080000000000000000e+02 6.000000000000000000e+00 nan
1.080000000000000000e+02 7.000000000000000000e+00 nan
1.080000000000000000e+02 8.000000000000000000e+00 nan
1.080000000000000000e+02 9.000000000000000000e+00 nan
1.080000000000000000e+02 1.000000000000000000e+01 nan
1.080000000000000000e+02 1.100000000000000000e+01 nan
1.080000000000000000e+02 1.200000000000000000e+01 nan
1.080000000000000000e+02 1.300000000000000000e+01 nan
1.080000000000000000e+02 1.400000000000000000e+01 2.133207981710953050e+00
1.080000000000000000e+02 1.500000000000000000e+01 2.122390505286358753e+00
1.080000000000000000e+02 1.600000000000000000e+01 nan
1.090000000000000000e+02 -5.000000000000000000e+00 nan
1.090000000000000000e+02 -4.000000000000000000e+00 nan
1.090000000000000000e+02 -3.000000000000000000e+00 nan
1.090000000000000000e+02 -2.000000000000000000e+00 nan
1.090000000000000000e+02 -1.000000000000000000e+00 nan
1.090000000000000000e+02 0.000000000000000000e+00 nan
1.090000000000000000e+02 1.000000000000000000e+00 nan
1.090000000000000000e+02 2.000000000000000000e+00 nan
1.090000000000000000e+02 3.000000000000000000e+00 nan
1.090000000000000000e+02 4.000000000000000000e+00 nan
1.090000000000000000e+02 5.000000000000000000e+00 3.498636759984047551e+00
1.090000000000000000e+02 6.000000000000000000e+00 3.497109068882732430e+00
1.090000000000000000e+02 7.000000000000000000e+00 3.400784133352622529e+00
1.090000000000000000e+02 8.000000000000000000e+00 3.362703122530493971e+00
1.090000000000000000e+02 9.000000000000000000e+00 3.262001057441790586e+00
1.090000000000000000e+02 1.000000000000000000e+01 3.115880102352759806e+00
1.090000000000000000e+02 1.100000000000000000e+01 3.046054807919178931e+00
1.090000000000000000e+02 1.200000000000000000e+01 2.703404869659957299e+00
1.090000000000000000e+02 1.300000000000000000e+01 2.429091218797085006e+00
1.090000000000000000e+02 1.400000000000000000e+01 2.222110891825228141e+00
1.090000000000000000e+02 1.500000000000000000e+01 2.113881462119777677e+00
1.090000000000000000e+02 1.600000000000000000e+01 2.104490164701225741e+00
1.100000000000000000e+02 -5.000000000000000000e+00 3.327662634502909889e+00
1.100000000000000000e+02 -4.000000000000000000e+00 3.080397340457678990e+00
1.100000000000000000e+02 -3.000000000000000000e+00 3.116196431719143067e+00
1.100000000000000000e+02 -2.000000000000000000e+00 3.262891870481932965e+00
1.100000000000000000e+02 -1.000000000000000000e+00 3.402109342948724358e+00
1.100000000000000000e+02 0.000000000000000000e+00 3.400889126994340206e+00
1.100000000000000000e+02 1.000000000000000000e+00 3.377077226132152887e+00
1.100000000000000000e+02 2.000000000000000000e+00 3.419262919480718921e+00
1.100000000000000000e+02 3.000000000000000000e+00 3.386798185021454355e+00
1.100000000000000000e+02 4.000000000000000000e+00 3.375680878078855862e+00
1.100000000000000000e+02 5.000000000000000000e+00 3.454591413979729353e+00
1.100000000000000000e+02 6.000000000000000000e+00 3.497242552930464488e+00
1.100000000000000000e+02 7.000000000000000000e+00 3.411782788942783640e+00
1.100000000000000000e+02 8.000000000000000000e+00 3.403240924646464549e+00
1.100000000000000000e+02 9.000000000000000000e+00 3.276064511895452114e+00
1.100000000000000000e+02 1.000000000000000000e+01 3.125497073654369018e+00
1.100000000000000000e+02 1.100000000000000000e+01 2.993504538339414101e+00
1.100000000000000000e+02 1.200000000000000000e+01 2.599575219705672513e+00
1.100000000000000000e+02 1.300000000000000000e+01 2.391161785344495083e+00
1.100000000000000000e+02 1.400000000000000000e+01 2.246768204341523134e+00
1.100000000000000000e+02 1.500000000000000000e+01 2.133758212512573582e+00
1.100000000000000000e+02 1.600000000000000000e+01 2.103695095243484303e+00
1.110000000000000000e+02 -5.000000000000000000e+00 3.509440139384667923e+00
1.110000000000000000e+02 -4.000000000000000000e+00 3.322974075880638978e+00
1.110000000000000000e+02 -3.000000000000000000e+00 3.259002067421492121e+00
1.110000000000000000e+02 -2.000000000000000000e+00 3.350831371936222602e+00
1.110000000000000000e+02 -1.000000000000000000e+00 3.437907551474200574e+00
1.110000000000000000e+02 0.000000000000000000e+00 3.446840900106545202e+00
1.110000000000000000e+02 1.000000000000000000e+00 3.431105730109321517e+00
1.110000000000000000e+02 2.000000000000000000e+00 3.464700872730234416e+00
1.110000000000000000e+02 3.000000000000000000e+00 3.404549353268326861e+00
1.110000000000000000e+02 4.000000000000000000e+00 3.362023245176265274e+00
1.110000000000000000e+02 5.000000000000000000e+00 3.425514380772942236e+00
1.110000000000000000e+02 6.000000000000000000e+00 3.494394243595269955e+00
1.110000000000000000e+02 7.000000000000000000e+00 3.393859191070998094e+00
1.110000000000000000e+02 8.000000000000000000e+00 3.373686569071373320e+00
1.110000000000000000e+02 9.000000000000000000e+00 3.261930545278240334e+00
1.110000000000000000e+02 1.000000000000000000e+01 3.107844230360377491e+00
1.110000000000000000e+02 1.100000000000000000e+01 2.858595833244255147e+00
1.110000000000000000e+02 1.200000000000000000e+01 2.516768152522121937e+00
1.110000000000000000e+02 1.300000000000000000e+01 2.387516301186982659e+00
1.110000000000000000e+02 1.400000000000000000e+01 2.299211669064483488e+00
1.110000000000000000e+02 1.500000000000000000e+01 2.232559877121848668e+00
1.110000000000000000e+02 1.600000000000000000e+01 2.106116464006465794e+00
1.120000000000000000e+02 -5.000000000000000000e+00 3.612327421999039334e+00
1.120000000000000000e+02 -4.000000000000000000e+00 3.421350421050060930e+00
1.120000000000000000e+02 -3.000000000000000000e+00 3.297027194103558490e+00
1.120000000000000000e+02 -2.000000000000000000e+00 3.364981670242609635e+00
1.120000000000000000e+02 -1.000000000000000000e+00 3.456128112328088253e+00
1.120000000000000000e+02 0.000000000000000000e+00 3.476251337486590653e+00
1.120000000000000000e+02 1.000000000000000000e+00 3.474166255308632323e+00
1.120000000000000000e+02 2.000000000000000000e+00 3.489795831978410146e+00
1.120000000000000000e+02 3.000000000000000000e+00 3.414385917376507429e+00
1.120000000000000000e+02 4.000000000000000000e+00 3.353926878911772214e+00
1.120000000000000000e+02 5.000000000000000000e+00 3.401570475618383327e+00
1.120000000000000000e+02 6.000000000000000000e+00 3.494514116769491086e+00
1.120000000000000000e+02 7.000000000000000000e+00 3.380441313884419596e+00
1.120000000000000000e+02 8.000000000000000000e+00 3.335453889957765483e+00
1.120000000000000000e+02 9.000000000000000000e+00 3.230666586933700568e+00
1.120000000000000000e+02 1.000000000000000000e+01 3.055416290312920058e+00
1.120000000000000000e+02 1.100000000000000000e+01 2.729558515324012280e+00
1.120000000000000000e+02 1.200000000000000000e+01 2.463192264717326552e+00
1.120000000000000000e+02 1.300000000000000000e+01 2.426863704407393740e+00
1.120000000000000000e+02 1.400000000000000000e+01 2.316984084623059825e+00
1.120000000000000000e+02 1.500000000000000000e+01 2.245400427242674191e+00
1.120000000000000000e+02 1.600000000000000000e+01 2.107381917074372613e+00
1.130000000000000000e+02 -5.000000000000000000e+00 3.727096860466685424e+00
1.130000000000000000e+02 -4.000000000000000000e+00 3.485123055217019594e+00
1.130000000000000000e+02 -3.000000000000000000e+00 3.274055492212189389e+00
1.130000000000000000e+02 -2.000000000000000000e+00 3.301434844919117317e+00
1.130000000000000000e+02 -1.000000000000000000e+00 3.461624768344283343e+00
1.130000000000000000e+02 0.000000000000000000e+00 3.529239799463826266e+00
1.130000000000000000e+02 1.000000000000000000e+00 3.474825411360610961e+00
1.130000000000000000e+02 2.000000000000000000e+00 3.495966841605930853e+00
1.130000000000000000e+02 3.000000000000000000e+00 3.418167101001725161e+00
1.130000000000000000e+02 4.000000000000000000e+00 3.371918397676809676e+00
1.130000000000000000e+02 5.000000000000000000e+00 3.454599256729664614e+00
1.130000000000000000e+02 6.000000000000000000e+00 3.535485351111944397e+00
1.130000000000000000e+02 7.000000000000000000e+00 3.373462823768962338e+00
1.130000000000000000e+02 8.000000000000000000e+00 3.324079598026786098e+00
1.130000000000000000e+02 9.000000000000000000e+00 nan
1.130000000000000000e+02 1.000000000000000000e+01 nan
1.130000000000000000e+02 1.100000000000000000e+01 nan
1.130000000000000000e+02 1.200000000000000000e+01 nan
1.130000000000000000e+02 1.300000000000000000e+01 nan
1.130000000000000000e+02 1.400000000000000000e+01 nan
1.130000000000000000e+02 1.500000000000000000e+01 nan
1.130000000000000000e+02 1.600000000000000000e+01 nan
