Longitude[deg], Latitude[deg], Dust optical depth
-5.500000000000000000e+01 -2.100000000000000000e+01 nan
-5.500000000000000000e+01 -2.000000000000000000e+01 nan
-5.500000000000000000e+01 -1.900000000000000000e+01 nan
-5.500000000000000000e+01 -1.800000000000000000e+01 nan
-5.500000000000000000e+01 -1.700000000000000000e+01 nan
-5.500000000000000000e+01 -1.600000000000000000e+01 nan
-5.500000000000000000e+01 -1.500000000000000000e+01 nan
-5.500000000000000000e+01 -1.400000000000000000e+01 nan
-5.500000000000000000e+01 -1.300000000000000000e+01 nan
-5.500000000000000000e+01 -1.200000000000000000e+01 nan
-5.500000000000000000e+01 -1.100000000000000000e+01 nan
-5.500000000000000000e+01 -1.000000000000000000e+01 nan
-5.500000000000000000e+01 -9.000000000000000000e+00 nan
-5.500000000000000000e+01 -8.000000000000000000e+00 nan
-5.500000000000000000e+01 -7.000000000000000000e+00 nan
-5.500000000000000000e+01 -6.000000000000000000e+00 nan
-5.500000000000000000e+01 -5.000000000000000000e+00 nan
-5.400000000000000000e+01 -2.100000000000000000e+01 3.258201662015016709e+00
-5.400000000000000000e+01 -2.000000000000000000e+01 3.370800764262506632e+00
-5.400000000000000000e+01 -1.900000000000000000e+01 3.346897982969589513e+00
-5.400000000000000000e+01 -1.800000000000000000e+01 3.416432729773838162e+00
-5.400000000000000000e+01 -1.700000000000000000e+01 3.324425639629879914e+00
-5.400000000000000000e+01 -1.600000000000000000e+01 3.472028145790863718e+00
-5.400000000000000000e+01 -1.500000000000000000e+01 4.000020221798262554e+00
-5.400000000000000000e+01 -1.400000000000000000e+01 3.395174496363662975e+00
-5.400000000000000000e+01 -1.300000000000000000e+01 3.359017369607524728e+00
-5.400000000000000000e+01 -1.200000000000000000e+01 3.395545593794310424e+00
-5.400000000000000000e+01 -1.100000000000000000e+01 3.417736024480693136e+00
-5.400000000000000000e+01 -1.000000000000000000e+01 3.399820485255323099e+00
-5.400000000000000000e+01 -9.000000000000000000e+00 3.595369747770272184e+00
-5.400000000000000000e+01 -8.000000000000000000e+00 3.638091678490748659e+00
-5.400000000000000000e+01 -7.000000000000000000e+00 3.624516073566709906e+00
-5.400000000000000000e+01 -6.000000000000000000e+00 3.709473536399110039e+00
-5.400000000000000000e+01 -5.000000000000000000e+00 nan
-5.300000000000000000e+01 -2.100000000000000000e+01 3.264237789567401293e+00
-5.300000000000000000e+01 -2.000000000000000000e+01 3.299448009103290502e+00
-5.300000000000000000e+01 -1.900000000000000000e+01 3.339472447803893740e+00
-5.300000000000000000e+01 -1.800000000000000000e+01 3.324666438914302802e+00
-5.300000000000000000e+01 -1.700000000000000000e+01 3.259677822080957021e+00
-5.300000000000000000e+01 -1.600000000000000000e+01 3.458873207302183506e+00
-5.300000000000000000e+01 -1.500000000000000000e+01 3.958946457572820155e+00
-5.300000000000000000e+01 -1.400000000000000000e+01 3.520434561771909276e+00
-5.300000000000000000e+01 -1.300000000000000000e+01 3.373484777240516763e+00
-5.300000000000000000e+01 -1.200000000000000000e+01 3.401038042045096965e+00
-5.300000000000000000e+01 -1.100000000000000000e+01 3.409064102783060157e+00
-5.300000000000000000e+01 -1.000000000000000000e+01 3.450347637642175336e+00
-5.300000000000000000e+01 -9.000000000000000000e+00 3.647853597131253345e+00
-5.300000000000000000e+01 -8.000000000000000000e+00 3.657875652551835444e+00
-5.300000000000000000e+01 -7.000000000000000000e+00 3.646052980003310129e+00
-5.300000000000000000e+01 -6.000000000000000000e+00 3.732046141466674793e+00
-5.300000000000000000e+01 -5.000000000000000000e+00 nan
-5.200000000000000000e+01 -2.100000000000000000e+01 3.265193205323645653e+00
-5.200000000000000000e+01 -2.000000000000000000e+01 3.283826811297234638e+00
-5.200000000000000000e+01 -1.900000000000000000e+01 3.339013642000205007e+00
-5.200000000000000000e+01 -1.800000000000000000e+01 3.294528193231630819e+00
-5.200000000000000000e+01 -1.700000000000000000e+01 3.215555004666563299e+00
-5.200000000000000000e+01 -1.600000000000000000e+01 3.451226905401572065e+00
-5.200000000000000000e+01 -1.500000000000000000e+01 3.921737584522648756e+00
-5.200000000000000000e+01 -1.400000000000000000e+01 3.637044506264019095e+00
-5.200000000000000000e+01 -1.300000000000000000e+01 3.385318056397728981e+00
-5.200000000000000000e+01 -1.200000000000000000e+01 3.401882387479739478e+00
-5.200000000000000000e+01 -1.100000000000000000e+01 3.404468268568632716e+00
-5.200000000000000000e+01 -1.000000000000000000e+01 3.534056308978880345e+00
-5.200000000000000000e+01 -9.000000000000000000e+00 3.699711644054446857e+00
-5.200000000000000000e+01 -8.000000000000000000e+00 3.700973171207318835e+00
-5.200000000000000000e+01 -7.000000000000000000e+00 3.695806478058366817e+00
-5.200000000000000000e+01 -6.000000000000000000e+00 3.772795225060506574e+00
-5.200000000000000000e+01 -5.000000000000000000e+00 nan
