Longitude[deg], Latitude[deg], Dust optical depth
5.600000000000000000e+01 -1.000000000000000000e+00 nan
5.600000000000000000e+01 0.000000000000000000e+00 nan
5.600000000000000000e+01 1.000000000000000000e+00 nan
5.600000000000000000e+01 2.000000000000000000e+00 nan
5.600000000000000000e+01 3.000000000000000000e+00 nan
5.600000000000000000e+01 4.000000000000000000e+00 nan
5.600000000000000000e+01 5.000000000000000000e+00 nan
5.600000000000000000e+01 6.000000000000000000e+00 1.191684824105855078e+00
5.600000000000000000e+01 7.000000000000000000e+00 1.222712993370530743e+00
5.600000000000000000e+01 8.000000000000000000e+00 1.279856177642335835e+00
5.600000000000000000e+01 9.000000000000000000e+00 1.284013586984787736e+00
5.600000000000000000e+01 1.000000000000000000e+01 1.246932485425487513e+00
5.600000000000000000e+01 1.100000000000000000e+01 1.251817200458833046e+00
5.600000000000000000e+01 1.200000000000000000e+01 1.247233519704174398e+00
5.600000000000000000e+01 1.300000000000000000e+01 1.236288078741406560e+00
5.600000000000000000e+01 1.400000000000000000e+01 1.191336285828119124e+00
5.600000000000000000e+01 1.500000000000000000e+01 1.154713728588163013e+00
5.700000000000000000e+01 -1.000000000000000000e+00 1.322560350676708740e+00
5.700000000000000000e+01 0.000000000000000000e+00 1.291058179274607642e+00
5.700000000000000000e+01 1.000000000000000000e+00 1.272628684148481959e+00
5.700000000000000000e+01 2.000000000000000000e+00 1.271397806525402130e+00
5.700000000000000000e+01 3.000000000000000000e+00 1.298497824397253142e+00
5.700000000000000000e+01 4.000000000000000000e+00 1.289863999129702288e+00
5.700000000000000000e+01 5.000000000000000000e+00 1.185865318289510029e+00
5.700000000000000000e+01 6.000000000000000000e+00 1.161501345838322985e+00
5.700000000000000000e+01 7.000000000000000000e+00 1.174154057988255229e+00
5.700000000000000000e+01 8.000000000000000000e+00 1.208895722809002926e+00
5.700000000000000000e+01 9.000000000000000000e+00 1.200570434997606739e+00
5.700000000000000000e+01 1.000000000000000000e+01 1.187511062265086625e+00
5.700000000000000000e+01 1.100000000000000000e+01 1.211575303298256578e+00
5.700000000000000000e+01 1.200000000000000000e+01 1.220136778489246066e+00
5.700000000000000000e+01 1.300000000000000000e+01 1.217848259900085051e+00
5.700000000000000000e+01 1.400000000000000000e+01 1.187594117351643774e+00
5.700000000000000000e+01 1.500000000000000000e+01 1.148405429231836861e+00
5.800000000000000000e+01 -1.000000000000000000e+00 1.330116931848545070e+00
5.800000000000000000e+01 0.000000000000000000e+00 1.294962815359818942e+00
5.800000000000000000e+01 1.000000000000000000e+00 1.273679470464045727e+00
5.800000000000000000e+01 2.000000000000000000e+00 1.271134124786517550e+00
5.800000000000000000e+01 3.000000000000000000e+00 1.280511496685100115e+00
5.800000000000000000e+01 4.000000000000000000e+00 1.273921344142671996e+00
5.800000000000000000e+01 5.000000000000000000e+00 1.186645018621156344e+00
5.800000000000000000e+01 6.000000000000000000e+00 1.160191631578755489e+00
5.800000000000000000e+01 7.000000000000000000e+00 1.169262734533925707e+00
5.800000000000000000e+01 8.000000000000000000e+00 1.205899109377431611e+00
5.800000000000000000e+01 9.000000000000000000e+00 1.201820842987132654e+00
5.800000000000000000e+01 1.000000000000000000e+01 1.172745901357501452e+00
5.800000000000000000e+01 1.100000000000000000e+01 1.195385159861756197e+00
5.800000000000000000e+01 1.200000000000000000e+01 1.214064923169073440e+00
5.800000000000000000e+01 1.300000000000000000e+01 1.214305108006816125e+00
5.800000000000000000e+01 1.400000000000000000e+01 1.185634330776079493e+00
5.800000000000000000e+01 1.500000000000000000e+01 1.144310724395235512e+00
5.900000000000000000e+01 -1.000000000000000000e+00 1.340344847696289587e+00
5.900000000000000000e+01 0.000000000000000000e+00 1.304779587479786729e+00
5.900000000000000000e+01 1.000000000000000000e+00 1.274330026345967370e+00
5.900000000000000000e+01 2.000000000000000000e+00 1.269912556239517931e+00
5.900000000000000000e+01 3.000000000000000000e+00 1.240411433564143406e+00
5.900000000000000000e+01 4.000000000000000000e+00 1.214032390144250906e+00
5.900000000000000000e+01 5.000000000000000000e+00 1.192801823118817550e+00
5.900000000000000000e+01 6.000000000000000000e+00 1.153688894723863934e+00
5.900000000000000000e+01 7.000000000000000000e+00 1.161412999520964995e+00
5.900000000000000000e+01 8.000000000000000000e+00 1.239445363957436541e+00
5.900000000000000000e+01 9.000000000000000000e+00 1.240483483985169499e+00
5.900000000000000000e+01 1.000000000000000000e+01 1.172745901357501452e+00
5.900000000000000000e+01 1.100000000000000000e+01 1.190164712719681495e+00
5.900000000000000000e+01 1.200000000000000000e+01 1.241106532449193001e+00
5.900000000000000000e+01 1.300000000000000000e+01 1.222152005098770200e+00
5.900000000000000000e+01 1.400000000000000000e+01 1.194767417073283600e+00
5.900000000000000000e+01 1.500000000000000000e+01 nan
