Longitude[deg], Latitude[deg], Dust optical depth
2.400000000000000000e+01 -2.800000000000000000e+01 1.152344721801955130e+00
2.400000000000000000e+01 -2.700000000000000000e+01 1.214723188468154635e+00
2.400000000000000000e+01 -2.600000000000000000e+01 1.006394864532222932e+00
2.400000000000000000e+01 -2.500000000000000000e+01 9.918596899941083400e-01
2.400000000000000000e+01 -2.400000000000000000e+01 9.918596899941083400e-01
2.400000000000000000e+01 -2.300000000000000000e+01 8.729553251843098494e-01
2.400000000000000000e+01 -2.200000000000000000e+01 9.309676819244847579e-01
2.400000000000000000e+01 -2.100000000000000000e+01 1.163878728051726208e+00
2.400000000000000000e+01 -2.000000000000000000e+01 1.184078434335165575e+00
2.400000000000000000e+01 -1.900000000000000000e+01 1.315650013865932388e+00
2.400000000000000000e+01 -1.800000000000000000e+01 1.271364035290530881e+00
2.400000000000000000e+01 -1.700000000000000000e+01 1.299494778015453322e+00
2.400000000000000000e+01 -1.600000000000000000e+01 1.273671466957501552e+00
2.400000000000000000e+01 -1.500000000000000000e+01 1.122703861226188593e+00
2.400000000000000000e+01 -1.400000000000000000e+01 1.160844157442907143e+00
2.400000000000000000e+01 -1.300000000000000000e+01 1.113349187535313201e+00
2.400000000000000000e+01 -1.200000000000000000e+01 1.051349354076388520e+00
2.400000000000000000e+01 -1.100000000000000000e+01 1.029235383948543525e+00
2.400000000000000000e+01 -1.000000000000000000e+01 8.390579279803099810e-01
2.400000000000000000e+01 -9.000000000000000000e+00 8.394031836406884439e-01
2.400000000000000000e+01 -8.000000000000000000e+00 9.414935263663490872e-01
2.400000000000000000e+01 -7.000000000000000000e+00 1.113716151795142162e+00
2.400000000000000000e+01 -6.000000000000000000e+00 1.037043462188077969e+00
2.400000000000000000e+01 -5.000000000000000000e+00 1.066567952612758718e+00
2.400000000000000000e+01 -4.000000000000000000e+00 1.157584009443949791e+00
2.400000000000000000e+01 -3.000000000000000000e+00 1.172308958640226884e+00
2.400000000000000000e+01 -2.000000000000000000e+00 nan
2.500000000000000000e+01 -2.800000000000000000e+01 1.177912589117610986e+00
2.500000000000000000e+01 -2.700000000000000000e+01 1.150374665265647245e+00
2.500000000000000000e+01 -2.600000000000000000e+01 1.029642784230578201e+00
2.500000000000000000e+01 -2.500000000000000000e+01 9.593893554624824960e-01
2.500000000000000000e+01 -2.400000000000000000e+01 1.001391180870828013e+00
2.500000000000000000e+01 -2.300000000000000000e+01 1.046635066449823626e+00
2.500000000000000000e+01 -2.200000000000000000e+01 1.047624402225955986e+00
2.500000000000000000e+01 -2.100000000000000000e+01 1.161100535307510340e+00
2.500000000000000000e+01 -2.000000000000000000e+01 1.178476066918426657e+00
2.500000000000000000e+01 -1.900000000000000000e+01 1.214835188190209525e+00
2.500000000000000000e+01 -1.800000000000000000e+01 1.288196323737176519e+00
2.500000000000000000e+01 -1.700000000000000000e+01 1.290221517018906416e+00
2.500000000000000000e+01 -1.600000000000000000e+01 1.224972771898287238e+00
2.500000000000000000e+01 -1.500000000000000000e+01 1.120163182865711926e+00
2.500000000000000000e+01 -1.400000000000000000e+01 1.200615635089755218e+00
2.500000000000000000e+01 -1.300000000000000000e+01 1.150331954645840149e+00
2.500000000000000000e+01 -1.200000000000000000e+01 9.787886514856682929e-01
2.500000000000000000e+01 -1.100000000000000000e+01 9.028355307565031351e-01
2.500000000000000000e+01 -1.000000000000000000e+01 8.168875444552424758e-01
2.500000000000000000e+01 -9.000000000000000000e+00 8.332221412418201467e-01
2.500000000000000000e+01 -8.000000000000000000e+00 9.662868170280174418e-01
2.500000000000000000e+01 -7.000000000000000000e+00 1.105904871741763218e+00
2.500000000000000000e+01 -6.000000000000000000e+00 1.042010181353528298e+00
2.500000000000000000e+01 -5.000000000000000000e+00 1.069249707989844644e+00
2.500000000000000000e+01 -4.000000000000000000e+00 1.151076892808295504e+00
2.500000000000000000e+01 -3.000000000000000000e+00 1.179027499171933835e+00
2.500000000000000000e+01 -2.000000000000000000e+00 nan
2.600000000000000000e+01 -2.800000000000000000e+01 1.178523464694720690e+00
2.600000000000000000e+01 -2.700000000000000000e+01 1.147598261513442353e+00
2.600000000000000000e+01 -2.600000000000000000e+01 1.030274271015523491e+00
2.600000000000000000e+01 -2.500000000000000000e+01 9.588815342684121612e-01
2.600000000000000000e+01 -2.400000000000000000e+01 1.003023922522928491e+00
2.600000000000000000e+01 -2.300000000000000000e+01 1.055383346130467803e+00
2.600000000000000000e+01 -2.200000000000000000e+01 1.052202622190165027e+00
2.600000000000000000e+01 -2.100000000000000000e+01 1.160925344224440714e+00
2.600000000000000000e+01 -2.000000000000000000e+01 1.178019357820899060e+00
2.600000000000000000e+01 -1.900000000000000000e+01 1.195149516793390321e+00
2.600000000000000000e+01 -1.800000000000000000e+01 1.289745589344874155e+00
2.600000000000000000e+01 -1.700000000000000000e+01 1.288196151986027216e+00
2.600000000000000000e+01 -1.600000000000000000e+01 1.207628377321644741e+00
2.600000000000000000e+01 -1.500000000000000000e+01 1.119866158195563788e+00
2.600000000000000000e+01 -1.400000000000000000e+01 1.216972978695110452e+00
2.600000000000000000e+01 -1.300000000000000000e+01 1.161210169853302387e+00
2.600000000000000000e+01 -1.200000000000000000e+01 8.986002362795899590e-01
2.600000000000000000e+01 -1.100000000000000000e+01 8.792919526638462990e-01
2.600000000000000000e+01 -1.000000000000000000e+01 8.096516059830127787e-01
2.600000000000000000e+01 -9.000000000000000000e+00 8.254372385579349380e-01
2.600000000000000000e+01 -8.000000000000000000e+00 9.781188053773752777e-01
2.600000000000000000e+01 -7.000000000000000000e+00 1.090300195582931675e+00
2.600000000000000000e+01 -6.000000000000000000e+00 1.056171971507603224e+00
2.600000000000000000e+01 -5.000000000000000000e+00 1.073047296325182920e+00
2.600000000000000000e+01 -4.000000000000000000e+00 1.118696758125486301e+00
2.600000000000000000e+01 -3.000000000000000000e+00 1.190563617974699673e+00
2.600000000000000000e+01 -2.000000000000000000e+00 nan
