Longitude[deg], Latitude[deg], Dust optical depth
-5.000000000000000000e+01 -1.400000000000000000e+01 nan
-5.000000000000000000e+01 -1.300000000000000000e+01 nan
-5.000000000000000000e+01 -1.200000000000000000e+01 nan
-5.000000000000000000e+01 -1.100000000000000000e+01 nan
-5.000000000000000000e+01 -1.000000000000000000e+01 1.460343715797046471e+00
-5.000000000000000000e+01 -9.000000000000000000e+00 1.436023169247656162e+00
-5.000000000000000000e+01 -8.000000000000000000e+00 1.153620302082635662e+00
-5.000000000000000000e+01 -7.000000000000000000e+00 1.320580448880091629e+00
-5.000000000000000000e+01 -6.000000000000000000e+00 1.173912988416453418e+00
-5.000000000000000000e+01 -5.000000000000000000e+00 1.058282751817429812e+00
-5.000000000000000000e+01 -4.000000000000000000e+00 1.052604371192381372e+00
-5.000000000000000000e+01 -3.000000000000000000e+00 1.061818942832857271e+00
-5.000000000000000000e+01 -2.000000000000000000e+00 1.171805305713552903e+00
-5.000000000000000000e+01 -1.000000000000000000e+00 1.125575466295664739e+00
-5.000000000000000000e+01 0.000000000000000000e+00 1.148071094834317352e+00
-5.000000000000000000e+01 1.000000000000000000e+00 1.205192397115452563e+00
-5.000000000000000000e+01 2.000000000000000000e+00 9.592436746226022937e-01
-4.900000000000000000e+01 -1.400000000000000000e+01 1.465606910584546840e+00
-4.900000000000000000e+01 -1.300000000000000000e+01 1.410994652763698509e+00
-4.900000000000000000e+01 -1.200000000000000000e+01 1.347165157160660653e+00
-4.900000000000000000e+01 -1.100000000000000000e+01 1.388785960324266711e+00
-4.900000000000000000e+01 -1.000000000000000000e+01 1.435314426391787856e+00
-4.900000000000000000e+01 -9.000000000000000000e+00 1.442021069881406214e+00
-4.900000000000000000e+01 -8.000000000000000000e+00 1.380244268967081300e+00
-4.900000000000000000e+01 -7.000000000000000000e+00 1.331022588560868414e+00
-4.900000000000000000e+01 -6.000000000000000000e+00 1.185892060763923173e+00
-4.900000000000000000e+01 -5.000000000000000000e+00 1.110614538808951668e+00
-4.900000000000000000e+01 -4.000000000000000000e+00 1.133942155303738319e+00
-4.900000000000000000e+01 -3.000000000000000000e+00 1.171805305713552903e+00
-4.900000000000000000e+01 -2.000000000000000000e+00 1.160698767065508674e+00
-4.900000000000000000e+01 -1.000000000000000000e+00 1.139795456680116947e+00
-4.900000000000000000e+01 0.000000000000000000e+00 1.157386113898532187e+00
-4.900000000000000000e+01 1.000000000000000000e+00 1.212685160034532306e+00
-4.900000000000000000e+01 2.000000000000000000e+00 1.027925404250970010e+00
-4.800000000000000000e+01 -1.400000000000000000e+01 1.475719744526502453e+00
-4.800000000000000000e+01 -1.300000000000000000e+01 1.413174222090612719e+00
-4.800000000000000000e+01 -1.200000000000000000e+01 1.345290344706135732e+00
-4.800000000000000000e+01 -1.100000000000000000e+01 1.385442658885383427e+00
-4.800000000000000000e+01 -1.000000000000000000e+01 1.432476856473315241e+00
-4.800000000000000000e+01 -9.000000000000000000e+00 1.444076398131978411e+00
-4.800000000000000000e+01 -8.000000000000000000e+00 1.381852871781015235e+00
-4.800000000000000000e+01 -7.000000000000000000e+00 1.329540398076081820e+00
-4.800000000000000000e+01 -6.000000000000000000e+00 1.197074389135198702e+00
-4.800000000000000000e+01 -5.000000000000000000e+00 1.128492282598217544e+00
-4.800000000000000000e+01 -4.000000000000000000e+00 1.222498176370492073e+00
-4.800000000000000000e+01 -3.000000000000000000e+00 1.187356181620925710e+00
-4.800000000000000000e+01 -2.000000000000000000e+00 1.158145311143783829e+00
-4.800000000000000000e+01 -1.000000000000000000e+00 1.148249631858389463e+00
-4.800000000000000000e+01 0.000000000000000000e+00 1.158857115881725797e+00
-4.800000000000000000e+01 1.000000000000000000e+00 1.215900467592113232e+00
-4.800000000000000000e+01 2.000000000000000000e+00 1.040664043263034078e+00
-4.700000000000000000e+01 -1.400000000000000000e+01 1.490878043276450127e+00
-4.700000000000000000e+01 -1.300000000000000000e+01 1.424218441690783932e+00
-4.700000000000000000e+01 -1.200000000000000000e+01 1.338582909768229134e+00
-4.700000000000000000e+01 -1.100000000000000000e+01 1.194095582396040411e+00
-4.700000000000000000e+01 -1.000000000000000000e+01 1.429203551844432818e+00
-4.700000000000000000e+01 -9.000000000000000000e+00 1.448796411079001700e+00
-4.700000000000000000e+01 -8.000000000000000000e+00 1.325133858850397583e+00
-4.700000000000000000e+01 -7.000000000000000000e+00 1.312468231936921637e+00
-4.700000000000000000e+01 -6.000000000000000000e+00 1.219477782074185557e+00
-4.700000000000000000e+01 -5.000000000000000000e+00 1.220626255273467242e+00
-4.700000000000000000e+01 -4.000000000000000000e+00 1.247918126707861619e+00
-4.700000000000000000e+01 -3.000000000000000000e+00 1.217320255438692378e+00
-4.700000000000000000e+01 -2.000000000000000000e+00 1.163777256336950838e+00
-4.700000000000000000e+01 -1.000000000000000000e+00 1.141623408960366071e+00
-4.700000000000000000e+01 0.000000000000000000e+00 1.149687148477273713e+00
-4.700000000000000000e+01 1.000000000000000000e+00 1.205927101296143222e+00
-4.700000000000000000e+01 2.000000000000000000e+00 nan
