Longitude[deg], Latitude[deg], Dust optical depth
-2.100000000000000000e+01 2.400000000000000000e+01 nan
-2.100000000000000000e+01 2.500000000000000000e+01 nan
-2.100000000000000000e+01 2.600000000000000000e+01 nan
-2.100000000000000000e+01 2.700000000000000000e+01 nan
-2.100000000000000000e+01 2.800000000000000000e+01 nan
-2.100000000000000000e+01 2.900000000000000000e+01 nan
-2.100000000000000000e+01 3.000000000000000000e+01 nan
-2.100000000000000000e+01 3.100000000000000000e+01 nan
-2.100000000000000000e+01 3.200000000000000000e+01 nan
-2.100000000000000000e+01 3.300000000000000000e+01 nan
-2.100000000000000000e+01 3.400000000000000000e+01 nan
-2.100000000000000000e+01 3.500000000000000000e+01 nan
-2.100000000000000000e+01 3.600000000000000000e+01 nan
-2.100000000000000000e+01 3.700000000000000000e+01 nan
-2.100000000000000000e+01 3.800000000000000000e+01 nan
-2.100000000000000000e+01 3.900000000000000000e+01 nan
-2.100000000000000000e+01 4.000000000000000000e+01 nan
-2.100000000000000000e+01 4.100000000000000000e+01 nan
-2.100000000000000000e+01 4.200000000000000000e+01 nan
-2.100000000000000000e+01 4.300000000000000000e+01 nan
-2.100000000000000000e+01 4.400000000000000000e+01 nan
-2.000000000000000000e+01 2.400000000000000000e+01 nan
-2.000000000000000000e+01 2.500000000000000000e+01 nan
-2.000000000000000000e+01 2.600000000000000000e+01 nan
-2.000000000000000000e+01 2.700000000000000000e+01 nan
-2.000000000000000000e+01 2.800000000000000000e+01 nan
-2.000000000000000000e+01 2.900000000000000000e+01 nan
-2.000000000000000000e+01 3.000000000000000000e+01 nan
-2.000000000000000000e+01 3.100000000000000000e+01 nan
-2.000000000000000000e+01 3.200000000000000000e+01 nan
-2.000000000000000000e+01 3.300000000000000000e+01 nan
-2.000000000000000000e+01 3.400000000000000000e+01 nan
-2.000000000000000000e+01 3.500000000000000000e+01 nan
-2.000000000000000000e+01 3.600000000000000000e+01 1.734985755298751042e-01
-2.000000000000000000e+01 3.700000000000000000e+01 1.609731397111546225e-01
-2.000000000000000000e+01 3.800000000000000000e+01 nan
-2.000000000000000000e+01 3.900000000000000000e+01 nan
-2.000000000000000000e+01 4.000000000000000000e+01 nan
-2.000000000000000000e+01 4.100000000000000000e+01 nan
-2.000000000000000000e+01 4.200000000000000000e+01 nan
-2.000000000000000000e+01 4.300000000000000000e+01 nan
-2.000000000000000000e+01 4.400000000000000000e+01 nan
-1.900000000000000000e+01 2.400000000000000000e+01 nan
-1.900000000000000000e+01 2.500000000000000000e+01 nan
-1.900000000000000000e+01 2.600000000000000000e+01 nan
-1.900000000000000000e+01 2.700000000000000000e+01 nan
-1.900000000000000000e+01 2.800000000000000000e+01 nan
-1.900000000000000000e+01 2.900000000000000000e+01 nan
-1.900000000000000000e+01 3.000000000000000000e+01 4.756337880367537685e-01
-1.900000000000000000e+01 3.100000000000000000e+01 4.159645931107421868e-01
-1.900000000000000000e+01 3.200000000000000000e+01 3.034533159084584764e-01
-1.900000000000000000e+01 3.300000000000000000e+01 3.040642606493900724e-01
-1.900000000000000000e+01 3.400000000000000000e+01 2.552393076471669575e-01
-1.900000000000000000e+01 3.500000000000000000e+01 1.983952652031560626e-01
-1.900000000000000000e+01 3.600000000000000000e+01 1.741719100337486281e-01
-1.900000000000000000e+01 3.700000000000000000e+01 1.620763223441537837e-01
-1.900000000000000000e+01 3.800000000000000000e+01 1.470195298563908293e-01
-1.900000000000000000e+01 3.900000000000000000e+01 nan
-1.900000000000000000e+01 4.000000000000000000e+01 nan
-1.900000000000000000e+01 4.100000000000000000e+01 nan
-1.900000000000000000e+01 4.200000000000000000e+01 nan
-1.900000000000000000e+01 4.300000000000000000e+01 nan
-1.900000000000000000e+01 4.400000000000000000e+01 nan
-1.800000000000000000e+01 2.400000000000000000e+01 nan
-1.800000000000000000e+01 2.500000000000000000e+01 8.572546113403948231e-01
-1.800000000000000000e+01 2.600000000000000000e+01 6.928341970584945830e-01
-1.800000000000000000e+01 2.700000000000000000e+01 5.167086354458437780e-01
-1.800000000000000000e+01 2.800000000000000000e+01 4.736456727153385282e-01
-1.800000000000000000e+01 2.900000000000000000e+01 4.662334529035661035e-01
-1.800000000000000000e+01 3.000000000000000000e+01 5.053962302836950693e-01
-1.800000000000000000e+01 3.100000000000000000e+01 4.551350253651865740e-01
-1.800000000000000000e+01 3.200000000000000000e+01 3.125310541675492271e-01
-1.800000000000000000e+01 3.300000000000000000e+01 2.873704441339205995e-01
-1.800000000000000000e+01 3.400000000000000000e+01 2.575853183112742917e-01
-1.800000000000000000e+01 3.500000000000000000e+01 2.113276542175502870e-01
-1.800000000000000000e+01 3.600000000000000000e+01 1.741898990803922576e-01
-1.800000000000000000e+01 3.700000000000000000e+01 1.619207966155213896e-01
-1.800000000000000000e+01 3.800000000000000000e+01 1.847073416999640560e-01
-1.800000000000000000e+01 3.900000000000000000e+01 nan
-1.800000000000000000e+01 4.000000000000000000e+01 nan
-1.800000000000000000e+01 4.100000000000000000e+01 nan
-1.800000000000000000e+01 4.200000000000000000e+01 nan
-1.800000000000000000e+01 4.300000000000000000e+01 nan
-1.800000000000000000e+01 4.400000000000000000e+01 nan
-1.700000000000000000e+01 2.400000000000000000e+01 9.310538691378613674e-01
-1.700000000000000000e+01 2.500000000000000000e+01 8.415836859802551251e-01
-1.700000000000000000e+01 2.600000000000000000e+01 7.162001824813660766e-01
-1.700000000000000000e+01 2.700000000000000000e+01 6.469335142990796372e-01
-1.700000000000000000e+01 2.800000000000000000e+01 6.371961270313210024e-01
-1.700000000000000000e+01 2.900000000000000000e+01 5.944575505682380134e-01
-1.700000000000000000e+01 3.000000000000000000e+01 5.756847598609606820e-01
-1.700000000000000000e+01 3.100000000000000000e+01 5.328253608514516015e-01
-1.700000000000000000e+01 3.200000000000000000e+01 3.693771874337584693e-01
-1.700000000000000000e+01 3.300000000000000000e+01 2.790390228130367190e-01
-1.700000000000000000e+01 3.400000000000000000e+01 2.541780751866606347e-01
-1.700000000000000000e+01 3.500000000000000000e+01 2.221464965370155142e-01
-1.700000000000000000e+01 3.600000000000000000e+01 1.731434565050830321e-01
-1.700000000000000000e+01 3.700000000000000000e+01 1.570424102372519615e-01
-1.700000000000000000e+01 3.800000000000000000e+01 2.177265027088577387e-01
-1.700000000000000000e+01 3.900000000000000000e+01 nan
-1.700000000000000000e+01 4.000000000000000000e+01 nan
-1.700000000000000000e+01 4.100000000000000000e+01 nan
-1.700000000000000000e+01 4.200000000000000000e+01 nan
-1.700000000000000000e+01 4.300000000000000000e+01 nan
-1.700000000000000000e+01 4.400000000000000000e+01 nan
-1.600000000000000000e+01 2.400000000000000000e+01 8.776574673623924738e-01
-1.600000000000000000e+01 2.500000000000000000e+01 8.033532266910574648e-01
-1.600000000000000000e+01 2.600000000000000000e+01 7.354456238973222648e-01
-1.600000000000000000e+01 2.700000000000000000e+01 6.686104234981186112e-01
-1.600000000000000000e+01 2.800000000000000000e+01 6.813687328905473350e-01
-1.600000000000000000e+01 2.900000000000000000e+01 7.027431439636042665e-01
-1.600000000000000000e+01 3.000000000000000000e+01 6.505168801760394803e-01
-1.600000000000000000e+01 3.100000000000000000e+01 5.843409588355192863e-01
-1.600000000000000000e+01 3.200000000000000000e+01 4.661754813311490553e-01
-1.600000000000000000e+01 3.300000000000000000e+01 3.119656710413378220e-01
-1.600000000000000000e+01 3.400000000000000000e+01 2.469407222951443825e-01
-1.600000000000000000e+01 3.500000000000000000e+01 2.224074043361554676e-01
-1.600000000000000000e+01 3.600000000000000000e+01 1.741599811940875153e-01
-1.600000000000000000e+01 3.700000000000000000e+01 1.572382961834298543e-01
-1.600000000000000000e+01 3.800000000000000000e+01 2.086572311428069593e-01
-1.600000000000000000e+01 3.900000000000000000e+01 nan
-1.600000000000000000e+01 4.000000000000000000e+01 nan
-1.600000000000000000e+01 4.100000000000000000e+01 nan
-1.600000000000000000e+01 4.200000000000000000e+01 nan
-1.600000000000000000e+01 4.300000000000000000e+01 nan
-1.600000000000000000e+01 4.400000000000000000e+01 nan
-1.500000000000000000e+01 2.400000000000000000e+01 8.260456382895136063e-01
-1.500000000000000000e+01 2.500000000000000000e+01 7.692502079160319362e-01
-1.500000000000000000e+01 2.600000000000000000e+01 7.467837114651563191e-01
-1.500000000000000000e+01 2.700000000000000000e+01 7.036972842516098225e-01
-1.500000000000000000e+01 2.800000000000000000e+01 6.808874579606317701e-01
-1.500000000000000000e+01 2.900000000000000000e+01 6.804677381313335438e-01
-1.500000000000000000e+01 3.000000000000000000e+01 6.211707490914183394e-01
-1.500000000000000000e+01 3.100000000000000000e+01 5.966447101444186663e-01
-1.500000000000000000e+01 3.200000000000000000e+01 5.298030783480930372e-01
-1.500000000000000000e+01 3.300000000000000000e+01 3.519491254169946348e-01
-1.500000000000000000e+01 3.400000000000000000e+01 2.454938002570074829e-01
-1.500000000000000000e+01 3.500000000000000000e+01 2.235232168175271261e-01
-1.500000000000000000e+01 3.600000000000000000e+01 1.744278943893277645e-01
-1.500000000000000000e+01 3.700000000000000000e+01 1.575501734992540981e-01
-1.500000000000000000e+01 3.800000000000000000e+01 2.064412631913019325e-01
-1.500000000000000000e+01 3.900000000000000000e+01 nan
-1.500000000000000000e+01 4.000000000000000000e+01 nan
-1.500000000000000000e+01 4.100000000000000000e+01 nan
-1.500000000000000000e+01 4.200000000000000000e+01 nan
-1.500000000000000000e+01 4.300000000000000000e+01 nan
-1.500000000000000000e+01 4.400000000000000000e+01 nan
-1.400000000000000000e+01 2.400000000000000000e+01 8.100178399553408237e-01
-1.400000000000000000e+01 2.500000000000000000e+01 7.621511051819093163e-01
-1.400000000000000000e+01 2.600000000000000000e+01 7.554333373250009531e-01
-1.400000000000000000e+01 2.700000000000000000e+01 7.794743030420993035e-01
-1.400000000000000000e+01 2.800000000000000000e+01 7.599813359879156183e-01
-1.400000000000000000e+01 2.900000000000000000e+01 6.562851888015871493e-01
-1.400000000000000000e+01 3.000000000000000000e+01 5.690593891021117345e-01
-1.400000000000000000e+01 3.100000000000000000e+01 6.057612620636141365e-01
-1.400000000000000000e+01 3.200000000000000000e+01 5.776576131584971741e-01
-1.400000000000000000e+01 3.300000000000000000e+01 3.864706051883201043e-01
-1.400000000000000000e+01 3.400000000000000000e+01 2.529878766808192347e-01
-1.400000000000000000e+01 3.500000000000000000e+01 2.326009916637688524e-01
-1.400000000000000000e+01 3.600000000000000000e+01 1.743561807115460438e-01
-1.400000000000000000e+01 3.700000000000000000e+01 1.567743855560249366e-01
-1.400000000000000000e+01 3.800000000000000000e+01 nan
-1.400000000000000000e+01 3.900000000000000000e+01 nan
-1.400000000000000000e+01 4.000000000000000000e+01 nan
-1.400000000000000000e+01 4.100000000000000000e+01 nan
-1.400000000000000000e+01 4.200000000000000000e+01 nan
-1.400000000000000000e+01 4.300000000000000000e+01 nan
-1.400000000000000000e+01 4.400000000000000000e+01 nan
