Longitude[deg], Latitude[deg], Dust optical depth
5.000000000000000000e+01 9.000000000000000000e+00 nan
5.000000000000000000e+01 1.000000000000000000e+01 nan
5.000000000000000000e+01 1.100000000000000000e+01 nan
5.000000000000000000e+01 1.200000000000000000e+01 nan
5.000000000000000000e+01 1.300000000000000000e+01 nan
5.000000000000000000e+01 1.400000000000000000e+01 nan
5.000000000000000000e+01 1.500000000000000000e+01 nan
5.000000000000000000e+01 1.600000000000000000e+01 nan
5.000000000000000000e+01 1.700000000000000000e+01 nan
5.000000000000000000e+01 1.800000000000000000e+01 nan
5.000000000000000000e+01 1.900000000000000000e+01 nan
5.000000000000000000e+01 2.000000000000000000e+01 nan
5.000000000000000000e+01 2.100000000000000000e+01 nan
5.000000000000000000e+01 2.200000000000000000e+01 nan
5.000000000000000000e+01 2.300000000000000000e+01 nan
5.000000000000000000e+01 2.400000000000000000e+01 nan
5.000000000000000000e+01 2.500000000000000000e+01 nan
5.000000000000000000e+01 2.600000000000000000e+01 nan
5.000000000000000000e+01 2.700000000000000000e+01 nan
5.000000000000000000e+01 2.800000000000000000e+01 nan
5.000000000000000000e+01 2.900000000000000000e+01 nan
5.000000000000000000e+01 3.000000000000000000e+01 nan
5.100000000000000000e+01 9.000000000000000000e+00 nan
5.100000000000000000e+01 1.000000000000000000e+01 nan
5.100000000000000000e+01 1.100000000000000000e+01 nan
5.100000000000000000e+01 1.200000000000000000e+01 nan
5.100000000000000000e+01 1.300000000000000000e+01 nan
5.100000000000000000e+01 1.400000000000000000e+01 nan
5.100000000000000000e+01 1.500000000000000000e+01 nan
5.100000000000000000e+01 1.600000000000000000e+01 nan
5.100000000000000000e+01 1.700000000000000000e+01 nan
5.100000000000000000e+01 1.800000000000000000e+01 nan
5.100000000000000000e+01 1.900000000000000000e+01 nan
5.100000000000000000e+01 2.000000000000000000e+01 nan
5.100000000000000000e+01 2.100000000000000000e+01 1.383616319632623215e+00
5.100000000000000000e+01 2.200000000000000000e+01 1.366038733749548095e+00
5.100000000000000000e+01 2.300000000000000000e+01 1.308096527365675721e+00
5.100000000000000000e+01 2.400000000000000000e+01 1.307075023699584726e+00
5.100000000000000000e+01 2.500000000000000000e+01 1.313225718380367280e+00
5.100000000000000000e+01 2.600000000000000000e+01 1.304333964821382752e+00
5.100000000000000000e+01 2.700000000000000000e+01 1.258039977137553889e+00
5.100000000000000000e+01 2.800000000000000000e+01 1.189399554543697723e+00
5.100000000000000000e+01 2.900000000000000000e+01 1.153745304439498742e+00
5.100000000000000000e+01 3.000000000000000000e+01 nan
5.200000000000000000e+01 9.000000000000000000e+00 nan
5.200000000000000000e+01 1.000000000000000000e+01 1.781419756150233180e+00
5.200000000000000000e+01 1.100000000000000000e+01 1.726191650162135494e+00
5.200000000000000000e+01 1.200000000000000000e+01 1.750741317956465926e+00
5.200000000000000000e+01 1.300000000000000000e+01 1.661096351826485629e+00
5.200000000000000000e+01 1.400000000000000000e+01 1.494050562762802459e+00
5.200000000000000000e+01 1.500000000000000000e+01 1.442568191676336653e+00
5.200000000000000000e+01 1.600000000000000000e+01 1.412621000355624767e+00
5.200000000000000000e+01 1.700000000000000000e+01 1.408098400762777702e+00
5.200000000000000000e+01 1.800000000000000000e+01 1.412305098188401109e+00
5.200000000000000000e+01 1.900000000000000000e+01 1.399579354730861702e+00
5.200000000000000000e+01 2.000000000000000000e+01 1.391605244362347671e+00
5.200000000000000000e+01 2.100000000000000000e+01 1.372391456090597428e+00
5.200000000000000000e+01 2.200000000000000000e+01 1.348857212418171247e+00
5.200000000000000000e+01 2.300000000000000000e+01 1.302013594423444998e+00
5.200000000000000000e+01 2.400000000000000000e+01 1.291290487496907113e+00
5.200000000000000000e+01 2.500000000000000000e+01 1.301150002672219141e+00
5.200000000000000000e+01 2.600000000000000000e+01 1.267587593423284531e+00
5.200000000000000000e+01 2.700000000000000000e+01 1.227657241329038751e+00
5.200000000000000000e+01 2.800000000000000000e+01 1.196446627776527771e+00
5.200000000000000000e+01 2.900000000000000000e+01 1.189399554543697723e+00
5.200000000000000000e+01 3.000000000000000000e+01 1.212179395335131860e+00
5.300000000000000000e+01 9.000000000000000000e+00 1.841966741027906806e+00
5.300000000000000000e+01 1.000000000000000000e+01 1.776909586877832403e+00
5.300000000000000000e+01 1.100000000000000000e+01 1.719729990856953439e+00
5.300000000000000000e+01 1.200000000000000000e+01 1.719146268090392837e+00
5.300000000000000000e+01 1.300000000000000000e+01 1.644881448133571178e+00
5.300000000000000000e+01 1.400000000000000000e+01 1.505795086911880132e+00
5.300000000000000000e+01 1.500000000000000000e+01 1.446459028499595734e+00
5.300000000000000000e+01 1.600000000000000000e+01 1.397499426475554474e+00
5.300000000000000000e+01 1.700000000000000000e+01 1.373850511077025827e+00
5.300000000000000000e+01 1.800000000000000000e+01 1.385701608355251357e+00
5.300000000000000000e+01 1.900000000000000000e+01 1.380992978534758109e+00
5.300000000000000000e+01 2.000000000000000000e+01 1.371510996339524002e+00
5.300000000000000000e+01 2.100000000000000000e+01 1.358435443879067561e+00
5.300000000000000000e+01 2.200000000000000000e+01 1.345253014129412561e+00
5.300000000000000000e+01 2.300000000000000000e+01 1.292565987242833003e+00
5.300000000000000000e+01 2.400000000000000000e+01 1.270048323455096106e+00
5.300000000000000000e+01 2.500000000000000000e+01 1.277838159383875238e+00
5.300000000000000000e+01 2.600000000000000000e+01 1.244080848924756344e+00
5.300000000000000000e+01 2.700000000000000000e+01 1.208194608103730472e+00
5.300000000000000000e+01 2.800000000000000000e+01 1.216129575320168188e+00
5.300000000000000000e+01 2.900000000000000000e+01 1.219384232380324118e+00
5.300000000000000000e+01 3.000000000000000000e+01 1.221756594203507351e+00
5.400000000000000000e+01 9.000000000000000000e+00 1.820990186376855169e+00
5.400000000000000000e+01 1.000000000000000000e+01 1.769644702187784580e+00
5.400000000000000000e+01 1.100000000000000000e+01 1.712020668145908697e+00
5.400000000000000000e+01 1.200000000000000000e+01 1.691746885376019804e+00
5.400000000000000000e+01 1.300000000000000000e+01 1.620230150914926170e+00
5.400000000000000000e+01 1.400000000000000000e+01 1.496729409467527416e+00
5.400000000000000000e+01 1.500000000000000000e+01 1.455898667855787920e+00
5.400000000000000000e+01 1.600000000000000000e+01 1.388868371877617358e+00
5.400000000000000000e+01 1.700000000000000000e+01 1.341509597523951269e+00
5.400000000000000000e+01 1.800000000000000000e+01 1.359988379599242458e+00
5.400000000000000000e+01 1.900000000000000000e+01 1.368904768362951829e+00
5.400000000000000000e+01 2.000000000000000000e+01 1.353121669008940264e+00
5.400000000000000000e+01 2.100000000000000000e+01 1.347065778017202398e+00
5.400000000000000000e+01 2.200000000000000000e+01 1.337962748492061760e+00
5.400000000000000000e+01 2.300000000000000000e+01 1.287361012580777286e+00
5.400000000000000000e+01 2.400000000000000000e+01 1.258710526320534484e+00
5.400000000000000000e+01 2.500000000000000000e+01 1.264706831971951884e+00
5.400000000000000000e+01 2.600000000000000000e+01 1.241396027743689734e+00
5.400000000000000000e+01 2.700000000000000000e+01 1.216136111558093535e+00
5.400000000000000000e+01 2.800000000000000000e+01 1.218758975433091196e+00
5.400000000000000000e+01 2.900000000000000000e+01 1.224914839005885492e+00
5.400000000000000000e+01 3.000000000000000000e+01 1.233909458649489643e+00
5.500000000000000000e+01 9.000000000000000000e+00 1.809511825871748192e+00
5.500000000000000000e+01 1.000000000000000000e+01 1.762582752931705077e+00
5.500000000000000000e+01 1.100000000000000000e+01 1.698473948068357497e+00
5.500000000000000000e+01 1.200000000000000000e+01 1.668170916197071474e+00
5.500000000000000000e+01 1.300000000000000000e+01 1.600580613139625186e+00
5.500000000000000000e+01 1.400000000000000000e+01 1.460068478505492040e+00
5.500000000000000000e+01 1.500000000000000000e+01 1.466929507194258298e+00
5.500000000000000000e+01 1.600000000000000000e+01 1.399484295867647887e+00
5.500000000000000000e+01 1.700000000000000000e+01 1.325226557698674812e+00
5.500000000000000000e+01 1.800000000000000000e+01 1.346531740570523050e+00
5.500000000000000000e+01 1.900000000000000000e+01 1.366637706672200858e+00
5.500000000000000000e+01 2.000000000000000000e+01 1.357947396416660402e+00
5.500000000000000000e+01 2.100000000000000000e+01 1.345854488731438314e+00
5.500000000000000000e+01 2.200000000000000000e+01 1.323442030612145937e+00
5.500000000000000000e+01 2.300000000000000000e+01 1.284462923699983827e+00
5.500000000000000000e+01 2.400000000000000000e+01 1.258381561069433330e+00
5.500000000000000000e+01 2.500000000000000000e+01 1.261732004274491059e+00
5.500000000000000000e+01 2.600000000000000000e+01 1.226015755181671718e+00
5.500000000000000000e+01 2.700000000000000000e+01 1.170658754178042882e+00
5.500000000000000000e+01 2.800000000000000000e+01 1.191439643135276727e+00
5.500000000000000000e+01 2.900000000000000000e+01 1.242503092634332784e+00
5.500000000000000000e+01 3.000000000000000000e+01 nan
