Longitude[deg], Latitude[deg], Dust optical depth
3.900000000000000000e+01 -7.900000000000000000e+01 nan
3.900000000000000000e+01 -7.800000000000000000e+01 nan
3.900000000000000000e+01 -7.700000000000000000e+01 nan
3.900000000000000000e+01 -7.600000000000000000e+01 nan
3.900000000000000000e+01 -7.500000000000000000e+01 nan
3.900000000000000000e+01 -7.400000000000000000e+01 nan
3.900000000000000000e+01 -7.300000000000000000e+01 nan
3.900000000000000000e+01 -7.200000000000000000e+01 nan
3.900000000000000000e+01 -7.100000000000000000e+01 nan
3.900000000000000000e+01 -7.000000000000000000e+01 nan
3.900000000000000000e+01 -6.900000000000000000e+01 nan
3.900000000000000000e+01 -6.800000000000000000e+01 nan
3.900000000000000000e+01 -6.700000000000000000e+01 nan
3.900000000000000000e+01 -6.600000000000000000e+01 nan
3.900000000000000000e+01 -6.500000000000000000e+01 nan
3.900000000000000000e+01 -6.400000000000000000e+01 nan
3.900000000000000000e+01 -6.300000000000000000e+01 nan
3.900000000000000000e+01 -6.200000000000000000e+01 nan
3.900000000000000000e+01 -6.100000000000000000e+01 nan
3.900000000000000000e+01 -6.000000000000000000e+01 nan
3.900000000000000000e+01 -5.900000000000000000e+01 nan
3.900000000000000000e+01 -5.800000000000000000e+01 nan
3.900000000000000000e+01 -5.700000000000000000e+01 nan
3.900000000000000000e+01 -5.600000000000000000e+01 nan
3.900000000000000000e+01 -5.500000000000000000e+01 nan
3.900000000000000000e+01 -5.400000000000000000e+01 nan
3.900000000000000000e+01 -5.300000000000000000e+01 nan
3.900000000000000000e+01 -5.200000000000000000e+01 nan
3.900000000000000000e+01 -5.100000000000000000e+01 nan
3.900000000000000000e+01 -5.000000000000000000e+01 nan
3.900000000000000000e+01 -4.900000000000000000e+01 nan
3.900000000000000000e+01 -4.800000000000000000e+01 nan
3.900000000000000000e+01 -4.700000000000000000e+01 nan
3.900000000000000000e+01 -4.600000000000000000e+01 nan
3.900000000000000000e+01 -4.500000000000000000e+01 nan
3.900000000000000000e+01 -4.400000000000000000e+01 nan
3.900000000000000000e+01 -4.300000000000000000e+01 nan
3.900000000000000000e+01 -4.200000000000000000e+01 nan
3.900000000000000000e+01 -4.100000000000000000e+01 nan
3.900000000000000000e+01 -4.000000000000000000e+01 nan
3.900000000000000000e+01 -3.900000000000000000e+01 nan
3.900000000000000000e+01 -3.800000000000000000e+01 nan
3.900000000000000000e+01 -3.700000000000000000e+01 nan
3.900000000000000000e+01 -3.600000000000000000e+01 nan
3.900000000000000000e+01 -3.500000000000000000e+01 nan
3.900000000000000000e+01 -3.400000000000000000e+01 nan
3.900000000000000000e+01 -3.300000000000000000e+01 nan
4.000000000000000000e+01 -7.900000000000000000e+01 nan
4.000000000000000000e+01 -7.800000000000000000e+01 nan
4.000000000000000000e+01 -7.700000000000000000e+01 nan
4.000000000000000000e+01 -7.600000000000000000e+01 nan
4.000000000000000000e+01 -7.500000000000000000e+01 nan
4.000000000000000000e+01 -7.400000000000000000e+01 nan
4.000000000000000000e+01 -7.300000000000000000e+01 nan
4.000000000000000000e+01 -7.200000000000000000e+01 nan
4.000000000000000000e+01 -7.100000000000000000e+01 nan
4.000000000000000000e+01 -7.000000000000000000e+01 nan
4.000000000000000000e+01 -6.900000000000000000e+01 nan
4.000000000000000000e+01 -6.800000000000000000e+01 nan
4.000000000000000000e+01 -6.700000000000000000e+01 nan
4.000000000000000000e+01 -6.600000000000000000e+01 nan
4.000000000000000000e+01 -6.500000000000000000e+01 nan
4.000000000000000000e+01 -6.400000000000000000e+01 nan
4.000000000000000000e+01 -6.300000000000000000e+01 nan
4.000000000000000000e+01 -6.200000000000000000e+01 nan
4.000000000000000000e+01 -6.100000000000000000e+01 nan
4.000000000000000000e+01 -6.000000000000000000e+01 nan
4.000000000000000000e+01 -5.900000000000000000e+01 nan
4.000000000000000000e+01 -5.800000000000000000e+01 nan
4.000000000000000000e+01 -5.700000000000000000e+01 nan
4.000000000000000000e+01 -5.600000000000000000e+01 nan
4.000000000000000000e+01 -5.500000000000000000e+01 nan
4.000000000000000000e+01 -5.400000000000000000e+01 nan
4.000000000000000000e+01 -5.300000000000000000e+01 nan
4.000000000000000000e+01 -5.200000000000000000e+01 nan
4.000000000000000000e+01 -5.100000000000000000e+01 nan
4.000000000000000000e+01 -5.000000000000000000e+01 nan
4.000000000000000000e+01 -4.900000000000000000e+01 nan
4.000000000000000000e+01 -4.800000000000000000e+01 nan
4.000000000000000000e+01 -4.700000000000000000e+01 nan
4.000000000000000000e+01 -4.600000000000000000e+01 nan
4.000000000000000000e+01 -4.500000000000000000e+01 nan
4.000000000000000000e+01 -4.400000000000000000e+01 nan
4.000000000000000000e+01 -4.300000000000000000e+01 nan
4.000000000000000000e+01 -4.200000000000000000e+01 nan
4.000000000000000000e+01 -4.100000000000000000e+01 nan
4.000000000000000000e+01 -4.000000000000000000e+01 nan
4.000000000000000000e+01 -3.900000000000000000e+01 nan
4.000000000000000000e+01 -3.800000000000000000e+01 nan
4.000000000000000000e+01 -3.700000000000000000e+01 nan
4.000000000000000000e+01 -3.600000000000000000e+01 nan
4.000000000000000000e+01 -3.500000000000000000e+01 nan
4.000000000000000000e+01 -3.400000000000000000e+01 nan
4.000000000000000000e+01 -3.300000000000000000e+01 nan
4.100000000000000000e+01 -7.900000000000000000e+01 nan
4.100000000000000000e+01 -7.800000000000000000e+01 nan
4.100000000000000000e+01 -7.700000000000000000e+01 nan
4.100000000000000000e+01 -7.600000000000000000e+01 nan
4.100000000000000000e+01 -7.500000000000000000e+01 nan
4.100000000000000000e+01 -7.400000000000000000e+01 nan
4.100000000000000000e+01 -7.300000000000000000e+01 nan
4.100000000000000000e+01 -7.200000000000000000e+01 nan
4.100000000000000000e+01 -7.100000000000000000e+01 nan
4.100000000000000000e+01 -7.000000000000000000e+01 nan
4.100000000000000000e+01 -6.900000000000000000e+01 nan
4.100000000000000000e+01 -6.800000000000000000e+01 nan
4.100000000000000000e+01 -6.700000000000000000e+01 nan
4.100000000000000000e+01 -6.600000000000000000e+01 nan
4.100000000000000000e+01 -6.500000000000000000e+01 nan
4.100000000000000000e+01 -6.400000000000000000e+01 nan
4.100000000000000000e+01 -6.300000000000000000e+01 nan
4.100000000000000000e+01 -6.200000000000000000e+01 nan
4.100000000000000000e+01 -6.100000000000000000e+01 nan
4.100000000000000000e+01 -6.000000000000000000e+01 nan
4.100000000000000000e+01 -5.900000000000000000e+01 nan
4.100000000000000000e+01 -5.800000000000000000e+01 nan
4.100000000000000000e+01 -5.700000000000000000e+01 nan
4.100000000000000000e+01 -5.600000000000000000e+01 nan
4.100000000000000000e+01 -5.500000000000000000e+01 nan
4.100000000000000000e+01 -5.400000000000000000e+01 nan
4.100000000000000000e+01 -5.300000000000000000e+01 nan
4.100000000000000000e+01 -5.200000000000000000e+01 nan
4.100000000000000000e+01 -5.100000000000000000e+01 nan
4.100000000000000000e+01 -5.000000000000000000e+01 nan
4.100000000000000000e+01 -4.900000000000000000e+01 nan
4.100000000000000000e+01 -4.800000000000000000e+01 nan
4.100000000000000000e+01 -4.700000000000000000e+01 nan
4.100000000000000000e+01 -4.600000000000000000e+01 nan
4.100000000000000000e+01 -4.500000000000000000e+01 nan
4.100000000000000000e+01 -4.400000000000000000e+01 nan
4.100000000000000000e+01 -4.300000000000000000e+01 nan
4.100000000000000000e+01 -4.200000000000000000e+01 nan
4.100000000000000000e+01 -4.100000000000000000e+01 nan
4.100000000000000000e+01 -4.000000000000000000e+01 nan
4.100000000000000000e+01 -3.900000000000000000e+01 nan
4.100000000000000000e+01 -3.800000000000000000e+01 nan
4.100000000000000000e+01 -3.700000000000000000e+01 nan
4.100000000000000000e+01 -3.600000000000000000e+01 nan
4.100000000000000000e+01 -3.500000000000000000e+01 nan
4.100000000000000000e+01 -3.400000000000000000e+01 nan
4.100000000000000000e+01 -3.300000000000000000e+01 nan
4.200000000000000000e+01 -7.900000000000000000e+01 nan
4.200000000000000000e+01 -7.800000000000000000e+01 nan
4.200000000000000000e+01 -7.700000000000000000e+01 nan
4.200000000000000000e+01 -7.600000000000000000e+01 nan
4.200000000000000000e+01 -7.500000000000000000e+01 nan
4.200000000000000000e+01 -7.400000000000000000e+01 nan
4.200000000000000000e+01 -7.300000000000000000e+01 nan
4.200000000000000000e+01 -7.200000000000000000e+01 nan
4.200000000000000000e+01 -7.100000000000000000e+01 nan
4.200000000000000000e+01 -7.000000000000000000e+01 nan
4.200000000000000000e+01 -6.900000000000000000e+01 nan
4.200000000000000000e+01 -6.800000000000000000e+01 nan
4.200000000000000000e+01 -6.700000000000000000e+01 nan
4.200000000000000000e+01 -6.600000000000000000e+01 nan
4.200000000000000000e+01 -6.500000000000000000e+01 nan
4.200000000000000000e+01 -6.400000000000000000e+01 nan
4.200000000000000000e+01 -6.300000000000000000e+01 nan
4.200000000000000000e+01 -6.200000000000000000e+01 nan
4.200000000000000000e+01 -6.100000000000000000e+01 nan
4.200000000000000000e+01 -6.000000000000000000e+01 nan
4.200000000000000000e+01 -5.900000000000000000e+01 nan
4.200000000000000000e+01 -5.800000000000000000e+01 nan
4.200000000000000000e+01 -5.700000000000000000e+01 nan
4.200000000000000000e+01 -5.600000000000000000e+01 nan
4.200000000000000000e+01 -5.500000000000000000e+01 nan
4.200000000000000000e+01 -5.400000000000000000e+01 nan
4.200000000000000000e+01 -5.300000000000000000e+01 nan
4.200000000000000000e+01 -5.200000000000000000e+01 nan
4.200000000000000000e+01 -5.100000000000000000e+01 nan
4.200000000000000000e+01 -5.000000000000000000e+01 nan
4.200000000000000000e+01 -4.900000000000000000e+01 nan
4.200000000000000000e+01 -4.800000000000000000e+01 nan
4.200000000000000000e+01 -4.700000000000000000e+01 nan
4.200000000000000000e+01 -4.600000000000000000e+01 nan
4.200000000000000000e+01 -4.500000000000000000e+01 nan
4.200000000000000000e+01 -4.400000000000000000e+01 nan
4.200000000000000000e+01 -4.300000000000000000e+01 nan
4.200000000000000000e+01 -4.200000000000000000e+01 nan
4.200000000000000000e+01 -4.100000000000000000e+01 nan
4.200000000000000000e+01 -4.000000000000000000e+01 nan
4.200000000000000000e+01 -3.900000000000000000e+01 nan
4.200000000000000000e+01 -3.800000000000000000e+01 nan
4.200000000000000000e+01 -3.700000000000000000e+01 nan
4.200000000000000000e+01 -3.600000000000000000e+01 nan
4.200000000000000000e+01 -3.500000000000000000e+01 nan
4.200000000000000000e+01 -3.400000000000000000e+01 nan
4.200000000000000000e+01 -3.300000000000000000e+01 nan
4.300000000000000000e+01 -7.900000000000000000e+01 nan
4.300000000000000000e+01 -7.800000000000000000e+01 nan
4.300000000000000000e+01 -7.700000000000000000e+01 nan
4.300000000000000000e+01 -7.600000000000000000e+01 nan
4.300000000000000000e+01 -7.500000000000000000e+01 nan
4.300000000000000000e+01 -7.400000000000000000e+01 nan
4.300000000000000000e+01 -7.300000000000000000e+01 nan
4.300000000000000000e+01 -7.200000000000000000e+01 nan
4.300000000000000000e+01 -7.100000000000000000e+01 nan
4.300000000000000000e+01 -7.000000000000000000e+01 nan
4.300000000000000000e+01 -6.900000000000000000e+01 nan
4.300000000000000000e+01 -6.800000000000000000e+01 nan
4.300000000000000000e+01 -6.700000000000000000e+01 nan
4.300000000000000000e+01 -6.600000000000000000e+01 nan
4.300000000000000000e+01 -6.500000000000000000e+01 nan
4.300000000000000000e+01 -6.400000000000000000e+01 nan
4.300000000000000000e+01 -6.300000000000000000e+01 nan
4.300000000000000000e+01 -6.200000000000000000e+01 nan
4.300000000000000000e+01 -6.100000000000000000e+01 nan
4.300000000000000000e+01 -6.000000000000000000e+01 nan
4.300000000000000000e+01 -5.900000000000000000e+01 nan
4.300000000000000000e+01 -5.800000000000000000e+01 nan
4.300000000000000000e+01 -5.700000000000000000e+01 nan
4.300000000000000000e+01 -5.600000000000000000e+01 nan
4.300000000000000000e+01 -5.500000000000000000e+01 nan
4.300000000000000000e+01 -5.400000000000000000e+01 nan
4.300000000000000000e+01 -5.300000000000000000e+01 nan
4.300000000000000000e+01 -5.200000000000000000e+01 nan
4.300000000000000000e+01 -5.100000000000000000e+01 nan
4.300000000000000000e+01 -5.000000000000000000e+01 nan
4.300000000000000000e+01 -4.900000000000000000e+01 nan
4.300000000000000000e+01 -4.800000000000000000e+01 nan
4.300000000000000000e+01 -4.700000000000000000e+01 nan
4.300000000000000000e+01 -4.600000000000000000e+01 nan
4.300000000000000000e+01 -4.500000000000000000e+01 nan
4.300000000000000000e+01 -4.400000000000000000e+01 nan
4.300000000000000000e+01 -4.300000000000000000e+01 nan
4.300000000000000000e+01 -4.200000000000000000e+01 nan
4.300000000000000000e+01 -4.100000000000000000e+01 nan
4.300000000000000000e+01 -4.000000000000000000e+01 nan
4.300000000000000000e+01 -3.900000000000000000e+01 nan
4.300000000000000000e+01 -3.800000000000000000e+01 nan
4.300000000000000000e+01 -3.700000000000000000e+01 nan
4.300000000000000000e+01 -3.600000000000000000e+01 nan
4.300000000000000000e+01 -3.500000000000000000e+01 nan
4.300000000000000000e+01 -3.400000000000000000e+01 nan
4.300000000000000000e+01 -3.300000000000000000e+01 nan
4.400000000000000000e+01 -7.900000000000000000e+01 nan
4.400000000000000000e+01 -7.800000000000000000e+01 nan
4.400000000000000000e+01 -7.700000000000000000e+01 nan
4.400000000000000000e+01 -7.600000000000000000e+01 nan
4.400000000000000000e+01 -7.500000000000000000e+01 nan
4.400000000000000000e+01 -7.400000000000000000e+01 nan
4.400000000000000000e+01 -7.300000000000000000e+01 nan
4.400000000000000000e+01 -7.200000000000000000e+01 nan
4.400000000000000000e+01 -7.100000000000000000e+01 nan
4.400000000000000000e+01 -7.000000000000000000e+01 nan
4.400000000000000000e+01 -6.900000000000000000e+01 nan
4.400000000000000000e+01 -6.800000000000000000e+01 nan
4.400000000000000000e+01 -6.700000000000000000e+01 nan
4.400000000000000000e+01 -6.600000000000000000e+01 nan
4.400000000000000000e+01 -6.500000000000000000e+01 nan
4.400000000000000000e+01 -6.400000000000000000e+01 nan
4.400000000000000000e+01 -6.300000000000000000e+01 nan
4.400000000000000000e+01 -6.200000000000000000e+01 nan
4.400000000000000000e+01 -6.100000000000000000e+01 nan
4.400000000000000000e+01 -6.000000000000000000e+01 nan
4.400000000000000000e+01 -5.900000000000000000e+01 nan
4.400000000000000000e+01 -5.800000000000000000e+01 nan
4.400000000000000000e+01 -5.700000000000000000e+01 nan
4.400000000000000000e+01 -5.600000000000000000e+01 nan
4.400000000000000000e+01 -5.500000000000000000e+01 nan
4.400000000000000000e+01 -5.400000000000000000e+01 nan
4.400000000000000000e+01 -5.300000000000000000e+01 nan
4.400000000000000000e+01 -5.200000000000000000e+01 nan
4.400000000000000000e+01 -5.100000000000000000e+01 nan
4.400000000000000000e+01 -5.000000000000000000e+01 nan
4.400000000000000000e+01 -4.900000000000000000e+01 nan
4.400000000000000000e+01 -4.800000000000000000e+01 nan
4.400000000000000000e+01 -4.700000000000000000e+01 nan
4.400000000000000000e+01 -4.600000000000000000e+01 nan
4.400000000000000000e+01 -4.500000000000000000e+01 nan
4.400000000000000000e+01 -4.400000000000000000e+01 nan
4.400000000000000000e+01 -4.300000000000000000e+01 nan
4.400000000000000000e+01 -4.200000000000000000e+01 nan
4.400000000000000000e+01 -4.100000000000000000e+01 nan
4.400000000000000000e+01 -4.000000000000000000e+01 nan
4.400000000000000000e+01 -3.900000000000000000e+01 nan
4.400000000000000000e+01 -3.800000000000000000e+01 nan
4.400000000000000000e+01 -3.700000000000000000e+01 nan
4.400000000000000000e+01 -3.600000000000000000e+01 nan
4.400000000000000000e+01 -3.500000000000000000e+01 nan
4.400000000000000000e+01 -3.400000000000000000e+01 nan
4.400000000000000000e+01 -3.300000000000000000e+01 nan
4.500000000000000000e+01 -7.900000000000000000e+01 nan
4.500000000000000000e+01 -7.800000000000000000e+01 nan
4.500000000000000000e+01 -7.700000000000000000e+01 nan
4.500000000000000000e+01 -7.600000000000000000e+01 nan
4.500000000000000000e+01 -7.500000000000000000e+01 nan
4.500000000000000000e+01 -7.400000000000000000e+01 nan
4.500000000000000000e+01 -7.300000000000000000e+01 nan
4.500000000000000000e+01 -7.200000000000000000e+01 nan
4.500000000000000000e+01 -7.100000000000000000e+01 nan
4.500000000000000000e+01 -7.000000000000000000e+01 nan
4.500000000000000000e+01 -6.900000000000000000e+01 nan
4.500000000000000000e+01 -6.800000000000000000e+01 nan
4.500000000000000000e+01 -6.700000000000000000e+01 nan
4.500000000000000000e+01 -6.600000000000000000e+01 nan
4.500000000000000000e+01 -6.500000000000000000e+01 nan
4.500000000000000000e+01 -6.400000000000000000e+01 nan
4.500000000000000000e+01 -6.300000000000000000e+01 nan
4.500000000000000000e+01 -6.200000000000000000e+01 nan
4.500000000000000000e+01 -6.100000000000000000e+01 nan
4.500000000000000000e+01 -6.000000000000000000e+01 nan
4.500000000000000000e+01 -5.900000000000000000e+01 nan
4.500000000000000000e+01 -5.800000000000000000e+01 nan
4.500000000000000000e+01 -5.700000000000000000e+01 nan
4.500000000000000000e+01 -5.600000000000000000e+01 nan
4.500000000000000000e+01 -5.500000000000000000e+01 nan
4.500000000000000000e+01 -5.400000000000000000e+01 nan
4.500000000000000000e+01 -5.300000000000000000e+01 nan
4.500000000000000000e+01 -5.200000000000000000e+01 nan
4.500000000000000000e+01 -5.100000000000000000e+01 nan
4.500000000000000000e+01 -5.000000000000000000e+01 nan
4.500000000000000000e+01 -4.900000000000000000e+01 nan
4.500000000000000000e+01 -4.800000000000000000e+01 nan
4.500000000000000000e+01 -4.700000000000000000e+01 nan
4.500000000000000000e+01 -4.600000000000000000e+01 nan
4.500000000000000000e+01 -4.500000000000000000e+01 nan
4.500000000000000000e+01 -4.400000000000000000e+01 nan
4.500000000000000000e+01 -4.300000000000000000e+01 nan
4.500000000000000000e+01 -4.200000000000000000e+01 nan
4.500000000000000000e+01 -4.100000000000000000e+01 nan
4.500000000000000000e+01 -4.000000000000000000e+01 nan
4.500000000000000000e+01 -3.900000000000000000e+01 nan
4.500000000000000000e+01 -3.800000000000000000e+01 nan
4.500000000000000000e+01 -3.700000000000000000e+01 nan
4.500000000000000000e+01 -3.600000000000000000e+01 nan
4.500000000000000000e+01 -3.500000000000000000e+01 nan
4.500000000000000000e+01 -3.400000000000000000e+01 nan
4.500000000000000000e+01 -3.300000000000000000e+01 nan
4.600000000000000000e+01 -7.900000000000000000e+01 nan
4.600000000000000000e+01 -7.800000000000000000e+01 nan
4.600000000000000000e+01 -7.700000000000000000e+01 nan
4.600000000000000000e+01 -7.600000000000000000e+01 nan
4.600000000000000000e+01 -7.500000000000000000e+01 nan
4.600000000000000000e+01 -7.400000000000000000e+01 nan
4.600000000000000000e+01 -7.300000000000000000e+01 nan
4.600000000000000000e+01 -7.200000000000000000e+01 nan
4.600000000000000000e+01 -7.100000000000000000e+01 nan
4.600000000000000000e+01 -7.000000000000000000e+01 nan
4.600000000000000000e+01 -6.900000000000000000e+01 nan
4.600000000000000000e+01 -6.800000000000000000e+01 nan
4.600000000000000000e+01 -6.700000000000000000e+01 nan
4.600000000000000000e+01 -6.600000000000000000e+01 nan
4.600000000000000000e+01 -6.500000000000000000e+01 nan
4.600000000000000000e+01 -6.400000000000000000e+01 nan
4.600000000000000000e+01 -6.300000000000000000e+01 nan
4.600000000000000000e+01 -6.200000000000000000e+01 nan
4.600000000000000000e+01 -6.100000000000000000e+01 nan
4.600000000000000000e+01 -6.000000000000000000e+01 nan
4.600000000000000000e+01 -5.900000000000000000e+01 nan
4.600000000000000000e+01 -5.800000000000000000e+01 nan
4.600000000000000000e+01 -5.700000000000000000e+01 nan
4.600000000000000000e+01 -5.600000000000000000e+01 nan
4.600000000000000000e+01 -5.500000000000000000e+01 nan
4.600000000000000000e+01 -5.400000000000000000e+01 nan
4.600000000000000000e+01 -5.300000000000000000e+01 nan
4.600000000000000000e+01 -5.200000000000000000e+01 nan
4.600000000000000000e+01 -5.100000000000000000e+01 nan
4.600000000000000000e+01 -5.000000000000000000e+01 nan
4.600000000000000000e+01 -4.900000000000000000e+01 nan
4.600000000000000000e+01 -4.800000000000000000e+01 nan
4.600000000000000000e+01 -4.700000000000000000e+01 nan
4.600000000000000000e+01 -4.600000000000000000e+01 nan
4.600000000000000000e+01 -4.500000000000000000e+01 nan
4.600000000000000000e+01 -4.400000000000000000e+01 nan
4.600000000000000000e+01 -4.300000000000000000e+01 nan
4.600000000000000000e+01 -4.200000000000000000e+01 nan
4.600000000000000000e+01 -4.100000000000000000e+01 nan
4.600000000000000000e+01 -4.000000000000000000e+01 nan
4.600000000000000000e+01 -3.900000000000000000e+01 nan
4.600000000000000000e+01 -3.800000000000000000e+01 nan
4.600000000000000000e+01 -3.700000000000000000e+01 nan
4.600000000000000000e+01 -3.600000000000000000e+01 nan
4.600000000000000000e+01 -3.500000000000000000e+01 nan
4.600000000000000000e+01 -3.400000000000000000e+01 nan
4.600000000000000000e+01 -3.300000000000000000e+01 nan
4.700000000000000000e+01 -7.900000000000000000e+01 nan
4.700000000000000000e+01 -7.800000000000000000e+01 nan
4.700000000000000000e+01 -7.700000000000000000e+01 nan
4.700000000000000000e+01 -7.600000000000000000e+01 nan
4.700000000000000000e+01 -7.500000000000000000e+01 nan
4.700000000000000000e+01 -7.400000000000000000e+01 nan
4.700000000000000000e+01 -7.300000000000000000e+01 nan
4.700000000000000000e+01 -7.200000000000000000e+01 nan
4.700000000000000000e+01 -7.100000000000000000e+01 nan
4.700000000000000000e+01 -7.000000000000000000e+01 nan
4.700000000000000000e+01 -6.900000000000000000e+01 nan
4.700000000000000000e+01 -6.800000000000000000e+01 nan
4.700000000000000000e+01 -6.700000000000000000e+01 nan
4.700000000000000000e+01 -6.600000000000000000e+01 nan
4.700000000000000000e+01 -6.500000000000000000e+01 nan
4.700000000000000000e+01 -6.400000000000000000e+01 nan
4.700000000000000000e+01 -6.300000000000000000e+01 nan
4.700000000000000000e+01 -6.200000000000000000e+01 nan
4.700000000000000000e+01 -6.100000000000000000e+01 nan
4.700000000000000000e+01 -6.000000000000000000e+01 nan
4.700000000000000000e+01 -5.900000000000000000e+01 nan
4.700000000000000000e+01 -5.800000000000000000e+01 nan
4.700000000000000000e+01 -5.700000000000000000e+01 nan
4.700000000000000000e+01 -5.600000000000000000e+01 nan
4.700000000000000000e+01 -5.500000000000000000e+01 nan
4.700000000000000000e+01 -5.400000000000000000e+01 nan
4.700000000000000000e+01 -5.300000000000000000e+01 nan
4.700000000000000000e+01 -5.200000000000000000e+01 nan
4.700000000000000000e+01 -5.100000000000000000e+01 nan
4.700000000000000000e+01 -5.000000000000000000e+01 nan
4.700000000000000000e+01 -4.900000000000000000e+01 nan
4.700000000000000000e+01 -4.800000000000000000e+01 nan
4.700000000000000000e+01 -4.700000000000000000e+01 nan
4.700000000000000000e+01 -4.600000000000000000e+01 nan
4.700000000000000000e+01 -4.500000000000000000e+01 nan
4.700000000000000000e+01 -4.400000000000000000e+01 nan
4.700000000000000000e+01 -4.300000000000000000e+01 nan
4.700000000000000000e+01 -4.200000000000000000e+01 nan
4.700000000000000000e+01 -4.100000000000000000e+01 nan
4.700000000000000000e+01 -4.000000000000000000e+01 nan
4.700000000000000000e+01 -3.900000000000000000e+01 nan
4.700000000000000000e+01 -3.800000000000000000e+01 nan
4.700000000000000000e+01 -3.700000000000000000e+01 nan
4.700000000000000000e+01 -3.600000000000000000e+01 nan
4.700000000000000000e+01 -3.500000000000000000e+01 nan
4.700000000000000000e+01 -3.400000000000000000e+01 nan
4.700000000000000000e+01 -3.300000000000000000e+01 nan
4.800000000000000000e+01 -7.900000000000000000e+01 nan
4.800000000000000000e+01 -7.800000000000000000e+01 nan
4.800000000000000000e+01 -7.700000000000000000e+01 nan
4.800000000000000000e+01 -7.600000000000000000e+01 nan
4.800000000000000000e+01 -7.500000000000000000e+01 nan
4.800000000000000000e+01 -7.400000000000000000e+01 nan
4.800000000000000000e+01 -7.300000000000000000e+01 nan
4.800000000000000000e+01 -7.200000000000000000e+01 nan
4.800000000000000000e+01 -7.100000000000000000e+01 nan
4.800000000000000000e+01 -7.000000000000000000e+01 nan
4.800000000000000000e+01 -6.900000000000000000e+01 nan
4.800000000000000000e+01 -6.800000000000000000e+01 nan
4.800000000000000000e+01 -6.700000000000000000e+01 nan
4.800000000000000000e+01 -6.600000000000000000e+01 nan
4.800000000000000000e+01 -6.500000000000000000e+01 nan
4.800000000000000000e+01 -6.400000000000000000e+01 nan
4.800000000000000000e+01 -6.300000000000000000e+01 nan
4.800000000000000000e+01 -6.200000000000000000e+01 nan
4.800000000000000000e+01 -6.100000000000000000e+01 nan
4.800000000000000000e+01 -6.000000000000000000e+01 nan
4.800000000000000000e+01 -5.900000000000000000e+01 nan
4.800000000000000000e+01 -5.800000000000000000e+01 nan
4.800000000000000000e+01 -5.700000000000000000e+01 nan
4.800000000000000000e+01 -5.600000000000000000e+01 nan
4.800000000000000000e+01 -5.500000000000000000e+01 nan
4.800000000000000000e+01 -5.400000000000000000e+01 nan
4.800000000000000000e+01 -5.300000000000000000e+01 nan
4.800000000000000000e+01 -5.200000000000000000e+01 nan
4.800000000000000000e+01 -5.100000000000000000e+01 nan
4.800000000000000000e+01 -5.000000000000000000e+01 nan
4.800000000000000000e+01 -4.900000000000000000e+01 nan
4.800000000000000000e+01 -4.800000000000000000e+01 nan
4.800000000000000000e+01 -4.700000000000000000e+01 nan
4.800000000000000000e+01 -4.600000000000000000e+01 nan
4.800000000000000000e+01 -4.500000000000000000e+01 nan
4.800000000000000000e+01 -4.400000000000000000e+01 nan
4.800000000000000000e+01 -4.300000000000000000e+01 nan
4.800000000000000000e+01 -4.200000000000000000e+01 nan
4.800000000000000000e+01 -4.100000000000000000e+01 nan
4.800000000000000000e+01 -4.000000000000000000e+01 nan
4.800000000000000000e+01 -3.900000000000000000e+01 nan
4.800000000000000000e+01 -3.800000000000000000e+01 nan
4.800000000000000000e+01 -3.700000000000000000e+01 nan
4.800000000000000000e+01 -3.600000000000000000e+01 nan
4.800000000000000000e+01 -3.500000000000000000e+01 nan
4.800000000000000000e+01 -3.400000000000000000e+01 nan
4.800000000000000000e+01 -3.300000000000000000e+01 nan
4.900000000000000000e+01 -7.900000000000000000e+01 nan
4.900000000000000000e+01 -7.800000000000000000e+01 nan
4.900000000000000000e+01 -7.700000000000000000e+01 nan
4.900000000000000000e+01 -7.600000000000000000e+01 nan
4.900000000000000000e+01 -7.500000000000000000e+01 nan
4.900000000000000000e+01 -7.400000000000000000e+01 nan
4.900000000000000000e+01 -7.300000000000000000e+01 nan
4.900000000000000000e+01 -7.200000000000000000e+01 nan
4.900000000000000000e+01 -7.100000000000000000e+01 nan
4.900000000000000000e+01 -7.000000000000000000e+01 nan
4.900000000000000000e+01 -6.900000000000000000e+01 nan
4.900000000000000000e+01 -6.800000000000000000e+01 nan
4.900000000000000000e+01 -6.700000000000000000e+01 nan
4.900000000000000000e+01 -6.600000000000000000e+01 nan
4.900000000000000000e+01 -6.500000000000000000e+01 nan
4.900000000000000000e+01 -6.400000000000000000e+01 nan
4.900000000000000000e+01 -6.300000000000000000e+01 nan
4.900000000000000000e+01 -6.200000000000000000e+01 nan
4.900000000000000000e+01 -6.100000000000000000e+01 nan
4.900000000000000000e+01 -6.000000000000000000e+01 nan
4.900000000000000000e+01 -5.900000000000000000e+01 nan
4.900000000000000000e+01 -5.800000000000000000e+01 nan
4.900000000000000000e+01 -5.700000000000000000e+01 nan
4.900000000000000000e+01 -5.600000000000000000e+01 nan
4.900000000000000000e+01 -5.500000000000000000e+01 nan
4.900000000000000000e+01 -5.400000000000000000e+01 nan
4.900000000000000000e+01 -5.300000000000000000e+01 nan
4.900000000000000000e+01 -5.200000000000000000e+01 nan
4.900000000000000000e+01 -5.100000000000000000e+01 nan
4.900000000000000000e+01 -5.000000000000000000e+01 nan
4.900000000000000000e+01 -4.900000000000000000e+01 nan
4.900000000000000000e+01 -4.800000000000000000e+01 nan
4.900000000000000000e+01 -4.700000000000000000e+01 nan
4.900000000000000000e+01 -4.600000000000000000e+01 nan
4.900000000000000000e+01 -4.500000000000000000e+01 nan
4.900000000000000000e+01 -4.400000000000000000e+01 nan
4.900000000000000000e+01 -4.300000000000000000e+01 nan
4.900000000000000000e+01 -4.200000000000000000e+01 nan
4.900000000000000000e+01 -4.100000000000000000e+01 nan
4.900000000000000000e+01 -4.000000000000000000e+01 nan
4.900000000000000000e+01 -3.900000000000000000e+01 nan
4.900000000000000000e+01 -3.800000000000000000e+01 nan
4.900000000000000000e+01 -3.700000000000000000e+01 nan
4.900000000000000000e+01 -3.600000000000000000e+01 nan
4.900000000000000000e+01 -3.500000000000000000e+01 nan
4.900000000000000000e+01 -3.400000000000000000e+01 nan
4.900000000000000000e+01 -3.300000000000000000e+01 nan
5.000000000000000000e+01 -7.900000000000000000e+01 nan
5.000000000000000000e+01 -7.800000000000000000e+01 nan
5.000000000000000000e+01 -7.700000000000000000e+01 nan
5.000000000000000000e+01 -7.600000000000000000e+01 nan
5.000000000000000000e+01 -7.500000000000000000e+01 nan
5.000000000000000000e+01 -7.400000000000000000e+01 nan
5.000000000000000000e+01 -7.300000000000000000e+01 nan
5.000000000000000000e+01 -7.200000000000000000e+01 nan
5.000000000000000000e+01 -7.100000000000000000e+01 nan
5.000000000000000000e+01 -7.000000000000000000e+01 nan
5.000000000000000000e+01 -6.900000000000000000e+01 nan
5.000000000000000000e+01 -6.800000000000000000e+01 nan
5.000000000000000000e+01 -6.700000000000000000e+01 nan
5.000000000000000000e+01 -6.600000000000000000e+01 nan
5.000000000000000000e+01 -6.500000000000000000e+01 nan
5.000000000000000000e+01 -6.400000000000000000e+01 nan
5.000000000000000000e+01 -6.300000000000000000e+01 nan
5.000000000000000000e+01 -6.200000000000000000e+01 nan
5.000000000000000000e+01 -6.100000000000000000e+01 nan
5.000000000000000000e+01 -6.000000000000000000e+01 nan
5.000000000000000000e+01 -5.900000000000000000e+01 nan
5.000000000000000000e+01 -5.800000000000000000e+01 nan
5.000000000000000000e+01 -5.700000000000000000e+01 nan
5.000000000000000000e+01 -5.600000000000000000e+01 nan
5.000000000000000000e+01 -5.500000000000000000e+01 nan
5.000000000000000000e+01 -5.400000000000000000e+01 nan
5.000000000000000000e+01 -5.300000000000000000e+01 nan
5.000000000000000000e+01 -5.200000000000000000e+01 nan
5.000000000000000000e+01 -5.100000000000000000e+01 nan
5.000000000000000000e+01 -5.000000000000000000e+01 nan
5.000000000000000000e+01 -4.900000000000000000e+01 nan
5.000000000000000000e+01 -4.800000000000000000e+01 nan
5.000000000000000000e+01 -4.700000000000000000e+01 nan
5.000000000000000000e+01 -4.600000000000000000e+01 nan
5.000000000000000000e+01 -4.500000000000000000e+01 nan
5.000000000000000000e+01 -4.400000000000000000e+01 nan
5.000000000000000000e+01 -4.300000000000000000e+01 nan
5.000000000000000000e+01 -4.200000000000000000e+01 nan
5.000000000000000000e+01 -4.100000000000000000e+01 nan
5.000000000000000000e+01 -4.000000000000000000e+01 nan
5.000000000000000000e+01 -3.900000000000000000e+01 nan
5.000000000000000000e+01 -3.800000000000000000e+01 nan
5.000000000000000000e+01 -3.700000000000000000e+01 nan
5.000000000000000000e+01 -3.600000000000000000e+01 nan
5.000000000000000000e+01 -3.500000000000000000e+01 nan
5.000000000000000000e+01 -3.400000000000000000e+01 nan
5.000000000000000000e+01 -3.300000000000000000e+01 nan
5.100000000000000000e+01 -7.900000000000000000e+01 nan
5.100000000000000000e+01 -7.800000000000000000e+01 nan
5.100000000000000000e+01 -7.700000000000000000e+01 nan
5.100000000000000000e+01 -7.600000000000000000e+01 nan
5.100000000000000000e+01 -7.500000000000000000e+01 nan
5.100000000000000000e+01 -7.400000000000000000e+01 nan
5.100000000000000000e+01 -7.300000000000000000e+01 nan
5.100000000000000000e+01 -7.200000000000000000e+01 nan
5.100000000000000000e+01 -7.100000000000000000e+01 nan
5.100000000000000000e+01 -7.000000000000000000e+01 nan
5.100000000000000000e+01 -6.900000000000000000e+01 nan
5.100000000000000000e+01 -6.800000000000000000e+01 nan
5.100000000000000000e+01 -6.700000000000000000e+01 nan
5.100000000000000000e+01 -6.600000000000000000e+01 nan
5.100000000000000000e+01 -6.500000000000000000e+01 nan
5.100000000000000000e+01 -6.400000000000000000e+01 nan
5.100000000000000000e+01 -6.300000000000000000e+01 nan
5.100000000000000000e+01 -6.200000000000000000e+01 nan
5.100000000000000000e+01 -6.100000000000000000e+01 nan
5.100000000000000000e+01 -6.000000000000000000e+01 nan
5.100000000000000000e+01 -5.900000000000000000e+01 nan
5.100000000000000000e+01 -5.800000000000000000e+01 nan
5.100000000000000000e+01 -5.700000000000000000e+01 nan
5.100000000000000000e+01 -5.600000000000000000e+01 nan
5.100000000000000000e+01 -5.500000000000000000e+01 nan
5.100000000000000000e+01 -5.400000000000000000e+01 nan
5.100000000000000000e+01 -5.300000000000000000e+01 nan
5.100000000000000000e+01 -5.200000000000000000e+01 nan
5.100000000000000000e+01 -5.100000000000000000e+01 nan
5.100000000000000000e+01 -5.000000000000000000e+01 nan
5.100000000000000000e+01 -4.900000000000000000e+01 nan
5.100000000000000000e+01 -4.800000000000000000e+01 nan
5.100000000000000000e+01 -4.700000000000000000e+01 nan
5.100000000000000000e+01 -4.600000000000000000e+01 nan
5.100000000000000000e+01 -4.500000000000000000e+01 nan
5.100000000000000000e+01 -4.400000000000000000e+01 nan
5.100000000000000000e+01 -4.300000000000000000e+01 nan
5.100000000000000000e+01 -4.200000000000000000e+01 nan
5.100000000000000000e+01 -4.100000000000000000e+01 nan
5.100000000000000000e+01 -4.000000000000000000e+01 nan
5.100000000000000000e+01 -3.900000000000000000e+01 nan
5.100000000000000000e+01 -3.800000000000000000e+01 nan
5.100000000000000000e+01 -3.700000000000000000e+01 nan
5.100000000000000000e+01 -3.600000000000000000e+01 nan
5.100000000000000000e+01 -3.500000000000000000e+01 nan
5.100000000000000000e+01 -3.400000000000000000e+01 nan
5.100000000000000000e+01 -3.300000000000000000e+01 nan
5.200000000000000000e+01 -7.900000000000000000e+01 nan
5.200000000000000000e+01 -7.800000000000000000e+01 nan
5.200000000000000000e+01 -7.700000000000000000e+01 nan
5.200000000000000000e+01 -7.600000000000000000e+01 nan
5.200000000000000000e+01 -7.500000000000000000e+01 nan
5.200000000000000000e+01 -7.400000000000000000e+01 nan
5.200000000000000000e+01 -7.300000000000000000e+01 nan
5.200000000000000000e+01 -7.200000000000000000e+01 nan
5.200000000000000000e+01 -7.100000000000000000e+01 nan
5.200000000000000000e+01 -7.000000000000000000e+01 nan
5.200000000000000000e+01 -6.900000000000000000e+01 nan
5.200000000000000000e+01 -6.800000000000000000e+01 nan
5.200000000000000000e+01 -6.700000000000000000e+01 nan
5.200000000000000000e+01 -6.600000000000000000e+01 nan
5.200000000000000000e+01 -6.500000000000000000e+01 nan
5.200000000000000000e+01 -6.400000000000000000e+01 nan
5.200000000000000000e+01 -6.300000000000000000e+01 nan
5.200000000000000000e+01 -6.200000000000000000e+01 nan
5.200000000000000000e+01 -6.100000000000000000e+01 nan
5.200000000000000000e+01 -6.000000000000000000e+01 5.281514984203042884e-01
5.200000000000000000e+01 -5.900000000000000000e+01 6.233516663664115942e-01
5.200000000000000000e+01 -5.800000000000000000e+01 6.649732762542486242e-01
5.200000000000000000e+01 -5.700000000000000000e+01 7.161933336663762750e-01
5.200000000000000000e+01 -5.600000000000000000e+01 7.269077505710700438e-01
5.200000000000000000e+01 -5.500000000000000000e+01 nan
5.200000000000000000e+01 -5.400000000000000000e+01 nan
5.200000000000000000e+01 -5.300000000000000000e+01 nan
5.200000000000000000e+01 -5.200000000000000000e+01 nan
5.200000000000000000e+01 -5.100000000000000000e+01 nan
5.200000000000000000e+01 -5.000000000000000000e+01 nan
5.200000000000000000e+01 -4.900000000000000000e+01 nan
5.200000000000000000e+01 -4.800000000000000000e+01 nan
5.200000000000000000e+01 -4.700000000000000000e+01 nan
5.200000000000000000e+01 -4.600000000000000000e+01 nan
5.200000000000000000e+01 -4.500000000000000000e+01 nan
5.200000000000000000e+01 -4.400000000000000000e+01 nan
5.200000000000000000e+01 -4.300000000000000000e+01 nan
5.200000000000000000e+01 -4.200000000000000000e+01 nan
5.200000000000000000e+01 -4.100000000000000000e+01 nan
5.200000000000000000e+01 -4.000000000000000000e+01 nan
5.200000000000000000e+01 -3.900000000000000000e+01 nan
5.200000000000000000e+01 -3.800000000000000000e+01 nan
5.200000000000000000e+01 -3.700000000000000000e+01 nan
5.200000000000000000e+01 -3.600000000000000000e+01 nan
5.200000000000000000e+01 -3.500000000000000000e+01 nan
5.200000000000000000e+01 -3.400000000000000000e+01 nan
5.200000000000000000e+01 -3.300000000000000000e+01 nan
5.300000000000000000e+01 -7.900000000000000000e+01 nan
5.300000000000000000e+01 -7.800000000000000000e+01 nan
5.300000000000000000e+01 -7.700000000000000000e+01 nan
5.300000000000000000e+01 -7.600000000000000000e+01 nan
5.300000000000000000e+01 -7.500000000000000000e+01 nan
5.300000000000000000e+01 -7.400000000000000000e+01 nan
5.300000000000000000e+01 -7.300000000000000000e+01 nan
5.300000000000000000e+01 -7.200000000000000000e+01 nan
5.300000000000000000e+01 -7.100000000000000000e+01 nan
5.300000000000000000e+01 -7.000000000000000000e+01 nan
5.300000000000000000e+01 -6.900000000000000000e+01 nan
5.300000000000000000e+01 -6.800000000000000000e+01 nan
5.300000000000000000e+01 -6.700000000000000000e+01 nan
5.300000000000000000e+01 -6.600000000000000000e+01 nan
5.300000000000000000e+01 -6.500000000000000000e+01 nan
5.300000000000000000e+01 -6.400000000000000000e+01 nan
5.300000000000000000e+01 -6.300000000000000000e+01 nan
5.300000000000000000e+01 -6.200000000000000000e+01 nan
5.300000000000000000e+01 -6.100000000000000000e+01 nan
5.300000000000000000e+01 -6.000000000000000000e+01 5.281514984203042884e-01
5.300000000000000000e+01 -5.900000000000000000e+01 6.233516663664115942e-01
5.300000000000000000e+01 -5.800000000000000000e+01 6.648489167901801000e-01
5.300000000000000000e+01 -5.700000000000000000e+01 7.657702876762577660e-01
5.300000000000000000e+01 -5.600000000000000000e+01 7.465298635830910357e-01
5.300000000000000000e+01 -5.500000000000000000e+01 4.199865482594409283e-01
5.300000000000000000e+01 -5.400000000000000000e+01 4.203606067629271914e-01
5.300000000000000000e+01 -5.300000000000000000e+01 4.427251907255416730e-01
5.300000000000000000e+01 -5.200000000000000000e+01 1.519592514584336140e-01
5.300000000000000000e+01 -5.100000000000000000e+01 1.637565320810016045e-01
5.300000000000000000e+01 -5.000000000000000000e+01 2.293229862551640630e-01
5.300000000000000000e+01 -4.900000000000000000e+01 2.265037897300852254e-01
5.300000000000000000e+01 -4.800000000000000000e+01 2.272528345329411503e-01
5.300000000000000000e+01 -4.700000000000000000e+01 6.372192424324680804e-01
5.300000000000000000e+01 -4.600000000000000000e+01 4.884269392778989860e-01
5.300000000000000000e+01 -4.500000000000000000e+01 1.505528768133673201e-01
5.300000000000000000e+01 -4.400000000000000000e+01 nan
5.300000000000000000e+01 -4.300000000000000000e+01 nan
5.300000000000000000e+01 -4.200000000000000000e+01 nan
5.300000000000000000e+01 -4.100000000000000000e+01 nan
5.300000000000000000e+01 -4.000000000000000000e+01 nan
5.300000000000000000e+01 -3.900000000000000000e+01 nan
5.300000000000000000e+01 -3.800000000000000000e+01 nan
5.300000000000000000e+01 -3.700000000000000000e+01 nan
5.300000000000000000e+01 -3.600000000000000000e+01 nan
5.300000000000000000e+01 -3.500000000000000000e+01 nan
5.300000000000000000e+01 -3.400000000000000000e+01 nan
5.300000000000000000e+01 -3.300000000000000000e+01 nan
5.400000000000000000e+01 -7.900000000000000000e+01 nan
5.400000000000000000e+01 -7.800000000000000000e+01 nan
5.400000000000000000e+01 -7.700000000000000000e+01 nan
5.400000000000000000e+01 -7.600000000000000000e+01 nan
5.400000000000000000e+01 -7.500000000000000000e+01 nan
5.400000000000000000e+01 -7.400000000000000000e+01 nan
5.400000000000000000e+01 -7.300000000000000000e+01 nan
5.400000000000000000e+01 -7.200000000000000000e+01 nan
5.400000000000000000e+01 -7.100000000000000000e+01 nan
5.400000000000000000e+01 -7.000000000000000000e+01 nan
5.400000000000000000e+01 -6.900000000000000000e+01 nan
5.400000000000000000e+01 -6.800000000000000000e+01 nan
5.400000000000000000e+01 -6.700000000000000000e+01 nan
5.400000000000000000e+01 -6.600000000000000000e+01 nan
5.400000000000000000e+01 -6.500000000000000000e+01 nan
5.400000000000000000e+01 -6.400000000000000000e+01 nan
5.400000000000000000e+01 -6.300000000000000000e+01 nan
5.400000000000000000e+01 -6.200000000000000000e+01 nan
5.400000000000000000e+01 -6.100000000000000000e+01 nan
5.400000000000000000e+01 -6.000000000000000000e+01 nan
5.400000000000000000e+01 -5.900000000000000000e+01 nan
5.400000000000000000e+01 -5.800000000000000000e+01 nan
5.400000000000000000e+01 -5.700000000000000000e+01 7.940813468365699457e-01
5.400000000000000000e+01 -5.600000000000000000e+01 7.482129182797619960e-01
5.400000000000000000e+01 -5.500000000000000000e+01 4.198110964664835132e-01
5.400000000000000000e+01 -5.400000000000000000e+01 4.203606067629271914e-01
5.400000000000000000e+01 -5.300000000000000000e+01 4.427251907255416730e-01
5.400000000000000000e+01 -5.200000000000000000e+01 1.519592514584336140e-01
5.400000000000000000e+01 -5.100000000000000000e+01 1.637565320810016045e-01
5.400000000000000000e+01 -5.000000000000000000e+01 2.293229862551640630e-01
5.400000000000000000e+01 -4.900000000000000000e+01 2.265037897300852254e-01
5.400000000000000000e+01 -4.800000000000000000e+01 2.272922683330046711e-01
5.400000000000000000e+01 -4.700000000000000000e+01 6.334894565020001700e-01
5.400000000000000000e+01 -4.600000000000000000e+01 4.884374351212916188e-01
5.400000000000000000e+01 -4.500000000000000000e+01 4.884634085183117702e-01
5.400000000000000000e+01 -4.400000000000000000e+01 6.233658343770485111e-01
5.400000000000000000e+01 -4.300000000000000000e+01 5.342079767901179999e-01
5.400000000000000000e+01 -4.200000000000000000e+01 9.968409265825257659e-01
5.400000000000000000e+01 -4.100000000000000000e+01 1.288060920200596815e+00
5.400000000000000000e+01 -4.000000000000000000e+01 9.929986289892189788e-01
5.400000000000000000e+01 -3.900000000000000000e+01 7.337237975703555515e-01
5.400000000000000000e+01 -3.800000000000000000e+01 7.861090808948371089e-01
5.400000000000000000e+01 -3.700000000000000000e+01 1.059084639404106243e+00
5.400000000000000000e+01 -3.600000000000000000e+01 1.056771734699704979e+00
5.400000000000000000e+01 -3.500000000000000000e+01 1.031054328702873280e+00
5.400000000000000000e+01 -3.400000000000000000e+01 8.940326717350082220e-01
5.400000000000000000e+01 -3.300000000000000000e+01 nan
5.500000000000000000e+01 -7.900000000000000000e+01 nan
5.500000000000000000e+01 -7.800000000000000000e+01 nan
5.500000000000000000e+01 -7.700000000000000000e+01 nan
5.500000000000000000e+01 -7.600000000000000000e+01 nan
5.500000000000000000e+01 -7.500000000000000000e+01 nan
5.500000000000000000e+01 -7.400000000000000000e+01 nan
5.500000000000000000e+01 -7.300000000000000000e+01 nan
5.500000000000000000e+01 -7.200000000000000000e+01 nan
5.500000000000000000e+01 -7.100000000000000000e+01 nan
5.500000000000000000e+01 -7.000000000000000000e+01 nan
5.500000000000000000e+01 -6.900000000000000000e+01 nan
5.500000000000000000e+01 -6.800000000000000000e+01 nan
5.500000000000000000e+01 -6.700000000000000000e+01 nan
5.500000000000000000e+01 -6.600000000000000000e+01 nan
5.500000000000000000e+01 -6.500000000000000000e+01 nan
5.500000000000000000e+01 -6.400000000000000000e+01 nan
5.500000000000000000e+01 -6.300000000000000000e+01 nan
5.500000000000000000e+01 -6.200000000000000000e+01 nan
5.500000000000000000e+01 -6.100000000000000000e+01 nan
5.500000000000000000e+01 -6.000000000000000000e+01 nan
5.500000000000000000e+01 -5.900000000000000000e+01 nan
5.500000000000000000e+01 -5.800000000000000000e+01 nan
5.500000000000000000e+01 -5.700000000000000000e+01 nan
5.500000000000000000e+01 -5.600000000000000000e+01 nan
5.500000000000000000e+01 -5.500000000000000000e+01 nan
5.500000000000000000e+01 -5.400000000000000000e+01 nan
5.500000000000000000e+01 -5.300000000000000000e+01 nan
5.500000000000000000e+01 -5.200000000000000000e+01 nan
5.500000000000000000e+01 -5.100000000000000000e+01 nan
5.500000000000000000e+01 -5.000000000000000000e+01 nan
5.500000000000000000e+01 -4.900000000000000000e+01 nan
5.500000000000000000e+01 -4.800000000000000000e+01 nan
5.500000000000000000e+01 -4.700000000000000000e+01 6.093423522138153858e-01
5.500000000000000000e+01 -4.600000000000000000e+01 4.884649320352430490e-01
5.500000000000000000e+01 -4.500000000000000000e+01 4.902685683366448388e-01
5.500000000000000000e+01 -4.400000000000000000e+01 6.233658343770485111e-01
5.500000000000000000e+01 -4.300000000000000000e+01 5.342079767901179999e-01
5.500000000000000000e+01 -4.200000000000000000e+01 9.968409265825257659e-01
5.500000000000000000e+01 -4.100000000000000000e+01 1.288060920200596815e+00
5.500000000000000000e+01 -4.000000000000000000e+01 9.929986289892189788e-01
5.500000000000000000e+01 -3.900000000000000000e+01 7.337237975703555515e-01
5.500000000000000000e+01 -3.800000000000000000e+01 7.861090808948371089e-01
5.500000000000000000e+01 -3.700000000000000000e+01 1.059084639404106243e+00
5.500000000000000000e+01 -3.600000000000000000e+01 1.056771734699704979e+00
5.500000000000000000e+01 -3.500000000000000000e+01 1.031054328702873280e+00
5.500000000000000000e+01 -3.400000000000000000e+01 8.940326717350082220e-01
5.500000000000000000e+01 -3.300000000000000000e+01 nan
