Longitude[deg], Latitude[deg], Dust optical depth
9.000000000000000000e+00 -2.500000000000000000e+01 nan
9.000000000000000000e+00 -2.400000000000000000e+01 nan
9.000000000000000000e+00 -2.300000000000000000e+01 nan
9.000000000000000000e+00 -2.200000000000000000e+01 5.915656733239547549e+00
9.000000000000000000e+00 -2.100000000000000000e+01 5.512700777462999469e+00
9.000000000000000000e+00 -2.000000000000000000e+01 5.264290227984727899e+00
9.000000000000000000e+00 -1.900000000000000000e+01 5.184558378425698777e+00
9.000000000000000000e+00 -1.800000000000000000e+01 5.115496049114731214e+00
9.000000000000000000e+00 -1.700000000000000000e+01 5.059246411442970270e+00
9.000000000000000000e+00 -1.600000000000000000e+01 4.901327406850145785e+00
9.000000000000000000e+00 -1.500000000000000000e+01 5.078295387694450547e+00
9.000000000000000000e+00 -1.400000000000000000e+01 5.317519515711163436e+00
9.000000000000000000e+00 -1.300000000000000000e+01 5.015578687325118246e+00
9.000000000000000000e+00 -1.200000000000000000e+01 4.554016450971994701e+00
9.000000000000000000e+00 -1.100000000000000000e+01 4.473151462815281754e+00
9.000000000000000000e+00 -1.000000000000000000e+01 nan
9.000000000000000000e+00 -9.000000000000000000e+00 nan
1.000000000000000000e+01 -2.500000000000000000e+01 6.461003009174639544e+00
1.000000000000000000e+01 -2.400000000000000000e+01 6.263075725642282876e+00
1.000000000000000000e+01 -2.300000000000000000e+01 5.954842892609355509e+00
1.000000000000000000e+01 -2.200000000000000000e+01 5.823889047348072445e+00
1.000000000000000000e+01 -2.100000000000000000e+01 5.436954489555171577e+00
1.000000000000000000e+01 -2.000000000000000000e+01 5.154857613403804883e+00
1.000000000000000000e+01 -1.900000000000000000e+01 5.176166646172316810e+00
1.000000000000000000e+01 -1.800000000000000000e+01 5.144883859771699264e+00
1.000000000000000000e+01 -1.700000000000000000e+01 5.008681237105471418e+00
1.000000000000000000e+01 -1.600000000000000000e+01 4.854718900733210774e+00
1.000000000000000000e+01 -1.500000000000000000e+01 4.955435072670329788e+00
1.000000000000000000e+01 -1.400000000000000000e+01 5.183092417622060744e+00
1.000000000000000000e+01 -1.300000000000000000e+01 4.989574671166594477e+00
1.000000000000000000e+01 -1.200000000000000000e+01 4.580236834801315382e+00
1.000000000000000000e+01 -1.100000000000000000e+01 4.520613167779483632e+00
1.000000000000000000e+01 -1.000000000000000000e+01 4.144167863273206187e+00
1.000000000000000000e+01 -9.000000000000000000e+00 nan
1.100000000000000000e+01 -2.500000000000000000e+01 6.427896702322968281e+00
1.100000000000000000e+01 -2.400000000000000000e+01 6.200273293024777033e+00
1.100000000000000000e+01 -2.300000000000000000e+01 5.913147105466751263e+00
1.100000000000000000e+01 -2.200000000000000000e+01 5.699546161604685857e+00
1.100000000000000000e+01 -2.100000000000000000e+01 5.384716494412887577e+00
1.100000000000000000e+01 -2.000000000000000000e+01 5.113341136951176757e+00
1.100000000000000000e+01 -1.900000000000000000e+01 5.138036217865613153e+00
1.100000000000000000e+01 -1.800000000000000000e+01 5.040873731106934486e+00
1.100000000000000000e+01 -1.700000000000000000e+01 4.922841071421943937e+00
1.100000000000000000e+01 -1.600000000000000000e+01 4.820338463551120611e+00
1.100000000000000000e+01 -1.500000000000000000e+01 4.892932295173583412e+00
1.100000000000000000e+01 -1.400000000000000000e+01 5.162057865800933065e+00
1.100000000000000000e+01 -1.300000000000000000e+01 5.088338713015398973e+00
1.100000000000000000e+01 -1.200000000000000000e+01 4.596945253716643975e+00
1.100000000000000000e+01 -1.100000000000000000e+01 4.512858735890925566e+00
1.100000000000000000e+01 -1.000000000000000000e+01 4.130173494217510566e+00
1.100000000000000000e+01 -9.000000000000000000e+00 nan
1.200000000000000000e+01 -2.500000000000000000e+01 6.298511515029790786e+00
1.200000000000000000e+01 -2.400000000000000000e+01 6.054919035914740455e+00
1.200000000000000000e+01 -2.300000000000000000e+01 5.678039112478376893e+00
1.200000000000000000e+01 -2.200000000000000000e+01 5.499954868310474865e+00
1.200000000000000000e+01 -2.100000000000000000e+01 5.248248051870632480e+00
1.200000000000000000e+01 -2.000000000000000000e+01 5.050674320102894299e+00
1.200000000000000000e+01 -1.900000000000000000e+01 4.999185999132556013e+00
1.200000000000000000e+01 -1.800000000000000000e+01 4.778691436783145896e+00
1.200000000000000000e+01 -1.700000000000000000e+01 4.759681218703811112e+00
1.200000000000000000e+01 -1.600000000000000000e+01 4.782524266487656384e+00
1.200000000000000000e+01 -1.500000000000000000e+01 4.866339256086285481e+00
1.200000000000000000e+01 -1.400000000000000000e+01 5.225569422541941123e+00
1.200000000000000000e+01 -1.300000000000000000e+01 5.180614423429027227e+00
1.200000000000000000e+01 -1.200000000000000000e+01 4.646201833269054227e+00
1.200000000000000000e+01 -1.100000000000000000e+01 4.431084514172392907e+00
1.200000000000000000e+01 -1.000000000000000000e+01 nan
1.200000000000000000e+01 -9.000000000000000000e+00 nan
