Longitude[deg], Latitude[deg], Dust optical depth
4.000000000000000000e+00 9.000000000000000000e+00 nan
4.000000000000000000e+00 1.000000000000000000e+01 nan
4.000000000000000000e+00 1.100000000000000000e+01 nan
4.000000000000000000e+00 1.200000000000000000e+01 nan
4.000000000000000000e+00 1.300000000000000000e+01 nan
4.000000000000000000e+00 1.400000000000000000e+01 nan
4.000000000000000000e+00 1.500000000000000000e+01 nan
4.000000000000000000e+00 1.600000000000000000e+01 nan
4.000000000000000000e+00 1.700000000000000000e+01 nan
4.000000000000000000e+00 1.800000000000000000e+01 nan
4.000000000000000000e+00 1.900000000000000000e+01 nan
4.000000000000000000e+00 2.000000000000000000e+01 nan
4.000000000000000000e+00 2.100000000000000000e+01 nan
4.000000000000000000e+00 2.200000000000000000e+01 nan
4.000000000000000000e+00 2.300000000000000000e+01 nan
4.000000000000000000e+00 2.400000000000000000e+01 nan
4.000000000000000000e+00 2.500000000000000000e+01 nan
4.000000000000000000e+00 2.600000000000000000e+01 nan
4.000000000000000000e+00 2.700000000000000000e+01 nan
4.000000000000000000e+00 2.800000000000000000e+01 nan
4.000000000000000000e+00 2.900000000000000000e+01 nan
4.000000000000000000e+00 3.000000000000000000e+01 nan
4.000000000000000000e+00 3.100000000000000000e+01 nan
4.000000000000000000e+00 3.200000000000000000e+01 nan
5.000000000000000000e+00 9.000000000000000000e+00 nan
5.000000000000000000e+00 1.000000000000000000e+01 nan
5.000000000000000000e+00 1.100000000000000000e+01 nan
5.000000000000000000e+00 1.200000000000000000e+01 nan
5.000000000000000000e+00 1.300000000000000000e+01 nan
5.000000000000000000e+00 1.400000000000000000e+01 nan
5.000000000000000000e+00 1.500000000000000000e+01 nan
5.000000000000000000e+00 1.600000000000000000e+01 nan
5.000000000000000000e+00 1.700000000000000000e+01 nan
5.000000000000000000e+00 1.800000000000000000e+01 nan
5.000000000000000000e+00 1.900000000000000000e+01 nan
5.000000000000000000e+00 2.000000000000000000e+01 nan
5.000000000000000000e+00 2.100000000000000000e+01 nan
5.000000000000000000e+00 2.200000000000000000e+01 3.577985403088948857e+00
5.000000000000000000e+00 2.300000000000000000e+01 3.532813602666355468e+00
5.000000000000000000e+00 2.400000000000000000e+01 3.571903473537407336e+00
5.000000000000000000e+00 2.500000000000000000e+01 3.569026284158106854e+00
5.000000000000000000e+00 2.600000000000000000e+01 3.475918827462984861e+00
5.000000000000000000e+00 2.700000000000000000e+01 nan
5.000000000000000000e+00 2.800000000000000000e+01 nan
5.000000000000000000e+00 2.900000000000000000e+01 nan
5.000000000000000000e+00 3.000000000000000000e+01 nan
5.000000000000000000e+00 3.100000000000000000e+01 nan
5.000000000000000000e+00 3.200000000000000000e+01 nan
6.000000000000000000e+00 9.000000000000000000e+00 nan
6.000000000000000000e+00 1.000000000000000000e+01 nan
6.000000000000000000e+00 1.100000000000000000e+01 nan
6.000000000000000000e+00 1.200000000000000000e+01 nan
6.000000000000000000e+00 1.300000000000000000e+01 nan
6.000000000000000000e+00 1.400000000000000000e+01 nan
6.000000000000000000e+00 1.500000000000000000e+01 nan
6.000000000000000000e+00 1.600000000000000000e+01 3.843329235560414503e+00
6.000000000000000000e+00 1.700000000000000000e+01 3.780183230637157443e+00
6.000000000000000000e+00 1.800000000000000000e+01 3.701759584792393198e+00
6.000000000000000000e+00 1.900000000000000000e+01 3.587091669684663309e+00
6.000000000000000000e+00 2.000000000000000000e+01 3.510865893235716850e+00
6.000000000000000000e+00 2.100000000000000000e+01 3.399237008960235062e+00
6.000000000000000000e+00 2.200000000000000000e+01 3.427734316019783289e+00
6.000000000000000000e+00 2.300000000000000000e+01 3.498524308142083150e+00
6.000000000000000000e+00 2.400000000000000000e+01 3.541684268185389950e+00
6.000000000000000000e+00 2.500000000000000000e+01 3.504893653438215573e+00
6.000000000000000000e+00 2.600000000000000000e+01 3.431731732039842164e+00
6.000000000000000000e+00 2.700000000000000000e+01 3.421563596604682456e+00
6.000000000000000000e+00 2.800000000000000000e+01 nan
6.000000000000000000e+00 2.900000000000000000e+01 nan
6.000000000000000000e+00 3.000000000000000000e+01 nan
6.000000000000000000e+00 3.100000000000000000e+01 nan
6.000000000000000000e+00 3.200000000000000000e+01 nan
7.000000000000000000e+00 9.000000000000000000e+00 nan
7.000000000000000000e+00 1.000000000000000000e+01 4.242573626943310749e+00
7.000000000000000000e+00 1.100000000000000000e+01 4.056166359128728693e+00
7.000000000000000000e+00 1.200000000000000000e+01 3.980030491715033314e+00
7.000000000000000000e+00 1.300000000000000000e+01 3.954710477678390124e+00
7.000000000000000000e+00 1.400000000000000000e+01 3.915162449248958509e+00
7.000000000000000000e+00 1.500000000000000000e+01 3.970179099693982305e+00
7.000000000000000000e+00 1.600000000000000000e+01 3.926648327468155841e+00
7.000000000000000000e+00 1.700000000000000000e+01 3.800661198665906237e+00
7.000000000000000000e+00 1.800000000000000000e+01 3.703775309896459422e+00
7.000000000000000000e+00 1.900000000000000000e+01 3.584514520639826785e+00
7.000000000000000000e+00 2.000000000000000000e+01 3.513182024698546790e+00
7.000000000000000000e+00 2.100000000000000000e+01 3.408930678591984620e+00
7.000000000000000000e+00 2.200000000000000000e+01 3.407282603643077223e+00
7.000000000000000000e+00 2.300000000000000000e+01 3.470252884407596383e+00
7.000000000000000000e+00 2.400000000000000000e+01 3.532666090525904856e+00
7.000000000000000000e+00 2.500000000000000000e+01 3.507575568428815682e+00
7.000000000000000000e+00 2.600000000000000000e+01 3.429244875872807352e+00
7.000000000000000000e+00 2.700000000000000000e+01 3.429316804117950479e+00
7.000000000000000000e+00 2.800000000000000000e+01 nan
7.000000000000000000e+00 2.900000000000000000e+01 nan
7.000000000000000000e+00 3.000000000000000000e+01 nan
7.000000000000000000e+00 3.100000000000000000e+01 nan
7.000000000000000000e+00 3.200000000000000000e+01 nan
8.000000000000000000e+00 9.000000000000000000e+00 4.244262371669766942e+00
8.000000000000000000e+00 1.000000000000000000e+01 4.269105358152640584e+00
8.000000000000000000e+00 1.100000000000000000e+01 4.088598216044144529e+00
8.000000000000000000e+00 1.200000000000000000e+01 3.985784530457271657e+00
8.000000000000000000e+00 1.300000000000000000e+01 3.951846209387000375e+00
8.000000000000000000e+00 1.400000000000000000e+01 3.923410130317178446e+00
8.000000000000000000e+00 1.500000000000000000e+01 3.959748170272055834e+00
8.000000000000000000e+00 1.600000000000000000e+01 3.909697034447972896e+00
8.000000000000000000e+00 1.700000000000000000e+01 3.829277408127348625e+00
8.000000000000000000e+00 1.800000000000000000e+01 3.737247601502625916e+00
8.000000000000000000e+00 1.900000000000000000e+01 3.636898978557735251e+00
8.000000000000000000e+00 2.000000000000000000e+01 3.580440109020068817e+00
8.000000000000000000e+00 2.100000000000000000e+01 3.461310701644994658e+00
8.000000000000000000e+00 2.200000000000000000e+01 3.408105974641191249e+00
8.000000000000000000e+00 2.300000000000000000e+01 3.412538389516797110e+00
8.000000000000000000e+00 2.400000000000000000e+01 3.499602316578806604e+00
8.000000000000000000e+00 2.500000000000000000e+01 3.548115245021068898e+00
8.000000000000000000e+00 2.600000000000000000e+01 3.483430905017042445e+00
8.000000000000000000e+00 2.700000000000000000e+01 3.493929606405221211e+00
8.000000000000000000e+00 2.800000000000000000e+01 nan
8.000000000000000000e+00 2.900000000000000000e+01 nan
8.000000000000000000e+00 3.000000000000000000e+01 nan
8.000000000000000000e+00 3.100000000000000000e+01 nan
8.000000000000000000e+00 3.200000000000000000e+01 nan
9.000000000000000000e+00 9.000000000000000000e+00 4.212728791184471078e+00
9.000000000000000000e+00 1.000000000000000000e+01 4.275303993452920004e+00
9.000000000000000000e+00 1.100000000000000000e+01 4.217384141081434556e+00
9.000000000000000000e+00 1.200000000000000000e+01 4.091952104124436218e+00
9.000000000000000000e+00 1.300000000000000000e+01 4.021565225571126057e+00
9.000000000000000000e+00 1.400000000000000000e+01 3.976446063246128038e+00
9.000000000000000000e+00 1.500000000000000000e+01 3.973323594052633911e+00
9.000000000000000000e+00 1.600000000000000000e+01 3.904075106940748885e+00
9.000000000000000000e+00 1.700000000000000000e+01 3.877108767977659465e+00
9.000000000000000000e+00 1.800000000000000000e+01 3.861420008672992399e+00
9.000000000000000000e+00 1.900000000000000000e+01 3.791491958101787851e+00
9.000000000000000000e+00 2.000000000000000000e+01 3.731304768104890979e+00
9.000000000000000000e+00 2.100000000000000000e+01 3.579001635164854811e+00
9.000000000000000000e+00 2.200000000000000000e+01 3.440943265578646493e+00
9.000000000000000000e+00 2.300000000000000000e+01 3.390635514551010754e+00
9.000000000000000000e+00 2.400000000000000000e+01 3.461715149841083861e+00
9.000000000000000000e+00 2.500000000000000000e+01 3.550808281150301227e+00
9.000000000000000000e+00 2.600000000000000000e+01 3.518992781896847610e+00
9.000000000000000000e+00 2.700000000000000000e+01 3.503149124171601958e+00
9.000000000000000000e+00 2.800000000000000000e+01 nan
9.000000000000000000e+00 2.900000000000000000e+01 nan
9.000000000000000000e+00 3.000000000000000000e+01 nan
9.000000000000000000e+00 3.100000000000000000e+01 nan
9.000000000000000000e+00 3.200000000000000000e+01 nan
1.000000000000000000e+01 9.000000000000000000e+00 4.190645074972999318e+00
1.000000000000000000e+01 1.000000000000000000e+01 4.258722051061999636e+00
1.000000000000000000e+01 1.100000000000000000e+01 4.335375574073758287e+00
1.000000000000000000e+01 1.200000000000000000e+01 4.266511053963216504e+00
1.000000000000000000e+01 1.300000000000000000e+01 4.125952307746223902e+00
1.000000000000000000e+01 1.400000000000000000e+01 4.048501251934395917e+00
1.000000000000000000e+01 1.500000000000000000e+01 3.993361419338489426e+00
1.000000000000000000e+01 1.600000000000000000e+01 3.908458450995616396e+00
1.000000000000000000e+01 1.700000000000000000e+01 3.910918601844994402e+00
1.000000000000000000e+01 1.800000000000000000e+01 3.933776628619968463e+00
1.000000000000000000e+01 1.900000000000000000e+01 3.911285054448015774e+00
1.000000000000000000e+01 2.000000000000000000e+01 3.820798979669021822e+00
1.000000000000000000e+01 2.100000000000000000e+01 3.636324150089089713e+00
1.000000000000000000e+01 2.200000000000000000e+01 3.482849672513800066e+00
1.000000000000000000e+01 2.300000000000000000e+01 3.407759995513775397e+00
1.000000000000000000e+01 2.400000000000000000e+01 3.464662271253832415e+00
1.000000000000000000e+01 2.500000000000000000e+01 3.558332677712575887e+00
1.000000000000000000e+01 2.600000000000000000e+01 3.531613425838469489e+00
1.000000000000000000e+01 2.700000000000000000e+01 3.510686203688373475e+00
1.000000000000000000e+01 2.800000000000000000e+01 nan
1.000000000000000000e+01 2.900000000000000000e+01 nan
1.000000000000000000e+01 3.000000000000000000e+01 nan
1.000000000000000000e+01 3.100000000000000000e+01 nan
1.000000000000000000e+01 3.200000000000000000e+01 nan
1.100000000000000000e+01 9.000000000000000000e+00 4.220497652178444525e+00
1.100000000000000000e+01 1.000000000000000000e+01 4.256529096246947752e+00
1.100000000000000000e+01 1.100000000000000000e+01 4.336728603311982511e+00
1.100000000000000000e+01 1.200000000000000000e+01 4.335251639710111071e+00
1.100000000000000000e+01 1.300000000000000000e+01 4.182429062961040778e+00
1.100000000000000000e+01 1.400000000000000000e+01 4.070189416733975385e+00
1.100000000000000000e+01 1.500000000000000000e+01 3.974854662106079406e+00
1.100000000000000000e+01 1.600000000000000000e+01 3.873165731420312063e+00
1.100000000000000000e+01 1.700000000000000000e+01 3.894912764368196445e+00
1.100000000000000000e+01 1.800000000000000000e+01 3.909663822840087288e+00
1.100000000000000000e+01 1.900000000000000000e+01 3.880218734577713491e+00
1.100000000000000000e+01 2.000000000000000000e+01 3.807643045692967743e+00
1.100000000000000000e+01 2.100000000000000000e+01 3.652730191050147734e+00
1.100000000000000000e+01 2.200000000000000000e+01 3.532791597921438154e+00
1.100000000000000000e+01 2.300000000000000000e+01 nan
1.100000000000000000e+01 2.400000000000000000e+01 nan
1.100000000000000000e+01 2.500000000000000000e+01 nan
1.100000000000000000e+01 2.600000000000000000e+01 nan
1.100000000000000000e+01 2.700000000000000000e+01 nan
1.100000000000000000e+01 2.800000000000000000e+01 nan
1.100000000000000000e+01 2.900000000000000000e+01 nan
1.100000000000000000e+01 3.000000000000000000e+01 nan
1.100000000000000000e+01 3.100000000000000000e+01 nan
1.100000000000000000e+01 3.200000000000000000e+01 nan
