Longitude[deg], Latitude[deg], Dust optical depth
5.000000000000000000e+01 -9.000000000000000000e+00 nan
5.000000000000000000e+01 -8.000000000000000000e+00 nan
5.000000000000000000e+01 -7.000000000000000000e+00 nan
5.000000000000000000e+01 -6.000000000000000000e+00 nan
5.000000000000000000e+01 -5.000000000000000000e+00 nan
5.000000000000000000e+01 -4.000000000000000000e+00 nan
5.000000000000000000e+01 -3.000000000000000000e+00 nan
5.000000000000000000e+01 -2.000000000000000000e+00 nan
5.000000000000000000e+01 -1.000000000000000000e+00 nan
5.000000000000000000e+01 0.000000000000000000e+00 nan
5.000000000000000000e+01 1.000000000000000000e+00 nan
5.000000000000000000e+01 2.000000000000000000e+00 nan
5.000000000000000000e+01 3.000000000000000000e+00 nan
5.000000000000000000e+01 4.000000000000000000e+00 nan
5.000000000000000000e+01 5.000000000000000000e+00 nan
5.000000000000000000e+01 6.000000000000000000e+00 nan
5.100000000000000000e+01 -9.000000000000000000e+00 8.163756579240787348e-01
5.100000000000000000e+01 -8.000000000000000000e+00 7.563624354769197256e-01
5.100000000000000000e+01 -7.000000000000000000e+00 9.512558210664482372e-01
5.100000000000000000e+01 -6.000000000000000000e+00 9.447541173189635266e-01
5.100000000000000000e+01 -5.000000000000000000e+00 9.646199233558678809e-01
5.100000000000000000e+01 -4.000000000000000000e+00 1.249191557006438913e+00
5.100000000000000000e+01 -3.000000000000000000e+00 1.175509125763516405e+00
5.100000000000000000e+01 -2.000000000000000000e+00 1.158329116894985855e+00
5.100000000000000000e+01 -1.000000000000000000e+00 1.248357895548841690e+00
5.100000000000000000e+01 0.000000000000000000e+00 1.268686885954667831e+00
5.100000000000000000e+01 1.000000000000000000e+00 1.270515135255157801e+00
5.100000000000000000e+01 2.000000000000000000e+00 1.248086750209466578e+00
5.100000000000000000e+01 3.000000000000000000e+00 1.196730851700774867e+00
5.100000000000000000e+01 4.000000000000000000e+00 1.192446603563916518e+00
5.100000000000000000e+01 5.000000000000000000e+00 1.185416359544625209e+00
5.100000000000000000e+01 6.000000000000000000e+00 1.076425264634741863e+00
5.200000000000000000e+01 -9.000000000000000000e+00 8.291141753436408468e-01
5.200000000000000000e+01 -8.000000000000000000e+00 9.544005751969775186e-01
5.200000000000000000e+01 -7.000000000000000000e+00 9.671688790442067862e-01
5.200000000000000000e+01 -6.000000000000000000e+00 9.660512815488554450e-01
5.200000000000000000e+01 -5.000000000000000000e+00 1.048738673573992086e+00
5.200000000000000000e+01 -4.000000000000000000e+00 1.227216599492928939e+00
5.200000000000000000e+01 -3.000000000000000000e+00 1.178670675707111704e+00
5.200000000000000000e+01 -2.000000000000000000e+00 1.174762364181719310e+00
5.200000000000000000e+01 -1.000000000000000000e+00 1.230917504977069532e+00
5.200000000000000000e+01 0.000000000000000000e+00 1.270709522666677138e+00
5.200000000000000000e+01 1.000000000000000000e+00 1.285209438197124410e+00
5.200000000000000000e+01 2.000000000000000000e+00 1.254344835572316352e+00
5.200000000000000000e+01 3.000000000000000000e+00 1.184890679465383068e+00
5.200000000000000000e+01 4.000000000000000000e+00 1.196218783446079348e+00
5.200000000000000000e+01 5.000000000000000000e+00 1.216138473719182489e+00
5.200000000000000000e+01 6.000000000000000000e+00 1.096084262051742142e+00
5.300000000000000000e+01 -9.000000000000000000e+00 8.347693846087625991e-01
5.300000000000000000e+01 -8.000000000000000000e+00 9.709610993096314813e-01
5.300000000000000000e+01 -7.000000000000000000e+00 9.730605220982017078e-01
5.300000000000000000e+01 -6.000000000000000000e+00 9.752632382211062767e-01
5.300000000000000000e+01 -5.000000000000000000e+00 1.056529103721590701e+00
5.300000000000000000e+01 -4.000000000000000000e+00 1.212426941697459792e+00
5.300000000000000000e+01 -3.000000000000000000e+00 1.180424955586214519e+00
5.300000000000000000e+01 -2.000000000000000000e+00 1.185026808379078478e+00
5.300000000000000000e+01 -1.000000000000000000e+00 1.214109725204114865e+00
5.300000000000000000e+01 0.000000000000000000e+00 1.276103793648292406e+00
5.300000000000000000e+01 1.000000000000000000e+00 1.303632558482971548e+00
5.300000000000000000e+01 2.000000000000000000e+00 1.265089074326060770e+00
5.300000000000000000e+01 3.000000000000000000e+00 1.176778052381819872e+00
5.300000000000000000e+01 4.000000000000000000e+00 1.199008346755154664e+00
5.300000000000000000e+01 5.000000000000000000e+00 1.241648194540389438e+00
5.300000000000000000e+01 6.000000000000000000e+00 nan
