Longitude[deg], Latitude[deg], Dust optical depth
-2.800000000000000000e+01 -5.900000000000000000e+01 3.042719669113737258e+00
-2.800000000000000000e+01 -5.800000000000000000e+01 3.029930417713419644e+00
-2.800000000000000000e+01 -5.700000000000000000e+01 3.079866714207053935e+00
-2.800000000000000000e+01 -5.600000000000000000e+01 3.170656060335123705e+00
-2.800000000000000000e+01 -5.500000000000000000e+01 nan
-2.800000000000000000e+01 -5.400000000000000000e+01 nan
-2.800000000000000000e+01 -5.300000000000000000e+01 nan
-2.800000000000000000e+01 -5.200000000000000000e+01 nan
-2.800000000000000000e+01 -5.100000000000000000e+01 nan
-2.800000000000000000e+01 -5.000000000000000000e+01 nan
-2.800000000000000000e+01 -4.900000000000000000e+01 nan
-2.800000000000000000e+01 -4.800000000000000000e+01 nan
-2.800000000000000000e+01 -4.700000000000000000e+01 nan
-2.800000000000000000e+01 -4.600000000000000000e+01 nan
-2.800000000000000000e+01 -4.500000000000000000e+01 nan
-2.800000000000000000e+01 -4.400000000000000000e+01 nan
-2.800000000000000000e+01 -4.300000000000000000e+01 nan
-2.800000000000000000e+01 -4.200000000000000000e+01 nan
-2.800000000000000000e+01 -4.100000000000000000e+01 nan
-2.800000000000000000e+01 -4.000000000000000000e+01 nan
-2.800000000000000000e+01 -3.900000000000000000e+01 nan
-2.800000000000000000e+01 -3.800000000000000000e+01 nan
-2.800000000000000000e+01 -3.700000000000000000e+01 nan
-2.800000000000000000e+01 -3.600000000000000000e+01 nan
-2.800000000000000000e+01 -3.500000000000000000e+01 nan
-2.800000000000000000e+01 -3.400000000000000000e+01 nan
-2.800000000000000000e+01 -3.300000000000000000e+01 nan
-2.800000000000000000e+01 -3.200000000000000000e+01 nan
-2.700000000000000000e+01 -5.900000000000000000e+01 3.067204392852250106e+00
-2.700000000000000000e+01 -5.800000000000000000e+01 3.019762375219148254e+00
-2.700000000000000000e+01 -5.700000000000000000e+01 3.125106524519567497e+00
-2.700000000000000000e+01 -5.600000000000000000e+01 3.277580200296982049e+00
-2.700000000000000000e+01 -5.500000000000000000e+01 3.401708093627933138e+00
-2.700000000000000000e+01 -5.400000000000000000e+01 3.383475976165210231e+00
-2.700000000000000000e+01 -5.300000000000000000e+01 3.403287021542706459e+00
-2.700000000000000000e+01 -5.200000000000000000e+01 3.542349563231613097e+00
-2.700000000000000000e+01 -5.100000000000000000e+01 3.678403408027120403e+00
-2.700000000000000000e+01 -5.000000000000000000e+01 3.738060676921246994e+00
-2.700000000000000000e+01 -4.900000000000000000e+01 3.736542237169876657e+00
-2.700000000000000000e+01 -4.800000000000000000e+01 4.033059694538168038e+00
-2.700000000000000000e+01 -4.700000000000000000e+01 4.286649869117106881e+00
-2.700000000000000000e+01 -4.600000000000000000e+01 4.384252026159418669e+00
-2.700000000000000000e+01 -4.500000000000000000e+01 4.545045770304886545e+00
-2.700000000000000000e+01 -4.400000000000000000e+01 4.850779691782675762e+00
-2.700000000000000000e+01 -4.300000000000000000e+01 5.205003130109627563e+00
-2.700000000000000000e+01 -4.200000000000000000e+01 5.520008054996900171e+00
-2.700000000000000000e+01 -4.100000000000000000e+01 5.617623285484639517e+00
-2.700000000000000000e+01 -4.000000000000000000e+01 5.657973190895133619e+00
-2.700000000000000000e+01 -3.900000000000000000e+01 5.897164636071306809e+00
-2.700000000000000000e+01 -3.800000000000000000e+01 6.204465664984572193e+00
-2.700000000000000000e+01 -3.700000000000000000e+01 6.501022581246749255e+00
-2.700000000000000000e+01 -3.600000000000000000e+01 nan
-2.700000000000000000e+01 -3.500000000000000000e+01 nan
-2.700000000000000000e+01 -3.400000000000000000e+01 nan
-2.700000000000000000e+01 -3.300000000000000000e+01 nan
-2.700000000000000000e+01 -3.200000000000000000e+01 nan
-2.600000000000000000e+01 -5.900000000000000000e+01 3.074533572768029632e+00
-2.600000000000000000e+01 -5.800000000000000000e+01 3.015636493997133183e+00
-2.600000000000000000e+01 -5.700000000000000000e+01 3.157920031979394526e+00
-2.600000000000000000e+01 -5.600000000000000000e+01 3.297017137008274812e+00
-2.600000000000000000e+01 -5.500000000000000000e+01 3.401759112764260351e+00
-2.600000000000000000e+01 -5.400000000000000000e+01 3.383475976165210231e+00
-2.600000000000000000e+01 -5.300000000000000000e+01 3.403287021542706459e+00
-2.600000000000000000e+01 -5.200000000000000000e+01 3.542349563231613097e+00
-2.600000000000000000e+01 -5.100000000000000000e+01 3.678930822421970337e+00
-2.600000000000000000e+01 -5.000000000000000000e+01 3.730773848044660390e+00
-2.600000000000000000e+01 -4.900000000000000000e+01 3.733800810173803608e+00
-2.600000000000000000e+01 -4.800000000000000000e+01 4.048210747960906630e+00
-2.600000000000000000e+01 -4.700000000000000000e+01 4.279016822299515077e+00
-2.600000000000000000e+01 -4.600000000000000000e+01 4.363066447890366462e+00
-2.600000000000000000e+01 -4.500000000000000000e+01 4.567355676615938442e+00
-2.600000000000000000e+01 -4.400000000000000000e+01 4.876435717861470565e+00
-2.600000000000000000e+01 -4.300000000000000000e+01 5.223761569114323322e+00
-2.600000000000000000e+01 -4.200000000000000000e+01 5.513225219442349001e+00
-2.600000000000000000e+01 -4.100000000000000000e+01 5.619802583465980383e+00
-2.600000000000000000e+01 -4.000000000000000000e+01 5.680838548320037873e+00
-2.600000000000000000e+01 -3.900000000000000000e+01 5.880844553329325208e+00
-2.600000000000000000e+01 -3.800000000000000000e+01 6.180662013240279862e+00
-2.600000000000000000e+01 -3.700000000000000000e+01 6.232226072459614130e+00
-2.600000000000000000e+01 -3.600000000000000000e+01 6.540512952061712681e+00
-2.600000000000000000e+01 -3.500000000000000000e+01 6.794542152369284160e+00
-2.600000000000000000e+01 -3.400000000000000000e+01 7.110227801716247242e+00
-2.600000000000000000e+01 -3.300000000000000000e+01 7.428214331808079329e+00
-2.600000000000000000e+01 -3.200000000000000000e+01 nan
-2.500000000000000000e+01 -5.900000000000000000e+01 nan
-2.500000000000000000e+01 -5.800000000000000000e+01 nan
-2.500000000000000000e+01 -5.700000000000000000e+01 nan
-2.500000000000000000e+01 -5.600000000000000000e+01 nan
-2.500000000000000000e+01 -5.500000000000000000e+01 nan
-2.500000000000000000e+01 -5.400000000000000000e+01 nan
-2.500000000000000000e+01 -5.300000000000000000e+01 nan
-2.500000000000000000e+01 -5.200000000000000000e+01 nan
-2.500000000000000000e+01 -5.100000000000000000e+01 3.702056645535262813e+00
-2.500000000000000000e+01 -5.000000000000000000e+01 3.624272208179988297e+00
-2.500000000000000000e+01 -4.900000000000000000e+01 3.725867011920660055e+00
-2.500000000000000000e+01 -4.800000000000000000e+01 4.068320966601493893e+00
-2.500000000000000000e+01 -4.700000000000000000e+01 4.254788580627823613e+00
-2.500000000000000000e+01 -4.600000000000000000e+01 4.349950476132441679e+00
-2.500000000000000000e+01 -4.500000000000000000e+01 4.575015804047600554e+00
-2.500000000000000000e+01 -4.400000000000000000e+01 4.886156974310067902e+00
-2.500000000000000000e+01 -4.300000000000000000e+01 5.229135709678441657e+00
-2.500000000000000000e+01 -4.200000000000000000e+01 5.512398664028202333e+00
-2.500000000000000000e+01 -4.100000000000000000e+01 5.620122148686393260e+00
-2.500000000000000000e+01 -4.000000000000000000e+01 5.687093905107535541e+00
-2.500000000000000000e+01 -3.900000000000000000e+01 5.880158538403092550e+00
-2.500000000000000000e+01 -3.800000000000000000e+01 6.180030366175968126e+00
-2.500000000000000000e+01 -3.700000000000000000e+01 6.231702353342963185e+00
-2.500000000000000000e+01 -3.600000000000000000e+01 6.541009266019816693e+00
-2.500000000000000000e+01 -3.500000000000000000e+01 6.794542152369284160e+00
-2.500000000000000000e+01 -3.400000000000000000e+01 7.110227801716247242e+00
-2.500000000000000000e+01 -3.300000000000000000e+01 7.428214331808079329e+00
-2.500000000000000000e+01 -3.200000000000000000e+01 nan
