Longitude[deg], Latitude[deg], Dust optical depth
3.700000000000000000e+01 8.000000000000000000e+00 nan
3.700000000000000000e+01 9.000000000000000000e+00 nan
3.700000000000000000e+01 1.000000000000000000e+01 nan
3.700000000000000000e+01 1.100000000000000000e+01 nan
3.700000000000000000e+01 1.200000000000000000e+01 nan
3.700000000000000000e+01 1.300000000000000000e+01 nan
3.700000000000000000e+01 1.400000000000000000e+01 nan
3.700000000000000000e+01 1.500000000000000000e+01 nan
3.700000000000000000e+01 1.600000000000000000e+01 nan
3.700000000000000000e+01 1.700000000000000000e+01 nan
3.700000000000000000e+01 1.800000000000000000e+01 nan
3.700000000000000000e+01 1.900000000000000000e+01 nan
3.700000000000000000e+01 2.000000000000000000e+01 nan
3.700000000000000000e+01 2.100000000000000000e+01 nan
3.700000000000000000e+01 2.200000000000000000e+01 nan
3.700000000000000000e+01 2.300000000000000000e+01 nan
3.700000000000000000e+01 2.400000000000000000e+01 nan
3.700000000000000000e+01 2.500000000000000000e+01 nan
3.700000000000000000e+01 2.600000000000000000e+01 nan
3.700000000000000000e+01 2.700000000000000000e+01 nan
3.700000000000000000e+01 2.800000000000000000e+01 nan
3.700000000000000000e+01 2.900000000000000000e+01 nan
3.700000000000000000e+01 3.000000000000000000e+01 nan
3.700000000000000000e+01 3.100000000000000000e+01 nan
3.700000000000000000e+01 3.200000000000000000e+01 nan
3.700000000000000000e+01 3.300000000000000000e+01 nan
3.700000000000000000e+01 3.400000000000000000e+01 nan
3.800000000000000000e+01 8.000000000000000000e+00 nan
3.800000000000000000e+01 9.000000000000000000e+00 nan
3.800000000000000000e+01 1.000000000000000000e+01 nan
3.800000000000000000e+01 1.100000000000000000e+01 nan
3.800000000000000000e+01 1.200000000000000000e+01 nan
3.800000000000000000e+01 1.300000000000000000e+01 nan
3.800000000000000000e+01 1.400000000000000000e+01 nan
3.800000000000000000e+01 1.500000000000000000e+01 nan
3.800000000000000000e+01 1.600000000000000000e+01 nan
3.800000000000000000e+01 1.700000000000000000e+01 nan
3.800000000000000000e+01 1.800000000000000000e+01 nan
3.800000000000000000e+01 1.900000000000000000e+01 nan
3.800000000000000000e+01 2.000000000000000000e+01 nan
3.800000000000000000e+01 2.100000000000000000e+01 nan
3.800000000000000000e+01 2.200000000000000000e+01 nan
3.800000000000000000e+01 2.300000000000000000e+01 nan
3.800000000000000000e+01 2.400000000000000000e+01 nan
3.800000000000000000e+01 2.500000000000000000e+01 nan
3.800000000000000000e+01 2.600000000000000000e+01 nan
3.800000000000000000e+01 2.700000000000000000e+01 5.704478446922275126e+00
3.800000000000000000e+01 2.800000000000000000e+01 5.725995613999600664e+00
3.800000000000000000e+01 2.900000000000000000e+01 5.708296823293384392e+00
3.800000000000000000e+01 3.000000000000000000e+01 5.637941676331242213e+00
3.800000000000000000e+01 3.100000000000000000e+01 5.531306576281100007e+00
3.800000000000000000e+01 3.200000000000000000e+01 nan
3.800000000000000000e+01 3.300000000000000000e+01 nan
3.800000000000000000e+01 3.400000000000000000e+01 nan
3.900000000000000000e+01 8.000000000000000000e+00 nan
3.900000000000000000e+01 9.000000000000000000e+00 nan
3.900000000000000000e+01 1.000000000000000000e+01 nan
3.900000000000000000e+01 1.100000000000000000e+01 nan
3.900000000000000000e+01 1.200000000000000000e+01 nan
3.900000000000000000e+01 1.300000000000000000e+01 nan
3.900000000000000000e+01 1.400000000000000000e+01 nan
3.900000000000000000e+01 1.500000000000000000e+01 nan
3.900000000000000000e+01 1.600000000000000000e+01 nan
3.900000000000000000e+01 1.700000000000000000e+01 nan
3.900000000000000000e+01 1.800000000000000000e+01 nan
3.900000000000000000e+01 1.900000000000000000e+01 nan
3.900000000000000000e+01 2.000000000000000000e+01 nan
3.900000000000000000e+01 2.100000000000000000e+01 5.844062800452157092e+00
3.900000000000000000e+01 2.200000000000000000e+01 5.747402735116664552e+00
3.900000000000000000e+01 2.300000000000000000e+01 5.762311401281622558e+00
3.900000000000000000e+01 2.400000000000000000e+01 5.811859305842981271e+00
3.900000000000000000e+01 2.500000000000000000e+01 5.829809124384773611e+00
3.900000000000000000e+01 2.600000000000000000e+01 5.743408005638220182e+00
3.900000000000000000e+01 2.700000000000000000e+01 5.667581337760824844e+00
3.900000000000000000e+01 2.800000000000000000e+01 5.735272892825160618e+00
3.900000000000000000e+01 2.900000000000000000e+01 5.749801941823089457e+00
3.900000000000000000e+01 3.000000000000000000e+01 5.687220368012507521e+00
3.900000000000000000e+01 3.100000000000000000e+01 5.579692013629109937e+00
3.900000000000000000e+01 3.200000000000000000e+01 nan
3.900000000000000000e+01 3.300000000000000000e+01 nan
3.900000000000000000e+01 3.400000000000000000e+01 nan
4.000000000000000000e+01 8.000000000000000000e+00 nan
4.000000000000000000e+01 9.000000000000000000e+00 nan
4.000000000000000000e+01 1.000000000000000000e+01 nan
4.000000000000000000e+01 1.100000000000000000e+01 nan
4.000000000000000000e+01 1.200000000000000000e+01 nan
4.000000000000000000e+01 1.300000000000000000e+01 nan
4.000000000000000000e+01 1.400000000000000000e+01 5.804230327510009779e+00
4.000000000000000000e+01 1.500000000000000000e+01 5.730758407880444771e+00
4.000000000000000000e+01 1.600000000000000000e+01 5.760516102509519953e+00
4.000000000000000000e+01 1.700000000000000000e+01 5.824220995794955336e+00
4.000000000000000000e+01 1.800000000000000000e+01 5.857084395330708126e+00
4.000000000000000000e+01 1.900000000000000000e+01 5.945474386102845621e+00
4.000000000000000000e+01 2.000000000000000000e+01 6.026707428765613273e+00
4.000000000000000000e+01 2.100000000000000000e+01 5.959319933531039837e+00
4.000000000000000000e+01 2.200000000000000000e+01 5.821093160338553396e+00
4.000000000000000000e+01 2.300000000000000000e+01 5.807894478414048933e+00
4.000000000000000000e+01 2.400000000000000000e+01 5.835905279980948990e+00
4.000000000000000000e+01 2.500000000000000000e+01 5.828703376136182612e+00
4.000000000000000000e+01 2.600000000000000000e+01 5.748910821739659838e+00
4.000000000000000000e+01 2.700000000000000000e+01 5.658938446358055430e+00
4.000000000000000000e+01 2.800000000000000000e+01 5.756112073435332377e+00
4.000000000000000000e+01 2.900000000000000000e+01 5.815085331553974335e+00
4.000000000000000000e+01 3.000000000000000000e+01 5.750411497386109794e+00
4.000000000000000000e+01 3.100000000000000000e+01 5.663497531343189451e+00
4.000000000000000000e+01 3.200000000000000000e+01 nan
4.000000000000000000e+01 3.300000000000000000e+01 nan
4.000000000000000000e+01 3.400000000000000000e+01 nan
4.100000000000000000e+01 8.000000000000000000e+00 6.151986721192348462e+00
4.100000000000000000e+01 9.000000000000000000e+00 6.151986721192348462e+00
4.100000000000000000e+01 1.000000000000000000e+01 6.088415405505865685e+00
4.100000000000000000e+01 1.100000000000000000e+01 5.887441993632299919e+00
4.100000000000000000e+01 1.200000000000000000e+01 5.866780623892756452e+00
4.100000000000000000e+01 1.300000000000000000e+01 5.911147486634460435e+00
4.100000000000000000e+01 1.400000000000000000e+01 5.895956332332194627e+00
4.100000000000000000e+01 1.500000000000000000e+01 5.814902469524578343e+00
4.100000000000000000e+01 1.600000000000000000e+01 5.800789663737626611e+00
4.100000000000000000e+01 1.700000000000000000e+01 5.867122514835740432e+00
4.100000000000000000e+01 1.800000000000000000e+01 5.886515496992501539e+00
4.100000000000000000e+01 1.900000000000000000e+01 6.001566996256983089e+00
4.100000000000000000e+01 2.000000000000000000e+01 6.106987943746324810e+00
4.100000000000000000e+01 2.100000000000000000e+01 6.031762610350106968e+00
4.100000000000000000e+01 2.200000000000000000e+01 5.905828560493135093e+00
4.100000000000000000e+01 2.300000000000000000e+01 5.899892497523794077e+00
4.100000000000000000e+01 2.400000000000000000e+01 5.899892497523794077e+00
4.100000000000000000e+01 2.500000000000000000e+01 5.881227421146212997e+00
4.100000000000000000e+01 2.600000000000000000e+01 5.775193576077793267e+00
4.100000000000000000e+01 2.700000000000000000e+01 5.704987352677239443e+00
4.100000000000000000e+01 2.800000000000000000e+01 5.820037342621758647e+00
4.100000000000000000e+01 2.900000000000000000e+01 5.908478681248479525e+00
4.100000000000000000e+01 3.000000000000000000e+01 5.836148677360458059e+00
4.100000000000000000e+01 3.100000000000000000e+01 5.672605271842042107e+00
4.100000000000000000e+01 3.200000000000000000e+01 nan
4.100000000000000000e+01 3.300000000000000000e+01 nan
4.100000000000000000e+01 3.400000000000000000e+01 nan
4.200000000000000000e+01 8.000000000000000000e+00 6.186572394889968685e+00
4.200000000000000000e+01 9.000000000000000000e+00 6.163513406608418066e+00
4.200000000000000000e+01 1.000000000000000000e+01 6.141723441398993621e+00
4.200000000000000000e+01 1.100000000000000000e+01 6.027144305561411564e+00
4.200000000000000000e+01 1.200000000000000000e+01 5.936348597590494158e+00
4.200000000000000000e+01 1.300000000000000000e+01 5.927276293095203208e+00
4.200000000000000000e+01 1.400000000000000000e+01 5.900393048370624172e+00
4.200000000000000000e+01 1.500000000000000000e+01 5.829187919810858709e+00
4.200000000000000000e+01 1.600000000000000000e+01 5.878676070360810080e+00
4.200000000000000000e+01 1.700000000000000000e+01 5.947404026561257773e+00
4.200000000000000000e+01 1.800000000000000000e+01 5.941011652945021204e+00
4.200000000000000000e+01 1.900000000000000000e+01 6.086502411521826694e+00
4.200000000000000000e+01 2.000000000000000000e+01 6.238429971589231293e+00
4.200000000000000000e+01 2.100000000000000000e+01 6.117366572064793395e+00
4.200000000000000000e+01 2.200000000000000000e+01 5.955839665473863676e+00
4.200000000000000000e+01 2.300000000000000000e+01 6.003960640384570446e+00
4.200000000000000000e+01 2.400000000000000000e+01 6.026467592328402567e+00
4.200000000000000000e+01 2.500000000000000000e+01 5.982705476375868692e+00
4.200000000000000000e+01 2.600000000000000000e+01 5.869128107674380423e+00
4.200000000000000000e+01 2.700000000000000000e+01 5.815417865845170731e+00
4.200000000000000000e+01 2.800000000000000000e+01 5.904531141593758470e+00
4.200000000000000000e+01 2.900000000000000000e+01 5.946357585406519597e+00
4.200000000000000000e+01 3.000000000000000000e+01 5.900782962013736643e+00
4.200000000000000000e+01 3.100000000000000000e+01 5.736728658303186457e+00
4.200000000000000000e+01 3.200000000000000000e+01 nan
4.200000000000000000e+01 3.300000000000000000e+01 nan
4.200000000000000000e+01 3.400000000000000000e+01 nan
4.300000000000000000e+01 8.000000000000000000e+00 6.186572394889968685e+00
4.300000000000000000e+01 9.000000000000000000e+00 6.180913316983624561e+00
4.300000000000000000e+01 1.000000000000000000e+01 6.204331990871615687e+00
4.300000000000000000e+01 1.100000000000000000e+01 6.151907876592388469e+00
4.300000000000000000e+01 1.200000000000000000e+01 6.001638220362166543e+00
4.300000000000000000e+01 1.300000000000000000e+01 5.948677741779843764e+00
4.300000000000000000e+01 1.400000000000000000e+01 5.932581733320465567e+00
4.300000000000000000e+01 1.500000000000000000e+01 5.863822767617383747e+00
4.300000000000000000e+01 1.600000000000000000e+01 5.958105299103951147e+00
4.300000000000000000e+01 1.700000000000000000e+01 6.025086162778777066e+00
4.300000000000000000e+01 1.800000000000000000e+01 6.007986111627047876e+00
4.300000000000000000e+01 1.900000000000000000e+01 6.150373165113930618e+00
4.300000000000000000e+01 2.000000000000000000e+01 6.282210733992756424e+00
4.300000000000000000e+01 2.100000000000000000e+01 6.182655990299439352e+00
4.300000000000000000e+01 2.200000000000000000e+01 6.034464189458076611e+00
4.300000000000000000e+01 2.300000000000000000e+01 6.085309256306543624e+00
4.300000000000000000e+01 2.400000000000000000e+01 6.125981376764955577e+00
4.300000000000000000e+01 2.500000000000000000e+01 6.050046180515715299e+00
4.300000000000000000e+01 2.600000000000000000e+01 5.938439435028748825e+00
4.300000000000000000e+01 2.700000000000000000e+01 5.892062284174485853e+00
4.300000000000000000e+01 2.800000000000000000e+01 5.947590082436070347e+00
4.300000000000000000e+01 2.900000000000000000e+01 5.942978218078508235e+00
4.300000000000000000e+01 3.000000000000000000e+01 5.916376634216135244e+00
4.300000000000000000e+01 3.100000000000000000e+01 nan
4.300000000000000000e+01 3.200000000000000000e+01 nan
4.300000000000000000e+01 3.300000000000000000e+01 nan
4.300000000000000000e+01 3.400000000000000000e+01 nan
4.400000000000000000e+01 8.000000000000000000e+00 6.180617413130233828e+00
4.400000000000000000e+01 9.000000000000000000e+00 6.198387759480985082e+00
4.400000000000000000e+01 1.000000000000000000e+01 6.247084050269584132e+00
4.400000000000000000e+01 1.100000000000000000e+01 6.203403710012436179e+00
4.400000000000000000e+01 1.200000000000000000e+01 6.045593854773519737e+00
4.400000000000000000e+01 1.300000000000000000e+01 5.984554419997230923e+00
4.400000000000000000e+01 1.400000000000000000e+01 5.974448298910886024e+00
4.400000000000000000e+01 1.500000000000000000e+01 5.893465927205792099e+00
4.400000000000000000e+01 1.600000000000000000e+01 5.963290235879959766e+00
4.400000000000000000e+01 1.700000000000000000e+01 6.055554664294412248e+00
4.400000000000000000e+01 1.800000000000000000e+01 6.062932023286903949e+00
4.400000000000000000e+01 1.900000000000000000e+01 6.162693444123476638e+00
4.400000000000000000e+01 2.000000000000000000e+01 6.289108433835878920e+00
4.400000000000000000e+01 2.100000000000000000e+01 6.226220994911445317e+00
4.400000000000000000e+01 2.200000000000000000e+01 6.111830243081587177e+00
4.400000000000000000e+01 2.300000000000000000e+01 6.116484107427853090e+00
4.400000000000000000e+01 2.400000000000000000e+01 6.141128425856555495e+00
4.400000000000000000e+01 2.500000000000000000e+01 6.082062327844282024e+00
4.400000000000000000e+01 2.600000000000000000e+01 5.979703316877579944e+00
4.400000000000000000e+01 2.700000000000000000e+01 5.910793092713269914e+00
4.400000000000000000e+01 2.800000000000000000e+01 5.958332893220990023e+00
4.400000000000000000e+01 2.900000000000000000e+01 5.946456094671267678e+00
4.400000000000000000e+01 3.000000000000000000e+01 5.910005796581514481e+00
4.400000000000000000e+01 3.100000000000000000e+01 nan
4.400000000000000000e+01 3.200000000000000000e+01 nan
4.400000000000000000e+01 3.300000000000000000e+01 nan
4.400000000000000000e+01 3.400000000000000000e+01 nan
4.500000000000000000e+01 8.000000000000000000e+00 6.187808978951321315e+00
4.500000000000000000e+01 9.000000000000000000e+00 6.222537351832622576e+00
4.500000000000000000e+01 1.000000000000000000e+01 6.264135580079595478e+00
4.500000000000000000e+01 1.100000000000000000e+01 6.226880827283052255e+00
4.500000000000000000e+01 1.200000000000000000e+01 6.121814754838297290e+00
4.500000000000000000e+01 1.300000000000000000e+01 6.083984658921057331e+00
4.500000000000000000e+01 1.400000000000000000e+01 6.008503974072631593e+00
4.500000000000000000e+01 1.500000000000000000e+01 5.923035541013759619e+00
4.500000000000000000e+01 1.600000000000000000e+01 5.944151677969018444e+00
4.500000000000000000e+01 1.700000000000000000e+01 6.088836683451172682e+00
4.500000000000000000e+01 1.800000000000000000e+01 6.127086227459463963e+00
4.500000000000000000e+01 1.900000000000000000e+01 6.168776540618413406e+00
4.500000000000000000e+01 2.000000000000000000e+01 6.251118571404084889e+00
4.500000000000000000e+01 2.100000000000000000e+01 6.276376807209477882e+00
4.500000000000000000e+01 2.200000000000000000e+01 nan
4.500000000000000000e+01 2.300000000000000000e+01 nan
4.500000000000000000e+01 2.400000000000000000e+01 nan
4.500000000000000000e+01 2.500000000000000000e+01 nan
4.500000000000000000e+01 2.600000000000000000e+01 nan
4.500000000000000000e+01 2.700000000000000000e+01 nan
4.500000000000000000e+01 2.800000000000000000e+01 nan
4.500000000000000000e+01 2.900000000000000000e+01 nan
4.500000000000000000e+01 3.000000000000000000e+01 nan
4.500000000000000000e+01 3.100000000000000000e+01 nan
4.500000000000000000e+01 3.200000000000000000e+01 nan
4.500000000000000000e+01 3.300000000000000000e+01 nan
4.500000000000000000e+01 3.400000000000000000e+01 nan
