Longitude[deg], Latitude[deg], Dust optical depth
5.400000000000000000e+01 1.500000000000000000e+01 nan
5.400000000000000000e+01 1.600000000000000000e+01 nan
5.400000000000000000e+01 1.700000000000000000e+01 nan
5.400000000000000000e+01 1.800000000000000000e+01 nan
5.400000000000000000e+01 1.900000000000000000e+01 nan
5.400000000000000000e+01 2.000000000000000000e+01 nan
5.400000000000000000e+01 2.100000000000000000e+01 nan
5.400000000000000000e+01 2.200000000000000000e+01 nan
5.400000000000000000e+01 2.300000000000000000e+01 nan
5.400000000000000000e+01 2.400000000000000000e+01 nan
5.400000000000000000e+01 2.500000000000000000e+01 nan
5.400000000000000000e+01 2.600000000000000000e+01 nan
5.400000000000000000e+01 2.700000000000000000e+01 nan
5.400000000000000000e+01 2.800000000000000000e+01 nan
5.400000000000000000e+01 2.900000000000000000e+01 nan
5.400000000000000000e+01 3.000000000000000000e+01 nan
5.400000000000000000e+01 3.100000000000000000e+01 1.238729336848249041e+00
5.400000000000000000e+01 3.200000000000000000e+01 1.255155123175709431e+00
5.400000000000000000e+01 3.300000000000000000e+01 1.300539527549527286e+00
5.400000000000000000e+01 3.400000000000000000e+01 1.297437450667729530e+00
5.400000000000000000e+01 3.500000000000000000e+01 1.280790225047880648e+00
5.500000000000000000e+01 1.500000000000000000e+01 nan
5.500000000000000000e+01 1.600000000000000000e+01 nan
5.500000000000000000e+01 1.700000000000000000e+01 nan
5.500000000000000000e+01 1.800000000000000000e+01 nan
5.500000000000000000e+01 1.900000000000000000e+01 nan
5.500000000000000000e+01 2.000000000000000000e+01 nan
5.500000000000000000e+01 2.100000000000000000e+01 1.212824526454302054e+00
5.500000000000000000e+01 2.200000000000000000e+01 1.199365714319544640e+00
5.500000000000000000e+01 2.300000000000000000e+01 1.167685869274235344e+00
5.500000000000000000e+01 2.400000000000000000e+01 1.163843677032631696e+00
5.500000000000000000e+01 2.500000000000000000e+01 1.183806521108378584e+00
5.500000000000000000e+01 2.600000000000000000e+01 1.167527717885522565e+00
5.500000000000000000e+01 2.700000000000000000e+01 1.190741560904898577e+00
5.500000000000000000e+01 2.800000000000000000e+01 1.233020042373769165e+00
5.500000000000000000e+01 2.900000000000000000e+01 1.283436062382995457e+00
5.500000000000000000e+01 3.000000000000000000e+01 1.288308416906237763e+00
5.500000000000000000e+01 3.100000000000000000e+01 1.230486483559248390e+00
5.500000000000000000e+01 3.200000000000000000e+01 1.215335314528249055e+00
5.500000000000000000e+01 3.300000000000000000e+01 1.263711432849019767e+00
5.500000000000000000e+01 3.400000000000000000e+01 1.295356690572662117e+00
5.500000000000000000e+01 3.500000000000000000e+01 1.264550645151988340e+00
5.600000000000000000e+01 1.500000000000000000e+01 1.333501471890719881e+00
5.600000000000000000e+01 1.600000000000000000e+01 1.261493486041700196e+00
5.600000000000000000e+01 1.700000000000000000e+01 1.226354809244291078e+00
5.600000000000000000e+01 1.800000000000000000e+01 1.237529606290395545e+00
5.600000000000000000e+01 1.900000000000000000e+01 1.249267023327618187e+00
5.600000000000000000e+01 2.000000000000000000e+01 1.200780107410502673e+00
5.600000000000000000e+01 2.100000000000000000e+01 1.140336841341435203e+00
5.600000000000000000e+01 2.200000000000000000e+01 1.152555878599632599e+00
5.600000000000000000e+01 2.300000000000000000e+01 1.165184916041823060e+00
5.600000000000000000e+01 2.400000000000000000e+01 1.145432011243608494e+00
5.600000000000000000e+01 2.500000000000000000e+01 1.147436624907481217e+00
5.600000000000000000e+01 2.600000000000000000e+01 1.146069781043460356e+00
5.600000000000000000e+01 2.700000000000000000e+01 1.166621693051775654e+00
5.600000000000000000e+01 2.800000000000000000e+01 1.236546683418727977e+00
5.600000000000000000e+01 2.900000000000000000e+01 1.276033057992325581e+00
5.600000000000000000e+01 3.000000000000000000e+01 1.277530195650563583e+00
5.600000000000000000e+01 3.100000000000000000e+01 1.229104475318283152e+00
5.600000000000000000e+01 3.200000000000000000e+01 1.217074158336257206e+00
5.600000000000000000e+01 3.300000000000000000e+01 1.236263649191778224e+00
5.600000000000000000e+01 3.400000000000000000e+01 1.247011620248146713e+00
5.600000000000000000e+01 3.500000000000000000e+01 1.211499443255551034e+00
5.700000000000000000e+01 1.500000000000000000e+01 1.344598044063656905e+00
5.700000000000000000e+01 1.600000000000000000e+01 1.279634584907815231e+00
5.700000000000000000e+01 1.700000000000000000e+01 1.235584542020033094e+00
5.700000000000000000e+01 1.800000000000000000e+01 1.235695374923877043e+00
5.700000000000000000e+01 1.900000000000000000e+01 1.223374203073910094e+00
5.700000000000000000e+01 2.000000000000000000e+01 1.169421018305500271e+00
5.700000000000000000e+01 2.100000000000000000e+01 1.126590913735178168e+00
5.700000000000000000e+01 2.200000000000000000e+01 1.132209146501197861e+00
5.700000000000000000e+01 2.300000000000000000e+01 1.158989555917810055e+00
5.700000000000000000e+01 2.400000000000000000e+01 1.141099849360970087e+00
5.700000000000000000e+01 2.500000000000000000e+01 1.136005133030787428e+00
5.700000000000000000e+01 2.600000000000000000e+01 1.127477548254566697e+00
5.700000000000000000e+01 2.700000000000000000e+01 1.154039644800261888e+00
5.700000000000000000e+01 2.800000000000000000e+01 1.237540494518293954e+00
5.700000000000000000e+01 2.900000000000000000e+01 1.278440167904615787e+00
5.700000000000000000e+01 3.000000000000000000e+01 1.271136406616195424e+00
5.700000000000000000e+01 3.100000000000000000e+01 1.206860405135477654e+00
5.700000000000000000e+01 3.200000000000000000e+01 1.171807126482980577e+00
5.700000000000000000e+01 3.300000000000000000e+01 1.164456067425554187e+00
5.700000000000000000e+01 3.400000000000000000e+01 1.102231090904534083e+00
5.700000000000000000e+01 3.500000000000000000e+01 1.016037468796990417e+00
5.800000000000000000e+01 1.500000000000000000e+01 1.361108417907054058e+00
5.800000000000000000e+01 1.600000000000000000e+01 1.291892066311719267e+00
5.800000000000000000e+01 1.700000000000000000e+01 1.245937725379492322e+00
5.800000000000000000e+01 1.800000000000000000e+01 1.233561392266072421e+00
5.800000000000000000e+01 1.900000000000000000e+01 1.202827085368855187e+00
5.800000000000000000e+01 2.000000000000000000e+01 1.154505861933456945e+00
5.800000000000000000e+01 2.100000000000000000e+01 1.127361137983160511e+00
5.800000000000000000e+01 2.200000000000000000e+01 1.115760749429953735e+00
5.800000000000000000e+01 2.300000000000000000e+01 1.157804717828554875e+00
5.800000000000000000e+01 2.400000000000000000e+01 1.141590071138259166e+00
5.800000000000000000e+01 2.500000000000000000e+01 1.132633427492264255e+00
5.800000000000000000e+01 2.600000000000000000e+01 1.120950740798936973e+00
5.800000000000000000e+01 2.700000000000000000e+01 1.144893181698715123e+00
5.800000000000000000e+01 2.800000000000000000e+01 1.236734956591464041e+00
5.800000000000000000e+01 2.900000000000000000e+01 1.284827630252238562e+00
5.800000000000000000e+01 3.000000000000000000e+01 1.276018342282015272e+00
5.800000000000000000e+01 3.100000000000000000e+01 1.154659302622421668e+00
5.800000000000000000e+01 3.200000000000000000e+01 1.133850406695122048e+00
5.800000000000000000e+01 3.300000000000000000e+01 1.093184650269924507e+00
5.800000000000000000e+01 3.400000000000000000e+01 9.731326974445315692e-01
5.800000000000000000e+01 3.500000000000000000e+01 8.857448084649172104e-01
5.900000000000000000e+01 1.500000000000000000e+01 nan
5.900000000000000000e+01 1.600000000000000000e+01 1.328244172713018756e+00
5.900000000000000000e+01 1.700000000000000000e+01 1.256677007221412623e+00
5.900000000000000000e+01 1.800000000000000000e+01 1.235836293316866064e+00
5.900000000000000000e+01 1.900000000000000000e+01 1.249007718123069210e+00
5.900000000000000000e+01 2.000000000000000000e+01 1.220417657469400563e+00
5.900000000000000000e+01 2.100000000000000000e+01 1.192679803446808906e+00
5.900000000000000000e+01 2.200000000000000000e+01 1.160564272696506638e+00
5.900000000000000000e+01 2.300000000000000000e+01 1.178033598231934542e+00
5.900000000000000000e+01 2.400000000000000000e+01 1.136839409754791141e+00
5.900000000000000000e+01 2.500000000000000000e+01 1.122214376532074676e+00
5.900000000000000000e+01 2.600000000000000000e+01 nan
5.900000000000000000e+01 2.700000000000000000e+01 nan
5.900000000000000000e+01 2.800000000000000000e+01 nan
5.900000000000000000e+01 2.900000000000000000e+01 nan
5.900000000000000000e+01 3.000000000000000000e+01 nan
5.900000000000000000e+01 3.100000000000000000e+01 nan
5.900000000000000000e+01 3.200000000000000000e+01 nan
5.900000000000000000e+01 3.300000000000000000e+01 nan
5.900000000000000000e+01 3.400000000000000000e+01 nan
5.900000000000000000e+01 3.500000000000000000e+01 nan
