Longitude[deg], Latitude[deg], Dust optical depth
1.540000000000000000e+02 -2.900000000000000000e+01 nan
1.540000000000000000e+02 -2.800000000000000000e+01 nan
1.540000000000000000e+02 -2.700000000000000000e+01 nan
1.540000000000000000e+02 -2.600000000000000000e+01 nan
1.540000000000000000e+02 -2.500000000000000000e+01 nan
1.540000000000000000e+02 -2.400000000000000000e+01 nan
1.540000000000000000e+02 -2.300000000000000000e+01 nan
1.540000000000000000e+02 -2.200000000000000000e+01 nan
1.540000000000000000e+02 -2.100000000000000000e+01 nan
1.540000000000000000e+02 -2.000000000000000000e+01 nan
1.540000000000000000e+02 -1.900000000000000000e+01 nan
1.540000000000000000e+02 -1.800000000000000000e+01 nan
1.540000000000000000e+02 -1.700000000000000000e+01 nan
1.540000000000000000e+02 -1.600000000000000000e+01 1.451347692068504669e+00
1.540000000000000000e+02 -1.500000000000000000e+01 1.817185692162720745e+00
1.540000000000000000e+02 -1.400000000000000000e+01 2.073841319258917348e+00
1.540000000000000000e+02 -1.300000000000000000e+01 2.137086002656639838e+00
1.540000000000000000e+02 -1.200000000000000000e+01 2.172894668671939922e+00
1.540000000000000000e+02 -1.100000000000000000e+01 2.171166528287134856e+00
1.540000000000000000e+02 -1.000000000000000000e+01 2.111668656771686248e+00
1.540000000000000000e+02 -9.000000000000000000e+00 2.083873774555119684e+00
1.540000000000000000e+02 -8.000000000000000000e+00 2.043893164887788494e+00
1.540000000000000000e+02 -7.000000000000000000e+00 1.921615032588982475e+00
1.540000000000000000e+02 -6.000000000000000000e+00 1.869840749954289283e+00
1.540000000000000000e+02 -5.000000000000000000e+00 1.869619123281001549e+00
1.540000000000000000e+02 -4.000000000000000000e+00 1.838833300406554683e+00
1.540000000000000000e+02 -3.000000000000000000e+00 1.811174182123501897e+00
1.540000000000000000e+02 -2.000000000000000000e+00 nan
1.550000000000000000e+02 -2.900000000000000000e+01 1.461573256165201062e+00
1.550000000000000000e+02 -2.800000000000000000e+01 1.492521998532364114e+00
1.550000000000000000e+02 -2.700000000000000000e+01 1.605351769559354436e+00
1.550000000000000000e+02 -2.600000000000000000e+01 1.717413827050584096e+00
1.550000000000000000e+02 -2.500000000000000000e+01 1.713468536510233564e+00
1.550000000000000000e+02 -2.400000000000000000e+01 1.649351152545206034e+00
1.550000000000000000e+02 -2.300000000000000000e+01 1.620058512613404167e+00
1.550000000000000000e+02 -2.200000000000000000e+01 1.803540499705364342e+00
1.550000000000000000e+02 -2.100000000000000000e+01 1.961548934936516941e+00
1.550000000000000000e+02 -2.000000000000000000e+01 1.862636095878158260e+00
1.550000000000000000e+02 -1.900000000000000000e+01 1.893485448806102367e+00
1.550000000000000000e+02 -1.800000000000000000e+01 1.920443968719573791e+00
1.550000000000000000e+02 -1.700000000000000000e+01 1.813667515637373606e+00
1.550000000000000000e+02 -1.600000000000000000e+01 1.548396273130696166e+00
1.550000000000000000e+02 -1.500000000000000000e+01 1.526935633792870339e+00
1.550000000000000000e+02 -1.400000000000000000e+01 1.847940226842745171e+00
1.550000000000000000e+02 -1.300000000000000000e+01 2.097649371712747790e+00
1.550000000000000000e+02 -1.200000000000000000e+01 2.182372511941290227e+00
1.550000000000000000e+02 -1.100000000000000000e+01 2.166732548671525205e+00
1.550000000000000000e+02 -1.000000000000000000e+01 2.122815625858054389e+00
1.550000000000000000e+02 -9.000000000000000000e+00 2.094945906040382777e+00
1.550000000000000000e+02 -8.000000000000000000e+00 2.060217378808133049e+00
1.550000000000000000e+02 -7.000000000000000000e+00 1.942301898459349863e+00
1.550000000000000000e+02 -6.000000000000000000e+00 1.873237178018617000e+00
1.550000000000000000e+02 -5.000000000000000000e+00 1.869567051782116129e+00
1.550000000000000000e+02 -4.000000000000000000e+00 1.840785641894102875e+00
1.550000000000000000e+02 -3.000000000000000000e+00 1.824634925171606747e+00
1.550000000000000000e+02 -2.000000000000000000e+00 nan
1.560000000000000000e+02 -2.900000000000000000e+01 1.461573256165201062e+00
1.560000000000000000e+02 -2.800000000000000000e+01 1.492521998532364114e+00
1.560000000000000000e+02 -2.700000000000000000e+01 1.605351769559354436e+00
1.560000000000000000e+02 -2.600000000000000000e+01 1.717413827050584096e+00
1.560000000000000000e+02 -2.500000000000000000e+01 1.713468536510233564e+00
1.560000000000000000e+02 -2.400000000000000000e+01 1.649351152545206034e+00
1.560000000000000000e+02 -2.300000000000000000e+01 1.620058512613404167e+00
1.560000000000000000e+02 -2.200000000000000000e+01 1.803540499705364342e+00
1.560000000000000000e+02 -2.100000000000000000e+01 1.961548934936516941e+00
1.560000000000000000e+02 -2.000000000000000000e+01 1.862636095878158260e+00
1.560000000000000000e+02 -1.900000000000000000e+01 1.893485448806102367e+00
1.560000000000000000e+02 -1.800000000000000000e+01 1.920500974401399441e+00
1.560000000000000000e+02 -1.700000000000000000e+01 1.816745555306023441e+00
1.560000000000000000e+02 -1.600000000000000000e+01 1.553714075805362471e+00
1.560000000000000000e+02 -1.500000000000000000e+01 1.510519765456985075e+00
1.560000000000000000e+02 -1.400000000000000000e+01 1.829671303070839139e+00
1.560000000000000000e+02 -1.300000000000000000e+01 2.087787444113891944e+00
1.560000000000000000e+02 -1.200000000000000000e+01 2.185481236068968158e+00
1.560000000000000000e+02 -1.100000000000000000e+01 2.165465444865724010e+00
1.560000000000000000e+02 -1.000000000000000000e+01 2.125598158879244970e+00
1.560000000000000000e+02 -9.000000000000000000e+00 2.099759547539704840e+00
1.560000000000000000e+02 -8.000000000000000000e+00 2.075544468938378628e+00
1.560000000000000000e+02 -7.000000000000000000e+00 1.966176971779133753e+00
1.560000000000000000e+02 -6.000000000000000000e+00 1.877756879736224738e+00
1.560000000000000000e+02 -5.000000000000000000e+00 1.869567051782116129e+00
1.560000000000000000e+02 -4.000000000000000000e+00 1.841005199237992995e+00
1.560000000000000000e+02 -3.000000000000000000e+00 1.839275725042692322e+00
1.560000000000000000e+02 -2.000000000000000000e+00 nan
