Longitude[deg], Latitude[deg], Dust optical depth
7.600000000000000000e+01 -5.300000000000000000e+01 4.323826891076908652e+00
7.600000000000000000e+01 -5.200000000000000000e+01 4.343669603538219626e+00
7.600000000000000000e+01 -5.100000000000000000e+01 4.304561027305484622e+00
7.600000000000000000e+01 -5.000000000000000000e+01 4.333839296120772566e+00
7.600000000000000000e+01 -4.900000000000000000e+01 4.508575066052117108e+00
7.600000000000000000e+01 -4.800000000000000000e+01 4.644892831778938636e+00
7.600000000000000000e+01 -4.700000000000000000e+01 4.639808393657984809e+00
7.600000000000000000e+01 -4.600000000000000000e+01 4.579245524837025627e+00
7.600000000000000000e+01 -4.500000000000000000e+01 4.593001947996406820e+00
7.600000000000000000e+01 -4.400000000000000000e+01 4.721301063772404660e+00
7.600000000000000000e+01 -4.300000000000000000e+01 4.871373494754990041e+00
7.600000000000000000e+01 -4.200000000000000000e+01 5.005359316116192225e+00
7.600000000000000000e+01 -4.100000000000000000e+01 5.086097278748042072e+00
7.600000000000000000e+01 -4.000000000000000000e+01 5.213680688568803845e+00
7.600000000000000000e+01 -3.900000000000000000e+01 5.235418888982654728e+00
7.600000000000000000e+01 -3.800000000000000000e+01 5.480769411449501582e+00
7.600000000000000000e+01 -3.700000000000000000e+01 5.897025111333099368e+00
7.600000000000000000e+01 -3.600000000000000000e+01 6.315650555808523414e+00
7.600000000000000000e+01 -3.500000000000000000e+01 7.091912706356017893e+00
7.600000000000000000e+01 -3.400000000000000000e+01 7.523947275242927724e+00
7.600000000000000000e+01 -3.300000000000000000e+01 7.433403228449565248e+00
7.600000000000000000e+01 -3.200000000000000000e+01 6.994051502726392755e+00
7.600000000000000000e+01 -3.100000000000000000e+01 6.731598389098319757e+00
7.600000000000000000e+01 -3.000000000000000000e+01 6.771967282005672217e+00
7.600000000000000000e+01 -2.900000000000000000e+01 7.060000962713358419e+00
7.600000000000000000e+01 -2.800000000000000000e+01 7.629664623003859170e+00
7.600000000000000000e+01 -2.700000000000000000e+01 7.962660551858961711e+00
7.600000000000000000e+01 -2.600000000000000000e+01 nan
7.700000000000000000e+01 -5.300000000000000000e+01 4.323911275324288539e+00
7.700000000000000000e+01 -5.200000000000000000e+01 4.340020909863514298e+00
7.700000000000000000e+01 -5.100000000000000000e+01 4.297856126110858987e+00
7.700000000000000000e+01 -5.000000000000000000e+01 4.326981812369552927e+00
7.700000000000000000e+01 -4.900000000000000000e+01 4.494041354777037256e+00
7.700000000000000000e+01 -4.800000000000000000e+01 4.617951005131618381e+00
7.700000000000000000e+01 -4.700000000000000000e+01 4.602369942511513656e+00
7.700000000000000000e+01 -4.600000000000000000e+01 4.552764474232942504e+00
7.700000000000000000e+01 -4.500000000000000000e+01 4.595015722242575151e+00
7.700000000000000000e+01 -4.400000000000000000e+01 4.726567526849505541e+00
7.700000000000000000e+01 -4.300000000000000000e+01 4.884336355668680518e+00
7.700000000000000000e+01 -4.200000000000000000e+01 4.990372007213004224e+00
7.700000000000000000e+01 -4.100000000000000000e+01 5.054921478045198313e+00
7.700000000000000000e+01 -4.000000000000000000e+01 5.194587667653210339e+00
7.700000000000000000e+01 -3.900000000000000000e+01 5.257250571145816842e+00
7.700000000000000000e+01 -3.800000000000000000e+01 5.491619568130595930e+00
7.700000000000000000e+01 -3.700000000000000000e+01 5.885694712349116564e+00
7.700000000000000000e+01 -3.600000000000000000e+01 6.372366910698054276e+00
7.700000000000000000e+01 -3.500000000000000000e+01 6.908705733763820689e+00
7.700000000000000000e+01 -3.400000000000000000e+01 7.497142221483739100e+00
7.700000000000000000e+01 -3.300000000000000000e+01 7.497679362015221116e+00
7.700000000000000000e+01 -3.200000000000000000e+01 7.010817028458563804e+00
7.700000000000000000e+01 -3.100000000000000000e+01 6.697926256373965437e+00
7.700000000000000000e+01 -3.000000000000000000e+01 6.763443833571616715e+00
7.700000000000000000e+01 -2.900000000000000000e+01 7.083082123378323658e+00
7.700000000000000000e+01 -2.800000000000000000e+01 7.628461752162010612e+00
7.700000000000000000e+01 -2.700000000000000000e+01 7.968563706323590345e+00
7.700000000000000000e+01 -2.600000000000000000e+01 nan
7.800000000000000000e+01 -5.300000000000000000e+01 4.333094556621338356e+00
7.800000000000000000e+01 -5.200000000000000000e+01 4.324631913184995291e+00
7.800000000000000000e+01 -5.100000000000000000e+01 4.278667580794815350e+00
7.800000000000000000e+01 -5.000000000000000000e+01 4.318878604359922768e+00
7.800000000000000000e+01 -4.900000000000000000e+01 4.479611627579468625e+00
7.800000000000000000e+01 -4.800000000000000000e+01 4.562125162890102281e+00
7.800000000000000000e+01 -4.700000000000000000e+01 4.565381347161546977e+00
7.800000000000000000e+01 -4.600000000000000000e+01 4.531149806807956537e+00
7.800000000000000000e+01 -4.500000000000000000e+01 4.600450589800571422e+00
7.800000000000000000e+01 -4.400000000000000000e+01 4.728070919052136389e+00
7.800000000000000000e+01 -4.300000000000000000e+01 4.888898524298777915e+00
7.800000000000000000e+01 -4.200000000000000000e+01 4.982895336674719289e+00
7.800000000000000000e+01 -4.100000000000000000e+01 5.026979147505762135e+00
7.800000000000000000e+01 -4.000000000000000000e+01 5.188039567349507664e+00
7.800000000000000000e+01 -3.900000000000000000e+01 5.272724039858839973e+00
7.800000000000000000e+01 -3.800000000000000000e+01 5.494757440156151418e+00
7.800000000000000000e+01 -3.700000000000000000e+01 5.881233621221586105e+00
7.800000000000000000e+01 -3.600000000000000000e+01 6.406658029274712618e+00
7.800000000000000000e+01 -3.500000000000000000e+01 6.884691723819090114e+00
7.800000000000000000e+01 -3.400000000000000000e+01 7.481964575647530147e+00
7.800000000000000000e+01 -3.300000000000000000e+01 7.510116866389650703e+00
7.800000000000000000e+01 -3.200000000000000000e+01 7.014774768378228664e+00
7.800000000000000000e+01 -3.100000000000000000e+01 6.668817700638953738e+00
7.800000000000000000e+01 -3.000000000000000000e+01 6.759132999023397481e+00
7.800000000000000000e+01 -2.900000000000000000e+01 7.095205204900347340e+00
7.800000000000000000e+01 -2.800000000000000000e+01 7.628409772057447746e+00
7.800000000000000000e+01 -2.700000000000000000e+01 7.968995215014068378e+00
7.800000000000000000e+01 -2.600000000000000000e+01 nan
