Longitude[deg], Latitude[deg], Dust optical depth
-4.800000000000000000e+01 3.200000000000000000e+01 nan
-4.800000000000000000e+01 3.300000000000000000e+01 nan
-4.800000000000000000e+01 3.400000000000000000e+01 nan
-4.800000000000000000e+01 3.500000000000000000e+01 nan
-4.800000000000000000e+01 3.600000000000000000e+01 nan
-4.800000000000000000e+01 3.700000000000000000e+01 nan
-4.800000000000000000e+01 3.800000000000000000e+01 nan
-4.800000000000000000e+01 3.900000000000000000e+01 nan
-4.800000000000000000e+01 4.000000000000000000e+01 nan
-4.800000000000000000e+01 4.100000000000000000e+01 nan
-4.800000000000000000e+01 4.200000000000000000e+01 nan
-4.800000000000000000e+01 4.300000000000000000e+01 nan
-4.800000000000000000e+01 4.400000000000000000e+01 nan
-4.800000000000000000e+01 4.500000000000000000e+01 nan
-4.800000000000000000e+01 4.600000000000000000e+01 nan
-4.800000000000000000e+01 4.700000000000000000e+01 nan
-4.800000000000000000e+01 4.800000000000000000e+01 nan
-4.800000000000000000e+01 4.900000000000000000e+01 nan
-4.800000000000000000e+01 5.000000000000000000e+01 nan
-4.800000000000000000e+01 5.100000000000000000e+01 nan
-4.800000000000000000e+01 5.200000000000000000e+01 nan
-4.700000000000000000e+01 3.200000000000000000e+01 nan
-4.700000000000000000e+01 3.300000000000000000e+01 nan
-4.700000000000000000e+01 3.400000000000000000e+01 nan
-4.700000000000000000e+01 3.500000000000000000e+01 nan
-4.700000000000000000e+01 3.600000000000000000e+01 nan
-4.700000000000000000e+01 3.700000000000000000e+01 nan
-4.700000000000000000e+01 3.800000000000000000e+01 nan
-4.700000000000000000e+01 3.900000000000000000e+01 nan
-4.700000000000000000e+01 4.000000000000000000e+01 nan
-4.700000000000000000e+01 4.100000000000000000e+01 nan
-4.700000000000000000e+01 4.200000000000000000e+01 nan
-4.700000000000000000e+01 4.300000000000000000e+01 nan
-4.700000000000000000e+01 4.400000000000000000e+01 nan
-4.700000000000000000e+01 4.500000000000000000e+01 nan
-4.700000000000000000e+01 4.600000000000000000e+01 nan
-4.700000000000000000e+01 4.700000000000000000e+01 nan
-4.700000000000000000e+01 4.800000000000000000e+01 nan
-4.700000000000000000e+01 4.900000000000000000e+01 nan
-4.700000000000000000e+01 5.000000000000000000e+01 nan
-4.700000000000000000e+01 5.100000000000000000e+01 nan
-4.700000000000000000e+01 5.200000000000000000e+01 nan
-4.600000000000000000e+01 3.200000000000000000e+01 nan
-4.600000000000000000e+01 3.300000000000000000e+01 nan
-4.600000000000000000e+01 3.400000000000000000e+01 nan
-4.600000000000000000e+01 3.500000000000000000e+01 nan
-4.600000000000000000e+01 3.600000000000000000e+01 nan
-4.600000000000000000e+01 3.700000000000000000e+01 nan
-4.600000000000000000e+01 3.800000000000000000e+01 9.037640830310647022e-01
-4.600000000000000000e+01 3.900000000000000000e+01 8.941479632987660020e-01
-4.600000000000000000e+01 4.000000000000000000e+01 8.918136228127598875e-01
-4.600000000000000000e+01 4.100000000000000000e+01 8.596744915021838906e-01
-4.600000000000000000e+01 4.200000000000000000e+01 8.384657636255495872e-01
-4.600000000000000000e+01 4.300000000000000000e+01 8.205256778279365060e-01
-4.600000000000000000e+01 4.400000000000000000e+01 8.152491030757071933e-01
-4.600000000000000000e+01 4.500000000000000000e+01 nan
-4.600000000000000000e+01 4.600000000000000000e+01 nan
-4.600000000000000000e+01 4.700000000000000000e+01 nan
-4.600000000000000000e+01 4.800000000000000000e+01 nan
-4.600000000000000000e+01 4.900000000000000000e+01 nan
-4.600000000000000000e+01 5.000000000000000000e+01 nan
-4.600000000000000000e+01 5.100000000000000000e+01 nan
-4.600000000000000000e+01 5.200000000000000000e+01 nan
-4.500000000000000000e+01 3.200000000000000000e+01 nan
-4.500000000000000000e+01 3.300000000000000000e+01 1.137482290799959772e+00
-4.500000000000000000e+01 3.400000000000000000e+01 1.102445050628205303e+00
-4.500000000000000000e+01 3.500000000000000000e+01 1.022118683596904276e+00
-4.500000000000000000e+01 3.600000000000000000e+01 9.589990550961269289e-01
-4.500000000000000000e+01 3.700000000000000000e+01 9.485523242944999822e-01
-4.500000000000000000e+01 3.800000000000000000e+01 8.951318170188988788e-01
-4.500000000000000000e+01 3.900000000000000000e+01 8.742635029703860194e-01
-4.500000000000000000e+01 4.000000000000000000e+01 8.900975378330427956e-01
-4.500000000000000000e+01 4.100000000000000000e+01 8.765774565097933513e-01
-4.500000000000000000e+01 4.200000000000000000e+01 8.531050038629574006e-01
-4.500000000000000000e+01 4.300000000000000000e+01 8.352080932298893146e-01
-4.500000000000000000e+01 4.400000000000000000e+01 8.129713389477422059e-01
-4.500000000000000000e+01 4.500000000000000000e+01 nan
-4.500000000000000000e+01 4.600000000000000000e+01 nan
-4.500000000000000000e+01 4.700000000000000000e+01 nan
-4.500000000000000000e+01 4.800000000000000000e+01 nan
-4.500000000000000000e+01 4.900000000000000000e+01 nan
-4.500000000000000000e+01 5.000000000000000000e+01 nan
-4.500000000000000000e+01 5.100000000000000000e+01 nan
-4.500000000000000000e+01 5.200000000000000000e+01 nan
-4.400000000000000000e+01 3.200000000000000000e+01 1.137781729757271876e+00
-4.400000000000000000e+01 3.300000000000000000e+01 1.115128081319236575e+00
-4.400000000000000000e+01 3.400000000000000000e+01 1.091756466695971817e+00
-4.400000000000000000e+01 3.500000000000000000e+01 1.022930688330332183e+00
-4.400000000000000000e+01 3.600000000000000000e+01 9.563073610829083693e-01
-4.400000000000000000e+01 3.700000000000000000e+01 9.232237076352500793e-01
-4.400000000000000000e+01 3.800000000000000000e+01 8.828721024064054568e-01
-4.400000000000000000e+01 3.900000000000000000e+01 8.768167435645599639e-01
-4.400000000000000000e+01 4.000000000000000000e+01 8.950722802719778270e-01
-4.400000000000000000e+01 4.100000000000000000e+01 8.949540343312105684e-01
-4.400000000000000000e+01 4.200000000000000000e+01 8.767829006292688909e-01
-4.400000000000000000e+01 4.300000000000000000e+01 8.459436263659075861e-01
-4.400000000000000000e+01 4.400000000000000000e+01 7.938347526081728223e-01
-4.400000000000000000e+01 4.500000000000000000e+01 nan
-4.400000000000000000e+01 4.600000000000000000e+01 nan
-4.400000000000000000e+01 4.700000000000000000e+01 nan
-4.400000000000000000e+01 4.800000000000000000e+01 nan
-4.400000000000000000e+01 4.900000000000000000e+01 nan
-4.400000000000000000e+01 5.000000000000000000e+01 nan
-4.400000000000000000e+01 5.100000000000000000e+01 nan
-4.400000000000000000e+01 5.200000000000000000e+01 nan
-4.300000000000000000e+01 3.200000000000000000e+01 1.117094983383919882e+00
-4.300000000000000000e+01 3.300000000000000000e+01 1.099440260612144504e+00
-4.300000000000000000e+01 3.400000000000000000e+01 1.070017206225305051e+00
-4.300000000000000000e+01 3.500000000000000000e+01 9.956265446084262560e-01
-4.300000000000000000e+01 3.600000000000000000e+01 9.403713945440561606e-01
-4.300000000000000000e+01 3.700000000000000000e+01 9.113728658986217646e-01
-4.300000000000000000e+01 3.800000000000000000e+01 8.900001281678651122e-01
-4.300000000000000000e+01 3.900000000000000000e+01 8.706939371919265591e-01
-4.300000000000000000e+01 4.000000000000000000e+01 8.693044463877057648e-01
-4.300000000000000000e+01 4.100000000000000000e+01 8.810294165380149201e-01
-4.300000000000000000e+01 4.200000000000000000e+01 8.723880713990116442e-01
-4.300000000000000000e+01 4.300000000000000000e+01 8.271294581161100501e-01
-4.300000000000000000e+01 4.400000000000000000e+01 7.462927363181753870e-01
-4.300000000000000000e+01 4.500000000000000000e+01 nan
-4.300000000000000000e+01 4.600000000000000000e+01 nan
-4.300000000000000000e+01 4.700000000000000000e+01 nan
-4.300000000000000000e+01 4.800000000000000000e+01 nan
-4.300000000000000000e+01 4.900000000000000000e+01 nan
-4.300000000000000000e+01 5.000000000000000000e+01 nan
-4.300000000000000000e+01 5.100000000000000000e+01 nan
-4.300000000000000000e+01 5.200000000000000000e+01 nan
-4.200000000000000000e+01 3.200000000000000000e+01 1.098919831683351722e+00
-4.200000000000000000e+01 3.300000000000000000e+01 1.090103100817889858e+00
-4.200000000000000000e+01 3.400000000000000000e+01 1.041297480638677886e+00
-4.200000000000000000e+01 3.500000000000000000e+01 9.775346241386866364e-01
-4.200000000000000000e+01 3.600000000000000000e+01 9.324020278345663826e-01
-4.200000000000000000e+01 3.700000000000000000e+01 8.938142384185462364e-01
-4.200000000000000000e+01 3.800000000000000000e+01 8.712267807300838607e-01
-4.200000000000000000e+01 3.900000000000000000e+01 8.221126648323745512e-01
-4.200000000000000000e+01 4.000000000000000000e+01 7.968999860700675120e-01
-4.200000000000000000e+01 4.100000000000000000e+01 8.393302635829765768e-01
-4.200000000000000000e+01 4.200000000000000000e+01 8.449238747220861878e-01
-4.200000000000000000e+01 4.300000000000000000e+01 8.095102015954738217e-01
-4.200000000000000000e+01 4.400000000000000000e+01 7.240946981646918523e-01
-4.200000000000000000e+01 4.500000000000000000e+01 nan
-4.200000000000000000e+01 4.600000000000000000e+01 nan
-4.200000000000000000e+01 4.700000000000000000e+01 nan
-4.200000000000000000e+01 4.800000000000000000e+01 nan
-4.200000000000000000e+01 4.900000000000000000e+01 nan
-4.200000000000000000e+01 5.000000000000000000e+01 nan
-4.200000000000000000e+01 5.100000000000000000e+01 nan
-4.200000000000000000e+01 5.200000000000000000e+01 nan
-4.100000000000000000e+01 3.200000000000000000e+01 nan
-4.100000000000000000e+01 3.300000000000000000e+01 1.089789417163874896e+00
-4.100000000000000000e+01 3.400000000000000000e+01 1.036442789631841555e+00
-4.100000000000000000e+01 3.500000000000000000e+01 9.769632020101720604e-01
-4.100000000000000000e+01 3.600000000000000000e+01 9.259751441565893249e-01
-4.100000000000000000e+01 3.700000000000000000e+01 8.621209289362581352e-01
-4.100000000000000000e+01 3.800000000000000000e+01 8.249189236352203469e-01
-4.100000000000000000e+01 3.900000000000000000e+01 7.854111303816728729e-01
-4.100000000000000000e+01 4.000000000000000000e+01 7.777785691530546552e-01
-4.100000000000000000e+01 4.100000000000000000e+01 8.172772094850666580e-01
-4.100000000000000000e+01 4.200000000000000000e+01 8.234525296979570141e-01
-4.100000000000000000e+01 4.300000000000000000e+01 7.976533862471448799e-01
-4.100000000000000000e+01 4.400000000000000000e+01 nan
-4.100000000000000000e+01 4.500000000000000000e+01 nan
-4.100000000000000000e+01 4.600000000000000000e+01 nan
-4.100000000000000000e+01 4.700000000000000000e+01 nan
-4.100000000000000000e+01 4.800000000000000000e+01 nan
-4.100000000000000000e+01 4.900000000000000000e+01 nan
-4.100000000000000000e+01 5.000000000000000000e+01 nan
-4.100000000000000000e+01 5.100000000000000000e+01 nan
-4.100000000000000000e+01 5.200000000000000000e+01 nan
-4.000000000000000000e+01 3.200000000000000000e+01 nan
-4.000000000000000000e+01 3.300000000000000000e+01 nan
-4.000000000000000000e+01 3.400000000000000000e+01 nan
-4.000000000000000000e+01 3.500000000000000000e+01 nan
-4.000000000000000000e+01 3.600000000000000000e+01 nan
-4.000000000000000000e+01 3.700000000000000000e+01 nan
-4.000000000000000000e+01 3.800000000000000000e+01 nan
-4.000000000000000000e+01 3.900000000000000000e+01 nan
-4.000000000000000000e+01 4.000000000000000000e+01 nan
-4.000000000000000000e+01 4.100000000000000000e+01 nan
-4.000000000000000000e+01 4.200000000000000000e+01 nan
-4.000000000000000000e+01 4.300000000000000000e+01 nan
-4.000000000000000000e+01 4.400000000000000000e+01 nan
-4.000000000000000000e+01 4.500000000000000000e+01 nan
-4.000000000000000000e+01 4.600000000000000000e+01 nan
-4.000000000000000000e+01 4.700000000000000000e+01 nan
-4.000000000000000000e+01 4.800000000000000000e+01 nan
-4.000000000000000000e+01 4.900000000000000000e+01 nan
-4.000000000000000000e+01 5.000000000000000000e+01 nan
-4.000000000000000000e+01 5.100000000000000000e+01 nan
-4.000000000000000000e+01 5.200000000000000000e+01 nan
