Longitude[deg], Latitude[deg], Dust optical depth
-1.390000000000000000e+02 -2.800000000000000000e+01 nan
-1.390000000000000000e+02 -2.700000000000000000e+01 nan
-1.390000000000000000e+02 -2.600000000000000000e+01 nan
-1.390000000000000000e+02 -2.500000000000000000e+01 nan
-1.390000000000000000e+02 -2.400000000000000000e+01 nan
-1.390000000000000000e+02 -2.300000000000000000e+01 nan
-1.390000000000000000e+02 -2.200000000000000000e+01 nan
-1.390000000000000000e+02 -2.100000000000000000e+01 nan
-1.390000000000000000e+02 -2.000000000000000000e+01 nan
-1.390000000000000000e+02 -1.900000000000000000e+01 nan
-1.390000000000000000e+02 -1.800000000000000000e+01 nan
-1.390000000000000000e+02 -1.700000000000000000e+01 nan
-1.390000000000000000e+02 -1.600000000000000000e+01 nan
-1.390000000000000000e+02 -1.500000000000000000e+01 nan
-1.390000000000000000e+02 -1.400000000000000000e+01 nan
-1.390000000000000000e+02 -1.300000000000000000e+01 nan
-1.390000000000000000e+02 -1.200000000000000000e+01 nan
-1.390000000000000000e+02 -1.100000000000000000e+01 nan
-1.390000000000000000e+02 -1.000000000000000000e+01 nan
-1.390000000000000000e+02 -9.000000000000000000e+00 nan
-1.390000000000000000e+02 -8.000000000000000000e+00 nan
-1.390000000000000000e+02 -7.000000000000000000e+00 nan
-1.390000000000000000e+02 -6.000000000000000000e+00 nan
-1.390000000000000000e+02 -5.000000000000000000e+00 nan
-1.390000000000000000e+02 -4.000000000000000000e+00 nan
-1.390000000000000000e+02 -3.000000000000000000e+00 nan
-1.390000000000000000e+02 -2.000000000000000000e+00 nan
-1.390000000000000000e+02 -1.000000000000000000e+00 nan
-1.380000000000000000e+02 -2.800000000000000000e+01 5.722971167754213884e-01
-1.380000000000000000e+02 -2.700000000000000000e+01 5.307617875100841820e-01
-1.380000000000000000e+02 -2.600000000000000000e+01 5.281183753979954432e-01
-1.380000000000000000e+02 -2.500000000000000000e+01 5.587505664776368786e-01
-1.380000000000000000e+02 -2.400000000000000000e+01 5.877757448167040266e-01
-1.380000000000000000e+02 -2.300000000000000000e+01 7.661657188341791658e-01
-1.380000000000000000e+02 -2.200000000000000000e+01 1.070599158277588003e+00
-1.380000000000000000e+02 -2.100000000000000000e+01 1.069917966576155788e+00
-1.380000000000000000e+02 -2.000000000000000000e+01 1.228622583593927953e+00
-1.380000000000000000e+02 -1.900000000000000000e+01 1.308992812304377473e+00
-1.380000000000000000e+02 -1.800000000000000000e+01 1.399644193977332973e+00
-1.380000000000000000e+02 -1.700000000000000000e+01 1.401167795564556284e+00
-1.380000000000000000e+02 -1.600000000000000000e+01 1.374193428323144284e+00
-1.380000000000000000e+02 -1.500000000000000000e+01 1.437437965880133506e+00
-1.380000000000000000e+02 -1.400000000000000000e+01 1.423279124560079101e+00
-1.380000000000000000e+02 -1.300000000000000000e+01 1.320756632566900013e+00
-1.380000000000000000e+02 -1.200000000000000000e+01 1.044619922232685738e+00
-1.380000000000000000e+02 -1.100000000000000000e+01 9.695323286328280110e-01
-1.380000000000000000e+02 -1.000000000000000000e+01 9.491642073169329619e-01
-1.380000000000000000e+02 -9.000000000000000000e+00 9.688885410175507307e-01
-1.380000000000000000e+02 -8.000000000000000000e+00 9.768201493310891825e-01
-1.380000000000000000e+02 -7.000000000000000000e+00 1.005932278996657825e+00
-1.380000000000000000e+02 -6.000000000000000000e+00 8.450528197941550301e-01
-1.380000000000000000e+02 -5.000000000000000000e+00 5.310564931943791978e-01
-1.380000000000000000e+02 -4.000000000000000000e+00 6.471850506328716834e-01
-1.380000000000000000e+02 -3.000000000000000000e+00 7.426148624000200593e-01
-1.380000000000000000e+02 -2.000000000000000000e+00 1.041062891628885323e+00
-1.380000000000000000e+02 -1.000000000000000000e+00 nan
-1.370000000000000000e+02 -2.800000000000000000e+01 5.722971167754213884e-01
-1.370000000000000000e+02 -2.700000000000000000e+01 5.307617875100841820e-01
-1.370000000000000000e+02 -2.600000000000000000e+01 5.281183753979954432e-01
-1.370000000000000000e+02 -2.500000000000000000e+01 5.587505664776368786e-01
-1.370000000000000000e+02 -2.400000000000000000e+01 5.877757448167040266e-01
-1.370000000000000000e+02 -2.300000000000000000e+01 7.661657188341791658e-01
-1.370000000000000000e+02 -2.200000000000000000e+01 1.070599158277588003e+00
-1.370000000000000000e+02 -2.100000000000000000e+01 1.069917966576155788e+00
-1.370000000000000000e+02 -2.000000000000000000e+01 1.228622583593927953e+00
-1.370000000000000000e+02 -1.900000000000000000e+01 1.308992812304377473e+00
-1.370000000000000000e+02 -1.800000000000000000e+01 1.399644193977332973e+00
-1.370000000000000000e+02 -1.700000000000000000e+01 1.401167795564556284e+00
-1.370000000000000000e+02 -1.600000000000000000e+01 1.374193428323144284e+00
-1.370000000000000000e+02 -1.500000000000000000e+01 1.437437965880133506e+00
-1.370000000000000000e+02 -1.400000000000000000e+01 1.423279124560079101e+00
-1.370000000000000000e+02 -1.300000000000000000e+01 1.320756632566900013e+00
-1.370000000000000000e+02 -1.200000000000000000e+01 1.044619922232685738e+00
-1.370000000000000000e+02 -1.100000000000000000e+01 9.695323286328280110e-01
-1.370000000000000000e+02 -1.000000000000000000e+01 9.491642073169329619e-01
-1.370000000000000000e+02 -9.000000000000000000e+00 9.688885410175507307e-01
-1.370000000000000000e+02 -8.000000000000000000e+00 9.768201493310891825e-01
-1.370000000000000000e+02 -7.000000000000000000e+00 1.005932278996657825e+00
-1.370000000000000000e+02 -6.000000000000000000e+00 8.450528197941550301e-01
-1.370000000000000000e+02 -5.000000000000000000e+00 5.310564931943791978e-01
-1.370000000000000000e+02 -4.000000000000000000e+00 6.471850506328716834e-01
-1.370000000000000000e+02 -3.000000000000000000e+00 7.426148624000200593e-01
-1.370000000000000000e+02 -2.000000000000000000e+00 1.041062891628885323e+00
-1.370000000000000000e+02 -1.000000000000000000e+00 nan
