Longitude[deg], Latitude[deg], Dust optical depth
6.900000000000000000e+01 8.000000000000000000e+00 nan
6.900000000000000000e+01 9.000000000000000000e+00 nan
6.900000000000000000e+01 1.000000000000000000e+01 nan
6.900000000000000000e+01 1.100000000000000000e+01 nan
6.900000000000000000e+01 1.200000000000000000e+01 nan
6.900000000000000000e+01 1.300000000000000000e+01 nan
6.900000000000000000e+01 1.400000000000000000e+01 nan
6.900000000000000000e+01 1.500000000000000000e+01 nan
6.900000000000000000e+01 1.600000000000000000e+01 nan
6.900000000000000000e+01 1.700000000000000000e+01 nan
6.900000000000000000e+01 1.800000000000000000e+01 nan
6.900000000000000000e+01 1.900000000000000000e+01 nan
6.900000000000000000e+01 2.000000000000000000e+01 nan
6.900000000000000000e+01 2.100000000000000000e+01 nan
6.900000000000000000e+01 2.200000000000000000e+01 nan
6.900000000000000000e+01 2.300000000000000000e+01 nan
6.900000000000000000e+01 2.400000000000000000e+01 nan
6.900000000000000000e+01 2.500000000000000000e+01 nan
6.900000000000000000e+01 2.600000000000000000e+01 nan
6.900000000000000000e+01 2.700000000000000000e+01 nan
6.900000000000000000e+01 2.800000000000000000e+01 nan
6.900000000000000000e+01 2.900000000000000000e+01 nan
6.900000000000000000e+01 3.000000000000000000e+01 nan
6.900000000000000000e+01 3.100000000000000000e+01 nan
6.900000000000000000e+01 3.200000000000000000e+01 nan
6.900000000000000000e+01 3.300000000000000000e+01 nan
6.900000000000000000e+01 3.400000000000000000e+01 nan
6.900000000000000000e+01 3.500000000000000000e+01 nan
7.000000000000000000e+01 8.000000000000000000e+00 nan
7.000000000000000000e+01 9.000000000000000000e+00 nan
7.000000000000000000e+01 1.000000000000000000e+01 nan
7.000000000000000000e+01 1.100000000000000000e+01 nan
7.000000000000000000e+01 1.200000000000000000e+01 nan
7.000000000000000000e+01 1.300000000000000000e+01 nan
7.000000000000000000e+01 1.400000000000000000e+01 nan
7.000000000000000000e+01 1.500000000000000000e+01 nan
7.000000000000000000e+01 1.600000000000000000e+01 nan
7.000000000000000000e+01 1.700000000000000000e+01 nan
7.000000000000000000e+01 1.800000000000000000e+01 nan
7.000000000000000000e+01 1.900000000000000000e+01 nan
7.000000000000000000e+01 2.000000000000000000e+01 nan
7.000000000000000000e+01 2.100000000000000000e+01 nan
7.000000000000000000e+01 2.200000000000000000e+01 nan
7.000000000000000000e+01 2.300000000000000000e+01 nan
7.000000000000000000e+01 2.400000000000000000e+01 nan
7.000000000000000000e+01 2.500000000000000000e+01 nan
7.000000000000000000e+01 2.600000000000000000e+01 nan
7.000000000000000000e+01 2.700000000000000000e+01 nan
7.000000000000000000e+01 2.800000000000000000e+01 nan
7.000000000000000000e+01 2.900000000000000000e+01 6.068373805455064662e+00
7.000000000000000000e+01 3.000000000000000000e+01 6.308435977667553374e+00
7.000000000000000000e+01 3.100000000000000000e+01 6.491488729083531695e+00
7.000000000000000000e+01 3.200000000000000000e+01 6.543032212894052790e+00
7.000000000000000000e+01 3.300000000000000000e+01 6.531782717769248237e+00
7.000000000000000000e+01 3.400000000000000000e+01 nan
7.000000000000000000e+01 3.500000000000000000e+01 nan
7.100000000000000000e+01 8.000000000000000000e+00 nan
7.100000000000000000e+01 9.000000000000000000e+00 nan
7.100000000000000000e+01 1.000000000000000000e+01 nan
7.100000000000000000e+01 1.100000000000000000e+01 nan
7.100000000000000000e+01 1.200000000000000000e+01 nan
7.100000000000000000e+01 1.300000000000000000e+01 nan
7.100000000000000000e+01 1.400000000000000000e+01 nan
7.100000000000000000e+01 1.500000000000000000e+01 nan
7.100000000000000000e+01 1.600000000000000000e+01 nan
7.100000000000000000e+01 1.700000000000000000e+01 nan
7.100000000000000000e+01 1.800000000000000000e+01 nan
7.100000000000000000e+01 1.900000000000000000e+01 nan
7.100000000000000000e+01 2.000000000000000000e+01 nan
7.100000000000000000e+01 2.100000000000000000e+01 nan
7.100000000000000000e+01 2.200000000000000000e+01 nan
7.100000000000000000e+01 2.300000000000000000e+01 5.529164028517979723e+00
7.100000000000000000e+01 2.400000000000000000e+01 5.494258376414212997e+00
7.100000000000000000e+01 2.500000000000000000e+01 5.595843749859097827e+00
7.100000000000000000e+01 2.600000000000000000e+01 5.561705357416085072e+00
7.100000000000000000e+01 2.700000000000000000e+01 5.487157932063829513e+00
7.100000000000000000e+01 2.800000000000000000e+01 5.645874213391276264e+00
7.100000000000000000e+01 2.900000000000000000e+01 5.945736794335302555e+00
7.100000000000000000e+01 3.000000000000000000e+01 6.236670354069526745e+00
7.100000000000000000e+01 3.100000000000000000e+01 6.478222531418013297e+00
7.100000000000000000e+01 3.200000000000000000e+01 6.560631246767527180e+00
7.100000000000000000e+01 3.300000000000000000e+01 6.581033347887894180e+00
7.100000000000000000e+01 3.400000000000000000e+01 nan
7.100000000000000000e+01 3.500000000000000000e+01 nan
7.200000000000000000e+01 8.000000000000000000e+00 nan
7.200000000000000000e+01 9.000000000000000000e+00 nan
7.200000000000000000e+01 1.000000000000000000e+01 nan
7.200000000000000000e+01 1.100000000000000000e+01 nan
7.200000000000000000e+01 1.200000000000000000e+01 nan
7.200000000000000000e+01 1.300000000000000000e+01 nan
7.200000000000000000e+01 1.400000000000000000e+01 nan
7.200000000000000000e+01 1.500000000000000000e+01 nan
7.200000000000000000e+01 1.600000000000000000e+01 nan
7.200000000000000000e+01 1.700000000000000000e+01 5.144443636371848427e+00
7.200000000000000000e+01 1.800000000000000000e+01 5.212905473017866775e+00
7.200000000000000000e+01 1.900000000000000000e+01 5.277678724674966126e+00
7.200000000000000000e+01 2.000000000000000000e+01 5.255144412803002929e+00
7.200000000000000000e+01 2.100000000000000000e+01 5.163888904951987158e+00
7.200000000000000000e+01 2.200000000000000000e+01 5.256403154424569735e+00
7.200000000000000000e+01 2.300000000000000000e+01 5.363995881002631805e+00
7.200000000000000000e+01 2.400000000000000000e+01 5.372609501997717807e+00
7.200000000000000000e+01 2.500000000000000000e+01 5.509851571273548743e+00
7.200000000000000000e+01 2.600000000000000000e+01 5.545984957332853682e+00
7.200000000000000000e+01 2.700000000000000000e+01 5.501747784650014239e+00
7.200000000000000000e+01 2.800000000000000000e+01 5.643296105032389320e+00
7.200000000000000000e+01 2.900000000000000000e+01 5.895574152999198958e+00
7.200000000000000000e+01 3.000000000000000000e+01 6.149367282033399995e+00
7.200000000000000000e+01 3.100000000000000000e+01 6.438590873279133042e+00
7.200000000000000000e+01 3.200000000000000000e+01 6.547879563193932384e+00
7.200000000000000000e+01 3.300000000000000000e+01 6.607636153505481502e+00
7.200000000000000000e+01 3.400000000000000000e+01 nan
7.200000000000000000e+01 3.500000000000000000e+01 nan
7.300000000000000000e+01 8.000000000000000000e+00 nan
7.300000000000000000e+01 9.000000000000000000e+00 nan
7.300000000000000000e+01 1.000000000000000000e+01 5.514020826592856750e+00
7.300000000000000000e+01 1.100000000000000000e+01 5.475427995613497245e+00
7.300000000000000000e+01 1.200000000000000000e+01 5.410820915637044592e+00
7.300000000000000000e+01 1.300000000000000000e+01 5.343588325767296254e+00
7.300000000000000000e+01 1.400000000000000000e+01 5.307530407892256719e+00
7.300000000000000000e+01 1.500000000000000000e+01 5.227722888527146949e+00
7.300000000000000000e+01 1.600000000000000000e+01 5.179889479538902997e+00
7.300000000000000000e+01 1.700000000000000000e+01 5.135897145195205127e+00
7.300000000000000000e+01 1.800000000000000000e+01 5.105364114550590138e+00
7.300000000000000000e+01 1.900000000000000000e+01 5.248003831956120635e+00
7.300000000000000000e+01 2.000000000000000000e+01 5.307606244678790830e+00
7.300000000000000000e+01 2.100000000000000000e+01 5.215226323993794821e+00
7.300000000000000000e+01 2.200000000000000000e+01 5.256352580125559726e+00
7.300000000000000000e+01 2.300000000000000000e+01 5.350410558542134432e+00
7.300000000000000000e+01 2.400000000000000000e+01 5.372009706946016649e+00
7.300000000000000000e+01 2.500000000000000000e+01 5.515709421304548776e+00
7.300000000000000000e+01 2.600000000000000000e+01 5.576227684860370459e+00
7.300000000000000000e+01 2.700000000000000000e+01 5.559432460141900734e+00
7.300000000000000000e+01 2.800000000000000000e+01 5.700106019943111058e+00
7.300000000000000000e+01 2.900000000000000000e+01 5.879775394546885359e+00
7.300000000000000000e+01 3.000000000000000000e+01 6.122488419262051451e+00
7.300000000000000000e+01 3.100000000000000000e+01 6.414690327240299972e+00
7.300000000000000000e+01 3.200000000000000000e+01 6.509743946621999733e+00
7.300000000000000000e+01 3.300000000000000000e+01 6.578395227233700737e+00
7.300000000000000000e+01 3.400000000000000000e+01 nan
7.300000000000000000e+01 3.500000000000000000e+01 nan
7.400000000000000000e+01 8.000000000000000000e+00 nan
7.400000000000000000e+01 9.000000000000000000e+00 5.420977504049619533e+00
7.400000000000000000e+01 1.000000000000000000e+01 5.443491439600984805e+00
7.400000000000000000e+01 1.100000000000000000e+01 5.419037773330819263e+00
7.400000000000000000e+01 1.200000000000000000e+01 5.346066466251185645e+00
7.400000000000000000e+01 1.300000000000000000e+01 5.290692406809113457e+00
7.400000000000000000e+01 1.400000000000000000e+01 5.258213924540735995e+00
7.400000000000000000e+01 1.500000000000000000e+01 5.265183971285015474e+00
7.400000000000000000e+01 1.600000000000000000e+01 5.267000013615255938e+00
7.400000000000000000e+01 1.700000000000000000e+01 5.211397286360671899e+00
7.400000000000000000e+01 1.800000000000000000e+01 5.150561367174192107e+00
7.400000000000000000e+01 1.900000000000000000e+01 5.266004228692322542e+00
7.400000000000000000e+01 2.000000000000000000e+01 5.366482214807379414e+00
7.400000000000000000e+01 2.100000000000000000e+01 5.295602732536798918e+00
7.400000000000000000e+01 2.200000000000000000e+01 5.297282878828418085e+00
7.400000000000000000e+01 2.300000000000000000e+01 5.385991665306566034e+00
7.400000000000000000e+01 2.400000000000000000e+01 5.456239022810421169e+00
7.400000000000000000e+01 2.500000000000000000e+01 5.595178614226893998e+00
7.400000000000000000e+01 2.600000000000000000e+01 5.643283603400507609e+00
7.400000000000000000e+01 2.700000000000000000e+01 5.615961205419200297e+00
7.400000000000000000e+01 2.800000000000000000e+01 5.738601014504132181e+00
7.400000000000000000e+01 2.900000000000000000e+01 5.879383761774921169e+00
7.400000000000000000e+01 3.000000000000000000e+01 6.109379008059409699e+00
7.400000000000000000e+01 3.100000000000000000e+01 6.282640984730655909e+00
7.400000000000000000e+01 3.200000000000000000e+01 6.405185650457384305e+00
7.400000000000000000e+01 3.300000000000000000e+01 6.438868760974000516e+00
7.400000000000000000e+01 3.400000000000000000e+01 nan
7.400000000000000000e+01 3.500000000000000000e+01 nan
7.500000000000000000e+01 8.000000000000000000e+00 nan
7.500000000000000000e+01 9.000000000000000000e+00 5.364192097367351586e+00
7.500000000000000000e+01 1.000000000000000000e+01 5.407479850856963921e+00
7.500000000000000000e+01 1.100000000000000000e+01 5.416665980603686315e+00
7.500000000000000000e+01 1.200000000000000000e+01 5.391797457428254781e+00
7.500000000000000000e+01 1.300000000000000000e+01 5.319370555537047629e+00
7.500000000000000000e+01 1.400000000000000000e+01 5.308693380852215427e+00
7.500000000000000000e+01 1.500000000000000000e+01 5.350344413261777454e+00
7.500000000000000000e+01 1.600000000000000000e+01 5.388488566350439157e+00
7.500000000000000000e+01 1.700000000000000000e+01 5.348660671210378581e+00
7.500000000000000000e+01 1.800000000000000000e+01 5.283463525486647328e+00
7.500000000000000000e+01 1.900000000000000000e+01 5.326121711339486531e+00
7.500000000000000000e+01 2.000000000000000000e+01 5.376368677574887123e+00
7.500000000000000000e+01 2.100000000000000000e+01 5.320564515804298011e+00
7.500000000000000000e+01 2.200000000000000000e+01 5.333848470410991638e+00
7.500000000000000000e+01 2.300000000000000000e+01 5.473256379036131491e+00
7.500000000000000000e+01 2.400000000000000000e+01 5.552305209298653565e+00
7.500000000000000000e+01 2.500000000000000000e+01 5.649573386632823713e+00
7.500000000000000000e+01 2.600000000000000000e+01 5.702982019378049827e+00
7.500000000000000000e+01 2.700000000000000000e+01 5.665749929144502595e+00
7.500000000000000000e+01 2.800000000000000000e+01 5.778554449520395764e+00
7.500000000000000000e+01 2.900000000000000000e+01 5.947626138529332529e+00
7.500000000000000000e+01 3.000000000000000000e+01 6.073984456645951546e+00
7.500000000000000000e+01 3.100000000000000000e+01 6.122076323392534825e+00
7.500000000000000000e+01 3.200000000000000000e+01 nan
7.500000000000000000e+01 3.300000000000000000e+01 nan
7.500000000000000000e+01 3.400000000000000000e+01 nan
7.500000000000000000e+01 3.500000000000000000e+01 nan
7.600000000000000000e+01 8.000000000000000000e+00 nan
7.600000000000000000e+01 9.000000000000000000e+00 5.358699160980422427e+00
7.600000000000000000e+01 1.000000000000000000e+01 5.409724961481998662e+00
7.600000000000000000e+01 1.100000000000000000e+01 5.440439763514226534e+00
7.600000000000000000e+01 1.200000000000000000e+01 5.435600065219714061e+00
7.600000000000000000e+01 1.300000000000000000e+01 5.405333387289182667e+00
7.600000000000000000e+01 1.400000000000000000e+01 5.366528867775562261e+00
7.600000000000000000e+01 1.500000000000000000e+01 5.374122617775177524e+00
7.600000000000000000e+01 1.600000000000000000e+01 5.416968219534894935e+00
7.600000000000000000e+01 1.700000000000000000e+01 5.411719402032932003e+00
7.600000000000000000e+01 1.800000000000000000e+01 5.340289984879603935e+00
7.600000000000000000e+01 1.900000000000000000e+01 5.342949902943169072e+00
7.600000000000000000e+01 2.000000000000000000e+01 5.369179380496610143e+00
7.600000000000000000e+01 2.100000000000000000e+01 5.310108997880302439e+00
7.600000000000000000e+01 2.200000000000000000e+01 5.365563871871760426e+00
7.600000000000000000e+01 2.300000000000000000e+01 5.529955771211411353e+00
7.600000000000000000e+01 2.400000000000000000e+01 5.562145826774920643e+00
7.600000000000000000e+01 2.500000000000000000e+01 5.650405578200104806e+00
7.600000000000000000e+01 2.600000000000000000e+01 5.734490832165205276e+00
7.600000000000000000e+01 2.700000000000000000e+01 5.738828731850720288e+00
7.600000000000000000e+01 2.800000000000000000e+01 5.851428661868995462e+00
7.600000000000000000e+01 2.900000000000000000e+01 5.987452038750634031e+00
7.600000000000000000e+01 3.000000000000000000e+01 6.083867690128559325e+00
7.600000000000000000e+01 3.100000000000000000e+01 6.116521391639536454e+00
7.600000000000000000e+01 3.200000000000000000e+01 nan
7.600000000000000000e+01 3.300000000000000000e+01 nan
7.600000000000000000e+01 3.400000000000000000e+01 nan
7.600000000000000000e+01 3.500000000000000000e+01 nan
7.700000000000000000e+01 8.000000000000000000e+00 nan
7.700000000000000000e+01 9.000000000000000000e+00 5.408748629957875309e+00
7.700000000000000000e+01 1.000000000000000000e+01 5.446475885823925722e+00
7.700000000000000000e+01 1.100000000000000000e+01 5.451593182106558189e+00
7.700000000000000000e+01 1.200000000000000000e+01 5.413083740293396673e+00
7.700000000000000000e+01 1.300000000000000000e+01 5.392417191321878356e+00
7.700000000000000000e+01 1.400000000000000000e+01 5.350771669958116483e+00
7.700000000000000000e+01 1.500000000000000000e+01 5.342295046509970113e+00
7.700000000000000000e+01 1.600000000000000000e+01 5.440036963972193718e+00
7.700000000000000000e+01 1.700000000000000000e+01 5.411808627014825568e+00
7.700000000000000000e+01 1.800000000000000000e+01 5.323240880193012892e+00
7.700000000000000000e+01 1.900000000000000000e+01 5.358168480394261302e+00
7.700000000000000000e+01 2.000000000000000000e+01 5.404611701417165293e+00
7.700000000000000000e+01 2.100000000000000000e+01 5.352629172173481109e+00
7.700000000000000000e+01 2.200000000000000000e+01 5.401008365529143873e+00
7.700000000000000000e+01 2.300000000000000000e+01 5.550003583051438483e+00
7.700000000000000000e+01 2.400000000000000000e+01 5.553944916573096080e+00
7.700000000000000000e+01 2.500000000000000000e+01 5.637400450844074484e+00
7.700000000000000000e+01 2.600000000000000000e+01 5.767446155100639515e+00
7.700000000000000000e+01 2.700000000000000000e+01 nan
7.700000000000000000e+01 2.800000000000000000e+01 nan
7.700000000000000000e+01 2.900000000000000000e+01 nan
7.700000000000000000e+01 3.000000000000000000e+01 nan
7.700000000000000000e+01 3.100000000000000000e+01 nan
7.700000000000000000e+01 3.200000000000000000e+01 nan
7.700000000000000000e+01 3.300000000000000000e+01 nan
7.700000000000000000e+01 3.400000000000000000e+01 nan
7.700000000000000000e+01 3.500000000000000000e+01 nan
