Longitude[deg], Latitude[deg], Dust optical depth
-1.260000000000000000e+02 -1.500000000000000000e+01 nan
-1.260000000000000000e+02 -1.400000000000000000e+01 nan
-1.260000000000000000e+02 -1.300000000000000000e+01 nan
-1.260000000000000000e+02 -1.200000000000000000e+01 nan
-1.260000000000000000e+02 -1.100000000000000000e+01 nan
-1.260000000000000000e+02 -1.000000000000000000e+01 nan
-1.260000000000000000e+02 -9.000000000000000000e+00 nan
-1.260000000000000000e+02 -8.000000000000000000e+00 nan
-1.260000000000000000e+02 -7.000000000000000000e+00 nan
-1.260000000000000000e+02 -6.000000000000000000e+00 nan
-1.260000000000000000e+02 -5.000000000000000000e+00 nan
-1.260000000000000000e+02 -4.000000000000000000e+00 nan
-1.260000000000000000e+02 -3.000000000000000000e+00 nan
-1.260000000000000000e+02 -2.000000000000000000e+00 5.890869033653562958e+00
-1.260000000000000000e+02 -1.000000000000000000e+00 5.746447833276146611e+00
-1.260000000000000000e+02 0.000000000000000000e+00 5.736462753206030385e+00
-1.260000000000000000e+02 1.000000000000000000e+00 5.749109999783200031e+00
-1.260000000000000000e+02 2.000000000000000000e+00 5.669043100163316140e+00
-1.260000000000000000e+02 3.000000000000000000e+00 5.492391102334456932e+00
-1.260000000000000000e+02 4.000000000000000000e+00 5.220795293496065526e+00
-1.260000000000000000e+02 5.000000000000000000e+00 4.995956373288694685e+00
-1.250000000000000000e+02 -1.500000000000000000e+01 nan
-1.250000000000000000e+02 -1.400000000000000000e+01 nan
-1.250000000000000000e+02 -1.300000000000000000e+01 nan
-1.250000000000000000e+02 -1.200000000000000000e+01 nan
-1.250000000000000000e+02 -1.100000000000000000e+01 nan
-1.250000000000000000e+02 -1.000000000000000000e+01 nan
-1.250000000000000000e+02 -9.000000000000000000e+00 nan
-1.250000000000000000e+02 -8.000000000000000000e+00 nan
-1.250000000000000000e+02 -7.000000000000000000e+00 nan
-1.250000000000000000e+02 -6.000000000000000000e+00 6.456723408989243573e+00
-1.250000000000000000e+02 -5.000000000000000000e+00 6.499944896275344774e+00
-1.250000000000000000e+02 -4.000000000000000000e+00 6.637857140991656912e+00
-1.250000000000000000e+02 -3.000000000000000000e+00 6.549948447296916498e+00
-1.250000000000000000e+02 -2.000000000000000000e+00 6.204806476892089862e+00
-1.250000000000000000e+02 -1.000000000000000000e+00 5.766386484442873162e+00
-1.250000000000000000e+02 0.000000000000000000e+00 5.715516382780417182e+00
-1.250000000000000000e+02 1.000000000000000000e+00 5.836645494112444155e+00
-1.250000000000000000e+02 2.000000000000000000e+00 5.788586778370970798e+00
-1.250000000000000000e+02 3.000000000000000000e+00 5.590643250880400039e+00
-1.250000000000000000e+02 4.000000000000000000e+00 5.420815441334267959e+00
-1.250000000000000000e+02 5.000000000000000000e+00 5.216872155830562185e+00
-1.240000000000000000e+02 -1.500000000000000000e+01 nan
-1.240000000000000000e+02 -1.400000000000000000e+01 nan
-1.240000000000000000e+02 -1.300000000000000000e+01 nan
-1.240000000000000000e+02 -1.200000000000000000e+01 nan
-1.240000000000000000e+02 -1.100000000000000000e+01 nan
-1.240000000000000000e+02 -1.000000000000000000e+01 nan
-1.240000000000000000e+02 -9.000000000000000000e+00 nan
-1.240000000000000000e+02 -8.000000000000000000e+00 nan
-1.240000000000000000e+02 -7.000000000000000000e+00 nan
-1.240000000000000000e+02 -6.000000000000000000e+00 6.456723408989243573e+00
-1.240000000000000000e+02 -5.000000000000000000e+00 6.499944896275344774e+00
-1.240000000000000000e+02 -4.000000000000000000e+00 6.694521687835993440e+00
-1.240000000000000000e+02 -3.000000000000000000e+00 6.580812130149828576e+00
-1.240000000000000000e+02 -2.000000000000000000e+00 6.229811701184854833e+00
-1.240000000000000000e+02 -1.000000000000000000e+00 5.793557325765531729e+00
-1.240000000000000000e+02 0.000000000000000000e+00 5.766939765332584678e+00
-1.240000000000000000e+02 1.000000000000000000e+00 5.853948427917952557e+00
-1.240000000000000000e+02 2.000000000000000000e+00 5.876615606854023177e+00
-1.240000000000000000e+02 3.000000000000000000e+00 5.729026308416646174e+00
-1.240000000000000000e+02 4.000000000000000000e+00 5.660493439943432570e+00
-1.240000000000000000e+02 5.000000000000000000e+00 5.528971520387900185e+00
-1.230000000000000000e+02 -1.500000000000000000e+01 nan
-1.230000000000000000e+02 -1.400000000000000000e+01 nan
-1.230000000000000000e+02 -1.300000000000000000e+01 nan
-1.230000000000000000e+02 -1.200000000000000000e+01 nan
-1.230000000000000000e+02 -1.100000000000000000e+01 nan
-1.230000000000000000e+02 -1.000000000000000000e+01 nan
-1.230000000000000000e+02 -9.000000000000000000e+00 nan
-1.230000000000000000e+02 -8.000000000000000000e+00 nan
-1.230000000000000000e+02 -7.000000000000000000e+00 nan
-1.230000000000000000e+02 -6.000000000000000000e+00 nan
-1.230000000000000000e+02 -5.000000000000000000e+00 nan
-1.230000000000000000e+02 -4.000000000000000000e+00 6.708174061862878013e+00
-1.230000000000000000e+02 -3.000000000000000000e+00 6.658506448409319489e+00
-1.230000000000000000e+02 -2.000000000000000000e+00 6.211241548088658249e+00
-1.230000000000000000e+02 -1.000000000000000000e+00 5.832492028511346405e+00
-1.230000000000000000e+02 0.000000000000000000e+00 5.790178077385199629e+00
-1.230000000000000000e+02 1.000000000000000000e+00 5.875616301107688066e+00
-1.230000000000000000e+02 2.000000000000000000e+00 5.879951889127372766e+00
-1.230000000000000000e+02 3.000000000000000000e+00 5.786834867745286992e+00
-1.230000000000000000e+02 4.000000000000000000e+00 5.766914677791350918e+00
-1.230000000000000000e+02 5.000000000000000000e+00 5.663830419881409561e+00
-1.220000000000000000e+02 -1.500000000000000000e+01 nan
-1.220000000000000000e+02 -1.400000000000000000e+01 nan
-1.220000000000000000e+02 -1.300000000000000000e+01 nan
-1.220000000000000000e+02 -1.200000000000000000e+01 nan
-1.220000000000000000e+02 -1.100000000000000000e+01 nan
-1.220000000000000000e+02 -1.000000000000000000e+01 nan
-1.220000000000000000e+02 -9.000000000000000000e+00 nan
-1.220000000000000000e+02 -8.000000000000000000e+00 nan
-1.220000000000000000e+02 -7.000000000000000000e+00 nan
-1.220000000000000000e+02 -6.000000000000000000e+00 nan
-1.220000000000000000e+02 -5.000000000000000000e+00 nan
-1.220000000000000000e+02 -4.000000000000000000e+00 nan
-1.220000000000000000e+02 -3.000000000000000000e+00 6.370814697111418567e+00
-1.220000000000000000e+02 -2.000000000000000000e+00 6.047694270137780492e+00
-1.220000000000000000e+02 -1.000000000000000000e+00 5.857049095639006886e+00
-1.220000000000000000e+02 0.000000000000000000e+00 5.785013898540248611e+00
-1.220000000000000000e+02 1.000000000000000000e+00 5.943930140146597374e+00
-1.220000000000000000e+02 2.000000000000000000e+00 5.903762228466753470e+00
-1.220000000000000000e+02 3.000000000000000000e+00 5.817621580906062739e+00
-1.220000000000000000e+02 4.000000000000000000e+00 5.879739173704426669e+00
-1.220000000000000000e+02 5.000000000000000000e+00 nan
