Longitude[deg], Latitude[deg], Dust optical depth
1.410000000000000000e+02 -5.100000000000000000e+01 4.817201209662628436e+00
1.410000000000000000e+02 -5.000000000000000000e+01 4.893932311940458746e+00
1.410000000000000000e+02 -4.900000000000000000e+01 4.947531036639185587e+00
1.410000000000000000e+02 -4.800000000000000000e+01 4.927320610580679272e+00
1.410000000000000000e+02 -4.700000000000000000e+01 4.946756270256088328e+00
1.410000000000000000e+02 -4.600000000000000000e+01 4.952630650303513349e+00
1.410000000000000000e+02 -4.500000000000000000e+01 5.150413783591409889e+00
1.410000000000000000e+02 -4.400000000000000000e+01 5.545852333998230854e+00
1.410000000000000000e+02 -4.300000000000000000e+01 6.331447826322194494e+00
1.410000000000000000e+02 -4.200000000000000000e+01 6.893364562122018313e+00
1.410000000000000000e+02 -4.100000000000000000e+01 7.245128508349504948e+00
1.410000000000000000e+02 -4.000000000000000000e+01 8.009059006516734414e+00
1.410000000000000000e+02 -3.900000000000000000e+01 8.383919321112802692e+00
1.410000000000000000e+02 -3.800000000000000000e+01 8.661639293463707645e+00
1.410000000000000000e+02 -3.700000000000000000e+01 9.268543019849150966e+00
1.410000000000000000e+02 -3.600000000000000000e+01 1.083518867981111278e+01
1.410000000000000000e+02 -3.500000000000000000e+01 1.224456037557521704e+01
1.410000000000000000e+02 -3.400000000000000000e+01 1.328786916959706765e+01
1.410000000000000000e+02 -3.300000000000000000e+01 1.385644507053961938e+01
1.410000000000000000e+02 -3.200000000000000000e+01 1.409611489442571575e+01
1.410000000000000000e+02 -3.100000000000000000e+01 1.428870843136476410e+01
1.410000000000000000e+02 -3.000000000000000000e+01 1.428170968339855840e+01
1.410000000000000000e+02 -2.900000000000000000e+01 1.421764533527288243e+01
1.410000000000000000e+02 -2.800000000000000000e+01 1.453537869614959277e+01
1.410000000000000000e+02 -2.700000000000000000e+01 1.525637663173394998e+01
1.410000000000000000e+02 -2.600000000000000000e+01 1.560749260613628309e+01
1.410000000000000000e+02 -2.500000000000000000e+01 nan
1.420000000000000000e+02 -5.100000000000000000e+01 4.817201209662628436e+00
1.420000000000000000e+02 -5.000000000000000000e+01 4.893932311940458746e+00
1.420000000000000000e+02 -4.900000000000000000e+01 4.947531036639185587e+00
1.420000000000000000e+02 -4.800000000000000000e+01 4.927320610580679272e+00
1.420000000000000000e+02 -4.700000000000000000e+01 4.946756270256088328e+00
1.420000000000000000e+02 -4.600000000000000000e+01 4.952661209759297911e+00
1.420000000000000000e+02 -4.500000000000000000e+01 5.157672540225077817e+00
1.420000000000000000e+02 -4.400000000000000000e+01 5.592303727481046316e+00
1.420000000000000000e+02 -4.300000000000000000e+01 6.321940831200901556e+00
1.420000000000000000e+02 -4.200000000000000000e+01 6.886383487166213513e+00
1.420000000000000000e+02 -4.100000000000000000e+01 7.257999210076190977e+00
1.420000000000000000e+02 -4.000000000000000000e+01 8.003695330024571675e+00
1.420000000000000000e+02 -3.900000000000000000e+01 8.392907476125582633e+00
1.420000000000000000e+02 -3.800000000000000000e+01 8.653133858029185888e+00
1.420000000000000000e+02 -3.700000000000000000e+01 9.250099408088829023e+00
1.420000000000000000e+02 -3.600000000000000000e+01 1.087343851269418948e+01
1.420000000000000000e+02 -3.500000000000000000e+01 1.235541240211109759e+01
1.420000000000000000e+02 -3.400000000000000000e+01 1.318224898134017842e+01
1.420000000000000000e+02 -3.300000000000000000e+01 1.381904677117451818e+01
1.420000000000000000e+02 -3.200000000000000000e+01 1.411357973700942381e+01
1.420000000000000000e+02 -3.100000000000000000e+01 1.425340169780661981e+01
1.420000000000000000e+02 -3.000000000000000000e+01 1.430276709034756699e+01
1.420000000000000000e+02 -2.900000000000000000e+01 1.429989335642131643e+01
1.420000000000000000e+02 -2.800000000000000000e+01 1.434936413653231568e+01
1.420000000000000000e+02 -2.700000000000000000e+01 1.489707895132320736e+01
1.420000000000000000e+02 -2.600000000000000000e+01 1.531054755640174214e+01
1.420000000000000000e+02 -2.500000000000000000e+01 nan
1.430000000000000000e+02 -5.100000000000000000e+01 nan
1.430000000000000000e+02 -5.000000000000000000e+01 nan
1.430000000000000000e+02 -4.900000000000000000e+01 nan
1.430000000000000000e+02 -4.800000000000000000e+01 nan
1.430000000000000000e+02 -4.700000000000000000e+01 nan
1.430000000000000000e+02 -4.600000000000000000e+01 nan
1.430000000000000000e+02 -4.500000000000000000e+01 5.414193661426804027e+00
1.430000000000000000e+02 -4.400000000000000000e+01 5.735775126399065726e+00
1.430000000000000000e+02 -4.300000000000000000e+01 6.296582687027389547e+00
1.430000000000000000e+02 -4.200000000000000000e+01 6.867471273068976423e+00
1.430000000000000000e+02 -4.100000000000000000e+01 7.291844807575719400e+00
1.430000000000000000e+02 -4.000000000000000000e+01 7.997201424724172725e+00
1.430000000000000000e+02 -3.900000000000000000e+01 8.401467052725932305e+00
1.430000000000000000e+02 -3.800000000000000000e+01 8.649268948956006398e+00
1.430000000000000000e+02 -3.700000000000000000e+01 9.230352024211383011e+00
1.430000000000000000e+02 -3.600000000000000000e+01 1.089793127840898102e+01
1.430000000000000000e+02 -3.500000000000000000e+01 1.244430895975837892e+01
1.430000000000000000e+02 -3.400000000000000000e+01 1.316206096342087761e+01
1.430000000000000000e+02 -3.300000000000000000e+01 1.380432900354415970e+01
1.430000000000000000e+02 -3.200000000000000000e+01 1.411995314953369807e+01
1.430000000000000000e+02 -3.100000000000000000e+01 1.424455093114314863e+01
1.430000000000000000e+02 -3.000000000000000000e+01 1.431140179958830139e+01
1.430000000000000000e+02 -2.900000000000000000e+01 1.433097377674793016e+01
1.430000000000000000e+02 -2.800000000000000000e+01 1.432037019500698527e+01
1.430000000000000000e+02 -2.700000000000000000e+01 1.471187325711769134e+01
1.430000000000000000e+02 -2.600000000000000000e+01 1.524868729679142199e+01
1.430000000000000000e+02 -2.500000000000000000e+01 nan
