Longitude[deg], Latitude[deg], Dust optical depth
4.100000000000000000e+01 -1.200000000000000000e+01 nan
4.100000000000000000e+01 -1.100000000000000000e+01 nan
4.100000000000000000e+01 -1.000000000000000000e+01 nan
4.100000000000000000e+01 -9.000000000000000000e+00 nan
4.100000000000000000e+01 -8.000000000000000000e+00 nan
4.100000000000000000e+01 -7.000000000000000000e+00 nan
4.100000000000000000e+01 -6.000000000000000000e+00 nan
4.100000000000000000e+01 -5.000000000000000000e+00 nan
4.100000000000000000e+01 -4.000000000000000000e+00 nan
4.100000000000000000e+01 -3.000000000000000000e+00 nan
4.100000000000000000e+01 -2.000000000000000000e+00 nan
4.100000000000000000e+01 -1.000000000000000000e+00 nan
4.100000000000000000e+01 0.000000000000000000e+00 nan
4.100000000000000000e+01 1.000000000000000000e+00 nan
4.100000000000000000e+01 2.000000000000000000e+00 nan
4.100000000000000000e+01 3.000000000000000000e+00 nan
4.100000000000000000e+01 4.000000000000000000e+00 nan
4.100000000000000000e+01 5.000000000000000000e+00 5.979288850089094609e+00
4.100000000000000000e+01 6.000000000000000000e+00 6.021248167166254994e+00
4.100000000000000000e+01 7.000000000000000000e+00 6.028973268470999791e+00
4.100000000000000000e+01 8.000000000000000000e+00 6.044116177945890733e+00
4.100000000000000000e+01 9.000000000000000000e+00 6.188200390708611387e+00
4.200000000000000000e+01 -1.200000000000000000e+01 nan
4.200000000000000000e+01 -1.100000000000000000e+01 nan
4.200000000000000000e+01 -1.000000000000000000e+01 nan
4.200000000000000000e+01 -9.000000000000000000e+00 nan
4.200000000000000000e+01 -8.000000000000000000e+00 nan
4.200000000000000000e+01 -7.000000000000000000e+00 nan
4.200000000000000000e+01 -6.000000000000000000e+00 7.949512048761504523e+00
4.200000000000000000e+01 -5.000000000000000000e+00 7.661596649057446307e+00
4.200000000000000000e+01 -4.000000000000000000e+00 7.505703515835338457e+00
4.200000000000000000e+01 -3.000000000000000000e+00 7.054487038568587387e+00
4.200000000000000000e+01 -2.000000000000000000e+00 6.646249107516863930e+00
4.200000000000000000e+01 -1.000000000000000000e+00 6.520624686285048099e+00
4.200000000000000000e+01 0.000000000000000000e+00 6.416917022810619819e+00
4.200000000000000000e+01 1.000000000000000000e+00 6.383100568017842313e+00
4.200000000000000000e+01 2.000000000000000000e+00 6.302709748401372991e+00
4.200000000000000000e+01 3.000000000000000000e+00 6.246493767802595798e+00
4.200000000000000000e+01 4.000000000000000000e+00 6.085546033909468910e+00
4.200000000000000000e+01 5.000000000000000000e+00 5.922826443449757505e+00
4.200000000000000000e+01 6.000000000000000000e+00 5.930126465354554455e+00
4.200000000000000000e+01 7.000000000000000000e+00 5.967474817654064623e+00
4.200000000000000000e+01 8.000000000000000000e+00 6.041817492159553993e+00
4.200000000000000000e+01 9.000000000000000000e+00 6.213625008567429830e+00
4.300000000000000000e+01 -1.200000000000000000e+01 8.548967541988263363e+00
4.300000000000000000e+01 -1.100000000000000000e+01 8.475554367446505921e+00
4.300000000000000000e+01 -1.000000000000000000e+01 8.375587635690250110e+00
4.300000000000000000e+01 -9.000000000000000000e+00 8.343937031949257843e+00
4.300000000000000000e+01 -8.000000000000000000e+00 8.169345771399857625e+00
4.300000000000000000e+01 -7.000000000000000000e+00 7.941367398317040305e+00
4.300000000000000000e+01 -6.000000000000000000e+00 7.842221310242080357e+00
4.300000000000000000e+01 -5.000000000000000000e+00 7.652352275289293182e+00
4.300000000000000000e+01 -4.000000000000000000e+00 7.423470885674822384e+00
4.300000000000000000e+01 -3.000000000000000000e+00 6.960867883536932865e+00
4.300000000000000000e+01 -2.000000000000000000e+00 6.572538385550555695e+00
4.300000000000000000e+01 -1.000000000000000000e+00 6.482322920477831651e+00
4.300000000000000000e+01 0.000000000000000000e+00 6.401841127834292600e+00
4.300000000000000000e+01 1.000000000000000000e+00 6.380025018668922243e+00
4.300000000000000000e+01 2.000000000000000000e+00 6.274991094657098145e+00
4.300000000000000000e+01 3.000000000000000000e+00 6.212887564235346716e+00
4.300000000000000000e+01 4.000000000000000000e+00 6.082286350186770996e+00
4.300000000000000000e+01 5.000000000000000000e+00 5.922368910830346778e+00
4.300000000000000000e+01 6.000000000000000000e+00 5.907940874681290033e+00
4.300000000000000000e+01 7.000000000000000000e+00 5.943597005303823622e+00
4.300000000000000000e+01 8.000000000000000000e+00 6.022930981059197997e+00
4.300000000000000000e+01 9.000000000000000000e+00 6.193567988289512272e+00
4.400000000000000000e+01 -1.200000000000000000e+01 8.494541430845371721e+00
4.400000000000000000e+01 -1.100000000000000000e+01 8.444967833364950494e+00
4.400000000000000000e+01 -1.000000000000000000e+01 8.359189530363122955e+00
4.400000000000000000e+01 -9.000000000000000000e+00 8.272333383923594852e+00
4.400000000000000000e+01 -8.000000000000000000e+00 8.104818209681956986e+00
4.400000000000000000e+01 -7.000000000000000000e+00 7.886292899713850169e+00
4.400000000000000000e+01 -6.000000000000000000e+00 7.748898311466714262e+00
4.400000000000000000e+01 -5.000000000000000000e+00 7.557747481432653736e+00
4.400000000000000000e+01 -4.000000000000000000e+00 7.305681448905617437e+00
4.400000000000000000e+01 -3.000000000000000000e+00 6.926894406167421359e+00
4.400000000000000000e+01 -2.000000000000000000e+00 6.567097661484090132e+00
4.400000000000000000e+01 -1.000000000000000000e+00 6.455637590406555937e+00
4.400000000000000000e+01 0.000000000000000000e+00 6.391321149294057591e+00
4.400000000000000000e+01 1.000000000000000000e+00 6.378968191655738806e+00
4.400000000000000000e+01 2.000000000000000000e+00 6.250483240859515455e+00
4.400000000000000000e+01 3.000000000000000000e+00 6.180145728250393766e+00
4.400000000000000000e+01 4.000000000000000000e+00 6.084957477752589661e+00
4.400000000000000000e+01 5.000000000000000000e+00 5.934921272375541790e+00
4.400000000000000000e+01 6.000000000000000000e+00 5.892500525456619620e+00
4.400000000000000000e+01 7.000000000000000000e+00 5.919639148988204980e+00
4.400000000000000000e+01 8.000000000000000000e+00 6.014709632613316259e+00
4.400000000000000000e+01 9.000000000000000000e+00 6.126536560746521864e+00
4.500000000000000000e+01 -1.200000000000000000e+01 8.484529523375570648e+00
4.500000000000000000e+01 -1.100000000000000000e+01 8.426194760741985590e+00
4.500000000000000000e+01 -1.000000000000000000e+01 8.334390403377900824e+00
4.500000000000000000e+01 -9.000000000000000000e+00 8.199032559546090226e+00
4.500000000000000000e+01 -8.000000000000000000e+00 8.045652196845962223e+00
4.500000000000000000e+01 -7.000000000000000000e+00 7.834648486491720298e+00
4.500000000000000000e+01 -6.000000000000000000e+00 7.668655539398169907e+00
4.500000000000000000e+01 -5.000000000000000000e+00 7.444130997138660000e+00
4.500000000000000000e+01 -4.000000000000000000e+00 7.226971409565065230e+00
4.500000000000000000e+01 -3.000000000000000000e+00 6.919312014787577070e+00
4.500000000000000000e+01 -2.000000000000000000e+00 6.589542939075259120e+00
4.500000000000000000e+01 -1.000000000000000000e+00 6.452013919619840721e+00
4.500000000000000000e+01 0.000000000000000000e+00 6.396165020718697747e+00
4.500000000000000000e+01 1.000000000000000000e+00 6.380014449459824100e+00
4.500000000000000000e+01 2.000000000000000000e+00 6.236089839670038160e+00
4.500000000000000000e+01 3.000000000000000000e+00 6.166083199066141773e+00
4.500000000000000000e+01 4.000000000000000000e+00 6.092851196429631244e+00
4.500000000000000000e+01 5.000000000000000000e+00 5.953280797200229735e+00
4.500000000000000000e+01 6.000000000000000000e+00 5.893157510750634209e+00
4.500000000000000000e+01 7.000000000000000000e+00 5.889118469134447587e+00
4.500000000000000000e+01 8.000000000000000000e+00 6.021071043278139356e+00
4.500000000000000000e+01 9.000000000000000000e+00 6.187442657145977520e+00
4.600000000000000000e+01 -1.200000000000000000e+01 8.677535100627528308e+00
4.600000000000000000e+01 -1.100000000000000000e+01 8.495369083843860025e+00
4.600000000000000000e+01 -1.000000000000000000e+01 8.257997971094994227e+00
4.600000000000000000e+01 -9.000000000000000000e+00 8.121191329465672126e+00
4.600000000000000000e+01 -8.000000000000000000e+00 nan
4.600000000000000000e+01 -7.000000000000000000e+00 nan
4.600000000000000000e+01 -6.000000000000000000e+00 nan
4.600000000000000000e+01 -5.000000000000000000e+00 nan
4.600000000000000000e+01 -4.000000000000000000e+00 nan
4.600000000000000000e+01 -3.000000000000000000e+00 nan
4.600000000000000000e+01 -2.000000000000000000e+00 nan
4.600000000000000000e+01 -1.000000000000000000e+00 nan
4.600000000000000000e+01 0.000000000000000000e+00 nan
4.600000000000000000e+01 1.000000000000000000e+00 nan
4.600000000000000000e+01 2.000000000000000000e+00 nan
4.600000000000000000e+01 3.000000000000000000e+00 nan
4.600000000000000000e+01 4.000000000000000000e+00 nan
4.600000000000000000e+01 5.000000000000000000e+00 nan
4.600000000000000000e+01 6.000000000000000000e+00 nan
4.600000000000000000e+01 7.000000000000000000e+00 nan
4.600000000000000000e+01 8.000000000000000000e+00 nan
4.600000000000000000e+01 9.000000000000000000e+00 nan
