Longitude[deg], Latitude[deg], Dust optical depth
-2.100000000000000000e+01 -5.300000000000000000e+01 4.680335154794613040e+00
-2.100000000000000000e+01 -5.200000000000000000e+01 4.468952608970562679e+00
-2.100000000000000000e+01 -5.100000000000000000e+01 4.332137535128337547e+00
-2.100000000000000000e+01 -5.000000000000000000e+01 4.067138036828839454e+00
-2.100000000000000000e+01 -4.900000000000000000e+01 4.149285716504329535e+00
-2.100000000000000000e+01 -4.800000000000000000e+01 4.300864869323445916e+00
-2.100000000000000000e+01 -4.700000000000000000e+01 4.179973432632745123e+00
-2.100000000000000000e+01 -4.600000000000000000e+01 4.549730641661274610e+00
-2.100000000000000000e+01 -4.500000000000000000e+01 4.565352905254051130e+00
-2.100000000000000000e+01 -4.400000000000000000e+01 4.604742081658727670e+00
-2.100000000000000000e+01 -4.300000000000000000e+01 4.623798108279600250e+00
-2.100000000000000000e+01 -4.200000000000000000e+01 4.545760416224069012e+00
-2.100000000000000000e+01 -4.100000000000000000e+01 4.443362896470977930e+00
-2.100000000000000000e+01 -4.000000000000000000e+01 4.526434157554770188e+00
-2.100000000000000000e+01 -3.900000000000000000e+01 4.791137264204041735e+00
-2.100000000000000000e+01 -3.800000000000000000e+01 4.826470895596804311e+00
-2.100000000000000000e+01 -3.700000000000000000e+01 4.844714562165120419e+00
-2.100000000000000000e+01 -3.600000000000000000e+01 5.056558659218207019e+00
-2.100000000000000000e+01 -3.500000000000000000e+01 4.954788360631178001e+00
-2.100000000000000000e+01 -3.400000000000000000e+01 4.946115185429404093e+00
-2.100000000000000000e+01 -3.300000000000000000e+01 5.117213784626274631e+00
-2.100000000000000000e+01 -3.200000000000000000e+01 5.141784885908820435e+00
-2.100000000000000000e+01 -3.100000000000000000e+01 5.176157548168145439e+00
-2.100000000000000000e+01 -3.000000000000000000e+01 5.189720501743742886e+00
-2.100000000000000000e+01 -2.900000000000000000e+01 5.171581044588054787e+00
-2.100000000000000000e+01 -2.800000000000000000e+01 4.964924882918606563e+00
-2.100000000000000000e+01 -2.700000000000000000e+01 4.775195386610028514e+00
-2.100000000000000000e+01 -2.600000000000000000e+01 nan
-2.000000000000000000e+01 -5.300000000000000000e+01 4.677929158693835632e+00
-2.000000000000000000e+01 -5.200000000000000000e+01 4.470369494395910692e+00
-2.000000000000000000e+01 -5.100000000000000000e+01 4.324956489816115024e+00
-2.000000000000000000e+01 -5.000000000000000000e+01 4.068989496545746931e+00
-2.000000000000000000e+01 -4.900000000000000000e+01 4.145971265495001390e+00
-2.000000000000000000e+01 -4.800000000000000000e+01 4.250598030631087099e+00
-2.000000000000000000e+01 -4.700000000000000000e+01 4.180486354279255856e+00
-2.000000000000000000e+01 -4.600000000000000000e+01 4.549621815962717086e+00
-2.000000000000000000e+01 -4.500000000000000000e+01 4.586541283704778316e+00
-2.000000000000000000e+01 -4.400000000000000000e+01 4.614315071794604428e+00
-2.000000000000000000e+01 -4.300000000000000000e+01 4.622744671051453480e+00
-2.000000000000000000e+01 -4.200000000000000000e+01 4.542659725264890369e+00
-2.000000000000000000e+01 -4.100000000000000000e+01 4.442516394111092559e+00
-2.000000000000000000e+01 -4.000000000000000000e+01 4.503063606703519461e+00
-2.000000000000000000e+01 -3.900000000000000000e+01 4.782569378787712822e+00
-2.000000000000000000e+01 -3.800000000000000000e+01 4.821122153396331989e+00
-2.000000000000000000e+01 -3.700000000000000000e+01 4.835651498911120783e+00
-2.000000000000000000e+01 -3.600000000000000000e+01 5.054660794012494129e+00
-2.000000000000000000e+01 -3.500000000000000000e+01 4.959589856515372652e+00
-2.000000000000000000e+01 -3.400000000000000000e+01 4.943728599244553656e+00
-2.000000000000000000e+01 -3.300000000000000000e+01 5.114722060781073942e+00
-2.000000000000000000e+01 -3.200000000000000000e+01 5.140622375589190440e+00
-2.000000000000000000e+01 -3.100000000000000000e+01 5.174970277243543748e+00
-2.000000000000000000e+01 -3.000000000000000000e+01 5.189599079167386719e+00
-2.000000000000000000e+01 -2.900000000000000000e+01 5.171765389024320925e+00
-2.000000000000000000e+01 -2.800000000000000000e+01 4.964924882918606563e+00
-2.000000000000000000e+01 -2.700000000000000000e+01 4.775195386610028514e+00
-2.000000000000000000e+01 -2.600000000000000000e+01 nan
-1.900000000000000000e+01 -5.300000000000000000e+01 nan
-1.900000000000000000e+01 -5.200000000000000000e+01 nan
-1.900000000000000000e+01 -5.100000000000000000e+01 4.153616472163549567e+00
-1.900000000000000000e+01 -5.000000000000000000e+01 4.083237941831439954e+00
-1.900000000000000000e+01 -4.900000000000000000e+01 4.118609029475637229e+00
-1.900000000000000000e+01 -4.800000000000000000e+01 4.189138652490427717e+00
-1.900000000000000000e+01 -4.700000000000000000e+01 4.190204559440205756e+00
-1.900000000000000000e+01 -4.600000000000000000e+01 4.542813763294930141e+00
-1.900000000000000000e+01 -4.500000000000000000e+01 4.667215430816257005e+00
-1.900000000000000000e+01 -4.400000000000000000e+01 4.638072792707484737e+00
-1.900000000000000000e+01 -4.300000000000000000e+01 4.619223582364477387e+00
-1.900000000000000000e+01 -4.200000000000000000e+01 4.538771528451489345e+00
-1.900000000000000000e+01 -4.100000000000000000e+01 4.439868211642270523e+00
-1.900000000000000000e+01 -4.000000000000000000e+01 4.471662322789253352e+00
-1.900000000000000000e+01 -3.900000000000000000e+01 4.742381904913343327e+00
-1.900000000000000000e+01 -3.800000000000000000e+01 4.811832549265115944e+00
-1.900000000000000000e+01 -3.700000000000000000e+01 4.813418457692907104e+00
-1.900000000000000000e+01 -3.600000000000000000e+01 5.046254202221950536e+00
-1.900000000000000000e+01 -3.500000000000000000e+01 5.093443529594184227e+00
-1.900000000000000000e+01 -3.400000000000000000e+01 4.926579662189551456e+00
-1.900000000000000000e+01 -3.300000000000000000e+01 5.096004523168448763e+00
-1.900000000000000000e+01 -3.200000000000000000e+01 5.129822037084617925e+00
-1.900000000000000000e+01 -3.100000000000000000e+01 5.138974697102129063e+00
-1.900000000000000000e+01 -3.000000000000000000e+01 5.174287687667215252e+00
-1.900000000000000000e+01 -2.900000000000000000e+01 nan
-1.900000000000000000e+01 -2.800000000000000000e+01 nan
-1.900000000000000000e+01 -2.700000000000000000e+01 nan
-1.900000000000000000e+01 -2.600000000000000000e+01 nan
