Longitude[deg], Latitude[deg], Dust optical depth
-8.100000000000000000e+01 3.100000000000000000e+01 nan
-8.100000000000000000e+01 3.200000000000000000e+01 nan
-8.100000000000000000e+01 3.300000000000000000e+01 nan
-8.100000000000000000e+01 3.400000000000000000e+01 nan
-8.100000000000000000e+01 3.500000000000000000e+01 nan
-8.100000000000000000e+01 3.600000000000000000e+01 nan
-8.100000000000000000e+01 3.700000000000000000e+01 nan
-8.100000000000000000e+01 3.800000000000000000e+01 nan
-8.100000000000000000e+01 3.900000000000000000e+01 nan
-8.100000000000000000e+01 4.000000000000000000e+01 nan
-8.100000000000000000e+01 4.100000000000000000e+01 nan
-8.100000000000000000e+01 4.200000000000000000e+01 nan
-8.100000000000000000e+01 4.300000000000000000e+01 nan
-8.100000000000000000e+01 4.400000000000000000e+01 nan
-8.100000000000000000e+01 4.500000000000000000e+01 nan
-8.100000000000000000e+01 4.600000000000000000e+01 nan
-8.100000000000000000e+01 4.700000000000000000e+01 nan
-8.100000000000000000e+01 4.800000000000000000e+01 nan
-8.100000000000000000e+01 4.900000000000000000e+01 nan
-8.100000000000000000e+01 5.000000000000000000e+01 nan
-8.100000000000000000e+01 5.100000000000000000e+01 nan
-8.000000000000000000e+01 3.100000000000000000e+01 nan
-8.000000000000000000e+01 3.200000000000000000e+01 nan
-8.000000000000000000e+01 3.300000000000000000e+01 nan
-8.000000000000000000e+01 3.400000000000000000e+01 nan
-8.000000000000000000e+01 3.500000000000000000e+01 nan
-8.000000000000000000e+01 3.600000000000000000e+01 nan
-8.000000000000000000e+01 3.700000000000000000e+01 nan
-8.000000000000000000e+01 3.800000000000000000e+01 nan
-8.000000000000000000e+01 3.900000000000000000e+01 nan
-8.000000000000000000e+01 4.000000000000000000e+01 nan
-8.000000000000000000e+01 4.100000000000000000e+01 nan
-8.000000000000000000e+01 4.200000000000000000e+01 nan
-8.000000000000000000e+01 4.300000000000000000e+01 7.541396282755514768e-01
-8.000000000000000000e+01 4.400000000000000000e+01 8.100457953032234037e-01
-8.000000000000000000e+01 4.500000000000000000e+01 9.370321257744325116e-01
-8.000000000000000000e+01 4.600000000000000000e+01 9.677580191545485100e-01
-8.000000000000000000e+01 4.700000000000000000e+01 8.975347185181490328e-01
-8.000000000000000000e+01 4.800000000000000000e+01 8.422322576036355146e-01
-8.000000000000000000e+01 4.900000000000000000e+01 nan
-8.000000000000000000e+01 5.000000000000000000e+01 nan
-8.000000000000000000e+01 5.100000000000000000e+01 nan
-7.900000000000000000e+01 3.100000000000000000e+01 nan
-7.900000000000000000e+01 3.200000000000000000e+01 nan
-7.900000000000000000e+01 3.300000000000000000e+01 nan
-7.900000000000000000e+01 3.400000000000000000e+01 nan
-7.900000000000000000e+01 3.500000000000000000e+01 nan
-7.900000000000000000e+01 3.600000000000000000e+01 1.144901155254504310e+00
-7.900000000000000000e+01 3.700000000000000000e+01 9.381183243581973086e-01
-7.900000000000000000e+01 3.800000000000000000e+01 7.608407400510245333e-01
-7.900000000000000000e+01 3.900000000000000000e+01 7.226748113373557825e-01
-7.900000000000000000e+01 4.000000000000000000e+01 6.925287157053646725e-01
-7.900000000000000000e+01 4.100000000000000000e+01 6.649224229575656508e-01
-7.900000000000000000e+01 4.200000000000000000e+01 7.099353786754108997e-01
-7.900000000000000000e+01 4.300000000000000000e+01 7.701369865533812531e-01
-7.900000000000000000e+01 4.400000000000000000e+01 8.183405540648738263e-01
-7.900000000000000000e+01 4.500000000000000000e+01 9.388574422644736517e-01
-7.900000000000000000e+01 4.600000000000000000e+01 9.689340468177897181e-01
-7.900000000000000000e+01 4.700000000000000000e+01 9.075801145068023157e-01
-7.900000000000000000e+01 4.800000000000000000e+01 8.511313328301844949e-01
-7.900000000000000000e+01 4.900000000000000000e+01 nan
-7.900000000000000000e+01 5.000000000000000000e+01 nan
-7.900000000000000000e+01 5.100000000000000000e+01 nan
-7.800000000000000000e+01 3.100000000000000000e+01 nan
-7.800000000000000000e+01 3.200000000000000000e+01 1.481138683542016610e+00
-7.800000000000000000e+01 3.300000000000000000e+01 1.410624081155561704e+00
-7.800000000000000000e+01 3.400000000000000000e+01 1.226624626320091282e+00
-7.800000000000000000e+01 3.500000000000000000e+01 1.156047646185479394e+00
-7.800000000000000000e+01 3.600000000000000000e+01 1.120005455231722014e+00
-7.800000000000000000e+01 3.700000000000000000e+01 9.446245458706218345e-01
-7.800000000000000000e+01 3.800000000000000000e+01 7.691047908242641951e-01
-7.800000000000000000e+01 3.900000000000000000e+01 7.012865625734835406e-01
-7.800000000000000000e+01 4.000000000000000000e+01 6.818159709786922873e-01
-7.800000000000000000e+01 4.100000000000000000e+01 6.649224229575656508e-01
-7.800000000000000000e+01 4.200000000000000000e+01 7.118461642638242992e-01
-7.800000000000000000e+01 4.300000000000000000e+01 7.819104675699337648e-01
-7.800000000000000000e+01 4.400000000000000000e+01 8.457273658949693296e-01
-7.800000000000000000e+01 4.500000000000000000e+01 9.407917809360966110e-01
-7.800000000000000000e+01 4.600000000000000000e+01 9.788297117041773188e-01
-7.800000000000000000e+01 4.700000000000000000e+01 9.292961088303930417e-01
-7.800000000000000000e+01 4.800000000000000000e+01 8.474303846471400448e-01
-7.800000000000000000e+01 4.900000000000000000e+01 nan
-7.800000000000000000e+01 5.000000000000000000e+01 nan
-7.800000000000000000e+01 5.100000000000000000e+01 nan
-7.700000000000000000e+01 3.100000000000000000e+01 nan
-7.700000000000000000e+01 3.200000000000000000e+01 1.444064095498755584e+00
-7.700000000000000000e+01 3.300000000000000000e+01 1.361399353634354048e+00
-7.700000000000000000e+01 3.400000000000000000e+01 1.191952846915569575e+00
-7.700000000000000000e+01 3.500000000000000000e+01 1.116063356062813261e+00
-7.700000000000000000e+01 3.600000000000000000e+01 1.078769062608245788e+00
-7.700000000000000000e+01 3.700000000000000000e+01 9.437429316462939699e-01
-7.700000000000000000e+01 3.800000000000000000e+01 7.678977749185892376e-01
-7.700000000000000000e+01 3.900000000000000000e+01 6.999329773574023417e-01
-7.700000000000000000e+01 4.000000000000000000e+01 6.777337490042339985e-01
-7.700000000000000000e+01 4.100000000000000000e+01 6.728943145952760441e-01
-7.700000000000000000e+01 4.200000000000000000e+01 7.390086314533461653e-01
-7.700000000000000000e+01 4.300000000000000000e+01 8.060280542798416992e-01
-7.700000000000000000e+01 4.400000000000000000e+01 8.789036863203805172e-01
-7.700000000000000000e+01 4.500000000000000000e+01 9.407121932531724573e-01
-7.700000000000000000e+01 4.600000000000000000e+01 9.753842118686553153e-01
-7.700000000000000000e+01 4.700000000000000000e+01 9.151152713212242773e-01
-7.700000000000000000e+01 4.800000000000000000e+01 nan
-7.700000000000000000e+01 4.900000000000000000e+01 nan
-7.700000000000000000e+01 5.000000000000000000e+01 nan
-7.700000000000000000e+01 5.100000000000000000e+01 nan
-7.600000000000000000e+01 3.100000000000000000e+01 nan
-7.600000000000000000e+01 3.200000000000000000e+01 1.418000593773904638e+00
-7.600000000000000000e+01 3.300000000000000000e+01 1.315691473788146881e+00
-7.600000000000000000e+01 3.400000000000000000e+01 1.151288442917068444e+00
-7.600000000000000000e+01 3.500000000000000000e+01 1.052149231796143392e+00
-7.600000000000000000e+01 3.600000000000000000e+01 9.829960042250256436e-01
-7.600000000000000000e+01 3.700000000000000000e+01 8.549480825532703721e-01
-7.600000000000000000e+01 3.800000000000000000e+01 7.253255433127442364e-01
-7.600000000000000000e+01 3.900000000000000000e+01 7.004960910288515752e-01
-7.600000000000000000e+01 4.000000000000000000e+01 6.842963348920235722e-01
-7.600000000000000000e+01 4.100000000000000000e+01 6.864226966921863626e-01
-7.600000000000000000e+01 4.200000000000000000e+01 7.445039326002914626e-01
-7.600000000000000000e+01 4.300000000000000000e+01 8.128800896528614039e-01
-7.600000000000000000e+01 4.400000000000000000e+01 9.042559240921553831e-01
-7.600000000000000000e+01 4.500000000000000000e+01 9.606416381125620907e-01
-7.600000000000000000e+01 4.600000000000000000e+01 9.672254819581169727e-01
-7.600000000000000000e+01 4.700000000000000000e+01 8.662318096410963619e-01
-7.600000000000000000e+01 4.800000000000000000e+01 nan
-7.600000000000000000e+01 4.900000000000000000e+01 nan
-7.600000000000000000e+01 5.000000000000000000e+01 nan
-7.600000000000000000e+01 5.100000000000000000e+01 nan
-7.500000000000000000e+01 3.100000000000000000e+01 nan
-7.500000000000000000e+01 3.200000000000000000e+01 1.353274951621723066e+00
-7.500000000000000000e+01 3.300000000000000000e+01 1.263325318459841418e+00
-7.500000000000000000e+01 3.400000000000000000e+01 1.110342367834174837e+00
-7.500000000000000000e+01 3.500000000000000000e+01 9.542239992587749908e-01
-7.500000000000000000e+01 3.600000000000000000e+01 8.746519481810038910e-01
-7.500000000000000000e+01 3.700000000000000000e+01 7.760663585786473639e-01
-7.500000000000000000e+01 3.800000000000000000e+01 6.938316829762147808e-01
-7.500000000000000000e+01 3.900000000000000000e+01 6.733093618254745172e-01
-7.500000000000000000e+01 4.000000000000000000e+01 6.674089714169597620e-01
-7.500000000000000000e+01 4.100000000000000000e+01 6.728197354520930595e-01
-7.500000000000000000e+01 4.200000000000000000e+01 7.153286250519208522e-01
-7.500000000000000000e+01 4.300000000000000000e+01 8.250800889482113876e-01
-7.500000000000000000e+01 4.400000000000000000e+01 9.341107151245420237e-01
-7.500000000000000000e+01 4.500000000000000000e+01 9.859424327375979624e-01
-7.500000000000000000e+01 4.600000000000000000e+01 9.848674855987391563e-01
-7.500000000000000000e+01 4.700000000000000000e+01 8.285618522258918484e-01
-7.500000000000000000e+01 4.800000000000000000e+01 7.530757788257160801e-01
-7.500000000000000000e+01 4.900000000000000000e+01 nan
-7.500000000000000000e+01 5.000000000000000000e+01 nan
-7.500000000000000000e+01 5.100000000000000000e+01 nan
-7.400000000000000000e+01 3.100000000000000000e+01 nan
-7.400000000000000000e+01 3.200000000000000000e+01 1.280517776051590673e+00
-7.400000000000000000e+01 3.300000000000000000e+01 1.237955063641035247e+00
-7.400000000000000000e+01 3.400000000000000000e+01 1.069209158210050026e+00
-7.400000000000000000e+01 3.500000000000000000e+01 8.909964893751394222e-01
-7.400000000000000000e+01 3.600000000000000000e+01 8.165990612329122600e-01
-7.400000000000000000e+01 3.700000000000000000e+01 7.533739955986412662e-01
-7.400000000000000000e+01 3.800000000000000000e+01 6.866243350247149824e-01
-7.400000000000000000e+01 3.900000000000000000e+01 6.552691135854220583e-01
-7.400000000000000000e+01 4.000000000000000000e+01 6.499538463125364984e-01
-7.400000000000000000e+01 4.100000000000000000e+01 6.504060396659713250e-01
-7.400000000000000000e+01 4.200000000000000000e+01 7.016404556558851757e-01
-7.400000000000000000e+01 4.300000000000000000e+01 8.437474288502603281e-01
-7.400000000000000000e+01 4.400000000000000000e+01 9.409024112329998912e-01
-7.400000000000000000e+01 4.500000000000000000e+01 9.859424327375979624e-01
-7.400000000000000000e+01 4.600000000000000000e+01 9.872346494685081408e-01
-7.400000000000000000e+01 4.700000000000000000e+01 8.338133713240463152e-01
-7.400000000000000000e+01 4.800000000000000000e+01 nan
-7.400000000000000000e+01 4.900000000000000000e+01 nan
-7.400000000000000000e+01 5.000000000000000000e+01 nan
-7.400000000000000000e+01 5.100000000000000000e+01 nan
-7.300000000000000000e+01 3.100000000000000000e+01 nan
-7.300000000000000000e+01 3.200000000000000000e+01 nan
-7.300000000000000000e+01 3.300000000000000000e+01 nan
-7.300000000000000000e+01 3.400000000000000000e+01 nan
-7.300000000000000000e+01 3.500000000000000000e+01 nan
-7.300000000000000000e+01 3.600000000000000000e+01 nan
-7.300000000000000000e+01 3.700000000000000000e+01 nan
-7.300000000000000000e+01 3.800000000000000000e+01 nan
-7.300000000000000000e+01 3.900000000000000000e+01 nan
-7.300000000000000000e+01 4.000000000000000000e+01 nan
-7.300000000000000000e+01 4.100000000000000000e+01 nan
-7.300000000000000000e+01 4.200000000000000000e+01 nan
-7.300000000000000000e+01 4.300000000000000000e+01 nan
-7.300000000000000000e+01 4.400000000000000000e+01 nan
-7.300000000000000000e+01 4.500000000000000000e+01 nan
-7.300000000000000000e+01 4.600000000000000000e+01 nan
-7.300000000000000000e+01 4.700000000000000000e+01 nan
-7.300000000000000000e+01 4.800000000000000000e+01 nan
-7.300000000000000000e+01 4.900000000000000000e+01 nan
-7.300000000000000000e+01 5.000000000000000000e+01 nan
-7.300000000000000000e+01 5.100000000000000000e+01 nan
