Longitude[deg], Latitude[deg], Dust optical depth
1.780000000000000000e+02 4.000000000000000000e+00 nan
1.780000000000000000e+02 5.000000000000000000e+00 nan
1.780000000000000000e+02 6.000000000000000000e+00 nan
1.780000000000000000e+02 7.000000000000000000e+00 nan
1.780000000000000000e+02 8.000000000000000000e+00 nan
1.780000000000000000e+02 9.000000000000000000e+00 nan
1.780000000000000000e+02 1.000000000000000000e+01 nan
1.780000000000000000e+02 1.100000000000000000e+01 nan
1.780000000000000000e+02 1.200000000000000000e+01 nan
1.780000000000000000e+02 1.300000000000000000e+01 nan
1.780000000000000000e+02 1.400000000000000000e+01 nan
1.780000000000000000e+02 1.500000000000000000e+01 nan
1.780000000000000000e+02 1.600000000000000000e+01 nan
1.780000000000000000e+02 1.700000000000000000e+01 nan
1.780000000000000000e+02 1.800000000000000000e+01 nan
1.780000000000000000e+02 1.900000000000000000e+01 nan
1.780000000000000000e+02 2.000000000000000000e+01 nan
1.780000000000000000e+02 2.100000000000000000e+01 3.893565385027212278e-01
1.780000000000000000e+02 2.200000000000000000e+01 3.636723623567705843e-01
1.780000000000000000e+02 2.300000000000000000e+01 3.895702052632388779e-01
1.780000000000000000e+02 2.400000000000000000e+01 4.025482390736913607e-01
1.780000000000000000e+02 2.500000000000000000e+01 nan
1.790000000000000000e+02 4.000000000000000000e+00 nan
1.790000000000000000e+02 5.000000000000000000e+00 nan
1.790000000000000000e+02 6.000000000000000000e+00 nan
1.790000000000000000e+02 7.000000000000000000e+00 nan
1.790000000000000000e+02 8.000000000000000000e+00 nan
1.790000000000000000e+02 9.000000000000000000e+00 nan
1.790000000000000000e+02 1.000000000000000000e+01 nan
1.790000000000000000e+02 1.100000000000000000e+01 2.931067249912983064e-01
1.790000000000000000e+02 1.200000000000000000e+01 2.538876226773695843e-01
1.790000000000000000e+02 1.300000000000000000e+01 2.353584929694087224e-01
1.790000000000000000e+02 1.400000000000000000e+01 3.632582043796869220e-01
1.790000000000000000e+02 1.500000000000000000e+01 3.579724894721607042e-01
1.790000000000000000e+02 1.600000000000000000e+01 2.087747784634540194e-01
1.790000000000000000e+02 1.700000000000000000e+01 1.774142417255162307e-01
1.790000000000000000e+02 1.800000000000000000e+01 1.750103750904692390e-01
1.790000000000000000e+02 1.900000000000000000e+01 1.107462104183152413e-01
1.790000000000000000e+02 2.000000000000000000e+01 8.386044466724651425e-02
1.790000000000000000e+02 2.100000000000000000e+01 3.734106823456069257e-01
1.790000000000000000e+02 2.200000000000000000e+01 3.407344074613493645e-01
1.790000000000000000e+02 2.300000000000000000e+01 3.406478231345341778e-01
1.790000000000000000e+02 2.400000000000000000e+01 3.983466330509616848e-01
1.790000000000000000e+02 2.500000000000000000e+01 nan
-1.800000000000000000e+02 4.000000000000000000e+00 nan
-1.800000000000000000e+02 5.000000000000000000e+00 5.660007655868297682e-01
-1.800000000000000000e+02 6.000000000000000000e+00 5.361708065839012605e-01
-1.800000000000000000e+02 7.000000000000000000e+00 4.770891051597075938e-01
-1.800000000000000000e+02 8.000000000000000000e+00 4.680457062285914294e-01
-1.800000000000000000e+02 9.000000000000000000e+00 4.106560468799319574e-01
-1.800000000000000000e+02 1.000000000000000000e+01 3.585207686878266187e-01
-1.800000000000000000e+02 1.100000000000000000e+01 3.069572052766147974e-01
-1.800000000000000000e+02 1.200000000000000000e+01 2.581958959721644686e-01
-1.800000000000000000e+02 1.300000000000000000e+01 2.053862810809779782e-01
-1.800000000000000000e+02 1.400000000000000000e+01 3.581496954158018275e-01
-1.800000000000000000e+02 1.500000000000000000e+01 3.791936198985064732e-01
-1.800000000000000000e+02 1.600000000000000000e+01 2.175612047301521135e-01
-1.800000000000000000e+02 1.700000000000000000e+01 1.725177328858265580e-01
-1.800000000000000000e+02 1.800000000000000000e+01 1.757750218887306204e-01
-1.800000000000000000e+02 1.900000000000000000e+01 1.110873836669571679e-01
-1.800000000000000000e+02 2.000000000000000000e+01 7.610671080297914948e-02
-1.800000000000000000e+02 2.100000000000000000e+01 3.575615955221335684e-01
-1.800000000000000000e+02 2.200000000000000000e+01 3.452436263904906100e-01
-1.800000000000000000e+02 2.300000000000000000e+01 2.873492925646611851e-01
-1.800000000000000000e+02 2.400000000000000000e+01 3.949665258629795339e-01
-1.800000000000000000e+02 2.500000000000000000e+01 3.952232114638873361e-01
-1.790000000000000000e+02 4.000000000000000000e+00 nan
-1.790000000000000000e+02 5.000000000000000000e+00 5.675565724703103276e-01
-1.790000000000000000e+02 6.000000000000000000e+00 5.710823173246662998e-01
-1.790000000000000000e+02 7.000000000000000000e+00 4.979324258159917860e-01
-1.790000000000000000e+02 8.000000000000000000e+00 4.447252277247016328e-01
-1.790000000000000000e+02 9.000000000000000000e+00 4.007380630235344854e-01
-1.790000000000000000e+02 1.000000000000000000e+01 3.596707395180163691e-01
-1.790000000000000000e+02 1.100000000000000000e+01 3.174349609316706733e-01
-1.790000000000000000e+02 1.200000000000000000e+01 2.597235967308306748e-01
-1.790000000000000000e+02 1.300000000000000000e+01 2.028712990556299223e-01
-1.790000000000000000e+02 1.400000000000000000e+01 3.518321942650992074e-01
-1.790000000000000000e+02 1.500000000000000000e+01 3.782920847946002474e-01
-1.790000000000000000e+02 1.600000000000000000e+01 2.378103936657526840e-01
-1.790000000000000000e+02 1.700000000000000000e+01 1.738586298641413286e-01
-1.790000000000000000e+02 1.800000000000000000e+01 1.757213487501273486e-01
-1.790000000000000000e+02 1.900000000000000000e+01 1.075305438518281143e-01
-1.790000000000000000e+02 2.000000000000000000e+01 7.552966063048803524e-02
-1.790000000000000000e+02 2.100000000000000000e+01 3.448668873287829562e-01
-1.790000000000000000e+02 2.200000000000000000e+01 3.456706292400043012e-01
-1.790000000000000000e+02 2.300000000000000000e+01 2.622975241813887970e-01
-1.790000000000000000e+02 2.400000000000000000e+01 3.942398116778542128e-01
-1.790000000000000000e+02 2.500000000000000000e+01 3.949400624619529010e-01
-1.780000000000000000e+02 4.000000000000000000e+00 nan
-1.780000000000000000e+02 5.000000000000000000e+00 5.632393370070514216e-01
-1.780000000000000000e+02 6.000000000000000000e+00 5.935705231087773370e-01
-1.780000000000000000e+02 7.000000000000000000e+00 5.198952958502786048e-01
-1.780000000000000000e+02 8.000000000000000000e+00 4.162905007253445699e-01
-1.780000000000000000e+02 9.000000000000000000e+00 4.001544133456552688e-01
-1.780000000000000000e+02 1.000000000000000000e+01 3.606668079952547457e-01
-1.780000000000000000e+02 1.100000000000000000e+01 3.288974562164051485e-01
-1.780000000000000000e+02 1.200000000000000000e+01 2.686523111534652175e-01
-1.780000000000000000e+02 1.300000000000000000e+01 2.111480627385106112e-01
-1.780000000000000000e+02 1.400000000000000000e+01 3.120407163716825694e-01
-1.780000000000000000e+02 1.500000000000000000e+01 3.706738862429189152e-01
-1.780000000000000000e+02 1.600000000000000000e+01 2.421087645307248015e-01
-1.780000000000000000e+02 1.700000000000000000e+01 1.756346584735146987e-01
-1.780000000000000000e+02 1.800000000000000000e+01 1.754179428486672410e-01
-1.780000000000000000e+02 1.900000000000000000e+01 9.725498897451689828e-02
-1.780000000000000000e+02 2.000000000000000000e+01 7.596672608652038639e-02
-1.780000000000000000e+02 2.100000000000000000e+01 3.425516314824956221e-01
-1.780000000000000000e+02 2.200000000000000000e+01 3.439352599610022154e-01
-1.780000000000000000e+02 2.300000000000000000e+01 2.368174649640124030e-01
-1.780000000000000000e+02 2.400000000000000000e+01 3.941549277543687779e-01
-1.780000000000000000e+02 2.500000000000000000e+01 nan
-1.770000000000000000e+02 4.000000000000000000e+00 nan
-1.770000000000000000e+02 5.000000000000000000e+00 5.264363235086647608e-01
-1.770000000000000000e+02 6.000000000000000000e+00 5.763993421282150864e-01
-1.770000000000000000e+02 7.000000000000000000e+00 5.819494161932575738e-01
-1.770000000000000000e+02 8.000000000000000000e+00 4.551968664047400526e-01
-1.770000000000000000e+02 9.000000000000000000e+00 4.087162452891632269e-01
-1.770000000000000000e+02 1.000000000000000000e+01 nan
-1.770000000000000000e+02 1.100000000000000000e+01 nan
-1.770000000000000000e+02 1.200000000000000000e+01 nan
-1.770000000000000000e+02 1.300000000000000000e+01 nan
-1.770000000000000000e+02 1.400000000000000000e+01 nan
-1.770000000000000000e+02 1.500000000000000000e+01 nan
-1.770000000000000000e+02 1.600000000000000000e+01 nan
-1.770000000000000000e+02 1.700000000000000000e+01 nan
-1.770000000000000000e+02 1.800000000000000000e+01 nan
-1.770000000000000000e+02 1.900000000000000000e+01 nan
-1.770000000000000000e+02 2.000000000000000000e+01 nan
-1.770000000000000000e+02 2.100000000000000000e+01 nan
-1.770000000000000000e+02 2.200000000000000000e+01 nan
-1.770000000000000000e+02 2.300000000000000000e+01 nan
-1.770000000000000000e+02 2.400000000000000000e+01 nan
-1.770000000000000000e+02 2.500000000000000000e+01 nan
