Longitude[deg], Latitude[deg], Dust optical depth
7.100000000000000000e+01 -5.900000000000000000e+01 3.532135533537650751e+00
7.100000000000000000e+01 -5.800000000000000000e+01 3.529175901733314191e+00
7.100000000000000000e+01 -5.700000000000000000e+01 3.435913799549348280e+00
7.100000000000000000e+01 -5.600000000000000000e+01 3.262799050497079634e+00
7.100000000000000000e+01 -5.500000000000000000e+01 nan
7.100000000000000000e+01 -5.400000000000000000e+01 nan
7.100000000000000000e+01 -5.300000000000000000e+01 nan
7.100000000000000000e+01 -5.200000000000000000e+01 nan
7.100000000000000000e+01 -5.100000000000000000e+01 nan
7.100000000000000000e+01 -5.000000000000000000e+01 nan
7.100000000000000000e+01 -4.900000000000000000e+01 nan
7.100000000000000000e+01 -4.800000000000000000e+01 nan
7.100000000000000000e+01 -4.700000000000000000e+01 nan
7.100000000000000000e+01 -4.600000000000000000e+01 nan
7.100000000000000000e+01 -4.500000000000000000e+01 nan
7.100000000000000000e+01 -4.400000000000000000e+01 nan
7.100000000000000000e+01 -4.300000000000000000e+01 nan
7.100000000000000000e+01 -4.200000000000000000e+01 nan
7.100000000000000000e+01 -4.100000000000000000e+01 nan
7.100000000000000000e+01 -4.000000000000000000e+01 nan
7.100000000000000000e+01 -3.900000000000000000e+01 nan
7.100000000000000000e+01 -3.800000000000000000e+01 nan
7.100000000000000000e+01 -3.700000000000000000e+01 nan
7.100000000000000000e+01 -3.600000000000000000e+01 nan
7.100000000000000000e+01 -3.500000000000000000e+01 nan
7.100000000000000000e+01 -3.400000000000000000e+01 nan
7.100000000000000000e+01 -3.300000000000000000e+01 nan
7.100000000000000000e+01 -3.200000000000000000e+01 nan
7.200000000000000000e+01 -5.900000000000000000e+01 3.560677818535345374e+00
7.200000000000000000e+01 -5.800000000000000000e+01 3.551666472624215753e+00
7.200000000000000000e+01 -5.700000000000000000e+01 3.332453150118871221e+00
7.200000000000000000e+01 -5.600000000000000000e+01 3.326355173210210570e+00
7.200000000000000000e+01 -5.500000000000000000e+01 3.502001911014531288e+00
7.200000000000000000e+01 -5.400000000000000000e+01 3.854141116002069545e+00
7.200000000000000000e+01 -5.300000000000000000e+01 4.465080865353561634e+00
7.200000000000000000e+01 -5.200000000000000000e+01 4.823122934940433204e+00
7.200000000000000000e+01 -5.100000000000000000e+01 5.049847948596358549e+00
7.200000000000000000e+01 -5.000000000000000000e+01 5.053055916295332572e+00
7.200000000000000000e+01 -4.900000000000000000e+01 4.892898281297114238e+00
7.200000000000000000e+01 -4.800000000000000000e+01 4.971708592609529020e+00
7.200000000000000000e+01 -4.700000000000000000e+01 5.387573058545237714e+00
7.200000000000000000e+01 -4.600000000000000000e+01 5.935069311594849850e+00
7.200000000000000000e+01 -4.500000000000000000e+01 6.292655626632769561e+00
7.200000000000000000e+01 -4.400000000000000000e+01 6.522273441602025379e+00
7.200000000000000000e+01 -4.300000000000000000e+01 6.565708762160249456e+00
7.200000000000000000e+01 -4.200000000000000000e+01 6.879717299968254096e+00
7.200000000000000000e+01 -4.100000000000000000e+01 6.976047146908124219e+00
7.200000000000000000e+01 -4.000000000000000000e+01 7.054665126714005474e+00
7.200000000000000000e+01 -3.900000000000000000e+01 7.340775121668406733e+00
7.200000000000000000e+01 -3.800000000000000000e+01 7.416038336533621766e+00
7.200000000000000000e+01 -3.700000000000000000e+01 7.586765882728608190e+00
7.200000000000000000e+01 -3.600000000000000000e+01 7.763282320811382142e+00
7.200000000000000000e+01 -3.500000000000000000e+01 7.924819821361292149e+00
7.200000000000000000e+01 -3.400000000000000000e+01 8.229623323451830785e+00
7.200000000000000000e+01 -3.300000000000000000e+01 8.457032617511590189e+00
7.200000000000000000e+01 -3.200000000000000000e+01 nan
7.300000000000000000e+01 -5.900000000000000000e+01 3.623930086291845765e+00
7.300000000000000000e+01 -5.800000000000000000e+01 3.555602795920763892e+00
7.300000000000000000e+01 -5.700000000000000000e+01 3.324588526815043021e+00
7.300000000000000000e+01 -5.600000000000000000e+01 3.327295068050336369e+00
7.300000000000000000e+01 -5.500000000000000000e+01 3.502001911014531288e+00
7.300000000000000000e+01 -5.400000000000000000e+01 3.854141116002069545e+00
7.300000000000000000e+01 -5.300000000000000000e+01 4.465080865353561634e+00
7.300000000000000000e+01 -5.200000000000000000e+01 4.823122934940433204e+00
7.300000000000000000e+01 -5.100000000000000000e+01 5.049847948596358549e+00
7.300000000000000000e+01 -5.000000000000000000e+01 5.052341013379445300e+00
7.300000000000000000e+01 -4.900000000000000000e+01 4.883369503883089990e+00
7.300000000000000000e+01 -4.800000000000000000e+01 4.977951195799395379e+00
7.300000000000000000e+01 -4.700000000000000000e+01 5.400815204385334134e+00
7.300000000000000000e+01 -4.600000000000000000e+01 5.994176598490511765e+00
7.300000000000000000e+01 -4.500000000000000000e+01 6.322952271997516860e+00
7.300000000000000000e+01 -4.400000000000000000e+01 6.530826826919738259e+00
7.300000000000000000e+01 -4.300000000000000000e+01 6.582002511143227430e+00
7.300000000000000000e+01 -4.200000000000000000e+01 6.901558159040584783e+00
7.300000000000000000e+01 -4.100000000000000000e+01 6.999378384088623228e+00
7.300000000000000000e+01 -4.000000000000000000e+01 7.050531492937115452e+00
7.300000000000000000e+01 -3.900000000000000000e+01 7.334224732280797632e+00
7.300000000000000000e+01 -3.800000000000000000e+01 7.540757994608087600e+00
7.300000000000000000e+01 -3.700000000000000000e+01 7.575929789197317632e+00
7.300000000000000000e+01 -3.600000000000000000e+01 7.727756154238007547e+00
7.300000000000000000e+01 -3.500000000000000000e+01 7.915917174935589884e+00
7.300000000000000000e+01 -3.400000000000000000e+01 8.209687376340980336e+00
7.300000000000000000e+01 -3.300000000000000000e+01 8.445374440123387672e+00
7.300000000000000000e+01 -3.200000000000000000e+01 nan
7.400000000000000000e+01 -5.900000000000000000e+01 nan
7.400000000000000000e+01 -5.800000000000000000e+01 nan
7.400000000000000000e+01 -5.700000000000000000e+01 nan
7.400000000000000000e+01 -5.600000000000000000e+01 nan
7.400000000000000000e+01 -5.500000000000000000e+01 nan
7.400000000000000000e+01 -5.400000000000000000e+01 nan
7.400000000000000000e+01 -5.300000000000000000e+01 nan
7.400000000000000000e+01 -5.200000000000000000e+01 nan
7.400000000000000000e+01 -5.100000000000000000e+01 nan
7.400000000000000000e+01 -5.000000000000000000e+01 nan
7.400000000000000000e+01 -4.900000000000000000e+01 4.713900386439584977e+00
7.400000000000000000e+01 -4.800000000000000000e+01 5.001428091238167006e+00
7.400000000000000000e+01 -4.700000000000000000e+01 5.461463307451200677e+00
7.400000000000000000e+01 -4.600000000000000000e+01 6.029524574366244671e+00
7.400000000000000000e+01 -4.500000000000000000e+01 6.362316840557597608e+00
7.400000000000000000e+01 -4.400000000000000000e+01 6.540485280686733738e+00
7.400000000000000000e+01 -4.300000000000000000e+01 6.599867971461890193e+00
7.400000000000000000e+01 -4.200000000000000000e+01 6.922343006168163448e+00
7.400000000000000000e+01 -4.100000000000000000e+01 7.042042004669826660e+00
7.400000000000000000e+01 -4.000000000000000000e+01 7.043147344892441097e+00
7.400000000000000000e+01 -3.900000000000000000e+01 7.327366288472854094e+00
7.400000000000000000e+01 -3.800000000000000000e+01 7.568288654681355254e+00
7.400000000000000000e+01 -3.700000000000000000e+01 7.569465909756214472e+00
7.400000000000000000e+01 -3.600000000000000000e+01 7.701736817801678292e+00
7.400000000000000000e+01 -3.500000000000000000e+01 7.909176854643064303e+00
7.400000000000000000e+01 -3.400000000000000000e+01 8.192949297099508144e+00
7.400000000000000000e+01 -3.300000000000000000e+01 8.438035916686271065e+00
7.400000000000000000e+01 -3.200000000000000000e+01 nan
