Longitude[deg], Latitude[deg], Dust optical depth
-1.530000000000000000e+02 2.300000000000000000e+01 nan
-1.530000000000000000e+02 2.400000000000000000e+01 nan
-1.530000000000000000e+02 2.500000000000000000e+01 nan
-1.530000000000000000e+02 2.600000000000000000e+01 nan
-1.530000000000000000e+02 2.700000000000000000e+01 nan
-1.530000000000000000e+02 2.800000000000000000e+01 nan
-1.530000000000000000e+02 2.900000000000000000e+01 nan
-1.530000000000000000e+02 3.000000000000000000e+01 nan
-1.530000000000000000e+02 3.100000000000000000e+01 nan
-1.530000000000000000e+02 3.200000000000000000e+01 nan
-1.530000000000000000e+02 3.300000000000000000e+01 nan
-1.530000000000000000e+02 3.400000000000000000e+01 nan
-1.530000000000000000e+02 3.500000000000000000e+01 nan
-1.530000000000000000e+02 3.600000000000000000e+01 nan
-1.530000000000000000e+02 3.700000000000000000e+01 nan
-1.530000000000000000e+02 3.800000000000000000e+01 nan
-1.530000000000000000e+02 3.900000000000000000e+01 nan
-1.530000000000000000e+02 4.000000000000000000e+01 nan
-1.530000000000000000e+02 4.100000000000000000e+01 nan
-1.530000000000000000e+02 4.200000000000000000e+01 nan
-1.530000000000000000e+02 4.300000000000000000e+01 nan
-1.520000000000000000e+02 2.300000000000000000e+01 nan
-1.520000000000000000e+02 2.400000000000000000e+01 nan
-1.520000000000000000e+02 2.500000000000000000e+01 nan
-1.520000000000000000e+02 2.600000000000000000e+01 nan
-1.520000000000000000e+02 2.700000000000000000e+01 nan
-1.520000000000000000e+02 2.800000000000000000e+01 nan
-1.520000000000000000e+02 2.900000000000000000e+01 nan
-1.520000000000000000e+02 3.000000000000000000e+01 nan
-1.520000000000000000e+02 3.100000000000000000e+01 nan
-1.520000000000000000e+02 3.200000000000000000e+01 nan
-1.520000000000000000e+02 3.300000000000000000e+01 nan
-1.520000000000000000e+02 3.400000000000000000e+01 nan
-1.520000000000000000e+02 3.500000000000000000e+01 nan
-1.520000000000000000e+02 3.600000000000000000e+01 nan
-1.520000000000000000e+02 3.700000000000000000e+01 nan
-1.520000000000000000e+02 3.800000000000000000e+01 nan
-1.520000000000000000e+02 3.900000000000000000e+01 nan
-1.520000000000000000e+02 4.000000000000000000e+01 nan
-1.520000000000000000e+02 4.100000000000000000e+01 nan
-1.520000000000000000e+02 4.200000000000000000e+01 nan
-1.520000000000000000e+02 4.300000000000000000e+01 nan
-1.510000000000000000e+02 2.300000000000000000e+01 nan
-1.510000000000000000e+02 2.400000000000000000e+01 nan
-1.510000000000000000e+02 2.500000000000000000e+01 nan
-1.510000000000000000e+02 2.600000000000000000e+01 nan
-1.510000000000000000e+02 2.700000000000000000e+01 nan
-1.510000000000000000e+02 2.800000000000000000e+01 nan
-1.510000000000000000e+02 2.900000000000000000e+01 nan
-1.510000000000000000e+02 3.000000000000000000e+01 nan
-1.510000000000000000e+02 3.100000000000000000e+01 nan
-1.510000000000000000e+02 3.200000000000000000e+01 nan
-1.510000000000000000e+02 3.300000000000000000e+01 1.300061331716757973e+00
-1.510000000000000000e+02 3.400000000000000000e+01 1.223693188113916364e+00
-1.510000000000000000e+02 3.500000000000000000e+01 1.188465544736252433e+00
-1.510000000000000000e+02 3.600000000000000000e+01 1.149336631961451749e+00
-1.510000000000000000e+02 3.700000000000000000e+01 1.136000269598983481e+00
-1.510000000000000000e+02 3.800000000000000000e+01 1.162732735116665861e+00
-1.510000000000000000e+02 3.900000000000000000e+01 nan
-1.510000000000000000e+02 4.000000000000000000e+01 nan
-1.510000000000000000e+02 4.100000000000000000e+01 nan
-1.510000000000000000e+02 4.200000000000000000e+01 nan
-1.510000000000000000e+02 4.300000000000000000e+01 nan
-1.500000000000000000e+02 2.300000000000000000e+01 nan
-1.500000000000000000e+02 2.400000000000000000e+01 nan
-1.500000000000000000e+02 2.500000000000000000e+01 nan
-1.500000000000000000e+02 2.600000000000000000e+01 nan
-1.500000000000000000e+02 2.700000000000000000e+01 1.323806283411852247e+00
-1.500000000000000000e+02 2.800000000000000000e+01 1.289212021182448265e+00
-1.500000000000000000e+02 2.900000000000000000e+01 1.262005652893495977e+00
-1.500000000000000000e+02 3.000000000000000000e+01 1.266055950832277954e+00
-1.500000000000000000e+02 3.100000000000000000e+01 1.234698790468544027e+00
-1.500000000000000000e+02 3.200000000000000000e+01 1.258045483602494796e+00
-1.500000000000000000e+02 3.300000000000000000e+01 1.274741119911932730e+00
-1.500000000000000000e+02 3.400000000000000000e+01 1.210619525408836994e+00
-1.500000000000000000e+02 3.500000000000000000e+01 1.190069345848764115e+00
-1.500000000000000000e+02 3.600000000000000000e+01 1.176781865787996484e+00
-1.500000000000000000e+02 3.700000000000000000e+01 1.151919632524238679e+00
-1.500000000000000000e+02 3.800000000000000000e+01 1.187563263839193972e+00
-1.500000000000000000e+02 3.900000000000000000e+01 1.267446562713056224e+00
-1.500000000000000000e+02 4.000000000000000000e+01 nan
-1.500000000000000000e+02 4.100000000000000000e+01 nan
-1.500000000000000000e+02 4.200000000000000000e+01 nan
-1.500000000000000000e+02 4.300000000000000000e+01 nan
-1.490000000000000000e+02 2.300000000000000000e+01 1.162258012596951495e+00
-1.490000000000000000e+02 2.400000000000000000e+01 1.200371063898902468e+00
-1.490000000000000000e+02 2.500000000000000000e+01 1.245069566623617563e+00
-1.490000000000000000e+02 2.600000000000000000e+01 1.279583440620340573e+00
-1.490000000000000000e+02 2.700000000000000000e+01 1.322205907055587382e+00
-1.490000000000000000e+02 2.800000000000000000e+01 1.305798780669577885e+00
-1.490000000000000000e+02 2.900000000000000000e+01 1.266953288260577404e+00
-1.490000000000000000e+02 3.000000000000000000e+01 1.269873827995954052e+00
-1.490000000000000000e+02 3.100000000000000000e+01 1.240365994520452153e+00
-1.490000000000000000e+02 3.200000000000000000e+01 1.251761069994409281e+00
-1.490000000000000000e+02 3.300000000000000000e+01 1.242701577642609134e+00
-1.490000000000000000e+02 3.400000000000000000e+01 1.175827710556295314e+00
-1.490000000000000000e+02 3.500000000000000000e+01 1.181767519839903136e+00
-1.490000000000000000e+02 3.600000000000000000e+01 1.187011740594952958e+00
-1.490000000000000000e+02 3.700000000000000000e+01 1.184194865327929502e+00
-1.490000000000000000e+02 3.800000000000000000e+01 1.226198146528269639e+00
-1.490000000000000000e+02 3.900000000000000000e+01 1.322254902508749774e+00
-1.490000000000000000e+02 4.000000000000000000e+01 nan
-1.490000000000000000e+02 4.100000000000000000e+01 nan
-1.490000000000000000e+02 4.200000000000000000e+01 nan
-1.490000000000000000e+02 4.300000000000000000e+01 nan
-1.480000000000000000e+02 2.300000000000000000e+01 1.152652841485710011e+00
-1.480000000000000000e+02 2.400000000000000000e+01 1.225597357936510479e+00
-1.480000000000000000e+02 2.500000000000000000e+01 1.279177394083812480e+00
-1.480000000000000000e+02 2.600000000000000000e+01 1.308107529513614642e+00
-1.480000000000000000e+02 2.700000000000000000e+01 1.336939703389084189e+00
-1.480000000000000000e+02 2.800000000000000000e+01 1.320973912806585160e+00
-1.480000000000000000e+02 2.900000000000000000e+01 1.296777035337491446e+00
-1.480000000000000000e+02 3.000000000000000000e+01 1.294990348057869278e+00
-1.480000000000000000e+02 3.100000000000000000e+01 1.252050119001891337e+00
-1.480000000000000000e+02 3.200000000000000000e+01 1.242144829471242051e+00
-1.480000000000000000e+02 3.300000000000000000e+01 1.215652649352199965e+00
-1.480000000000000000e+02 3.400000000000000000e+01 1.161167305663701299e+00
-1.480000000000000000e+02 3.500000000000000000e+01 1.165564105149368590e+00
-1.480000000000000000e+02 3.600000000000000000e+01 1.187541907269426433e+00
-1.480000000000000000e+02 3.700000000000000000e+01 1.203703237083369793e+00
-1.480000000000000000e+02 3.800000000000000000e+01 1.232361930004064687e+00
-1.480000000000000000e+02 3.900000000000000000e+01 1.308285658437736920e+00
-1.480000000000000000e+02 4.000000000000000000e+01 nan
-1.480000000000000000e+02 4.100000000000000000e+01 nan
-1.480000000000000000e+02 4.200000000000000000e+01 nan
-1.480000000000000000e+02 4.300000000000000000e+01 nan
-1.470000000000000000e+02 2.300000000000000000e+01 1.173792145041489654e+00
-1.470000000000000000e+02 2.400000000000000000e+01 1.269526604910207412e+00
-1.470000000000000000e+02 2.500000000000000000e+01 1.311516034340634462e+00
-1.470000000000000000e+02 2.600000000000000000e+01 1.341095099844517469e+00
-1.470000000000000000e+02 2.700000000000000000e+01 1.356196156876441794e+00
-1.470000000000000000e+02 2.800000000000000000e+01 1.333672070039193969e+00
-1.470000000000000000e+02 2.900000000000000000e+01 1.318786413085830223e+00
-1.470000000000000000e+02 3.000000000000000000e+01 1.307651613623289188e+00
-1.470000000000000000e+02 3.100000000000000000e+01 1.259331571500077240e+00
-1.470000000000000000e+02 3.200000000000000000e+01 1.238965281634580640e+00
-1.470000000000000000e+02 3.300000000000000000e+01 1.212033145877962514e+00
-1.470000000000000000e+02 3.400000000000000000e+01 1.169184551307385966e+00
-1.470000000000000000e+02 3.500000000000000000e+01 1.156120058215631241e+00
-1.470000000000000000e+02 3.600000000000000000e+01 1.178073262135275634e+00
-1.470000000000000000e+02 3.700000000000000000e+01 1.203930178829738962e+00
-1.470000000000000000e+02 3.800000000000000000e+01 1.209067431501612999e+00
-1.470000000000000000e+02 3.900000000000000000e+01 1.244897578810570060e+00
-1.470000000000000000e+02 4.000000000000000000e+01 nan
-1.470000000000000000e+02 4.100000000000000000e+01 nan
-1.470000000000000000e+02 4.200000000000000000e+01 nan
-1.470000000000000000e+02 4.300000000000000000e+01 nan
-1.460000000000000000e+02 2.300000000000000000e+01 1.198369255023817859e+00
-1.460000000000000000e+02 2.400000000000000000e+01 1.282563871609214701e+00
-1.460000000000000000e+02 2.500000000000000000e+01 1.313390364483194128e+00
-1.460000000000000000e+02 2.600000000000000000e+01 1.354180997566700961e+00
-1.460000000000000000e+02 2.700000000000000000e+01 1.365283366119380837e+00
-1.460000000000000000e+02 2.800000000000000000e+01 1.333950518536035190e+00
-1.460000000000000000e+02 2.900000000000000000e+01 1.318786537137973669e+00
-1.460000000000000000e+02 3.000000000000000000e+01 1.307651613623289188e+00
-1.460000000000000000e+02 3.100000000000000000e+01 1.268580505460896513e+00
-1.460000000000000000e+02 3.200000000000000000e+01 1.243374500967004748e+00
-1.460000000000000000e+02 3.300000000000000000e+01 1.208526012054771170e+00
-1.460000000000000000e+02 3.400000000000000000e+01 1.170895846406475593e+00
-1.460000000000000000e+02 3.500000000000000000e+01 1.152528077965066178e+00
-1.460000000000000000e+02 3.600000000000000000e+01 1.173838277440123479e+00
-1.460000000000000000e+02 3.700000000000000000e+01 1.194862929419511000e+00
-1.460000000000000000e+02 3.800000000000000000e+01 1.190603886113581922e+00
-1.460000000000000000e+02 3.900000000000000000e+01 1.228859294645976874e+00
-1.460000000000000000e+02 4.000000000000000000e+01 nan
-1.460000000000000000e+02 4.100000000000000000e+01 nan
-1.460000000000000000e+02 4.200000000000000000e+01 nan
-1.460000000000000000e+02 4.300000000000000000e+01 nan
-1.450000000000000000e+02 2.300000000000000000e+01 nan
-1.450000000000000000e+02 2.400000000000000000e+01 1.301424169990338386e+00
-1.450000000000000000e+02 2.500000000000000000e+01 1.321404665621855434e+00
-1.450000000000000000e+02 2.600000000000000000e+01 1.364187747166298426e+00
-1.450000000000000000e+02 2.700000000000000000e+01 1.364858484896165347e+00
-1.450000000000000000e+02 2.800000000000000000e+01 1.327054119800592069e+00
-1.450000000000000000e+02 2.900000000000000000e+01 1.308120891134377128e+00
-1.450000000000000000e+02 3.000000000000000000e+01 1.309405129841315629e+00
-1.450000000000000000e+02 3.100000000000000000e+01 1.282300378114740402e+00
-1.450000000000000000e+02 3.200000000000000000e+01 1.261072675286322164e+00
-1.450000000000000000e+02 3.300000000000000000e+01 1.210776225219375668e+00
-1.450000000000000000e+02 3.400000000000000000e+01 1.180453748460742913e+00
-1.450000000000000000e+02 3.500000000000000000e+01 1.166003826318947612e+00
-1.450000000000000000e+02 3.600000000000000000e+01 1.199433997745627645e+00
-1.450000000000000000e+02 3.700000000000000000e+01 1.207630040392818405e+00
-1.450000000000000000e+02 3.800000000000000000e+01 nan
-1.450000000000000000e+02 3.900000000000000000e+01 nan
-1.450000000000000000e+02 4.000000000000000000e+01 nan
-1.450000000000000000e+02 4.100000000000000000e+01 nan
-1.450000000000000000e+02 4.200000000000000000e+01 nan
-1.450000000000000000e+02 4.300000000000000000e+01 nan
