Longitude[deg], Latitude[deg], Dust optical depth
8.900000000000000000e+01 0.000000000000000000e+00 nan
8.900000000000000000e+01 1.000000000000000000e+00 nan
8.900000000000000000e+01 2.000000000000000000e+00 nan
8.900000000000000000e+01 3.000000000000000000e+00 nan
8.900000000000000000e+01 4.000000000000000000e+00 nan
8.900000000000000000e+01 5.000000000000000000e+00 nan
8.900000000000000000e+01 6.000000000000000000e+00 nan
8.900000000000000000e+01 7.000000000000000000e+00 nan
8.900000000000000000e+01 8.000000000000000000e+00 1.399613989066692987e+00
8.900000000000000000e+01 9.000000000000000000e+00 1.397613911222036487e+00
8.900000000000000000e+01 1.000000000000000000e+01 1.320870347505870290e+00
8.900000000000000000e+01 1.100000000000000000e+01 1.427896119562102939e+00
8.900000000000000000e+01 1.200000000000000000e+01 1.410727900197064288e+00
8.900000000000000000e+01 1.300000000000000000e+01 1.316253223164137509e+00
8.900000000000000000e+01 1.400000000000000000e+01 1.318061331803503933e+00
8.900000000000000000e+01 1.500000000000000000e+01 1.342594866727195635e+00
8.900000000000000000e+01 1.600000000000000000e+01 1.218589502118625933e+00
9.000000000000000000e+01 0.000000000000000000e+00 1.451328702679346883e+00
9.000000000000000000e+01 1.000000000000000000e+00 1.393767118583545850e+00
9.000000000000000000e+01 2.000000000000000000e+00 1.403796663683301249e+00
9.000000000000000000e+01 3.000000000000000000e+00 1.553270600324874851e+00
9.000000000000000000e+01 4.000000000000000000e+00 1.607895906591607194e+00
9.000000000000000000e+01 5.000000000000000000e+00 1.543846948321500712e+00
9.000000000000000000e+01 6.000000000000000000e+00 1.488055985139091320e+00
9.000000000000000000e+01 7.000000000000000000e+00 1.447428819659028809e+00
9.000000000000000000e+01 8.000000000000000000e+00 1.397216863819523924e+00
9.000000000000000000e+01 9.000000000000000000e+00 1.393494254737439819e+00
9.000000000000000000e+01 1.000000000000000000e+01 1.313140200760281928e+00
9.000000000000000000e+01 1.100000000000000000e+01 1.299634546845976235e+00
9.000000000000000000e+01 1.200000000000000000e+01 1.288945714320555602e+00
9.000000000000000000e+01 1.300000000000000000e+01 1.299740776619468408e+00
9.000000000000000000e+01 1.400000000000000000e+01 1.304650051022773649e+00
9.000000000000000000e+01 1.500000000000000000e+01 1.341189341160757165e+00
9.000000000000000000e+01 1.600000000000000000e+01 1.314812899209578445e+00
9.100000000000000000e+01 0.000000000000000000e+00 1.451723805826931724e+00
9.100000000000000000e+01 1.000000000000000000e+00 1.387954002968837752e+00
9.100000000000000000e+01 2.000000000000000000e+00 1.407645888133314260e+00
9.100000000000000000e+01 3.000000000000000000e+00 1.548975218589133895e+00
9.100000000000000000e+01 4.000000000000000000e+00 1.605412398621494985e+00
9.100000000000000000e+01 5.000000000000000000e+00 1.545913505637842578e+00
9.100000000000000000e+01 6.000000000000000000e+00 1.489770823749823503e+00
9.100000000000000000e+01 7.000000000000000000e+00 1.442480303785180995e+00
9.100000000000000000e+01 8.000000000000000000e+00 1.399507483340281855e+00
9.100000000000000000e+01 9.000000000000000000e+00 1.395831396203738306e+00
9.100000000000000000e+01 1.000000000000000000e+01 1.312373550571239056e+00
9.100000000000000000e+01 1.100000000000000000e+01 1.297615864406389541e+00
9.100000000000000000e+01 1.200000000000000000e+01 1.285347125201170559e+00
9.100000000000000000e+01 1.300000000000000000e+01 1.293744491356263682e+00
9.100000000000000000e+01 1.400000000000000000e+01 1.304537050782847762e+00
9.100000000000000000e+01 1.500000000000000000e+01 1.340206306095474753e+00
9.100000000000000000e+01 1.600000000000000000e+01 1.221468001630382494e+00
9.200000000000000000e+01 0.000000000000000000e+00 1.453161727101963230e+00
9.200000000000000000e+01 1.000000000000000000e+00 1.383054950176384912e+00
9.200000000000000000e+01 2.000000000000000000e+00 1.412273228051596163e+00
9.200000000000000000e+01 3.000000000000000000e+00 1.537530960868643160e+00
9.200000000000000000e+01 4.000000000000000000e+00 1.596191488307042938e+00
9.200000000000000000e+01 5.000000000000000000e+00 1.565042534919629524e+00
9.200000000000000000e+01 6.000000000000000000e+00 1.493993795547104098e+00
9.200000000000000000e+01 7.000000000000000000e+00 1.425083726522217376e+00
9.200000000000000000e+01 8.000000000000000000e+00 1.406915473211395762e+00
9.200000000000000000e+01 9.000000000000000000e+00 1.403553234798748717e+00
9.200000000000000000e+01 1.000000000000000000e+01 1.313588677862616683e+00
9.200000000000000000e+01 1.100000000000000000e+01 1.300432865510017244e+00
9.200000000000000000e+01 1.200000000000000000e+01 1.289403376277777902e+00
9.200000000000000000e+01 1.300000000000000000e+01 1.302841771381454850e+00
9.200000000000000000e+01 1.400000000000000000e+01 1.315011165397122594e+00
9.200000000000000000e+01 1.500000000000000000e+01 1.345179276147111969e+00
9.200000000000000000e+01 1.600000000000000000e+01 nan
