Longitude[deg], Latitude[deg], Dust optical depth
5.700000000000000000e+01 0.000000000000000000e+00 nan
5.700000000000000000e+01 1.000000000000000000e+00 nan
5.700000000000000000e+01 2.000000000000000000e+00 nan
5.700000000000000000e+01 3.000000000000000000e+00 nan
5.700000000000000000e+01 4.000000000000000000e+00 nan
5.700000000000000000e+01 5.000000000000000000e+00 1.239733677532239398e+00
5.700000000000000000e+01 6.000000000000000000e+00 1.236147060309766399e+00
5.700000000000000000e+01 7.000000000000000000e+00 1.239137124049719541e+00
5.700000000000000000e+01 8.000000000000000000e+00 1.226184487626831965e+00
5.700000000000000000e+01 9.000000000000000000e+00 1.219764019785517073e+00
5.700000000000000000e+01 1.000000000000000000e+01 1.201111288206417438e+00
5.700000000000000000e+01 1.100000000000000000e+01 1.289689107221566822e+00
5.700000000000000000e+01 1.200000000000000000e+01 1.355240838279079707e+00
5.700000000000000000e+01 1.300000000000000000e+01 1.348221923969599834e+00
5.700000000000000000e+01 1.400000000000000000e+01 1.345416783641073755e+00
5.700000000000000000e+01 1.500000000000000000e+01 1.320422850491713707e+00
5.700000000000000000e+01 1.600000000000000000e+01 1.260984959454741094e+00
5.700000000000000000e+01 1.700000000000000000e+01 1.172735688755652150e+00
5.800000000000000000e+01 0.000000000000000000e+00 1.272010409743369541e+00
5.800000000000000000e+01 1.000000000000000000e+00 1.318049048418324265e+00
5.800000000000000000e+01 2.000000000000000000e+00 1.307366417158855931e+00
5.800000000000000000e+01 3.000000000000000000e+00 1.245006991710799982e+00
5.800000000000000000e+01 4.000000000000000000e+00 1.271298847656159081e+00
5.800000000000000000e+01 5.000000000000000000e+00 1.270680305364825236e+00
5.800000000000000000e+01 6.000000000000000000e+00 1.243349531365451677e+00
5.800000000000000000e+01 7.000000000000000000e+00 1.246549331422931228e+00
5.800000000000000000e+01 8.000000000000000000e+00 1.278114473715001420e+00
5.800000000000000000e+01 9.000000000000000000e+00 1.275489238294739369e+00
5.800000000000000000e+01 1.000000000000000000e+01 1.242548582303159677e+00
5.800000000000000000e+01 1.100000000000000000e+01 1.270660743491530908e+00
5.800000000000000000e+01 1.200000000000000000e+01 1.335865689064055672e+00
5.800000000000000000e+01 1.300000000000000000e+01 1.328592007388466278e+00
5.800000000000000000e+01 1.400000000000000000e+01 1.309207310224953513e+00
5.800000000000000000e+01 1.500000000000000000e+01 1.254300498564874244e+00
5.800000000000000000e+01 1.600000000000000000e+01 1.160525494354279763e+00
5.800000000000000000e+01 1.700000000000000000e+01 1.152584552392806438e+00
5.900000000000000000e+01 0.000000000000000000e+00 1.274305636082282644e+00
5.900000000000000000e+01 1.000000000000000000e+00 1.315455759314910988e+00
5.900000000000000000e+01 2.000000000000000000e+00 1.304192689787449844e+00
5.900000000000000000e+01 3.000000000000000000e+00 1.215930768569539966e+00
5.900000000000000000e+01 4.000000000000000000e+00 1.266220558461591095e+00
5.900000000000000000e+01 5.000000000000000000e+00 1.272332648818770950e+00
5.900000000000000000e+01 6.000000000000000000e+00 1.246436650922716938e+00
5.900000000000000000e+01 7.000000000000000000e+00 1.253835420808139034e+00
5.900000000000000000e+01 8.000000000000000000e+00 1.291303786316816637e+00
5.900000000000000000e+01 9.000000000000000000e+00 1.277595530320578376e+00
5.900000000000000000e+01 1.000000000000000000e+01 1.243585246176727610e+00
5.900000000000000000e+01 1.100000000000000000e+01 1.260964634528958017e+00
5.900000000000000000e+01 1.200000000000000000e+01 1.323765238989895066e+00
5.900000000000000000e+01 1.300000000000000000e+01 1.321212040030472323e+00
5.900000000000000000e+01 1.400000000000000000e+01 1.272660142317265652e+00
5.900000000000000000e+01 1.500000000000000000e+01 1.152830852021626828e+00
5.900000000000000000e+01 1.600000000000000000e+01 1.096270720343457628e+00
5.900000000000000000e+01 1.700000000000000000e+01 1.036830136000997493e+00
6.000000000000000000e+01 0.000000000000000000e+00 1.345008631630007168e+00
6.000000000000000000e+01 1.000000000000000000e+00 1.310635771412806738e+00
6.000000000000000000e+01 2.000000000000000000e+00 1.292813136595464929e+00
6.000000000000000000e+01 3.000000000000000000e+00 1.202807172402662328e+00
6.000000000000000000e+01 4.000000000000000000e+00 1.243705958196242189e+00
6.000000000000000000e+01 5.000000000000000000e+00 1.269462986477817523e+00
6.000000000000000000e+01 6.000000000000000000e+00 1.256102143901031365e+00
6.000000000000000000e+01 7.000000000000000000e+00 1.300133398417019137e+00
6.000000000000000000e+01 8.000000000000000000e+00 1.307386345679257822e+00
6.000000000000000000e+01 9.000000000000000000e+00 1.189722459014493916e+00
6.000000000000000000e+01 1.000000000000000000e+01 1.173650339507537721e+00
6.000000000000000000e+01 1.100000000000000000e+01 1.259278130698766596e+00
6.000000000000000000e+01 1.200000000000000000e+01 1.306407641153193078e+00
6.000000000000000000e+01 1.300000000000000000e+01 1.168599361322005814e+00
6.000000000000000000e+01 1.400000000000000000e+01 1.164960537308387112e+00
6.000000000000000000e+01 1.500000000000000000e+01 1.105599239674221357e+00
6.000000000000000000e+01 1.600000000000000000e+01 1.087273790399889695e+00
6.000000000000000000e+01 1.700000000000000000e+01 nan
