Longitude[deg], Latitude[deg], Dust optical depth
7.100000000000000000e+01 -3.200000000000000000e+01 nan
7.100000000000000000e+01 -3.100000000000000000e+01 nan
7.100000000000000000e+01 -3.000000000000000000e+01 nan
7.100000000000000000e+01 -2.900000000000000000e+01 nan
7.100000000000000000e+01 -2.800000000000000000e+01 nan
7.100000000000000000e+01 -2.700000000000000000e+01 nan
7.100000000000000000e+01 -2.600000000000000000e+01 nan
7.100000000000000000e+01 -2.500000000000000000e+01 nan
7.100000000000000000e+01 -2.400000000000000000e+01 nan
7.100000000000000000e+01 -2.300000000000000000e+01 nan
7.100000000000000000e+01 -2.200000000000000000e+01 nan
7.100000000000000000e+01 -2.100000000000000000e+01 nan
7.100000000000000000e+01 -2.000000000000000000e+01 nan
7.100000000000000000e+01 -1.900000000000000000e+01 6.647042131019579081e+00
7.100000000000000000e+01 -1.800000000000000000e+01 6.695394792217268964e+00
7.100000000000000000e+01 -1.700000000000000000e+01 6.922895804986187507e+00
7.100000000000000000e+01 -1.600000000000000000e+01 nan
7.200000000000000000e+01 -3.200000000000000000e+01 8.482132344908837496e+00
7.200000000000000000e+01 -3.100000000000000000e+01 8.363523684561473104e+00
7.200000000000000000e+01 -3.000000000000000000e+01 8.218666362142659665e+00
7.200000000000000000e+01 -2.900000000000000000e+01 8.017355631528685578e+00
7.200000000000000000e+01 -2.800000000000000000e+01 7.776214364875752239e+00
7.200000000000000000e+01 -2.700000000000000000e+01 7.723954459733433531e+00
7.200000000000000000e+01 -2.600000000000000000e+01 7.650435263556761178e+00
7.200000000000000000e+01 -2.500000000000000000e+01 7.599204600098034668e+00
7.200000000000000000e+01 -2.400000000000000000e+01 7.699027437943144925e+00
7.200000000000000000e+01 -2.300000000000000000e+01 7.557908299467067437e+00
7.200000000000000000e+01 -2.200000000000000000e+01 7.320616510228575180e+00
7.200000000000000000e+01 -2.100000000000000000e+01 7.328018702313632282e+00
7.200000000000000000e+01 -2.000000000000000000e+01 7.074046460049991047e+00
7.200000000000000000e+01 -1.900000000000000000e+01 6.734688885462079888e+00
7.200000000000000000e+01 -1.800000000000000000e+01 6.620199851992419227e+00
7.200000000000000000e+01 -1.700000000000000000e+01 6.619034749228950965e+00
7.200000000000000000e+01 -1.600000000000000000e+01 nan
7.300000000000000000e+01 -3.200000000000000000e+01 8.484972999211468192e+00
7.300000000000000000e+01 -3.100000000000000000e+01 8.325877994306205565e+00
7.300000000000000000e+01 -3.000000000000000000e+01 8.085688592487711546e+00
7.300000000000000000e+01 -2.900000000000000000e+01 7.936953969599338521e+00
7.300000000000000000e+01 -2.800000000000000000e+01 7.779666067130316165e+00
7.300000000000000000e+01 -2.700000000000000000e+01 7.674805924910608645e+00
7.300000000000000000e+01 -2.600000000000000000e+01 7.631495581216282353e+00
7.300000000000000000e+01 -2.500000000000000000e+01 7.642605562520135010e+00
7.300000000000000000e+01 -2.400000000000000000e+01 7.677637957015682524e+00
7.300000000000000000e+01 -2.300000000000000000e+01 7.526994266416610735e+00
7.300000000000000000e+01 -2.200000000000000000e+01 7.272441569351667745e+00
7.300000000000000000e+01 -2.100000000000000000e+01 7.217996064952703072e+00
7.300000000000000000e+01 -2.000000000000000000e+01 6.975401183085383039e+00
7.300000000000000000e+01 -1.900000000000000000e+01 6.645791290604378787e+00
7.300000000000000000e+01 -1.800000000000000000e+01 6.533977786469033155e+00
7.300000000000000000e+01 -1.700000000000000000e+01 6.569191415026540248e+00
7.300000000000000000e+01 -1.600000000000000000e+01 nan
7.400000000000000000e+01 -3.200000000000000000e+01 8.492243513670292288e+00
7.400000000000000000e+01 -3.100000000000000000e+01 8.295757436468440105e+00
7.400000000000000000e+01 -3.000000000000000000e+01 7.992820053269690028e+00
7.400000000000000000e+01 -2.900000000000000000e+01 7.918044758966249042e+00
7.400000000000000000e+01 -2.800000000000000000e+01 7.783002607844971443e+00
7.400000000000000000e+01 -2.700000000000000000e+01 7.597095130896393655e+00
7.400000000000000000e+01 -2.600000000000000000e+01 7.619764796019246944e+00
7.400000000000000000e+01 -2.500000000000000000e+01 7.664573182628977577e+00
7.400000000000000000e+01 -2.400000000000000000e+01 7.662506162127461273e+00
7.400000000000000000e+01 -2.300000000000000000e+01 7.498449771467193159e+00
7.400000000000000000e+01 -2.200000000000000000e+01 7.236633994737371900e+00
7.400000000000000000e+01 -2.100000000000000000e+01 7.086943955340024637e+00
7.400000000000000000e+01 -2.000000000000000000e+01 6.843453351709785970e+00
7.400000000000000000e+01 -1.900000000000000000e+01 6.504488034313405720e+00
7.400000000000000000e+01 -1.800000000000000000e+01 6.386085540016554596e+00
7.400000000000000000e+01 -1.700000000000000000e+01 6.481835093008901261e+00
7.400000000000000000e+01 -1.600000000000000000e+01 nan
