Longitude[deg], Latitude[deg], Dust optical depth
-6.100000000000000000e+01 1.300000000000000000e+01 nan
-6.100000000000000000e+01 1.400000000000000000e+01 nan
-6.100000000000000000e+01 1.500000000000000000e+01 nan
-6.100000000000000000e+01 1.600000000000000000e+01 nan
-6.100000000000000000e+01 1.700000000000000000e+01 nan
-6.100000000000000000e+01 1.800000000000000000e+01 nan
-6.100000000000000000e+01 1.900000000000000000e+01 nan
-6.100000000000000000e+01 2.000000000000000000e+01 nan
-6.100000000000000000e+01 2.100000000000000000e+01 nan
-6.100000000000000000e+01 2.200000000000000000e+01 nan
-6.100000000000000000e+01 2.300000000000000000e+01 nan
-6.100000000000000000e+01 2.400000000000000000e+01 nan
-6.100000000000000000e+01 2.500000000000000000e+01 nan
-6.100000000000000000e+01 2.600000000000000000e+01 nan
-6.100000000000000000e+01 2.700000000000000000e+01 nan
-6.100000000000000000e+01 2.800000000000000000e+01 nan
-6.100000000000000000e+01 2.900000000000000000e+01 nan
-6.100000000000000000e+01 3.000000000000000000e+01 nan
-6.100000000000000000e+01 3.100000000000000000e+01 nan
-6.100000000000000000e+01 3.200000000000000000e+01 nan
-6.100000000000000000e+01 3.300000000000000000e+01 nan
-6.100000000000000000e+01 3.400000000000000000e+01 nan
-6.100000000000000000e+01 3.500000000000000000e+01 nan
-6.100000000000000000e+01 3.600000000000000000e+01 nan
-6.100000000000000000e+01 3.700000000000000000e+01 nan
-6.100000000000000000e+01 3.800000000000000000e+01 nan
-6.100000000000000000e+01 3.900000000000000000e+01 nan
-6.000000000000000000e+01 1.300000000000000000e+01 nan
-6.000000000000000000e+01 1.400000000000000000e+01 nan
-6.000000000000000000e+01 1.500000000000000000e+01 nan
-6.000000000000000000e+01 1.600000000000000000e+01 nan
-6.000000000000000000e+01 1.700000000000000000e+01 nan
-6.000000000000000000e+01 1.800000000000000000e+01 nan
-6.000000000000000000e+01 1.900000000000000000e+01 nan
-6.000000000000000000e+01 2.000000000000000000e+01 nan
-6.000000000000000000e+01 2.100000000000000000e+01 nan
-6.000000000000000000e+01 2.200000000000000000e+01 nan
-6.000000000000000000e+01 2.300000000000000000e+01 nan
-6.000000000000000000e+01 2.400000000000000000e+01 nan
-6.000000000000000000e+01 2.500000000000000000e+01 nan
-6.000000000000000000e+01 2.600000000000000000e+01 nan
-6.000000000000000000e+01 2.700000000000000000e+01 nan
-6.000000000000000000e+01 2.800000000000000000e+01 nan
-6.000000000000000000e+01 2.900000000000000000e+01 nan
-6.000000000000000000e+01 3.000000000000000000e+01 nan
-6.000000000000000000e+01 3.100000000000000000e+01 4.159966278219290992e+00
-6.000000000000000000e+01 3.200000000000000000e+01 4.114303200256674842e+00
-6.000000000000000000e+01 3.300000000000000000e+01 4.108658020391937171e+00
-6.000000000000000000e+01 3.400000000000000000e+01 3.978718785630215304e+00
-6.000000000000000000e+01 3.500000000000000000e+01 3.831336611685162374e+00
-6.000000000000000000e+01 3.600000000000000000e+01 3.790604628101580165e+00
-6.000000000000000000e+01 3.700000000000000000e+01 nan
-6.000000000000000000e+01 3.800000000000000000e+01 nan
-6.000000000000000000e+01 3.900000000000000000e+01 nan
-5.900000000000000000e+01 1.300000000000000000e+01 nan
-5.900000000000000000e+01 1.400000000000000000e+01 nan
-5.900000000000000000e+01 1.500000000000000000e+01 nan
-5.900000000000000000e+01 1.600000000000000000e+01 nan
-5.900000000000000000e+01 1.700000000000000000e+01 nan
-5.900000000000000000e+01 1.800000000000000000e+01 nan
-5.900000000000000000e+01 1.900000000000000000e+01 nan
-5.900000000000000000e+01 2.000000000000000000e+01 nan
-5.900000000000000000e+01 2.100000000000000000e+01 nan
-5.900000000000000000e+01 2.200000000000000000e+01 nan
-5.900000000000000000e+01 2.300000000000000000e+01 nan
-5.900000000000000000e+01 2.400000000000000000e+01 nan
-5.900000000000000000e+01 2.500000000000000000e+01 nan
-5.900000000000000000e+01 2.600000000000000000e+01 nan
-5.900000000000000000e+01 2.700000000000000000e+01 3.643931612676521326e+00
-5.900000000000000000e+01 2.800000000000000000e+01 3.797883626716605399e+00
-5.900000000000000000e+01 2.900000000000000000e+01 3.980870000230331662e+00
-5.900000000000000000e+01 3.000000000000000000e+01 4.008818738388942648e+00
-5.900000000000000000e+01 3.100000000000000000e+01 4.058146338779536677e+00
-5.900000000000000000e+01 3.200000000000000000e+01 4.089905126597840557e+00
-5.900000000000000000e+01 3.300000000000000000e+01 4.058250702012210276e+00
-5.900000000000000000e+01 3.400000000000000000e+01 3.935383919208424786e+00
-5.900000000000000000e+01 3.500000000000000000e+01 3.790491271941757390e+00
-5.900000000000000000e+01 3.600000000000000000e+01 3.696466076000461953e+00
-5.900000000000000000e+01 3.700000000000000000e+01 nan
-5.900000000000000000e+01 3.800000000000000000e+01 nan
-5.900000000000000000e+01 3.900000000000000000e+01 nan
-5.800000000000000000e+01 1.300000000000000000e+01 nan
-5.800000000000000000e+01 1.400000000000000000e+01 nan
-5.800000000000000000e+01 1.500000000000000000e+01 nan
-5.800000000000000000e+01 1.600000000000000000e+01 nan
-5.800000000000000000e+01 1.700000000000000000e+01 nan
-5.800000000000000000e+01 1.800000000000000000e+01 nan
-5.800000000000000000e+01 1.900000000000000000e+01 nan
-5.800000000000000000e+01 2.000000000000000000e+01 nan
-5.800000000000000000e+01 2.100000000000000000e+01 3.603389691466198475e+00
-5.800000000000000000e+01 2.200000000000000000e+01 3.608914498777784363e+00
-5.800000000000000000e+01 2.300000000000000000e+01 3.565480882690514886e+00
-5.800000000000000000e+01 2.400000000000000000e+01 3.584115857122960769e+00
-5.800000000000000000e+01 2.500000000000000000e+01 3.589151401186536194e+00
-5.800000000000000000e+01 2.600000000000000000e+01 3.576824765616082757e+00
-5.800000000000000000e+01 2.700000000000000000e+01 3.556454879982378081e+00
-5.800000000000000000e+01 2.800000000000000000e+01 3.686683125581205811e+00
-5.800000000000000000e+01 2.900000000000000000e+01 3.846771488223736490e+00
-5.800000000000000000e+01 3.000000000000000000e+01 3.920315706618714646e+00
-5.800000000000000000e+01 3.100000000000000000e+01 3.992870482883717376e+00
-5.800000000000000000e+01 3.200000000000000000e+01 4.035583598847519937e+00
-5.800000000000000000e+01 3.300000000000000000e+01 4.000210745991037875e+00
-5.800000000000000000e+01 3.400000000000000000e+01 3.865345655496041921e+00
-5.800000000000000000e+01 3.500000000000000000e+01 3.724448477676145064e+00
-5.800000000000000000e+01 3.600000000000000000e+01 3.661477914670295153e+00
-5.800000000000000000e+01 3.700000000000000000e+01 nan
-5.800000000000000000e+01 3.800000000000000000e+01 nan
-5.800000000000000000e+01 3.900000000000000000e+01 nan
-5.700000000000000000e+01 1.300000000000000000e+01 nan
-5.700000000000000000e+01 1.400000000000000000e+01 nan
-5.700000000000000000e+01 1.500000000000000000e+01 3.462012033033265990e+00
-5.700000000000000000e+01 1.600000000000000000e+01 3.537157117508727744e+00
-5.700000000000000000e+01 1.700000000000000000e+01 3.597450609908949826e+00
-5.700000000000000000e+01 1.800000000000000000e+01 3.590875142268138642e+00
-5.700000000000000000e+01 1.900000000000000000e+01 3.534777719414947672e+00
-5.700000000000000000e+01 2.000000000000000000e+01 3.446402711409481068e+00
-5.700000000000000000e+01 2.100000000000000000e+01 3.498407509373180346e+00
-5.700000000000000000e+01 2.200000000000000000e+01 3.570093365021945964e+00
-5.700000000000000000e+01 2.300000000000000000e+01 3.564727781582732735e+00
-5.700000000000000000e+01 2.400000000000000000e+01 3.597063520482370436e+00
-5.700000000000000000e+01 2.500000000000000000e+01 3.629589748333631238e+00
-5.700000000000000000e+01 2.600000000000000000e+01 3.592502057933045112e+00
-5.700000000000000000e+01 2.700000000000000000e+01 3.543255367239563469e+00
-5.700000000000000000e+01 2.800000000000000000e+01 3.616280425836018164e+00
-5.700000000000000000e+01 2.900000000000000000e+01 3.720469544599546374e+00
-5.700000000000000000e+01 3.000000000000000000e+01 3.803277389384538854e+00
-5.700000000000000000e+01 3.100000000000000000e+01 3.894290492328586595e+00
-5.700000000000000000e+01 3.200000000000000000e+01 3.962891460788557918e+00
-5.700000000000000000e+01 3.300000000000000000e+01 3.971583332941799771e+00
-5.700000000000000000e+01 3.400000000000000000e+01 3.852796229393340433e+00
-5.700000000000000000e+01 3.500000000000000000e+01 3.711700232698873503e+00
-5.700000000000000000e+01 3.600000000000000000e+01 3.641788676249956502e+00
-5.700000000000000000e+01 3.700000000000000000e+01 nan
-5.700000000000000000e+01 3.800000000000000000e+01 nan
-5.700000000000000000e+01 3.900000000000000000e+01 nan
-5.600000000000000000e+01 1.300000000000000000e+01 3.345776311165171713e+00
-5.600000000000000000e+01 1.400000000000000000e+01 3.416122613500076621e+00
-5.600000000000000000e+01 1.500000000000000000e+01 3.431686377524453491e+00
-5.600000000000000000e+01 1.600000000000000000e+01 3.486294273661092902e+00
-5.600000000000000000e+01 1.700000000000000000e+01 3.570332990171935172e+00
-5.600000000000000000e+01 1.800000000000000000e+01 3.570332990171935172e+00
-5.600000000000000000e+01 1.900000000000000000e+01 3.524565546551707396e+00
-5.600000000000000000e+01 2.000000000000000000e+01 3.443354812218790251e+00
-5.600000000000000000e+01 2.100000000000000000e+01 3.450655044609182820e+00
-5.600000000000000000e+01 2.200000000000000000e+01 3.506713415149083080e+00
-5.600000000000000000e+01 2.300000000000000000e+01 3.535247867664205401e+00
-5.600000000000000000e+01 2.400000000000000000e+01 3.586565517565438732e+00
-5.600000000000000000e+01 2.500000000000000000e+01 3.638193164144760683e+00
-5.600000000000000000e+01 2.600000000000000000e+01 3.602449859434224688e+00
-5.600000000000000000e+01 2.700000000000000000e+01 3.526494843766208476e+00
-5.600000000000000000e+01 2.800000000000000000e+01 3.566619022041434661e+00
-5.600000000000000000e+01 2.900000000000000000e+01 3.664573043509466110e+00
-5.600000000000000000e+01 3.000000000000000000e+01 3.743386603124036593e+00
-5.600000000000000000e+01 3.100000000000000000e+01 3.840930392087720247e+00
-5.600000000000000000e+01 3.200000000000000000e+01 3.926521054328063531e+00
-5.600000000000000000e+01 3.300000000000000000e+01 3.956926353274795360e+00
-5.600000000000000000e+01 3.400000000000000000e+01 3.897343526471800157e+00
-5.600000000000000000e+01 3.500000000000000000e+01 3.779678216105321287e+00
-5.600000000000000000e+01 3.600000000000000000e+01 3.617458341343886996e+00
-5.600000000000000000e+01 3.700000000000000000e+01 nan
-5.600000000000000000e+01 3.800000000000000000e+01 nan
-5.600000000000000000e+01 3.900000000000000000e+01 nan
-5.500000000000000000e+01 1.300000000000000000e+01 3.323982698328964425e+00
-5.500000000000000000e+01 1.400000000000000000e+01 3.436199759177125834e+00
-5.500000000000000000e+01 1.500000000000000000e+01 3.444021396046979877e+00
-5.500000000000000000e+01 1.600000000000000000e+01 3.469257353499452190e+00
-5.500000000000000000e+01 1.700000000000000000e+01 3.521803774041796675e+00
-5.500000000000000000e+01 1.800000000000000000e+01 3.528199382133983875e+00
-5.500000000000000000e+01 1.900000000000000000e+01 3.509115741616749773e+00
-5.500000000000000000e+01 2.000000000000000000e+01 3.420096996160317371e+00
-5.500000000000000000e+01 2.100000000000000000e+01 3.418260898391559888e+00
-5.500000000000000000e+01 2.200000000000000000e+01 3.465191462227195540e+00
-5.500000000000000000e+01 2.300000000000000000e+01 3.488421836029527157e+00
-5.500000000000000000e+01 2.400000000000000000e+01 3.544458056615299668e+00
-5.500000000000000000e+01 2.500000000000000000e+01 3.591288554861741922e+00
-5.500000000000000000e+01 2.600000000000000000e+01 3.587859914628461766e+00
-5.500000000000000000e+01 2.700000000000000000e+01 3.545551964453370619e+00
-5.500000000000000000e+01 2.800000000000000000e+01 3.580096004260356235e+00
-5.500000000000000000e+01 2.900000000000000000e+01 3.683830758339301070e+00
-5.500000000000000000e+01 3.000000000000000000e+01 3.745003879561379811e+00
-5.500000000000000000e+01 3.100000000000000000e+01 3.834894015204493467e+00
-5.500000000000000000e+01 3.200000000000000000e+01 3.892627147736422710e+00
-5.500000000000000000e+01 3.300000000000000000e+01 3.935530789486664904e+00
-5.500000000000000000e+01 3.400000000000000000e+01 3.927767768557949957e+00
-5.500000000000000000e+01 3.500000000000000000e+01 3.881325287156644599e+00
-5.500000000000000000e+01 3.600000000000000000e+01 nan
-5.500000000000000000e+01 3.700000000000000000e+01 nan
-5.500000000000000000e+01 3.800000000000000000e+01 nan
-5.500000000000000000e+01 3.900000000000000000e+01 nan
-5.400000000000000000e+01 1.300000000000000000e+01 3.290439477658317458e+00
-5.400000000000000000e+01 1.400000000000000000e+01 3.428742062449543049e+00
-5.400000000000000000e+01 1.500000000000000000e+01 3.453031106092385727e+00
-5.400000000000000000e+01 1.600000000000000000e+01 3.483642378655738892e+00
-5.400000000000000000e+01 1.700000000000000000e+01 3.507186131777520366e+00
-5.400000000000000000e+01 1.800000000000000000e+01 3.480910606589945999e+00
-5.400000000000000000e+01 1.900000000000000000e+01 3.465158373217060550e+00
-5.400000000000000000e+01 2.000000000000000000e+01 3.416588183434585702e+00
-5.400000000000000000e+01 2.100000000000000000e+01 3.408955540471674706e+00
-5.400000000000000000e+01 2.200000000000000000e+01 3.441011664361608435e+00
-5.400000000000000000e+01 2.300000000000000000e+01 3.461824280198470216e+00
-5.400000000000000000e+01 2.400000000000000000e+01 3.534295991877580700e+00
-5.400000000000000000e+01 2.500000000000000000e+01 3.591942843179227740e+00
-5.400000000000000000e+01 2.600000000000000000e+01 3.594426446841898937e+00
-5.400000000000000000e+01 2.700000000000000000e+01 3.580685236519987935e+00
-5.400000000000000000e+01 2.800000000000000000e+01 3.631919171880721997e+00
-5.400000000000000000e+01 2.900000000000000000e+01 3.702996086418347765e+00
-5.400000000000000000e+01 3.000000000000000000e+01 3.744690436372529518e+00
-5.400000000000000000e+01 3.100000000000000000e+01 3.851518168377602969e+00
-5.400000000000000000e+01 3.200000000000000000e+01 3.881147130767471864e+00
-5.400000000000000000e+01 3.300000000000000000e+01 3.919380160970421301e+00
-5.400000000000000000e+01 3.400000000000000000e+01 3.961113196747469534e+00
-5.400000000000000000e+01 3.500000000000000000e+01 3.905082800374839902e+00
-5.400000000000000000e+01 3.600000000000000000e+01 nan
-5.400000000000000000e+01 3.700000000000000000e+01 nan
-5.400000000000000000e+01 3.800000000000000000e+01 nan
-5.400000000000000000e+01 3.900000000000000000e+01 nan
-5.300000000000000000e+01 1.300000000000000000e+01 3.296799484002379543e+00
-5.300000000000000000e+01 1.400000000000000000e+01 3.402582088539970684e+00
-5.300000000000000000e+01 1.500000000000000000e+01 3.435264058351371830e+00
-5.300000000000000000e+01 1.600000000000000000e+01 3.497217456711156913e+00
-5.300000000000000000e+01 1.700000000000000000e+01 3.532732369647549220e+00
-5.300000000000000000e+01 1.800000000000000000e+01 3.469883538544922263e+00
-5.300000000000000000e+01 1.900000000000000000e+01 3.424378042583775539e+00
-5.300000000000000000e+01 2.000000000000000000e+01 3.424378042583775539e+00
-5.300000000000000000e+01 2.100000000000000000e+01 3.396350621964467908e+00
-5.300000000000000000e+01 2.200000000000000000e+01 3.424550143527504531e+00
-5.300000000000000000e+01 2.300000000000000000e+01 3.479831489099839636e+00
-5.300000000000000000e+01 2.400000000000000000e+01 3.563682883464715623e+00
-5.300000000000000000e+01 2.500000000000000000e+01 3.682555147994534650e+00
-5.300000000000000000e+01 2.600000000000000000e+01 3.618092998151706929e+00
-5.300000000000000000e+01 2.700000000000000000e+01 3.601382019933359935e+00
-5.300000000000000000e+01 2.800000000000000000e+01 3.702067405815447909e+00
-5.300000000000000000e+01 2.900000000000000000e+01 3.720613588629265056e+00
-5.300000000000000000e+01 3.000000000000000000e+01 nan
-5.300000000000000000e+01 3.100000000000000000e+01 nan
-5.300000000000000000e+01 3.200000000000000000e+01 nan
-5.300000000000000000e+01 3.300000000000000000e+01 nan
-5.300000000000000000e+01 3.400000000000000000e+01 nan
-5.300000000000000000e+01 3.500000000000000000e+01 nan
-5.300000000000000000e+01 3.600000000000000000e+01 nan
-5.300000000000000000e+01 3.700000000000000000e+01 nan
-5.300000000000000000e+01 3.800000000000000000e+01 nan
-5.300000000000000000e+01 3.900000000000000000e+01 nan
