Longitude[deg], Latitude[deg], Dust optical depth
5.000000000000000000e+00 -3.300000000000000000e+01 7.046268631517931702e+00
5.000000000000000000e+00 -3.200000000000000000e+01 7.025232412478762178e+00
5.000000000000000000e+00 -3.100000000000000000e+01 7.016297625287083228e+00
5.000000000000000000e+00 -3.000000000000000000e+01 7.019348291840000975e+00
5.000000000000000000e+00 -2.900000000000000000e+01 6.974094863511711040e+00
5.000000000000000000e+00 -2.800000000000000000e+01 6.922690435045015356e+00
5.000000000000000000e+00 -2.700000000000000000e+01 6.850821829678751307e+00
5.000000000000000000e+00 -2.600000000000000000e+01 6.570594877362034403e+00
5.000000000000000000e+00 -2.500000000000000000e+01 6.488398429025883374e+00
5.000000000000000000e+00 -2.400000000000000000e+01 6.384578625075836733e+00
5.000000000000000000e+00 -2.300000000000000000e+01 6.323249111504646081e+00
5.000000000000000000e+00 -2.200000000000000000e+01 6.233491521514324951e+00
5.000000000000000000e+00 -2.100000000000000000e+01 6.117607917781523241e+00
5.000000000000000000e+00 -2.000000000000000000e+01 6.107636794015008697e+00
5.000000000000000000e+00 -1.900000000000000000e+01 6.070463182217885389e+00
5.000000000000000000e+00 -1.800000000000000000e+01 6.109246982639730206e+00
5.000000000000000000e+00 -1.700000000000000000e+01 nan
6.000000000000000000e+00 -3.300000000000000000e+01 7.032285822707108558e+00
6.000000000000000000e+00 -3.200000000000000000e+01 6.990565910289689100e+00
6.000000000000000000e+00 -3.100000000000000000e+01 6.995853677246407720e+00
6.000000000000000000e+00 -3.000000000000000000e+01 7.005256254125269422e+00
6.000000000000000000e+00 -2.900000000000000000e+01 6.917523247325292779e+00
6.000000000000000000e+00 -2.800000000000000000e+01 6.865313062118887366e+00
6.000000000000000000e+00 -2.700000000000000000e+01 6.686832570482851956e+00
6.000000000000000000e+00 -2.600000000000000000e+01 6.541178391502085354e+00
6.000000000000000000e+00 -2.500000000000000000e+01 6.461925680648896275e+00
6.000000000000000000e+00 -2.400000000000000000e+01 6.350083568477878693e+00
6.000000000000000000e+00 -2.300000000000000000e+01 6.245545743126928784e+00
6.000000000000000000e+00 -2.200000000000000000e+01 6.175027155779343246e+00
6.000000000000000000e+00 -2.100000000000000000e+01 6.096620431199256451e+00
6.000000000000000000e+00 -2.000000000000000000e+01 6.075583474902985337e+00
6.000000000000000000e+00 -1.900000000000000000e+01 6.008356044195598322e+00
6.000000000000000000e+00 -1.800000000000000000e+01 5.987224089596163701e+00
6.000000000000000000e+00 -1.700000000000000000e+01 nan
7.000000000000000000e+00 -3.300000000000000000e+01 7.020154743943679776e+00
7.000000000000000000e+00 -3.200000000000000000e+01 6.969574920109576688e+00
7.000000000000000000e+00 -3.100000000000000000e+01 6.986071783563664539e+00
7.000000000000000000e+00 -3.000000000000000000e+01 6.992902405718532499e+00
7.000000000000000000e+00 -2.900000000000000000e+01 6.878265094892532794e+00
7.000000000000000000e+00 -2.800000000000000000e+01 6.808858416815133374e+00
7.000000000000000000e+00 -2.700000000000000000e+01 6.665976790965277843e+00
7.000000000000000000e+00 -2.600000000000000000e+01 6.511992817073156914e+00
7.000000000000000000e+00 -2.500000000000000000e+01 6.454845499813137266e+00
7.000000000000000000e+00 -2.400000000000000000e+01 6.324672867198763981e+00
7.000000000000000000e+00 -2.300000000000000000e+01 6.211587960804553887e+00
7.000000000000000000e+00 -2.200000000000000000e+01 6.093993635278722287e+00
7.000000000000000000e+00 -2.100000000000000000e+01 6.052860489902815111e+00
7.000000000000000000e+00 -2.000000000000000000e+01 6.034429909988955565e+00
7.000000000000000000e+00 -1.900000000000000000e+01 5.871565339524764227e+00
7.000000000000000000e+00 -1.800000000000000000e+01 5.887919503366656926e+00
7.000000000000000000e+00 -1.700000000000000000e+01 nan
8.000000000000000000e+00 -3.300000000000000000e+01 6.911910902132393453e+00
8.000000000000000000e+00 -3.200000000000000000e+01 6.859455786946679012e+00
8.000000000000000000e+00 -3.100000000000000000e+01 6.965238127476505170e+00
8.000000000000000000e+00 -3.000000000000000000e+01 6.958184356923715619e+00
8.000000000000000000e+00 -2.900000000000000000e+01 6.863700146615822284e+00
8.000000000000000000e+00 -2.800000000000000000e+01 6.683365500038072504e+00
8.000000000000000000e+00 -2.700000000000000000e+01 6.542419686204807405e+00
8.000000000000000000e+00 -2.600000000000000000e+01 6.465960356892584748e+00
8.000000000000000000e+00 -2.500000000000000000e+01 6.415536227512329326e+00
8.000000000000000000e+00 -2.400000000000000000e+01 6.300178890468716375e+00
8.000000000000000000e+00 -2.300000000000000000e+01 6.118464843066047543e+00
8.000000000000000000e+00 -2.200000000000000000e+01 5.862956429193507901e+00
8.000000000000000000e+00 -2.100000000000000000e+01 5.785561133628752906e+00
8.000000000000000000e+00 -2.000000000000000000e+01 5.806013240364360506e+00
8.000000000000000000e+00 -1.900000000000000000e+01 nan
8.000000000000000000e+00 -1.800000000000000000e+01 nan
8.000000000000000000e+00 -1.700000000000000000e+01 nan
