Longitude[deg], Latitude[deg], Dust optical depth
1.090000000000000000e+02 -2.000000000000000000e+00 nan
1.090000000000000000e+02 -1.000000000000000000e+00 nan
1.090000000000000000e+02 0.000000000000000000e+00 nan
1.090000000000000000e+02 1.000000000000000000e+00 nan
1.090000000000000000e+02 2.000000000000000000e+00 nan
1.090000000000000000e+02 3.000000000000000000e+00 nan
1.090000000000000000e+02 4.000000000000000000e+00 nan
1.090000000000000000e+02 5.000000000000000000e+00 nan
1.090000000000000000e+02 6.000000000000000000e+00 nan
1.090000000000000000e+02 7.000000000000000000e+00 nan
1.090000000000000000e+02 8.000000000000000000e+00 nan
1.090000000000000000e+02 9.000000000000000000e+00 nan
1.090000000000000000e+02 1.000000000000000000e+01 nan
1.090000000000000000e+02 1.100000000000000000e+01 nan
1.090000000000000000e+02 1.200000000000000000e+01 nan
1.090000000000000000e+02 1.300000000000000000e+01 nan
1.090000000000000000e+02 1.400000000000000000e+01 nan
1.090000000000000000e+02 1.500000000000000000e+01 3.056211879586910651e+00
1.090000000000000000e+02 1.600000000000000000e+01 3.015668872427581970e+00
1.090000000000000000e+02 1.700000000000000000e+01 3.007223997544081762e+00
1.090000000000000000e+02 1.800000000000000000e+01 nan
1.100000000000000000e+02 -2.000000000000000000e+00 nan
1.100000000000000000e+02 -1.000000000000000000e+00 nan
1.100000000000000000e+02 0.000000000000000000e+00 nan
1.100000000000000000e+02 1.000000000000000000e+00 nan
1.100000000000000000e+02 2.000000000000000000e+00 nan
1.100000000000000000e+02 3.000000000000000000e+00 nan
1.100000000000000000e+02 4.000000000000000000e+00 nan
1.100000000000000000e+02 5.000000000000000000e+00 2.459226189257992967e+00
1.100000000000000000e+02 6.000000000000000000e+00 2.658508912153874526e+00
1.100000000000000000e+02 7.000000000000000000e+00 2.600967893639770878e+00
1.100000000000000000e+02 8.000000000000000000e+00 2.623767053782796843e+00
1.100000000000000000e+02 9.000000000000000000e+00 2.703109612785595584e+00
1.100000000000000000e+02 1.000000000000000000e+01 2.840349735231960882e+00
1.100000000000000000e+02 1.100000000000000000e+01 2.926007342281568668e+00
1.100000000000000000e+02 1.200000000000000000e+01 2.983032191475886830e+00
1.100000000000000000e+02 1.300000000000000000e+01 3.091347418068186581e+00
1.100000000000000000e+02 1.400000000000000000e+01 3.061279600516571886e+00
1.100000000000000000e+02 1.500000000000000000e+01 3.048131807690930728e+00
1.100000000000000000e+02 1.600000000000000000e+01 3.022278752811234259e+00
1.100000000000000000e+02 1.700000000000000000e+01 3.006796095742319430e+00
1.100000000000000000e+02 1.800000000000000000e+01 3.100405568729962091e+00
1.110000000000000000e+02 -2.000000000000000000e+00 2.068704249595044953e+00
1.110000000000000000e+02 -1.000000000000000000e+00 2.050383799743894286e+00
1.110000000000000000e+02 0.000000000000000000e+00 2.155809694981710489e+00
1.110000000000000000e+02 1.000000000000000000e+00 2.309963672028017445e+00
1.110000000000000000e+02 2.000000000000000000e+00 2.355530734508213708e+00
1.110000000000000000e+02 3.000000000000000000e+00 2.434744824901888816e+00
1.110000000000000000e+02 4.000000000000000000e+00 2.502440863525037695e+00
1.110000000000000000e+02 5.000000000000000000e+00 2.504570679703022495e+00
1.110000000000000000e+02 6.000000000000000000e+00 2.550682658458329310e+00
1.110000000000000000e+02 7.000000000000000000e+00 2.565099705299815458e+00
1.110000000000000000e+02 8.000000000000000000e+00 2.653828355018804430e+00
1.110000000000000000e+02 9.000000000000000000e+00 2.718466482578105747e+00
1.110000000000000000e+02 1.000000000000000000e+01 2.808738497779988741e+00
1.110000000000000000e+02 1.100000000000000000e+01 2.918662739139555207e+00
1.110000000000000000e+02 1.200000000000000000e+01 2.973127740678102704e+00
1.110000000000000000e+02 1.300000000000000000e+01 3.051679097213895631e+00
1.110000000000000000e+02 1.400000000000000000e+01 3.055470186971760427e+00
1.110000000000000000e+02 1.500000000000000000e+01 3.038279851188472769e+00
1.110000000000000000e+02 1.600000000000000000e+01 3.014554537813951995e+00
1.110000000000000000e+02 1.700000000000000000e+01 3.006796095742319430e+00
1.110000000000000000e+02 1.800000000000000000e+01 3.018700085492791452e+00
1.120000000000000000e+02 -2.000000000000000000e+00 2.076857796032113512e+00
1.120000000000000000e+02 -1.000000000000000000e+00 2.112257847087682272e+00
1.120000000000000000e+02 0.000000000000000000e+00 2.177134727772127576e+00
1.120000000000000000e+02 1.000000000000000000e+00 2.286592325085166966e+00
1.120000000000000000e+02 2.000000000000000000e+00 2.328423893285659130e+00
1.120000000000000000e+02 3.000000000000000000e+00 2.420900827698999169e+00
1.120000000000000000e+02 4.000000000000000000e+00 2.461825808777394098e+00
1.120000000000000000e+02 5.000000000000000000e+00 2.496091698868739606e+00
1.120000000000000000e+02 6.000000000000000000e+00 2.542722888806818293e+00
1.120000000000000000e+02 7.000000000000000000e+00 2.557871812169684400e+00
1.120000000000000000e+02 8.000000000000000000e+00 2.651156390992626122e+00
1.120000000000000000e+02 9.000000000000000000e+00 2.736549155842402659e+00
1.120000000000000000e+02 1.000000000000000000e+01 2.785843092893691253e+00
1.120000000000000000e+02 1.100000000000000000e+01 2.867089463681137929e+00
1.120000000000000000e+02 1.200000000000000000e+01 2.937520620045863673e+00
1.120000000000000000e+02 1.300000000000000000e+01 3.036920525730865350e+00
1.120000000000000000e+02 1.400000000000000000e+01 3.067762948757251085e+00
1.120000000000000000e+02 1.500000000000000000e+01 3.029866750921418106e+00
1.120000000000000000e+02 1.600000000000000000e+01 2.981328323290173277e+00
1.120000000000000000e+02 1.700000000000000000e+01 3.036886391057127543e+00
1.120000000000000000e+02 1.800000000000000000e+01 3.088495046154675627e+00
1.130000000000000000e+02 -2.000000000000000000e+00 2.066445526480993777e+00
1.130000000000000000e+02 -1.000000000000000000e+00 2.125126093266489491e+00
1.130000000000000000e+02 0.000000000000000000e+00 2.195607840234726549e+00
1.130000000000000000e+02 1.000000000000000000e+00 2.276556198034281220e+00
1.130000000000000000e+02 2.000000000000000000e+00 2.309146192908337003e+00
1.130000000000000000e+02 3.000000000000000000e+00 2.413257827308974868e+00
1.130000000000000000e+02 4.000000000000000000e+00 2.450421188393945293e+00
1.130000000000000000e+02 5.000000000000000000e+00 2.491367704297529517e+00
1.130000000000000000e+02 6.000000000000000000e+00 2.539573125307667212e+00
1.130000000000000000e+02 7.000000000000000000e+00 2.554670370737764706e+00
1.130000000000000000e+02 8.000000000000000000e+00 2.635251745951626923e+00
1.130000000000000000e+02 9.000000000000000000e+00 2.747928786726692607e+00
1.130000000000000000e+02 1.000000000000000000e+01 2.776471184100278045e+00
1.130000000000000000e+02 1.100000000000000000e+01 2.807662278577026882e+00
1.130000000000000000e+02 1.200000000000000000e+01 2.919101260930013098e+00
1.130000000000000000e+02 1.300000000000000000e+01 3.066607426219972066e+00
1.130000000000000000e+02 1.400000000000000000e+01 3.084503970802977335e+00
1.130000000000000000e+02 1.500000000000000000e+01 3.030931327867627978e+00
1.130000000000000000e+02 1.600000000000000000e+01 2.972918286561295975e+00
1.130000000000000000e+02 1.700000000000000000e+01 3.060904020489637389e+00
1.130000000000000000e+02 1.800000000000000000e+01 3.123441034307453457e+00
1.140000000000000000e+02 -2.000000000000000000e+00 2.018240413240125264e+00
1.140000000000000000e+02 -1.000000000000000000e+00 2.104419190976607901e+00
1.140000000000000000e+02 0.000000000000000000e+00 2.227950326771816592e+00
1.140000000000000000e+02 1.000000000000000000e+00 2.303782233516631806e+00
1.140000000000000000e+02 2.000000000000000000e+00 2.286415692515904485e+00
1.140000000000000000e+02 3.000000000000000000e+00 2.399140918069198936e+00
1.140000000000000000e+02 4.000000000000000000e+00 2.565584134007465433e+00
1.140000000000000000e+02 5.000000000000000000e+00 2.565584134007465433e+00
1.140000000000000000e+02 6.000000000000000000e+00 2.530066327272881832e+00
1.140000000000000000e+02 7.000000000000000000e+00 nan
1.140000000000000000e+02 8.000000000000000000e+00 nan
1.140000000000000000e+02 9.000000000000000000e+00 nan
1.140000000000000000e+02 1.000000000000000000e+01 nan
1.140000000000000000e+02 1.100000000000000000e+01 nan
1.140000000000000000e+02 1.200000000000000000e+01 nan
1.140000000000000000e+02 1.300000000000000000e+01 nan
1.140000000000000000e+02 1.400000000000000000e+01 nan
1.140000000000000000e+02 1.500000000000000000e+01 nan
1.140000000000000000e+02 1.600000000000000000e+01 nan
1.140000000000000000e+02 1.700000000000000000e+01 nan
1.140000000000000000e+02 1.800000000000000000e+01 nan
