Longitude[deg], Latitude[deg], Dust optical depth
-9.200000000000000000e+01 -5.800000000000000000e+01 3.325787814366108819e+00
-9.200000000000000000e+01 -5.700000000000000000e+01 3.562256263649881571e+00
-9.200000000000000000e+01 -5.600000000000000000e+01 3.576712917678340098e+00
-9.200000000000000000e+01 -5.500000000000000000e+01 3.697066468776359027e+00
-9.200000000000000000e+01 -5.400000000000000000e+01 3.531180510029494624e+00
-9.200000000000000000e+01 -5.300000000000000000e+01 3.553748889267165367e+00
-9.200000000000000000e+01 -5.200000000000000000e+01 3.822533910919850619e+00
-9.200000000000000000e+01 -5.100000000000000000e+01 3.828686707828763858e+00
-9.200000000000000000e+01 -5.000000000000000000e+01 4.210707609575437438e+00
-9.200000000000000000e+01 -4.900000000000000000e+01 4.571373574699093112e+00
-9.200000000000000000e+01 -4.800000000000000000e+01 4.657760988121388834e+00
-9.200000000000000000e+01 -4.700000000000000000e+01 4.797753845217219926e+00
-9.200000000000000000e+01 -4.600000000000000000e+01 nan
-9.200000000000000000e+01 -4.500000000000000000e+01 nan
-9.200000000000000000e+01 -4.400000000000000000e+01 nan
-9.200000000000000000e+01 -4.300000000000000000e+01 nan
-9.200000000000000000e+01 -4.200000000000000000e+01 nan
-9.200000000000000000e+01 -4.100000000000000000e+01 nan
-9.200000000000000000e+01 -4.000000000000000000e+01 nan
-9.200000000000000000e+01 -3.900000000000000000e+01 nan
-9.200000000000000000e+01 -3.800000000000000000e+01 nan
-9.200000000000000000e+01 -3.700000000000000000e+01 nan
-9.200000000000000000e+01 -3.600000000000000000e+01 nan
-9.200000000000000000e+01 -3.500000000000000000e+01 nan
-9.200000000000000000e+01 -3.400000000000000000e+01 nan
-9.200000000000000000e+01 -3.300000000000000000e+01 nan
-9.200000000000000000e+01 -3.200000000000000000e+01 nan
-9.200000000000000000e+01 -3.100000000000000000e+01 nan
-9.100000000000000000e+01 -5.800000000000000000e+01 3.325787814366108819e+00
-9.100000000000000000e+01 -5.700000000000000000e+01 3.562256263649881571e+00
-9.100000000000000000e+01 -5.600000000000000000e+01 3.576712917678340098e+00
-9.100000000000000000e+01 -5.500000000000000000e+01 3.690786658575177182e+00
-9.100000000000000000e+01 -5.400000000000000000e+01 3.529818836576690266e+00
-9.100000000000000000e+01 -5.300000000000000000e+01 3.668010752875308089e+00
-9.100000000000000000e+01 -5.200000000000000000e+01 3.824410254456698688e+00
-9.100000000000000000e+01 -5.100000000000000000e+01 3.877127816228811419e+00
-9.100000000000000000e+01 -5.000000000000000000e+01 4.251935747283168254e+00
-9.100000000000000000e+01 -4.900000000000000000e+01 4.580867658358418026e+00
-9.100000000000000000e+01 -4.800000000000000000e+01 4.722477590073148157e+00
-9.100000000000000000e+01 -4.700000000000000000e+01 4.872331010265380513e+00
-9.100000000000000000e+01 -4.600000000000000000e+01 4.800005253818532935e+00
-9.100000000000000000e+01 -4.500000000000000000e+01 4.758814242903410374e+00
-9.100000000000000000e+01 -4.400000000000000000e+01 4.802655674805361485e+00
-9.100000000000000000e+01 -4.300000000000000000e+01 4.771964914793417556e+00
-9.100000000000000000e+01 -4.200000000000000000e+01 4.587286769857010782e+00
-9.100000000000000000e+01 -4.100000000000000000e+01 nan
-9.100000000000000000e+01 -4.000000000000000000e+01 nan
-9.100000000000000000e+01 -3.900000000000000000e+01 nan
-9.100000000000000000e+01 -3.800000000000000000e+01 nan
-9.100000000000000000e+01 -3.700000000000000000e+01 nan
-9.100000000000000000e+01 -3.600000000000000000e+01 nan
-9.100000000000000000e+01 -3.500000000000000000e+01 5.107192380402598708e+00
-9.100000000000000000e+01 -3.400000000000000000e+01 4.871166228865033254e+00
-9.100000000000000000e+01 -3.300000000000000000e+01 4.855342698634480314e+00
-9.100000000000000000e+01 -3.200000000000000000e+01 4.745365012751448397e+00
-9.100000000000000000e+01 -3.100000000000000000e+01 nan
-9.000000000000000000e+01 -5.800000000000000000e+01 nan
-9.000000000000000000e+01 -5.700000000000000000e+01 nan
-9.000000000000000000e+01 -5.600000000000000000e+01 nan
-9.000000000000000000e+01 -5.500000000000000000e+01 nan
-9.000000000000000000e+01 -5.400000000000000000e+01 3.524148134922886477e+00
-9.000000000000000000e+01 -5.300000000000000000e+01 3.826133885592943429e+00
-9.000000000000000000e+01 -5.200000000000000000e+01 3.831162337534108620e+00
-9.000000000000000000e+01 -5.100000000000000000e+01 3.956797551028395699e+00
-9.000000000000000000e+01 -5.000000000000000000e+01 4.261080823817716912e+00
-9.000000000000000000e+01 -4.900000000000000000e+01 4.587835299553010060e+00
-9.000000000000000000e+01 -4.800000000000000000e+01 4.735879980994726068e+00
-9.000000000000000000e+01 -4.700000000000000000e+01 4.873456271587271793e+00
-9.000000000000000000e+01 -4.600000000000000000e+01 4.800107994053472993e+00
-9.000000000000000000e+01 -4.500000000000000000e+01 4.758814242903410374e+00
-9.000000000000000000e+01 -4.400000000000000000e+01 4.802655674805361485e+00
-9.000000000000000000e+01 -4.300000000000000000e+01 4.771964914793417556e+00
-9.000000000000000000e+01 -4.200000000000000000e+01 4.587286769857010782e+00
-9.000000000000000000e+01 -4.100000000000000000e+01 nan
-9.000000000000000000e+01 -4.000000000000000000e+01 nan
-9.000000000000000000e+01 -3.900000000000000000e+01 nan
-9.000000000000000000e+01 -3.800000000000000000e+01 nan
-9.000000000000000000e+01 -3.700000000000000000e+01 nan
-9.000000000000000000e+01 -3.600000000000000000e+01 nan
-9.000000000000000000e+01 -3.500000000000000000e+01 5.107192380402598708e+00
-9.000000000000000000e+01 -3.400000000000000000e+01 4.871166228865033254e+00
-9.000000000000000000e+01 -3.300000000000000000e+01 4.855342698634480314e+00
-9.000000000000000000e+01 -3.200000000000000000e+01 4.745365012751448397e+00
-9.000000000000000000e+01 -3.100000000000000000e+01 nan
