Longitude[deg], Latitude[deg], Dust optical depth
-1.160000000000000000e+02 -4.400000000000000000e+01 3.024131885955550825e+00
-1.160000000000000000e+02 -4.300000000000000000e+01 3.239363852486590645e+00
-1.160000000000000000e+02 -4.200000000000000000e+01 3.285316512877894279e+00
-1.160000000000000000e+02 -4.100000000000000000e+01 3.439749502162890771e+00
-1.160000000000000000e+02 -4.000000000000000000e+01 3.783533411746948349e+00
-1.160000000000000000e+02 -3.900000000000000000e+01 3.867357711150466226e+00
-1.160000000000000000e+02 -3.800000000000000000e+01 3.833946817608979263e+00
-1.160000000000000000e+02 -3.700000000000000000e+01 3.799727378407518508e+00
-1.160000000000000000e+02 -3.600000000000000000e+01 3.713438495562228159e+00
-1.160000000000000000e+02 -3.500000000000000000e+01 3.650372617149739263e+00
-1.160000000000000000e+02 -3.400000000000000000e+01 3.858772197663951076e+00
-1.160000000000000000e+02 -3.300000000000000000e+01 4.233405003578353032e+00
-1.160000000000000000e+02 -3.200000000000000000e+01 4.317372266778617629e+00
-1.160000000000000000e+02 -3.100000000000000000e+01 4.324460921999137675e+00
-1.160000000000000000e+02 -3.000000000000000000e+01 4.586759411256619678e+00
-1.160000000000000000e+02 -2.900000000000000000e+01 4.591605122450264531e+00
-1.160000000000000000e+02 -2.800000000000000000e+01 4.735347227347585175e+00
-1.160000000000000000e+02 -2.700000000000000000e+01 5.084124253571491892e+00
-1.160000000000000000e+02 -2.600000000000000000e+01 5.258979281787238058e+00
-1.160000000000000000e+02 -2.500000000000000000e+01 5.430526899569917632e+00
-1.160000000000000000e+02 -2.400000000000000000e+01 5.442028609450604293e+00
-1.160000000000000000e+02 -2.300000000000000000e+01 5.396984955064635159e+00
-1.160000000000000000e+02 -2.200000000000000000e+01 nan
-1.160000000000000000e+02 -2.100000000000000000e+01 nan
-1.160000000000000000e+02 -2.000000000000000000e+01 nan
-1.160000000000000000e+02 -1.900000000000000000e+01 nan
-1.160000000000000000e+02 -1.800000000000000000e+01 nan
-1.160000000000000000e+02 -1.700000000000000000e+01 nan
-1.150000000000000000e+02 -4.400000000000000000e+01 3.024131885955550825e+00
-1.150000000000000000e+02 -4.300000000000000000e+01 3.239363852486590645e+00
-1.150000000000000000e+02 -4.200000000000000000e+01 3.285316512877894279e+00
-1.150000000000000000e+02 -4.100000000000000000e+01 3.439749502162890771e+00
-1.150000000000000000e+02 -4.000000000000000000e+01 3.783533411746948349e+00
-1.150000000000000000e+02 -3.900000000000000000e+01 3.867357711150466226e+00
-1.150000000000000000e+02 -3.800000000000000000e+01 3.833946817608979263e+00
-1.150000000000000000e+02 -3.700000000000000000e+01 3.799727378407518508e+00
-1.150000000000000000e+02 -3.600000000000000000e+01 3.713438495562228159e+00
-1.150000000000000000e+02 -3.500000000000000000e+01 3.650372617149739263e+00
-1.150000000000000000e+02 -3.400000000000000000e+01 3.858772197663951076e+00
-1.150000000000000000e+02 -3.300000000000000000e+01 4.233405003578353032e+00
-1.150000000000000000e+02 -3.200000000000000000e+01 4.317372266778617629e+00
-1.150000000000000000e+02 -3.100000000000000000e+01 4.324460921999137675e+00
-1.150000000000000000e+02 -3.000000000000000000e+01 4.586759411256619678e+00
-1.150000000000000000e+02 -2.900000000000000000e+01 4.591605122450264531e+00
-1.150000000000000000e+02 -2.800000000000000000e+01 4.735347227347585175e+00
-1.150000000000000000e+02 -2.700000000000000000e+01 5.084124253571491892e+00
-1.150000000000000000e+02 -2.600000000000000000e+01 5.258979281787238058e+00
-1.150000000000000000e+02 -2.500000000000000000e+01 5.430526899569917632e+00
-1.150000000000000000e+02 -2.400000000000000000e+01 5.442028609450604293e+00
-1.150000000000000000e+02 -2.300000000000000000e+01 5.396984955064635159e+00
-1.150000000000000000e+02 -2.200000000000000000e+01 nan
-1.150000000000000000e+02 -2.100000000000000000e+01 nan
-1.150000000000000000e+02 -2.000000000000000000e+01 nan
-1.150000000000000000e+02 -1.900000000000000000e+01 nan
-1.150000000000000000e+02 -1.800000000000000000e+01 nan
-1.150000000000000000e+02 -1.700000000000000000e+01 nan
