Longitude[deg], Latitude[deg], Dust optical depth
8.600000000000000000e+01 -3.400000000000000000e+01 2.340257462140891143e+00
8.600000000000000000e+01 -3.300000000000000000e+01 2.299675217552029860e+00
8.600000000000000000e+01 -3.200000000000000000e+01 2.298888610719266978e+00
8.600000000000000000e+01 -3.100000000000000000e+01 2.226611334405872444e+00
8.600000000000000000e+01 -3.000000000000000000e+01 2.193567578729240353e+00
8.600000000000000000e+01 -2.900000000000000000e+01 2.079569664859652889e+00
8.600000000000000000e+01 -2.800000000000000000e+01 2.133668170649887230e+00
8.600000000000000000e+01 -2.700000000000000000e+01 2.163997598535394751e+00
8.600000000000000000e+01 -2.600000000000000000e+01 2.086889613973396340e+00
8.600000000000000000e+01 -2.500000000000000000e+01 1.854863700287824324e+00
8.600000000000000000e+01 -2.400000000000000000e+01 1.973400479261920637e+00
8.600000000000000000e+01 -2.300000000000000000e+01 1.951609312365044202e+00
8.600000000000000000e+01 -2.200000000000000000e+01 1.946461236103638859e+00
8.600000000000000000e+01 -2.100000000000000000e+01 1.962859481988574961e+00
8.600000000000000000e+01 -2.000000000000000000e+01 1.981466997575729083e+00
8.600000000000000000e+01 -1.900000000000000000e+01 1.812172995562629563e+00
8.600000000000000000e+01 -1.800000000000000000e+01 1.671482721317327558e+00
8.600000000000000000e+01 -1.700000000000000000e+01 1.706885809133851906e+00
8.600000000000000000e+01 -1.600000000000000000e+01 1.743821759819599082e+00
8.600000000000000000e+01 -1.500000000000000000e+01 1.635472928253136393e+00
8.600000000000000000e+01 -1.400000000000000000e+01 1.485840711615725285e+00
8.600000000000000000e+01 -1.300000000000000000e+01 1.394717297712528614e+00
8.600000000000000000e+01 -1.200000000000000000e+01 1.415773031422214112e+00
8.600000000000000000e+01 -1.100000000000000000e+01 1.470249140079657346e+00
8.600000000000000000e+01 -1.000000000000000000e+01 1.583557305833710460e+00
8.600000000000000000e+01 -9.000000000000000000e+00 1.530722904636280468e+00
8.600000000000000000e+01 -8.000000000000000000e+00 1.456881467396496710e+00
8.600000000000000000e+01 -7.000000000000000000e+00 nan
8.700000000000000000e+01 -3.400000000000000000e+01 2.340257462140891143e+00
8.700000000000000000e+01 -3.300000000000000000e+01 2.299675217552029860e+00
8.700000000000000000e+01 -3.200000000000000000e+01 2.298888610719266978e+00
8.700000000000000000e+01 -3.100000000000000000e+01 2.226611334405872444e+00
8.700000000000000000e+01 -3.000000000000000000e+01 2.193567578729240353e+00
8.700000000000000000e+01 -2.900000000000000000e+01 2.079569664859652889e+00
8.700000000000000000e+01 -2.800000000000000000e+01 2.136335013053225040e+00
8.700000000000000000e+01 -2.700000000000000000e+01 2.163676752686915616e+00
8.700000000000000000e+01 -2.600000000000000000e+01 2.086889613973396340e+00
8.700000000000000000e+01 -2.500000000000000000e+01 1.855558393680079909e+00
8.700000000000000000e+01 -2.400000000000000000e+01 1.974632217241261145e+00
8.700000000000000000e+01 -2.300000000000000000e+01 1.950800519142891432e+00
8.700000000000000000e+01 -2.200000000000000000e+01 1.946446278229472915e+00
8.700000000000000000e+01 -2.100000000000000000e+01 1.963513402638550565e+00
8.700000000000000000e+01 -2.000000000000000000e+01 1.982676711974423966e+00
8.700000000000000000e+01 -1.900000000000000000e+01 1.811677675952588551e+00
8.700000000000000000e+01 -1.800000000000000000e+01 1.671250123126140963e+00
8.700000000000000000e+01 -1.700000000000000000e+01 1.706885809133851906e+00
8.700000000000000000e+01 -1.600000000000000000e+01 1.743821759819599082e+00
8.700000000000000000e+01 -1.500000000000000000e+01 1.635472928253136393e+00
8.700000000000000000e+01 -1.400000000000000000e+01 1.485840711615725285e+00
8.700000000000000000e+01 -1.300000000000000000e+01 1.394717297712528614e+00
8.700000000000000000e+01 -1.200000000000000000e+01 1.415773031422214112e+00
8.700000000000000000e+01 -1.100000000000000000e+01 1.470249140079657346e+00
8.700000000000000000e+01 -1.000000000000000000e+01 1.583557305833710460e+00
8.700000000000000000e+01 -9.000000000000000000e+00 1.530722904636280468e+00
8.700000000000000000e+01 -8.000000000000000000e+00 1.456881467396496710e+00
8.700000000000000000e+01 -7.000000000000000000e+00 nan
8.800000000000000000e+01 -3.400000000000000000e+01 nan
8.800000000000000000e+01 -3.300000000000000000e+01 nan
8.800000000000000000e+01 -3.200000000000000000e+01 nan
8.800000000000000000e+01 -3.100000000000000000e+01 nan
8.800000000000000000e+01 -3.000000000000000000e+01 nan
8.800000000000000000e+01 -2.900000000000000000e+01 nan
8.800000000000000000e+01 -2.800000000000000000e+01 nan
8.800000000000000000e+01 -2.700000000000000000e+01 nan
8.800000000000000000e+01 -2.600000000000000000e+01 2.088682286662896015e+00
8.800000000000000000e+01 -2.500000000000000000e+01 2.039856402772281196e+00
8.800000000000000000e+01 -2.400000000000000000e+01 2.015467405380714006e+00
8.800000000000000000e+01 -2.300000000000000000e+01 1.940527910415714041e+00
8.800000000000000000e+01 -2.200000000000000000e+01 1.944603140313107881e+00
8.800000000000000000e+01 -2.100000000000000000e+01 1.986191439938923109e+00
8.800000000000000000e+01 -2.000000000000000000e+01 1.989588821180592104e+00
8.800000000000000000e+01 -1.900000000000000000e+01 1.805708486341447427e+00
8.800000000000000000e+01 -1.800000000000000000e+01 nan
8.800000000000000000e+01 -1.700000000000000000e+01 nan
8.800000000000000000e+01 -1.600000000000000000e+01 nan
8.800000000000000000e+01 -1.500000000000000000e+01 nan
8.800000000000000000e+01 -1.400000000000000000e+01 nan
8.800000000000000000e+01 -1.300000000000000000e+01 nan
8.800000000000000000e+01 -1.200000000000000000e+01 nan
8.800000000000000000e+01 -1.100000000000000000e+01 nan
8.800000000000000000e+01 -1.000000000000000000e+01 nan
8.800000000000000000e+01 -9.000000000000000000e+00 nan
8.800000000000000000e+01 -8.000000000000000000e+00 nan
8.800000000000000000e+01 -7.000000000000000000e+00 nan
