Longitude[deg], Latitude[deg], Dust optical depth
-1.230000000000000000e+02 1.700000000000000000e+01 nan
-1.230000000000000000e+02 1.800000000000000000e+01 nan
-1.230000000000000000e+02 1.900000000000000000e+01 nan
-1.230000000000000000e+02 2.000000000000000000e+01 nan
-1.230000000000000000e+02 2.100000000000000000e+01 nan
-1.230000000000000000e+02 2.200000000000000000e+01 nan
-1.230000000000000000e+02 2.300000000000000000e+01 nan
-1.230000000000000000e+02 2.400000000000000000e+01 nan
-1.230000000000000000e+02 2.500000000000000000e+01 nan
-1.230000000000000000e+02 2.600000000000000000e+01 nan
-1.230000000000000000e+02 2.700000000000000000e+01 nan
-1.230000000000000000e+02 2.800000000000000000e+01 nan
-1.230000000000000000e+02 2.900000000000000000e+01 nan
-1.230000000000000000e+02 3.000000000000000000e+01 nan
-1.230000000000000000e+02 3.100000000000000000e+01 nan
-1.230000000000000000e+02 3.200000000000000000e+01 nan
-1.230000000000000000e+02 3.300000000000000000e+01 nan
-1.230000000000000000e+02 3.400000000000000000e+01 nan
-1.230000000000000000e+02 3.500000000000000000e+01 nan
-1.230000000000000000e+02 3.600000000000000000e+01 3.677232441045114264e+00
-1.230000000000000000e+02 3.700000000000000000e+01 3.763973605350113605e+00
-1.230000000000000000e+02 3.800000000000000000e+01 3.848115082235286977e+00
-1.230000000000000000e+02 3.900000000000000000e+01 nan
-1.220000000000000000e+02 1.700000000000000000e+01 nan
-1.220000000000000000e+02 1.800000000000000000e+01 nan
-1.220000000000000000e+02 1.900000000000000000e+01 nan
-1.220000000000000000e+02 2.000000000000000000e+01 nan
-1.220000000000000000e+02 2.100000000000000000e+01 nan
-1.220000000000000000e+02 2.200000000000000000e+01 nan
-1.220000000000000000e+02 2.300000000000000000e+01 nan
-1.220000000000000000e+02 2.400000000000000000e+01 nan
-1.220000000000000000e+02 2.500000000000000000e+01 nan
-1.220000000000000000e+02 2.600000000000000000e+01 nan
-1.220000000000000000e+02 2.700000000000000000e+01 nan
-1.220000000000000000e+02 2.800000000000000000e+01 nan
-1.220000000000000000e+02 2.900000000000000000e+01 nan
-1.220000000000000000e+02 3.000000000000000000e+01 nan
-1.220000000000000000e+02 3.100000000000000000e+01 nan
-1.220000000000000000e+02 3.200000000000000000e+01 3.339486142972968530e+00
-1.220000000000000000e+02 3.300000000000000000e+01 3.383100896827372139e+00
-1.220000000000000000e+02 3.400000000000000000e+01 3.486346522587269625e+00
-1.220000000000000000e+02 3.500000000000000000e+01 3.515218013680671660e+00
-1.220000000000000000e+02 3.600000000000000000e+01 3.547805892091084878e+00
-1.220000000000000000e+02 3.700000000000000000e+01 3.728957534725105827e+00
-1.220000000000000000e+02 3.800000000000000000e+01 3.842227471455997190e+00
-1.220000000000000000e+02 3.900000000000000000e+01 3.915653408871407670e+00
-1.210000000000000000e+02 1.700000000000000000e+01 nan
-1.210000000000000000e+02 1.800000000000000000e+01 nan
-1.210000000000000000e+02 1.900000000000000000e+01 nan
-1.210000000000000000e+02 2.000000000000000000e+01 nan
-1.210000000000000000e+02 2.100000000000000000e+01 nan
-1.210000000000000000e+02 2.200000000000000000e+01 nan
-1.210000000000000000e+02 2.300000000000000000e+01 nan
-1.210000000000000000e+02 2.400000000000000000e+01 nan
-1.210000000000000000e+02 2.500000000000000000e+01 nan
-1.210000000000000000e+02 2.600000000000000000e+01 3.723127469475282947e+00
-1.210000000000000000e+02 2.700000000000000000e+01 3.615763857816660209e+00
-1.210000000000000000e+02 2.800000000000000000e+01 3.573521598196665039e+00
-1.210000000000000000e+02 2.900000000000000000e+01 3.625547211603060926e+00
-1.210000000000000000e+02 3.000000000000000000e+01 3.533912178246600977e+00
-1.210000000000000000e+02 3.100000000000000000e+01 3.442095516048753634e+00
-1.210000000000000000e+02 3.200000000000000000e+01 3.348698888775341942e+00
-1.210000000000000000e+02 3.300000000000000000e+01 3.344974094399870701e+00
-1.210000000000000000e+02 3.400000000000000000e+01 3.435805935875583028e+00
-1.210000000000000000e+02 3.500000000000000000e+01 3.411122463028405605e+00
-1.210000000000000000e+02 3.600000000000000000e+01 3.462496952404061190e+00
-1.210000000000000000e+02 3.700000000000000000e+01 3.626194713943605041e+00
-1.210000000000000000e+02 3.800000000000000000e+01 3.765763812120325404e+00
-1.210000000000000000e+02 3.900000000000000000e+01 3.844239961033564690e+00
-1.200000000000000000e+02 1.700000000000000000e+01 nan
-1.200000000000000000e+02 1.800000000000000000e+01 nan
-1.200000000000000000e+02 1.900000000000000000e+01 nan
-1.200000000000000000e+02 2.000000000000000000e+01 3.528129645820156757e+00
-1.200000000000000000e+02 2.100000000000000000e+01 3.494385172823966990e+00
-1.200000000000000000e+02 2.200000000000000000e+01 3.541083134006251409e+00
-1.200000000000000000e+02 2.300000000000000000e+01 3.625763910524616218e+00
-1.200000000000000000e+02 2.400000000000000000e+01 3.526952804197299507e+00
-1.200000000000000000e+02 2.500000000000000000e+01 3.440188642805279251e+00
-1.200000000000000000e+02 2.600000000000000000e+01 3.558975246200911879e+00
-1.200000000000000000e+02 2.700000000000000000e+01 3.581067015483629046e+00
-1.200000000000000000e+02 2.800000000000000000e+01 3.506731858648009847e+00
-1.200000000000000000e+02 2.900000000000000000e+01 3.553239742270137835e+00
-1.200000000000000000e+02 3.000000000000000000e+01 3.473140991393998789e+00
-1.200000000000000000e+02 3.100000000000000000e+01 3.435616567626583961e+00
-1.200000000000000000e+02 3.200000000000000000e+01 3.392696389914380717e+00
-1.200000000000000000e+02 3.300000000000000000e+01 3.375375375876214612e+00
-1.200000000000000000e+02 3.400000000000000000e+01 3.384253826597103831e+00
-1.200000000000000000e+02 3.500000000000000000e+01 3.312309134976732405e+00
-1.200000000000000000e+02 3.600000000000000000e+01 3.364263774798699203e+00
-1.200000000000000000e+02 3.700000000000000000e+01 3.485472279056549549e+00
-1.200000000000000000e+02 3.800000000000000000e+01 3.634206847265393669e+00
-1.200000000000000000e+02 3.900000000000000000e+01 3.751679898626260723e+00
-1.190000000000000000e+02 1.700000000000000000e+01 nan
-1.190000000000000000e+02 1.800000000000000000e+01 3.539760639354789795e+00
-1.190000000000000000e+02 1.900000000000000000e+01 3.551452676365399963e+00
-1.190000000000000000e+02 2.000000000000000000e+01 3.511782266998938695e+00
-1.190000000000000000e+02 2.100000000000000000e+01 3.439582841543034064e+00
-1.190000000000000000e+02 2.200000000000000000e+01 3.477570936402123447e+00
-1.190000000000000000e+02 2.300000000000000000e+01 3.539774025518387823e+00
-1.190000000000000000e+02 2.400000000000000000e+01 3.470309683812412782e+00
-1.190000000000000000e+02 2.500000000000000000e+01 3.387022909880861299e+00
-1.190000000000000000e+02 2.600000000000000000e+01 3.509418311528266443e+00
-1.190000000000000000e+02 2.700000000000000000e+01 3.527941212885179922e+00
-1.190000000000000000e+02 2.800000000000000000e+01 3.427712741443887268e+00
-1.190000000000000000e+02 2.900000000000000000e+01 3.444259103520677545e+00
-1.190000000000000000e+02 3.000000000000000000e+01 3.415973092177566617e+00
-1.190000000000000000e+02 3.100000000000000000e+01 3.438649697091831658e+00
-1.190000000000000000e+02 3.200000000000000000e+01 3.429437909362882841e+00
-1.190000000000000000e+02 3.300000000000000000e+01 3.381541703253307052e+00
-1.190000000000000000e+02 3.400000000000000000e+01 3.358412275608787301e+00
-1.190000000000000000e+02 3.500000000000000000e+01 3.287141370677995056e+00
-1.190000000000000000e+02 3.600000000000000000e+01 3.291450846477291581e+00
-1.190000000000000000e+02 3.700000000000000000e+01 3.387233030056459704e+00
-1.190000000000000000e+02 3.800000000000000000e+01 3.537560760773920343e+00
-1.190000000000000000e+02 3.900000000000000000e+01 3.681105239800944062e+00
-1.180000000000000000e+02 1.700000000000000000e+01 nan
-1.180000000000000000e+02 1.800000000000000000e+01 3.493421065229246558e+00
-1.180000000000000000e+02 1.900000000000000000e+01 3.520121159391259358e+00
-1.180000000000000000e+02 2.000000000000000000e+01 3.472848709157240865e+00
-1.180000000000000000e+02 2.100000000000000000e+01 3.419658664956291005e+00
-1.180000000000000000e+02 2.200000000000000000e+01 3.437019854458155610e+00
-1.180000000000000000e+02 2.300000000000000000e+01 3.464494998342090959e+00
-1.180000000000000000e+02 2.400000000000000000e+01 3.395226420712066595e+00
-1.180000000000000000e+02 2.500000000000000000e+01 3.336396157994273803e+00
-1.180000000000000000e+02 2.600000000000000000e+01 3.475303846824954856e+00
-1.180000000000000000e+02 2.700000000000000000e+01 3.507724280163071029e+00
-1.180000000000000000e+02 2.800000000000000000e+01 3.393049207742988571e+00
-1.180000000000000000e+02 2.900000000000000000e+01 3.410578765971429060e+00
-1.180000000000000000e+02 3.000000000000000000e+01 3.414723159486888537e+00
-1.180000000000000000e+02 3.100000000000000000e+01 3.425906646142307554e+00
-1.180000000000000000e+02 3.200000000000000000e+01 3.376003682887564139e+00
-1.180000000000000000e+02 3.300000000000000000e+01 3.312577893418414465e+00
-1.180000000000000000e+02 3.400000000000000000e+01 3.313282945197461693e+00
-1.180000000000000000e+02 3.500000000000000000e+01 3.285052956249436829e+00
-1.180000000000000000e+02 3.600000000000000000e+01 3.270021480223444854e+00
-1.180000000000000000e+02 3.700000000000000000e+01 3.342519491932530062e+00
-1.180000000000000000e+02 3.800000000000000000e+01 3.472177166421007044e+00
-1.180000000000000000e+02 3.900000000000000000e+01 3.602740564450365834e+00
-1.170000000000000000e+02 1.700000000000000000e+01 nan
-1.170000000000000000e+02 1.800000000000000000e+01 3.465714708130126276e+00
-1.170000000000000000e+02 1.900000000000000000e+01 3.476780618428825687e+00
-1.170000000000000000e+02 2.000000000000000000e+01 3.439453893177978561e+00
-1.170000000000000000e+02 2.100000000000000000e+01 3.401106225432091623e+00
-1.170000000000000000e+02 2.200000000000000000e+01 3.427730043794374293e+00
-1.170000000000000000e+02 2.300000000000000000e+01 3.423196298564754603e+00
-1.170000000000000000e+02 2.400000000000000000e+01 3.330604509569083049e+00
-1.170000000000000000e+02 2.500000000000000000e+01 3.306375667874230651e+00
-1.170000000000000000e+02 2.600000000000000000e+01 3.465201106968638811e+00
-1.170000000000000000e+02 2.700000000000000000e+01 3.493632073152675765e+00
-1.170000000000000000e+02 2.800000000000000000e+01 3.408884782939914260e+00
-1.170000000000000000e+02 2.900000000000000000e+01 3.414249674576487870e+00
-1.170000000000000000e+02 3.000000000000000000e+01 3.422857481168213312e+00
-1.170000000000000000e+02 3.100000000000000000e+01 3.405783297411235200e+00
-1.170000000000000000e+02 3.200000000000000000e+01 3.333731144700993632e+00
-1.170000000000000000e+02 3.300000000000000000e+01 3.303819207662594071e+00
-1.170000000000000000e+02 3.400000000000000000e+01 3.330158351642196646e+00
-1.170000000000000000e+02 3.500000000000000000e+01 3.299945392566566493e+00
-1.170000000000000000e+02 3.600000000000000000e+01 3.274575700700979031e+00
-1.170000000000000000e+02 3.700000000000000000e+01 3.295559264391929144e+00
-1.170000000000000000e+02 3.800000000000000000e+01 3.384911462093577406e+00
-1.170000000000000000e+02 3.900000000000000000e+01 3.561295779465874833e+00
-1.160000000000000000e+02 1.700000000000000000e+01 nan
-1.160000000000000000e+02 1.800000000000000000e+01 3.470392334819523583e+00
-1.160000000000000000e+02 1.900000000000000000e+01 3.472526489848225317e+00
-1.160000000000000000e+02 2.000000000000000000e+01 3.434688007112753461e+00
-1.160000000000000000e+02 2.100000000000000000e+01 3.384063205952922537e+00
-1.160000000000000000e+02 2.200000000000000000e+01 3.422466760608340763e+00
-1.160000000000000000e+02 2.300000000000000000e+01 3.414779863534278537e+00
-1.160000000000000000e+02 2.400000000000000000e+01 3.300466558766426139e+00
-1.160000000000000000e+02 2.500000000000000000e+01 3.297999782032330351e+00
-1.160000000000000000e+02 2.600000000000000000e+01 3.471298377493811316e+00
-1.160000000000000000e+02 2.700000000000000000e+01 3.459712959785590236e+00
-1.160000000000000000e+02 2.800000000000000000e+01 3.406887265809783738e+00
-1.160000000000000000e+02 2.900000000000000000e+01 3.432240213908990700e+00
-1.160000000000000000e+02 3.000000000000000000e+01 3.430197654954610265e+00
-1.160000000000000000e+02 3.100000000000000000e+01 3.403471945612447147e+00
-1.160000000000000000e+02 3.200000000000000000e+01 3.346170179857816063e+00
-1.160000000000000000e+02 3.300000000000000000e+01 3.324451863904989146e+00
-1.160000000000000000e+02 3.400000000000000000e+01 3.422884962173428747e+00
-1.160000000000000000e+02 3.500000000000000000e+01 3.343613084714327499e+00
-1.160000000000000000e+02 3.600000000000000000e+01 3.274575700700979031e+00
-1.160000000000000000e+02 3.700000000000000000e+01 3.263815269470721869e+00
-1.160000000000000000e+02 3.800000000000000000e+01 3.306131569760784927e+00
-1.160000000000000000e+02 3.900000000000000000e+01 nan
-1.150000000000000000e+02 1.700000000000000000e+01 nan
-1.150000000000000000e+02 1.800000000000000000e+01 nan
-1.150000000000000000e+02 1.900000000000000000e+01 nan
-1.150000000000000000e+02 2.000000000000000000e+01 nan
-1.150000000000000000e+02 2.100000000000000000e+01 nan
-1.150000000000000000e+02 2.200000000000000000e+01 nan
-1.150000000000000000e+02 2.300000000000000000e+01 nan
-1.150000000000000000e+02 2.400000000000000000e+01 nan
-1.150000000000000000e+02 2.500000000000000000e+01 nan
-1.150000000000000000e+02 2.600000000000000000e+01 nan
-1.150000000000000000e+02 2.700000000000000000e+01 nan
-1.150000000000000000e+02 2.800000000000000000e+01 nan
-1.150000000000000000e+02 2.900000000000000000e+01 nan
-1.150000000000000000e+02 3.000000000000000000e+01 nan
-1.150000000000000000e+02 3.100000000000000000e+01 nan
-1.150000000000000000e+02 3.200000000000000000e+01 nan
-1.150000000000000000e+02 3.300000000000000000e+01 nan
-1.150000000000000000e+02 3.400000000000000000e+01 nan
-1.150000000000000000e+02 3.500000000000000000e+01 nan
-1.150000000000000000e+02 3.600000000000000000e+01 nan
-1.150000000000000000e+02 3.700000000000000000e+01 nan
-1.150000000000000000e+02 3.800000000000000000e+01 nan
-1.150000000000000000e+02 3.900000000000000000e+01 nan
