Longitude[deg], Latitude[deg], Dust optical depth
6.800000000000000000e+01 6.000000000000000000e+00 nan
6.800000000000000000e+01 7.000000000000000000e+00 nan
6.800000000000000000e+01 8.000000000000000000e+00 nan
6.800000000000000000e+01 9.000000000000000000e+00 nan
6.800000000000000000e+01 1.000000000000000000e+01 nan
6.800000000000000000e+01 1.100000000000000000e+01 nan
6.800000000000000000e+01 1.200000000000000000e+01 nan
6.800000000000000000e+01 1.300000000000000000e+01 nan
6.800000000000000000e+01 1.400000000000000000e+01 nan
6.800000000000000000e+01 1.500000000000000000e+01 nan
6.800000000000000000e+01 1.600000000000000000e+01 nan
6.800000000000000000e+01 1.700000000000000000e+01 nan
6.800000000000000000e+01 1.800000000000000000e+01 nan
6.800000000000000000e+01 1.900000000000000000e+01 nan
6.800000000000000000e+01 2.000000000000000000e+01 nan
6.800000000000000000e+01 2.100000000000000000e+01 nan
6.800000000000000000e+01 2.200000000000000000e+01 nan
6.800000000000000000e+01 2.300000000000000000e+01 nan
6.800000000000000000e+01 2.400000000000000000e+01 nan
6.800000000000000000e+01 2.500000000000000000e+01 nan
6.800000000000000000e+01 2.600000000000000000e+01 nan
6.800000000000000000e+01 2.700000000000000000e+01 nan
6.800000000000000000e+01 2.800000000000000000e+01 5.986573308604298482e+00
6.800000000000000000e+01 2.900000000000000000e+01 6.026609495731631405e+00
6.800000000000000000e+01 3.000000000000000000e+01 6.084879429823676134e+00
6.800000000000000000e+01 3.100000000000000000e+01 6.109298114397780033e+00
6.800000000000000000e+01 3.200000000000000000e+01 6.109269273242702525e+00
6.800000000000000000e+01 3.300000000000000000e+01 nan
6.900000000000000000e+01 6.000000000000000000e+00 nan
6.900000000000000000e+01 7.000000000000000000e+00 nan
6.900000000000000000e+01 8.000000000000000000e+00 nan
6.900000000000000000e+01 9.000000000000000000e+00 nan
6.900000000000000000e+01 1.000000000000000000e+01 nan
6.900000000000000000e+01 1.100000000000000000e+01 nan
6.900000000000000000e+01 1.200000000000000000e+01 nan
6.900000000000000000e+01 1.300000000000000000e+01 nan
6.900000000000000000e+01 1.400000000000000000e+01 nan
6.900000000000000000e+01 1.500000000000000000e+01 nan
6.900000000000000000e+01 1.600000000000000000e+01 nan
6.900000000000000000e+01 1.700000000000000000e+01 nan
6.900000000000000000e+01 1.800000000000000000e+01 nan
6.900000000000000000e+01 1.900000000000000000e+01 nan
6.900000000000000000e+01 2.000000000000000000e+01 nan
6.900000000000000000e+01 2.100000000000000000e+01 nan
6.900000000000000000e+01 2.200000000000000000e+01 nan
6.900000000000000000e+01 2.300000000000000000e+01 5.711465610858343034e+00
6.900000000000000000e+01 2.400000000000000000e+01 5.737244670183200945e+00
6.900000000000000000e+01 2.500000000000000000e+01 5.985323237995760159e+00
6.900000000000000000e+01 2.600000000000000000e+01 5.988956062230299082e+00
6.900000000000000000e+01 2.700000000000000000e+01 5.817397074777789001e+00
6.900000000000000000e+01 2.800000000000000000e+01 5.811788405965944371e+00
6.900000000000000000e+01 2.900000000000000000e+01 5.948015457070146894e+00
6.900000000000000000e+01 3.000000000000000000e+01 6.014682307795856886e+00
6.900000000000000000e+01 3.100000000000000000e+01 6.049260916713391723e+00
6.900000000000000000e+01 3.200000000000000000e+01 6.072129102070755735e+00
6.900000000000000000e+01 3.300000000000000000e+01 nan
7.000000000000000000e+01 6.000000000000000000e+00 nan
7.000000000000000000e+01 7.000000000000000000e+00 nan
7.000000000000000000e+01 8.000000000000000000e+00 nan
7.000000000000000000e+01 9.000000000000000000e+00 nan
7.000000000000000000e+01 1.000000000000000000e+01 nan
7.000000000000000000e+01 1.100000000000000000e+01 nan
7.000000000000000000e+01 1.200000000000000000e+01 nan
7.000000000000000000e+01 1.300000000000000000e+01 nan
7.000000000000000000e+01 1.400000000000000000e+01 nan
7.000000000000000000e+01 1.500000000000000000e+01 nan
7.000000000000000000e+01 1.600000000000000000e+01 nan
7.000000000000000000e+01 1.700000000000000000e+01 nan
7.000000000000000000e+01 1.800000000000000000e+01 5.515872651175405039e+00
7.000000000000000000e+01 1.900000000000000000e+01 5.508614189098169689e+00
7.000000000000000000e+01 2.000000000000000000e+01 5.620347679327975854e+00
7.000000000000000000e+01 2.100000000000000000e+01 5.896410236029602459e+00
7.000000000000000000e+01 2.200000000000000000e+01 5.959442198894566722e+00
7.000000000000000000e+01 2.300000000000000000e+01 5.794730035093836662e+00
7.000000000000000000e+01 2.400000000000000000e+01 5.731687303289479729e+00
7.000000000000000000e+01 2.500000000000000000e+01 5.917301537861605176e+00
7.000000000000000000e+01 2.600000000000000000e+01 5.969390788934605396e+00
7.000000000000000000e+01 2.700000000000000000e+01 5.898055538451738578e+00
7.000000000000000000e+01 2.800000000000000000e+01 5.859875080733714547e+00
7.000000000000000000e+01 2.900000000000000000e+01 5.945002129710699634e+00
7.000000000000000000e+01 3.000000000000000000e+01 6.008118456966712984e+00
7.000000000000000000e+01 3.100000000000000000e+01 6.021049066175093500e+00
7.000000000000000000e+01 3.200000000000000000e+01 6.053683986587608423e+00
7.000000000000000000e+01 3.300000000000000000e+01 nan
7.100000000000000000e+01 6.000000000000000000e+00 nan
7.100000000000000000e+01 7.000000000000000000e+00 nan
7.100000000000000000e+01 8.000000000000000000e+00 nan
7.100000000000000000e+01 9.000000000000000000e+00 nan
7.100000000000000000e+01 1.000000000000000000e+01 nan
7.100000000000000000e+01 1.100000000000000000e+01 5.837358036515375659e+00
7.100000000000000000e+01 1.200000000000000000e+01 5.736079594975442397e+00
7.100000000000000000e+01 1.300000000000000000e+01 5.722093684657166612e+00
7.100000000000000000e+01 1.400000000000000000e+01 5.671419297523795144e+00
7.100000000000000000e+01 1.500000000000000000e+01 5.714351433709226491e+00
7.100000000000000000e+01 1.600000000000000000e+01 5.694454230316834398e+00
7.100000000000000000e+01 1.700000000000000000e+01 5.524918766278947402e+00
7.100000000000000000e+01 1.800000000000000000e+01 5.469217863759904041e+00
7.100000000000000000e+01 1.900000000000000000e+01 5.515872651175405039e+00
7.100000000000000000e+01 2.000000000000000000e+01 5.639306474211313258e+00
7.100000000000000000e+01 2.100000000000000000e+01 5.923800147625326140e+00
7.100000000000000000e+01 2.200000000000000000e+01 5.981543477565105960e+00
7.100000000000000000e+01 2.300000000000000000e+01 5.879290821528064370e+00
7.100000000000000000e+01 2.400000000000000000e+01 5.851999512739086029e+00
7.100000000000000000e+01 2.500000000000000000e+01 5.952001636662790141e+00
7.100000000000000000e+01 2.600000000000000000e+01 5.974531798963711893e+00
7.100000000000000000e+01 2.700000000000000000e+01 5.941344504246235836e+00
7.100000000000000000e+01 2.800000000000000000e+01 5.932177463062992651e+00
7.100000000000000000e+01 2.900000000000000000e+01 5.958127943671945204e+00
7.100000000000000000e+01 3.000000000000000000e+01 6.032866845332154782e+00
7.100000000000000000e+01 3.100000000000000000e+01 6.075404554759194831e+00
7.100000000000000000e+01 3.200000000000000000e+01 6.121321940244811799e+00
7.100000000000000000e+01 3.300000000000000000e+01 nan
7.200000000000000000e+01 6.000000000000000000e+00 nan
7.200000000000000000e+01 7.000000000000000000e+00 5.734177383932472338e+00
7.200000000000000000e+01 8.000000000000000000e+00 5.825942319678256709e+00
7.200000000000000000e+01 9.000000000000000000e+00 5.912441284082469828e+00
7.200000000000000000e+01 1.000000000000000000e+01 5.955383855204441801e+00
7.200000000000000000e+01 1.100000000000000000e+01 5.926074420207101845e+00
7.200000000000000000e+01 1.200000000000000000e+01 5.806630923716879167e+00
7.200000000000000000e+01 1.300000000000000000e+01 5.765098235154206385e+00
7.200000000000000000e+01 1.400000000000000000e+01 5.714414624913532137e+00
7.200000000000000000e+01 1.500000000000000000e+01 5.735938882755664103e+00
7.200000000000000000e+01 1.600000000000000000e+01 5.713140996586732356e+00
7.200000000000000000e+01 1.700000000000000000e+01 5.526845162464758765e+00
7.200000000000000000e+01 1.800000000000000000e+01 5.436911811587618715e+00
7.200000000000000000e+01 1.900000000000000000e+01 5.505036627724323672e+00
7.200000000000000000e+01 2.000000000000000000e+01 5.690049597427545791e+00
7.200000000000000000e+01 2.100000000000000000e+01 5.997829234699371348e+00
7.200000000000000000e+01 2.200000000000000000e+01 6.040389787301390534e+00
7.200000000000000000e+01 2.300000000000000000e+01 5.992436006350880362e+00
7.200000000000000000e+01 2.400000000000000000e+01 6.040177106696700271e+00
7.200000000000000000e+01 2.500000000000000000e+01 6.103798395976309799e+00
7.200000000000000000e+01 2.600000000000000000e+01 6.056558038036129687e+00
7.200000000000000000e+01 2.700000000000000000e+01 6.013800177744564657e+00
7.200000000000000000e+01 2.800000000000000000e+01 6.002879403063249519e+00
7.200000000000000000e+01 2.900000000000000000e+01 5.968122406560173232e+00
7.200000000000000000e+01 3.000000000000000000e+01 6.032574631438813562e+00
7.200000000000000000e+01 3.100000000000000000e+01 6.149845654020452912e+00
7.200000000000000000e+01 3.200000000000000000e+01 6.174146292124025770e+00
7.200000000000000000e+01 3.300000000000000000e+01 nan
7.300000000000000000e+01 6.000000000000000000e+00 nan
7.300000000000000000e+01 7.000000000000000000e+00 5.692559943865519223e+00
7.300000000000000000e+01 8.000000000000000000e+00 5.697195818943426637e+00
7.300000000000000000e+01 9.000000000000000000e+00 5.755312945191544571e+00
7.300000000000000000e+01 1.000000000000000000e+01 5.880162226482958943e+00
7.300000000000000000e+01 1.100000000000000000e+01 5.918227895427058627e+00
7.300000000000000000e+01 1.200000000000000000e+01 5.820933236443650571e+00
7.300000000000000000e+01 1.300000000000000000e+01 5.782899968742061247e+00
7.300000000000000000e+01 1.400000000000000000e+01 5.752090129107982008e+00
7.300000000000000000e+01 1.500000000000000000e+01 5.768375960972988992e+00
7.300000000000000000e+01 1.600000000000000000e+01 5.810131324243759998e+00
7.300000000000000000e+01 1.700000000000000000e+01 5.632287575025993753e+00
7.300000000000000000e+01 1.800000000000000000e+01 5.471378094395489278e+00
7.300000000000000000e+01 1.900000000000000000e+01 5.589400024866068684e+00
7.300000000000000000e+01 2.000000000000000000e+01 5.902154531923417657e+00
7.300000000000000000e+01 2.100000000000000000e+01 6.126569167759945422e+00
7.300000000000000000e+01 2.200000000000000000e+01 6.177113171150564241e+00
7.300000000000000000e+01 2.300000000000000000e+01 6.118136866661775919e+00
7.300000000000000000e+01 2.400000000000000000e+01 6.203036467541083177e+00
7.300000000000000000e+01 2.500000000000000000e+01 6.247511399309177982e+00
7.300000000000000000e+01 2.600000000000000000e+01 6.185506418450058774e+00
7.300000000000000000e+01 2.700000000000000000e+01 6.134837522563652890e+00
7.300000000000000000e+01 2.800000000000000000e+01 6.069971003904396589e+00
7.300000000000000000e+01 2.900000000000000000e+01 6.022802557546174107e+00
7.300000000000000000e+01 3.000000000000000000e+01 6.109236048382127748e+00
7.300000000000000000e+01 3.100000000000000000e+01 6.240770288787453879e+00
7.300000000000000000e+01 3.200000000000000000e+01 6.246094894219472948e+00
7.300000000000000000e+01 3.300000000000000000e+01 nan
7.400000000000000000e+01 6.000000000000000000e+00 nan
7.400000000000000000e+01 7.000000000000000000e+00 5.620700292509196672e+00
7.400000000000000000e+01 8.000000000000000000e+00 5.574402663937332747e+00
7.400000000000000000e+01 9.000000000000000000e+00 5.549428708512805564e+00
7.400000000000000000e+01 1.000000000000000000e+01 5.772566987039457587e+00
7.400000000000000000e+01 1.100000000000000000e+01 5.933348335682450347e+00
7.400000000000000000e+01 1.200000000000000000e+01 5.897747692266496422e+00
7.400000000000000000e+01 1.300000000000000000e+01 5.882489165994619462e+00
7.400000000000000000e+01 1.400000000000000000e+01 5.874122896008386441e+00
7.400000000000000000e+01 1.500000000000000000e+01 5.937608504436124868e+00
7.400000000000000000e+01 1.600000000000000000e+01 5.999631500666033901e+00
7.400000000000000000e+01 1.700000000000000000e+01 5.851164052638781143e+00
7.400000000000000000e+01 1.800000000000000000e+01 5.706057491248995639e+00
7.400000000000000000e+01 1.900000000000000000e+01 5.865027305144986158e+00
7.400000000000000000e+01 2.000000000000000000e+01 6.137863068711967962e+00
7.400000000000000000e+01 2.100000000000000000e+01 6.285813314661658602e+00
7.400000000000000000e+01 2.200000000000000000e+01 6.290964598619481762e+00
7.400000000000000000e+01 2.300000000000000000e+01 6.225330958678452653e+00
7.400000000000000000e+01 2.400000000000000000e+01 6.278346042145239281e+00
7.400000000000000000e+01 2.500000000000000000e+01 6.319478671378503165e+00
7.400000000000000000e+01 2.600000000000000000e+01 6.264797500787284257e+00
7.400000000000000000e+01 2.700000000000000000e+01 6.177528856192901152e+00
7.400000000000000000e+01 2.800000000000000000e+01 6.083761111195276960e+00
7.400000000000000000e+01 2.900000000000000000e+01 6.061057945151782533e+00
7.400000000000000000e+01 3.000000000000000000e+01 6.191852365102073819e+00
7.400000000000000000e+01 3.100000000000000000e+01 6.294966255441094560e+00
7.400000000000000000e+01 3.200000000000000000e+01 nan
7.400000000000000000e+01 3.300000000000000000e+01 nan
7.500000000000000000e+01 6.000000000000000000e+00 nan
7.500000000000000000e+01 7.000000000000000000e+00 5.590291149959004890e+00
7.500000000000000000e+01 8.000000000000000000e+00 5.543523310600973808e+00
7.500000000000000000e+01 9.000000000000000000e+00 5.505219943651155745e+00
7.500000000000000000e+01 1.000000000000000000e+01 5.747935115834459374e+00
7.500000000000000000e+01 1.100000000000000000e+01 5.976509322159729187e+00
7.500000000000000000e+01 1.200000000000000000e+01 5.978438037803166516e+00
7.500000000000000000e+01 1.300000000000000000e+01 6.032041940540729286e+00
7.500000000000000000e+01 1.400000000000000000e+01 6.048456173484304088e+00
7.500000000000000000e+01 1.500000000000000000e+01 6.128392225853523279e+00
7.500000000000000000e+01 1.600000000000000000e+01 6.139290189926196462e+00
7.500000000000000000e+01 1.700000000000000000e+01 5.979286809968840544e+00
7.500000000000000000e+01 1.800000000000000000e+01 5.881999275304968577e+00
7.500000000000000000e+01 1.900000000000000000e+01 6.033249752393737175e+00
7.500000000000000000e+01 2.000000000000000000e+01 6.246853699690590567e+00
7.500000000000000000e+01 2.100000000000000000e+01 6.380757744863156944e+00
7.500000000000000000e+01 2.200000000000000000e+01 6.309223256289334891e+00
7.500000000000000000e+01 2.300000000000000000e+01 6.225330958678452653e+00
7.500000000000000000e+01 2.400000000000000000e+01 6.323294415875166052e+00
7.500000000000000000e+01 2.500000000000000000e+01 6.359149945242402957e+00
7.500000000000000000e+01 2.600000000000000000e+01 6.291548609317275442e+00
7.500000000000000000e+01 2.700000000000000000e+01 6.147398093805909625e+00
7.500000000000000000e+01 2.800000000000000000e+01 6.104341442389028316e+00
7.500000000000000000e+01 2.900000000000000000e+01 6.197839812637845114e+00
7.500000000000000000e+01 3.000000000000000000e+01 nan
7.500000000000000000e+01 3.100000000000000000e+01 nan
7.500000000000000000e+01 3.200000000000000000e+01 nan
7.500000000000000000e+01 3.300000000000000000e+01 nan
7.600000000000000000e+01 6.000000000000000000e+00 nan
7.600000000000000000e+01 7.000000000000000000e+00 nan
7.600000000000000000e+01 8.000000000000000000e+00 5.570238515225426568e+00
7.600000000000000000e+01 9.000000000000000000e+00 5.516823449194227180e+00
7.600000000000000000e+01 1.000000000000000000e+01 5.789388434263022631e+00
7.600000000000000000e+01 1.100000000000000000e+01 nan
7.600000000000000000e+01 1.200000000000000000e+01 nan
7.600000000000000000e+01 1.300000000000000000e+01 nan
7.600000000000000000e+01 1.400000000000000000e+01 nan
7.600000000000000000e+01 1.500000000000000000e+01 nan
7.600000000000000000e+01 1.600000000000000000e+01 nan
7.600000000000000000e+01 1.700000000000000000e+01 nan
7.600000000000000000e+01 1.800000000000000000e+01 nan
7.600000000000000000e+01 1.900000000000000000e+01 nan
7.600000000000000000e+01 2.000000000000000000e+01 nan
7.600000000000000000e+01 2.100000000000000000e+01 nan
7.600000000000000000e+01 2.200000000000000000e+01 nan
7.600000000000000000e+01 2.300000000000000000e+01 nan
7.600000000000000000e+01 2.400000000000000000e+01 nan
7.600000000000000000e+01 2.500000000000000000e+01 nan
7.600000000000000000e+01 2.600000000000000000e+01 nan
7.600000000000000000e+01 2.700000000000000000e+01 nan
7.600000000000000000e+01 2.800000000000000000e+01 nan
7.600000000000000000e+01 2.900000000000000000e+01 nan
7.600000000000000000e+01 3.000000000000000000e+01 nan
7.600000000000000000e+01 3.100000000000000000e+01 nan
7.600000000000000000e+01 3.200000000000000000e+01 nan
7.600000000000000000e+01 3.300000000000000000e+01 nan
