Longitude[deg], Latitude[deg], Dust optical depth
-4.300000000000000000e+01 -3.100000000000000000e+01 1.319945741566948882e+00
-4.300000000000000000e+01 -3.000000000000000000e+01 1.334706790514887276e+00
-4.300000000000000000e+01 -2.900000000000000000e+01 1.352192359705801872e+00
-4.300000000000000000e+01 -2.800000000000000000e+01 1.353150788119870995e+00
-4.300000000000000000e+01 -2.700000000000000000e+01 1.372074039698792935e+00
-4.300000000000000000e+01 -2.600000000000000000e+01 1.384086709948127991e+00
-4.300000000000000000e+01 -2.500000000000000000e+01 1.366357549037036767e+00
-4.300000000000000000e+01 -2.400000000000000000e+01 1.322545225438697791e+00
-4.300000000000000000e+01 -2.300000000000000000e+01 1.341447783469449373e+00
-4.300000000000000000e+01 -2.200000000000000000e+01 1.351196176014152650e+00
-4.300000000000000000e+01 -2.100000000000000000e+01 1.354292765993576175e+00
-4.300000000000000000e+01 -2.000000000000000000e+01 1.372567711755945830e+00
-4.300000000000000000e+01 -1.900000000000000000e+01 1.325176186497255992e+00
-4.300000000000000000e+01 -1.800000000000000000e+01 1.320705583453086085e+00
-4.300000000000000000e+01 -1.700000000000000000e+01 1.361808916977268691e+00
-4.300000000000000000e+01 -1.600000000000000000e+01 1.185658134297800315e+00
-4.300000000000000000e+01 -1.500000000000000000e+01 9.155426687716173850e-01
-4.300000000000000000e+01 -1.400000000000000000e+01 1.109083920725619343e+00
-4.300000000000000000e+01 -1.300000000000000000e+01 1.218408315780846296e+00
-4.300000000000000000e+01 -1.200000000000000000e+01 1.336289710901521932e+00
-4.300000000000000000e+01 -1.100000000000000000e+01 1.407049082396501172e+00
-4.300000000000000000e+01 -1.000000000000000000e+01 1.309478415741714530e+00
-4.300000000000000000e+01 -9.000000000000000000e+00 1.112242066496292425e+00
-4.300000000000000000e+01 -8.000000000000000000e+00 1.100263545163596479e+00
-4.300000000000000000e+01 -7.000000000000000000e+00 1.104414332291675516e+00
-4.300000000000000000e+01 -6.000000000000000000e+00 9.934463979431479297e-01
-4.300000000000000000e+01 -5.000000000000000000e+00 6.072224671977787258e-01
-4.300000000000000000e+01 -4.000000000000000000e+00 nan
-4.200000000000000000e+01 -3.100000000000000000e+01 1.326150856209368456e+00
-4.200000000000000000e+01 -3.000000000000000000e+01 1.333405476624952346e+00
-4.200000000000000000e+01 -2.900000000000000000e+01 1.342901718446797066e+00
-4.200000000000000000e+01 -2.800000000000000000e+01 1.349641731976887193e+00
-4.200000000000000000e+01 -2.700000000000000000e+01 1.356131643635735129e+00
-4.200000000000000000e+01 -2.600000000000000000e+01 1.366891910583446501e+00
-4.200000000000000000e+01 -2.500000000000000000e+01 1.346504634997041538e+00
-4.200000000000000000e+01 -2.400000000000000000e+01 1.318200910929943293e+00
-4.200000000000000000e+01 -2.300000000000000000e+01 1.324692902860811872e+00
-4.200000000000000000e+01 -2.200000000000000000e+01 1.347108280033129768e+00
-4.200000000000000000e+01 -2.100000000000000000e+01 1.355951906487651515e+00
-4.200000000000000000e+01 -2.000000000000000000e+01 1.390314558927739697e+00
-4.200000000000000000e+01 -1.900000000000000000e+01 1.330909554573267206e+00
-4.200000000000000000e+01 -1.800000000000000000e+01 1.319960302917585926e+00
-4.200000000000000000e+01 -1.700000000000000000e+01 1.389648353274575809e+00
-4.200000000000000000e+01 -1.600000000000000000e+01 1.218174217840214180e+00
-4.200000000000000000e+01 -1.500000000000000000e+01 1.073134154456999889e+00
-4.200000000000000000e+01 -1.400000000000000000e+01 1.124877092964640335e+00
-4.200000000000000000e+01 -1.300000000000000000e+01 1.209762935632926917e+00
-4.200000000000000000e+01 -1.200000000000000000e+01 1.284125492541293267e+00
-4.200000000000000000e+01 -1.100000000000000000e+01 1.401231603890211952e+00
-4.200000000000000000e+01 -1.000000000000000000e+01 1.351635615511002531e+00
-4.200000000000000000e+01 -9.000000000000000000e+00 1.125411244094553842e+00
-4.200000000000000000e+01 -8.000000000000000000e+00 1.105254223495461208e+00
-4.200000000000000000e+01 -7.000000000000000000e+00 1.109710980348638465e+00
-4.200000000000000000e+01 -6.000000000000000000e+00 9.945881246969182632e-01
-4.200000000000000000e+01 -5.000000000000000000e+00 6.076473776944882887e-01
-4.200000000000000000e+01 -4.000000000000000000e+00 nan
-4.100000000000000000e+01 -3.100000000000000000e+01 1.327106426450494370e+00
-4.100000000000000000e+01 -3.000000000000000000e+01 1.332972485502849302e+00
-4.100000000000000000e+01 -2.900000000000000000e+01 1.341384696886942063e+00
-4.100000000000000000e+01 -2.800000000000000000e+01 1.346389070806408794e+00
-4.100000000000000000e+01 -2.700000000000000000e+01 1.353990749749437006e+00
-4.100000000000000000e+01 -2.600000000000000000e+01 1.361229546344030483e+00
-4.100000000000000000e+01 -2.500000000000000000e+01 1.343208852637534312e+00
-4.100000000000000000e+01 -2.400000000000000000e+01 1.316318496731628152e+00
-4.100000000000000000e+01 -2.300000000000000000e+01 1.319269590630549160e+00
-4.100000000000000000e+01 -2.200000000000000000e+01 1.344626019880305279e+00
-4.100000000000000000e+01 -2.100000000000000000e+01 1.357393814533736531e+00
-4.100000000000000000e+01 -2.000000000000000000e+01 1.483502969334174137e+00
-4.100000000000000000e+01 -1.900000000000000000e+01 1.345479329220352849e+00
-4.100000000000000000e+01 -1.800000000000000000e+01 1.317381524640229173e+00
-4.100000000000000000e+01 -1.700000000000000000e+01 1.403490541349937670e+00
-4.100000000000000000e+01 -1.600000000000000000e+01 1.254129632818203000e+00
-4.100000000000000000e+01 -1.500000000000000000e+01 1.124662623673446937e+00
-4.100000000000000000e+01 -1.400000000000000000e+01 1.150886311508403814e+00
-4.100000000000000000e+01 -1.300000000000000000e+01 1.199062282900486220e+00
-4.100000000000000000e+01 -1.200000000000000000e+01 1.243492953473976037e+00
-4.100000000000000000e+01 -1.100000000000000000e+01 1.394204377367568970e+00
-4.100000000000000000e+01 -1.000000000000000000e+01 1.373110546473601090e+00
-4.100000000000000000e+01 -9.000000000000000000e+00 1.179237866169898119e+00
-4.100000000000000000e+01 -8.000000000000000000e+00 1.162721525747579809e+00
-4.100000000000000000e+01 -7.000000000000000000e+00 1.144057622233128901e+00
-4.100000000000000000e+01 -6.000000000000000000e+00 9.993932936522443855e-01
-4.100000000000000000e+01 -5.000000000000000000e+00 6.200392960343660276e-01
-4.100000000000000000e+01 -4.000000000000000000e+00 nan
