Longitude[deg], Latitude[deg], Dust optical depth
7.000000000000000000e+00 -1.000000000000000000e+01 nan
7.000000000000000000e+00 -9.000000000000000000e+00 nan
7.000000000000000000e+00 -8.000000000000000000e+00 nan
7.000000000000000000e+00 -7.000000000000000000e+00 nan
7.000000000000000000e+00 -6.000000000000000000e+00 nan
7.000000000000000000e+00 -5.000000000000000000e+00 nan
7.000000000000000000e+00 -4.000000000000000000e+00 nan
7.000000000000000000e+00 -3.000000000000000000e+00 nan
7.000000000000000000e+00 -2.000000000000000000e+00 nan
7.000000000000000000e+00 -1.000000000000000000e+00 nan
7.000000000000000000e+00 0.000000000000000000e+00 nan
7.000000000000000000e+00 1.000000000000000000e+00 nan
7.000000000000000000e+00 2.000000000000000000e+00 nan
7.000000000000000000e+00 3.000000000000000000e+00 nan
7.000000000000000000e+00 4.000000000000000000e+00 nan
7.000000000000000000e+00 5.000000000000000000e+00 nan
7.000000000000000000e+00 6.000000000000000000e+00 nan
7.000000000000000000e+00 7.000000000000000000e+00 nan
7.000000000000000000e+00 8.000000000000000000e+00 4.218030506235881383e+00
7.000000000000000000e+00 9.000000000000000000e+00 4.189831475032312014e+00
7.000000000000000000e+00 1.000000000000000000e+01 nan
8.000000000000000000e+00 -1.000000000000000000e+01 nan
8.000000000000000000e+00 -9.000000000000000000e+00 nan
8.000000000000000000e+00 -8.000000000000000000e+00 nan
8.000000000000000000e+00 -7.000000000000000000e+00 nan
8.000000000000000000e+00 -6.000000000000000000e+00 nan
8.000000000000000000e+00 -5.000000000000000000e+00 nan
8.000000000000000000e+00 -4.000000000000000000e+00 nan
8.000000000000000000e+00 -3.000000000000000000e+00 4.470436419947583673e+00
8.000000000000000000e+00 -2.000000000000000000e+00 4.381692133668379618e+00
8.000000000000000000e+00 -1.000000000000000000e+00 4.313472526646172867e+00
8.000000000000000000e+00 0.000000000000000000e+00 4.374263355391128982e+00
8.000000000000000000e+00 1.000000000000000000e+00 4.607034941614210233e+00
8.000000000000000000e+00 2.000000000000000000e+00 4.525572667141335437e+00
8.000000000000000000e+00 3.000000000000000000e+00 4.476951773854345618e+00
8.000000000000000000e+00 4.000000000000000000e+00 4.500842603055770219e+00
8.000000000000000000e+00 5.000000000000000000e+00 4.436237641256436603e+00
8.000000000000000000e+00 6.000000000000000000e+00 4.472380419780966676e+00
8.000000000000000000e+00 7.000000000000000000e+00 4.411592151330845368e+00
8.000000000000000000e+00 8.000000000000000000e+00 4.280279541122963494e+00
8.000000000000000000e+00 9.000000000000000000e+00 4.195480039046536547e+00
8.000000000000000000e+00 1.000000000000000000e+01 4.174826988877416767e+00
9.000000000000000000e+00 -1.000000000000000000e+01 4.570925806500444111e+00
9.000000000000000000e+00 -9.000000000000000000e+00 4.420058466466215030e+00
9.000000000000000000e+00 -8.000000000000000000e+00 4.310094058098585812e+00
9.000000000000000000e+00 -7.000000000000000000e+00 4.421661299406853374e+00
9.000000000000000000e+00 -6.000000000000000000e+00 4.848187419481699401e+00
9.000000000000000000e+00 -5.000000000000000000e+00 5.123781170205817581e+00
9.000000000000000000e+00 -4.000000000000000000e+00 5.105366352049331979e+00
9.000000000000000000e+00 -3.000000000000000000e+00 4.914256442103304146e+00
9.000000000000000000e+00 -2.000000000000000000e+00 4.415378273495636385e+00
9.000000000000000000e+00 -1.000000000000000000e+00 4.321289283000675496e+00
9.000000000000000000e+00 0.000000000000000000e+00 4.483586198305133053e+00
9.000000000000000000e+00 1.000000000000000000e+00 4.803844885223315764e+00
9.000000000000000000e+00 2.000000000000000000e+00 4.588144917434284764e+00
9.000000000000000000e+00 3.000000000000000000e+00 4.480016466409142417e+00
9.000000000000000000e+00 4.000000000000000000e+00 4.525989693402483915e+00
9.000000000000000000e+00 5.000000000000000000e+00 4.462265599963617824e+00
9.000000000000000000e+00 6.000000000000000000e+00 4.470611021770249494e+00
9.000000000000000000e+00 7.000000000000000000e+00 4.368607284182042250e+00
9.000000000000000000e+00 8.000000000000000000e+00 4.219526701633379950e+00
9.000000000000000000e+00 9.000000000000000000e+00 4.181366825227681439e+00
9.000000000000000000e+00 1.000000000000000000e+01 4.175585598250761699e+00
1.000000000000000000e+01 -1.000000000000000000e+01 4.539739766804624210e+00
1.000000000000000000e+01 -9.000000000000000000e+00 4.517578592710005836e+00
1.000000000000000000e+01 -8.000000000000000000e+00 4.544653143554088892e+00
1.000000000000000000e+01 -7.000000000000000000e+00 4.741803458019067996e+00
1.000000000000000000e+01 -6.000000000000000000e+00 5.041495267641583844e+00
1.000000000000000000e+01 -5.000000000000000000e+00 5.228788488443566251e+00
1.000000000000000000e+01 -4.000000000000000000e+00 5.205138576566686659e+00
1.000000000000000000e+01 -3.000000000000000000e+00 5.060569301467375602e+00
1.000000000000000000e+01 -2.000000000000000000e+00 4.634940773728717822e+00
1.000000000000000000e+01 -1.000000000000000000e+00 4.388557055403791374e+00
1.000000000000000000e+01 0.000000000000000000e+00 4.618563980659872392e+00
1.000000000000000000e+01 1.000000000000000000e+00 4.956405917409602679e+00
1.000000000000000000e+01 2.000000000000000000e+00 4.737847689195279877e+00
1.000000000000000000e+01 3.000000000000000000e+00 4.478465957207581560e+00
1.000000000000000000e+01 4.000000000000000000e+00 4.465162424371079908e+00
1.000000000000000000e+01 5.000000000000000000e+00 4.401269705371483987e+00
1.000000000000000000e+01 6.000000000000000000e+00 4.363913948187773784e+00
1.000000000000000000e+01 7.000000000000000000e+00 4.328117549228276850e+00
1.000000000000000000e+01 8.000000000000000000e+00 4.194551481487658329e+00
1.000000000000000000e+01 9.000000000000000000e+00 4.168493049124633920e+00
1.000000000000000000e+01 1.000000000000000000e+01 4.183846013195782199e+00
1.100000000000000000e+01 -1.000000000000000000e+01 4.539739766804624210e+00
1.100000000000000000e+01 -9.000000000000000000e+00 4.624256391956403256e+00
1.100000000000000000e+01 -8.000000000000000000e+00 4.731631236728702561e+00
1.100000000000000000e+01 -7.000000000000000000e+00 4.907488870360159794e+00
1.100000000000000000e+01 -6.000000000000000000e+00 5.140464353114364116e+00
1.100000000000000000e+01 -5.000000000000000000e+00 5.321272015502454877e+00
1.100000000000000000e+01 -4.000000000000000000e+00 5.255437744182240856e+00
1.100000000000000000e+01 -3.000000000000000000e+00 5.161903045106703836e+00
1.100000000000000000e+01 -2.000000000000000000e+00 4.956411380578552794e+00
1.100000000000000000e+01 -1.000000000000000000e+00 4.488996122401962552e+00
1.100000000000000000e+01 0.000000000000000000e+00 4.700987258898294385e+00
1.100000000000000000e+01 1.000000000000000000e+00 5.040945955342631457e+00
1.100000000000000000e+01 2.000000000000000000e+00 4.846938168114317769e+00
1.100000000000000000e+01 3.000000000000000000e+00 4.475570072676690714e+00
1.100000000000000000e+01 4.000000000000000000e+00 4.400307270556320205e+00
1.100000000000000000e+01 5.000000000000000000e+00 4.315822749371143630e+00
1.100000000000000000e+01 6.000000000000000000e+00 4.253850822905854479e+00
1.100000000000000000e+01 7.000000000000000000e+00 4.290337230763308973e+00
1.100000000000000000e+01 8.000000000000000000e+00 4.201888500606962396e+00
1.100000000000000000e+01 9.000000000000000000e+00 4.164659535735268037e+00
1.100000000000000000e+01 1.000000000000000000e+01 4.191507873107682691e+00
1.200000000000000000e+01 -1.000000000000000000e+01 4.648210254470643399e+00
1.200000000000000000e+01 -9.000000000000000000e+00 4.792059351878707574e+00
1.200000000000000000e+01 -8.000000000000000000e+00 4.853949258143377854e+00
1.200000000000000000e+01 -7.000000000000000000e+00 5.019825674101367596e+00
1.200000000000000000e+01 -6.000000000000000000e+00 5.197055247725813842e+00
1.200000000000000000e+01 -5.000000000000000000e+00 5.326224828226430397e+00
1.200000000000000000e+01 -4.000000000000000000e+00 5.298939268576663864e+00
1.200000000000000000e+01 -3.000000000000000000e+00 5.167048078418316592e+00
1.200000000000000000e+01 -2.000000000000000000e+00 nan
1.200000000000000000e+01 -1.000000000000000000e+00 nan
1.200000000000000000e+01 0.000000000000000000e+00 nan
1.200000000000000000e+01 1.000000000000000000e+00 nan
1.200000000000000000e+01 2.000000000000000000e+00 nan
1.200000000000000000e+01 3.000000000000000000e+00 nan
1.200000000000000000e+01 4.000000000000000000e+00 nan
1.200000000000000000e+01 5.000000000000000000e+00 nan
1.200000000000000000e+01 6.000000000000000000e+00 nan
1.200000000000000000e+01 7.000000000000000000e+00 nan
1.200000000000000000e+01 8.000000000000000000e+00 nan
1.200000000000000000e+01 9.000000000000000000e+00 nan
1.200000000000000000e+01 1.000000000000000000e+01 nan
