Longitude[deg], Latitude[deg], Dust optical depth
-5.100000000000000000e+01 3.000000000000000000e+00 nan
-5.100000000000000000e+01 4.000000000000000000e+00 nan
-5.100000000000000000e+01 5.000000000000000000e+00 nan
-5.100000000000000000e+01 6.000000000000000000e+00 nan
-5.100000000000000000e+01 7.000000000000000000e+00 nan
-5.100000000000000000e+01 8.000000000000000000e+00 nan
-5.100000000000000000e+01 9.000000000000000000e+00 nan
-5.100000000000000000e+01 1.000000000000000000e+01 nan
-5.100000000000000000e+01 1.100000000000000000e+01 nan
-5.100000000000000000e+01 1.200000000000000000e+01 nan
-5.100000000000000000e+01 1.300000000000000000e+01 nan
-5.100000000000000000e+01 1.400000000000000000e+01 nan
-5.100000000000000000e+01 1.500000000000000000e+01 nan
-5.100000000000000000e+01 1.600000000000000000e+01 nan
-5.100000000000000000e+01 1.700000000000000000e+01 nan
-5.100000000000000000e+01 1.800000000000000000e+01 nan
-5.100000000000000000e+01 1.900000000000000000e+01 3.845038277983145458e-01
-5.100000000000000000e+01 2.000000000000000000e+01 4.099567888567142715e-01
-5.100000000000000000e+01 2.100000000000000000e+01 4.135612270932528256e-01
-5.100000000000000000e+01 2.200000000000000000e+01 3.141501447799872060e-01
-5.100000000000000000e+01 2.300000000000000000e+01 1.273983778448796733e-01
-5.100000000000000000e+01 2.400000000000000000e+01 nan
-5.000000000000000000e+01 3.000000000000000000e+00 nan
-5.000000000000000000e+01 4.000000000000000000e+00 nan
-5.000000000000000000e+01 5.000000000000000000e+00 nan
-5.000000000000000000e+01 6.000000000000000000e+00 nan
-5.000000000000000000e+01 7.000000000000000000e+00 nan
-5.000000000000000000e+01 8.000000000000000000e+00 nan
-5.000000000000000000e+01 9.000000000000000000e+00 1.039021384210508492e+00
-5.000000000000000000e+01 1.000000000000000000e+01 1.018298122784966120e+00
-5.000000000000000000e+01 1.100000000000000000e+01 8.886835518714648607e-01
-5.000000000000000000e+01 1.200000000000000000e+01 7.166756901091546617e-01
-5.000000000000000000e+01 1.300000000000000000e+01 5.217538769912255514e-01
-5.000000000000000000e+01 1.400000000000000000e+01 5.229486636314703007e-01
-5.000000000000000000e+01 1.500000000000000000e+01 5.268919779677028181e-01
-5.000000000000000000e+01 1.600000000000000000e+01 4.506396031586076822e-01
-5.000000000000000000e+01 1.700000000000000000e+01 2.593593712237466931e-01
-5.000000000000000000e+01 1.800000000000000000e+01 2.807716612983161553e-01
-5.000000000000000000e+01 1.900000000000000000e+01 4.314760084965194031e-01
-5.000000000000000000e+01 2.000000000000000000e+01 3.828259037053028391e-01
-5.000000000000000000e+01 2.100000000000000000e+01 4.092348672548838939e-01
-5.000000000000000000e+01 2.200000000000000000e+01 3.132120516420576761e-01
-5.000000000000000000e+01 2.300000000000000000e+01 1.034435332917196387e-01
-5.000000000000000000e+01 2.400000000000000000e+01 4.351165207557629311e-02
-4.900000000000000000e+01 3.000000000000000000e+00 1.205144000581232389e+00
-4.900000000000000000e+01 4.000000000000000000e+00 1.329009663647750195e+00
-4.900000000000000000e+01 5.000000000000000000e+00 1.243018358902965081e+00
-4.900000000000000000e+01 6.000000000000000000e+00 1.227299702565405326e+00
-4.900000000000000000e+01 7.000000000000000000e+00 1.211978072778229665e+00
-4.900000000000000000e+01 8.000000000000000000e+00 1.180201540800546844e+00
-4.900000000000000000e+01 9.000000000000000000e+00 1.031256194981634566e+00
-4.900000000000000000e+01 1.000000000000000000e+01 8.589208456655825774e-01
-4.900000000000000000e+01 1.100000000000000000e+01 8.669545527192408230e-01
-4.900000000000000000e+01 1.200000000000000000e+01 7.537157860707660584e-01
-4.900000000000000000e+01 1.300000000000000000e+01 5.700325346065214793e-01
-4.900000000000000000e+01 1.400000000000000000e+01 5.167212550632149792e-01
-4.900000000000000000e+01 1.500000000000000000e+01 4.774367811493195890e-01
-4.900000000000000000e+01 1.600000000000000000e+01 3.699017346547293639e-01
-4.900000000000000000e+01 1.700000000000000000e+01 2.624755745236513338e-01
-4.900000000000000000e+01 1.800000000000000000e+01 2.780198862324681497e-01
-4.900000000000000000e+01 1.900000000000000000e+01 4.322454302306399931e-01
-4.900000000000000000e+01 2.000000000000000000e+01 3.809196992254820779e-01
-4.900000000000000000e+01 2.100000000000000000e+01 4.157651344325314913e-01
-4.900000000000000000e+01 2.200000000000000000e+01 3.404602680501970791e-01
-4.900000000000000000e+01 2.300000000000000000e+01 1.027656138758202692e-01
-4.900000000000000000e+01 2.400000000000000000e+01 4.351394239041403433e-02
-4.800000000000000000e+01 3.000000000000000000e+00 1.208535405279969055e+00
-4.800000000000000000e+01 4.000000000000000000e+00 1.306061809980458177e+00
-4.800000000000000000e+01 5.000000000000000000e+00 1.225266156925064021e+00
-4.800000000000000000e+01 6.000000000000000000e+00 1.194863610426819989e+00
-4.800000000000000000e+01 7.000000000000000000e+00 1.162285785124638871e+00
-4.800000000000000000e+01 8.000000000000000000e+00 1.149707111273649884e+00
-4.800000000000000000e+01 9.000000000000000000e+00 1.042504269127036087e+00
-4.800000000000000000e+01 1.000000000000000000e+01 8.512480128826501735e-01
-4.800000000000000000e+01 1.100000000000000000e+01 7.966618480683820280e-01
-4.800000000000000000e+01 1.200000000000000000e+01 7.142756695033739556e-01
-4.800000000000000000e+01 1.300000000000000000e+01 5.618217491165009569e-01
-4.800000000000000000e+01 1.400000000000000000e+01 5.058548505464781631e-01
-4.800000000000000000e+01 1.500000000000000000e+01 4.182075953660386314e-01
-4.800000000000000000e+01 1.600000000000000000e+01 2.846721037572157442e-01
-4.800000000000000000e+01 1.700000000000000000e+01 2.729491344457475877e-01
-4.800000000000000000e+01 1.800000000000000000e+01 2.768538919050871350e-01
-4.800000000000000000e+01 1.900000000000000000e+01 4.433838935893671951e-01
-4.800000000000000000e+01 2.000000000000000000e+01 3.984088845260627676e-01
-4.800000000000000000e+01 2.100000000000000000e+01 4.269496364512175846e-01
-4.800000000000000000e+01 2.200000000000000000e+01 3.889714474266239286e-01
-4.800000000000000000e+01 2.300000000000000000e+01 1.026896314005949495e-01
-4.800000000000000000e+01 2.400000000000000000e+01 4.367848567699450513e-02
-4.700000000000000000e+01 3.000000000000000000e+00 1.211988449742210427e+00
-4.700000000000000000e+01 4.000000000000000000e+00 1.297011720849873484e+00
-4.700000000000000000e+01 5.000000000000000000e+00 1.207761687627321612e+00
-4.700000000000000000e+01 6.000000000000000000e+00 1.147122436670461765e+00
-4.700000000000000000e+01 7.000000000000000000e+00 1.148045007270093620e+00
-4.700000000000000000e+01 8.000000000000000000e+00 1.129452692963937688e+00
-4.700000000000000000e+01 9.000000000000000000e+00 1.062860823869461013e+00
-4.700000000000000000e+01 1.000000000000000000e+01 8.564504396480987491e-01
-4.700000000000000000e+01 1.100000000000000000e+01 7.051664478861024987e-01
-4.700000000000000000e+01 1.200000000000000000e+01 6.453137392747351209e-01
-4.700000000000000000e+01 1.300000000000000000e+01 5.352623407987482373e-01
-4.700000000000000000e+01 1.400000000000000000e+01 4.829916793461819235e-01
-4.700000000000000000e+01 1.500000000000000000e+01 4.210293627629609903e-01
-4.700000000000000000e+01 1.600000000000000000e+01 3.358396928644897250e-01
-4.700000000000000000e+01 1.700000000000000000e+01 2.755972157581286219e-01
-4.700000000000000000e+01 1.800000000000000000e+01 2.766453864000354979e-01
-4.700000000000000000e+01 1.900000000000000000e+01 4.653499377629016776e-01
-4.700000000000000000e+01 2.000000000000000000e+01 4.467513117894454933e-01
-4.700000000000000000e+01 2.100000000000000000e+01 4.467317565187932660e-01
-4.700000000000000000e+01 2.200000000000000000e+01 3.961978593937879878e-01
-4.700000000000000000e+01 2.300000000000000000e+01 1.031608647318180971e-01
-4.700000000000000000e+01 2.400000000000000000e+01 4.410355795539127460e-02
-4.600000000000000000e+01 3.000000000000000000e+00 nan
-4.600000000000000000e+01 4.000000000000000000e+00 1.362949632587504567e+00
-4.600000000000000000e+01 5.000000000000000000e+00 1.232583902213297611e+00
-4.600000000000000000e+01 6.000000000000000000e+00 1.133859988168281374e+00
-4.600000000000000000e+01 7.000000000000000000e+00 nan
-4.600000000000000000e+01 8.000000000000000000e+00 nan
-4.600000000000000000e+01 9.000000000000000000e+00 nan
-4.600000000000000000e+01 1.000000000000000000e+01 nan
-4.600000000000000000e+01 1.100000000000000000e+01 nan
-4.600000000000000000e+01 1.200000000000000000e+01 nan
-4.600000000000000000e+01 1.300000000000000000e+01 nan
-4.600000000000000000e+01 1.400000000000000000e+01 nan
-4.600000000000000000e+01 1.500000000000000000e+01 nan
-4.600000000000000000e+01 1.600000000000000000e+01 nan
-4.600000000000000000e+01 1.700000000000000000e+01 nan
-4.600000000000000000e+01 1.800000000000000000e+01 nan
-4.600000000000000000e+01 1.900000000000000000e+01 nan
-4.600000000000000000e+01 2.000000000000000000e+01 nan
-4.600000000000000000e+01 2.100000000000000000e+01 nan
-4.600000000000000000e+01 2.200000000000000000e+01 nan
-4.600000000000000000e+01 2.300000000000000000e+01 nan
-4.600000000000000000e+01 2.400000000000000000e+01 nan
