Longitude[deg], Latitude[deg], Dust optical depth
-4.600000000000000000e+01 -8.400000000000000000e+01 nan
-4.600000000000000000e+01 -8.300000000000000000e+01 nan
-4.600000000000000000e+01 -8.200000000000000000e+01 nan
-4.600000000000000000e+01 -8.100000000000000000e+01 nan
-4.600000000000000000e+01 -8.000000000000000000e+01 nan
-4.600000000000000000e+01 -7.900000000000000000e+01 nan
-4.600000000000000000e+01 -7.800000000000000000e+01 nan
-4.600000000000000000e+01 -7.700000000000000000e+01 nan
-4.600000000000000000e+01 -7.600000000000000000e+01 nan
-4.600000000000000000e+01 -7.500000000000000000e+01 nan
-4.600000000000000000e+01 -7.400000000000000000e+01 nan
-4.600000000000000000e+01 -7.300000000000000000e+01 nan
-4.600000000000000000e+01 -7.200000000000000000e+01 nan
-4.600000000000000000e+01 -7.100000000000000000e+01 nan
-4.600000000000000000e+01 -7.000000000000000000e+01 nan
-4.600000000000000000e+01 -6.900000000000000000e+01 nan
-4.600000000000000000e+01 -6.800000000000000000e+01 nan
-4.600000000000000000e+01 -6.700000000000000000e+01 nan
-4.600000000000000000e+01 -6.600000000000000000e+01 nan
-4.600000000000000000e+01 -6.500000000000000000e+01 nan
-4.600000000000000000e+01 -6.400000000000000000e+01 nan
-4.600000000000000000e+01 -6.300000000000000000e+01 nan
-4.600000000000000000e+01 -6.200000000000000000e+01 nan
-4.600000000000000000e+01 -6.100000000000000000e+01 nan
-4.600000000000000000e+01 -6.000000000000000000e+01 nan
-4.600000000000000000e+01 -5.900000000000000000e+01 nan
-4.600000000000000000e+01 -5.800000000000000000e+01 nan
-4.600000000000000000e+01 -5.700000000000000000e+01 nan
-4.600000000000000000e+01 -5.600000000000000000e+01 nan
-4.600000000000000000e+01 -5.500000000000000000e+01 nan
-4.600000000000000000e+01 -5.400000000000000000e+01 nan
-4.600000000000000000e+01 -5.300000000000000000e+01 nan
-4.600000000000000000e+01 -5.200000000000000000e+01 nan
-4.600000000000000000e+01 -5.100000000000000000e+01 nan
-4.600000000000000000e+01 -5.000000000000000000e+01 nan
-4.600000000000000000e+01 -4.900000000000000000e+01 nan
-4.600000000000000000e+01 -4.800000000000000000e+01 nan
-4.600000000000000000e+01 -4.700000000000000000e+01 nan
-4.600000000000000000e+01 -4.600000000000000000e+01 nan
-4.600000000000000000e+01 -4.500000000000000000e+01 nan
-4.600000000000000000e+01 -4.400000000000000000e+01 nan
-4.600000000000000000e+01 -4.300000000000000000e+01 nan
-4.600000000000000000e+01 -4.200000000000000000e+01 nan
-4.600000000000000000e+01 -4.100000000000000000e+01 nan
-4.600000000000000000e+01 -4.000000000000000000e+01 nan
-4.600000000000000000e+01 -3.900000000000000000e+01 nan
-4.600000000000000000e+01 -3.800000000000000000e+01 nan
-4.500000000000000000e+01 -8.400000000000000000e+01 nan
-4.500000000000000000e+01 -8.300000000000000000e+01 nan
-4.500000000000000000e+01 -8.200000000000000000e+01 nan
-4.500000000000000000e+01 -8.100000000000000000e+01 nan
-4.500000000000000000e+01 -8.000000000000000000e+01 nan
-4.500000000000000000e+01 -7.900000000000000000e+01 nan
-4.500000000000000000e+01 -7.800000000000000000e+01 nan
-4.500000000000000000e+01 -7.700000000000000000e+01 nan
-4.500000000000000000e+01 -7.600000000000000000e+01 nan
-4.500000000000000000e+01 -7.500000000000000000e+01 nan
-4.500000000000000000e+01 -7.400000000000000000e+01 nan
-4.500000000000000000e+01 -7.300000000000000000e+01 nan
-4.500000000000000000e+01 -7.200000000000000000e+01 nan
-4.500000000000000000e+01 -7.100000000000000000e+01 nan
-4.500000000000000000e+01 -7.000000000000000000e+01 nan
-4.500000000000000000e+01 -6.900000000000000000e+01 nan
-4.500000000000000000e+01 -6.800000000000000000e+01 nan
-4.500000000000000000e+01 -6.700000000000000000e+01 nan
-4.500000000000000000e+01 -6.600000000000000000e+01 nan
-4.500000000000000000e+01 -6.500000000000000000e+01 nan
-4.500000000000000000e+01 -6.400000000000000000e+01 nan
-4.500000000000000000e+01 -6.300000000000000000e+01 nan
-4.500000000000000000e+01 -6.200000000000000000e+01 nan
-4.500000000000000000e+01 -6.100000000000000000e+01 nan
-4.500000000000000000e+01 -6.000000000000000000e+01 nan
-4.500000000000000000e+01 -5.900000000000000000e+01 nan
-4.500000000000000000e+01 -5.800000000000000000e+01 nan
-4.500000000000000000e+01 -5.700000000000000000e+01 nan
-4.500000000000000000e+01 -5.600000000000000000e+01 nan
-4.500000000000000000e+01 -5.500000000000000000e+01 nan
-4.500000000000000000e+01 -5.400000000000000000e+01 nan
-4.500000000000000000e+01 -5.300000000000000000e+01 nan
-4.500000000000000000e+01 -5.200000000000000000e+01 nan
-4.500000000000000000e+01 -5.100000000000000000e+01 nan
-4.500000000000000000e+01 -5.000000000000000000e+01 nan
-4.500000000000000000e+01 -4.900000000000000000e+01 nan
-4.500000000000000000e+01 -4.800000000000000000e+01 nan
-4.500000000000000000e+01 -4.700000000000000000e+01 nan
-4.500000000000000000e+01 -4.600000000000000000e+01 nan
-4.500000000000000000e+01 -4.500000000000000000e+01 nan
-4.500000000000000000e+01 -4.400000000000000000e+01 nan
-4.500000000000000000e+01 -4.300000000000000000e+01 nan
-4.500000000000000000e+01 -4.200000000000000000e+01 nan
-4.500000000000000000e+01 -4.100000000000000000e+01 nan
-4.500000000000000000e+01 -4.000000000000000000e+01 nan
-4.500000000000000000e+01 -3.900000000000000000e+01 nan
-4.500000000000000000e+01 -3.800000000000000000e+01 nan
-4.400000000000000000e+01 -8.400000000000000000e+01 nan
-4.400000000000000000e+01 -8.300000000000000000e+01 nan
-4.400000000000000000e+01 -8.200000000000000000e+01 nan
-4.400000000000000000e+01 -8.100000000000000000e+01 nan
-4.400000000000000000e+01 -8.000000000000000000e+01 nan
-4.400000000000000000e+01 -7.900000000000000000e+01 nan
-4.400000000000000000e+01 -7.800000000000000000e+01 nan
-4.400000000000000000e+01 -7.700000000000000000e+01 nan
-4.400000000000000000e+01 -7.600000000000000000e+01 nan
-4.400000000000000000e+01 -7.500000000000000000e+01 nan
-4.400000000000000000e+01 -7.400000000000000000e+01 nan
-4.400000000000000000e+01 -7.300000000000000000e+01 nan
-4.400000000000000000e+01 -7.200000000000000000e+01 nan
-4.400000000000000000e+01 -7.100000000000000000e+01 nan
-4.400000000000000000e+01 -7.000000000000000000e+01 nan
-4.400000000000000000e+01 -6.900000000000000000e+01 nan
-4.400000000000000000e+01 -6.800000000000000000e+01 nan
-4.400000000000000000e+01 -6.700000000000000000e+01 nan
-4.400000000000000000e+01 -6.600000000000000000e+01 nan
-4.400000000000000000e+01 -6.500000000000000000e+01 nan
-4.400000000000000000e+01 -6.400000000000000000e+01 nan
-4.400000000000000000e+01 -6.300000000000000000e+01 nan
-4.400000000000000000e+01 -6.200000000000000000e+01 nan
-4.400000000000000000e+01 -6.100000000000000000e+01 nan
-4.400000000000000000e+01 -6.000000000000000000e+01 nan
-4.400000000000000000e+01 -5.900000000000000000e+01 nan
-4.400000000000000000e+01 -5.800000000000000000e+01 nan
-4.400000000000000000e+01 -5.700000000000000000e+01 nan
-4.400000000000000000e+01 -5.600000000000000000e+01 nan
-4.400000000000000000e+01 -5.500000000000000000e+01 nan
-4.400000000000000000e+01 -5.400000000000000000e+01 nan
-4.400000000000000000e+01 -5.300000000000000000e+01 nan
-4.400000000000000000e+01 -5.200000000000000000e+01 nan
-4.400000000000000000e+01 -5.100000000000000000e+01 nan
-4.400000000000000000e+01 -5.000000000000000000e+01 nan
-4.400000000000000000e+01 -4.900000000000000000e+01 nan
-4.400000000000000000e+01 -4.800000000000000000e+01 nan
-4.400000000000000000e+01 -4.700000000000000000e+01 nan
-4.400000000000000000e+01 -4.600000000000000000e+01 nan
-4.400000000000000000e+01 -4.500000000000000000e+01 nan
-4.400000000000000000e+01 -4.400000000000000000e+01 nan
-4.400000000000000000e+01 -4.300000000000000000e+01 nan
-4.400000000000000000e+01 -4.200000000000000000e+01 nan
-4.400000000000000000e+01 -4.100000000000000000e+01 nan
-4.400000000000000000e+01 -4.000000000000000000e+01 nan
-4.400000000000000000e+01 -3.900000000000000000e+01 nan
-4.400000000000000000e+01 -3.800000000000000000e+01 nan
-4.300000000000000000e+01 -8.400000000000000000e+01 nan
-4.300000000000000000e+01 -8.300000000000000000e+01 nan
-4.300000000000000000e+01 -8.200000000000000000e+01 nan
-4.300000000000000000e+01 -8.100000000000000000e+01 nan
-4.300000000000000000e+01 -8.000000000000000000e+01 nan
-4.300000000000000000e+01 -7.900000000000000000e+01 nan
-4.300000000000000000e+01 -7.800000000000000000e+01 nan
-4.300000000000000000e+01 -7.700000000000000000e+01 nan
-4.300000000000000000e+01 -7.600000000000000000e+01 nan
-4.300000000000000000e+01 -7.500000000000000000e+01 nan
-4.300000000000000000e+01 -7.400000000000000000e+01 nan
-4.300000000000000000e+01 -7.300000000000000000e+01 nan
-4.300000000000000000e+01 -7.200000000000000000e+01 nan
-4.300000000000000000e+01 -7.100000000000000000e+01 nan
-4.300000000000000000e+01 -7.000000000000000000e+01 nan
-4.300000000000000000e+01 -6.900000000000000000e+01 nan
-4.300000000000000000e+01 -6.800000000000000000e+01 nan
-4.300000000000000000e+01 -6.700000000000000000e+01 nan
-4.300000000000000000e+01 -6.600000000000000000e+01 nan
-4.300000000000000000e+01 -6.500000000000000000e+01 nan
-4.300000000000000000e+01 -6.400000000000000000e+01 nan
-4.300000000000000000e+01 -6.300000000000000000e+01 nan
-4.300000000000000000e+01 -6.200000000000000000e+01 nan
-4.300000000000000000e+01 -6.100000000000000000e+01 nan
-4.300000000000000000e+01 -6.000000000000000000e+01 nan
-4.300000000000000000e+01 -5.900000000000000000e+01 nan
-4.300000000000000000e+01 -5.800000000000000000e+01 nan
-4.300000000000000000e+01 -5.700000000000000000e+01 nan
-4.300000000000000000e+01 -5.600000000000000000e+01 nan
-4.300000000000000000e+01 -5.500000000000000000e+01 nan
-4.300000000000000000e+01 -5.400000000000000000e+01 nan
-4.300000000000000000e+01 -5.300000000000000000e+01 nan
-4.300000000000000000e+01 -5.200000000000000000e+01 nan
-4.300000000000000000e+01 -5.100000000000000000e+01 nan
-4.300000000000000000e+01 -5.000000000000000000e+01 nan
-4.300000000000000000e+01 -4.900000000000000000e+01 nan
-4.300000000000000000e+01 -4.800000000000000000e+01 nan
-4.300000000000000000e+01 -4.700000000000000000e+01 nan
-4.300000000000000000e+01 -4.600000000000000000e+01 nan
-4.300000000000000000e+01 -4.500000000000000000e+01 nan
-4.300000000000000000e+01 -4.400000000000000000e+01 nan
-4.300000000000000000e+01 -4.300000000000000000e+01 nan
-4.300000000000000000e+01 -4.200000000000000000e+01 nan
-4.300000000000000000e+01 -4.100000000000000000e+01 nan
-4.300000000000000000e+01 -4.000000000000000000e+01 nan
-4.300000000000000000e+01 -3.900000000000000000e+01 nan
-4.300000000000000000e+01 -3.800000000000000000e+01 nan
-4.200000000000000000e+01 -8.400000000000000000e+01 nan
-4.200000000000000000e+01 -8.300000000000000000e+01 nan
-4.200000000000000000e+01 -8.200000000000000000e+01 nan
-4.200000000000000000e+01 -8.100000000000000000e+01 nan
-4.200000000000000000e+01 -8.000000000000000000e+01 nan
-4.200000000000000000e+01 -7.900000000000000000e+01 nan
-4.200000000000000000e+01 -7.800000000000000000e+01 nan
-4.200000000000000000e+01 -7.700000000000000000e+01 nan
-4.200000000000000000e+01 -7.600000000000000000e+01 nan
-4.200000000000000000e+01 -7.500000000000000000e+01 nan
-4.200000000000000000e+01 -7.400000000000000000e+01 nan
-4.200000000000000000e+01 -7.300000000000000000e+01 nan
-4.200000000000000000e+01 -7.200000000000000000e+01 nan
-4.200000000000000000e+01 -7.100000000000000000e+01 nan
-4.200000000000000000e+01 -7.000000000000000000e+01 nan
-4.200000000000000000e+01 -6.900000000000000000e+01 nan
-4.200000000000000000e+01 -6.800000000000000000e+01 nan
-4.200000000000000000e+01 -6.700000000000000000e+01 nan
-4.200000000000000000e+01 -6.600000000000000000e+01 nan
-4.200000000000000000e+01 -6.500000000000000000e+01 nan
-4.200000000000000000e+01 -6.400000000000000000e+01 nan
-4.200000000000000000e+01 -6.300000000000000000e+01 nan
-4.200000000000000000e+01 -6.200000000000000000e+01 nan
-4.200000000000000000e+01 -6.100000000000000000e+01 nan
-4.200000000000000000e+01 -6.000000000000000000e+01 nan
-4.200000000000000000e+01 -5.900000000000000000e+01 nan
-4.200000000000000000e+01 -5.800000000000000000e+01 nan
-4.200000000000000000e+01 -5.700000000000000000e+01 nan
-4.200000000000000000e+01 -5.600000000000000000e+01 nan
-4.200000000000000000e+01 -5.500000000000000000e+01 nan
-4.200000000000000000e+01 -5.400000000000000000e+01 nan
-4.200000000000000000e+01 -5.300000000000000000e+01 nan
-4.200000000000000000e+01 -5.200000000000000000e+01 nan
-4.200000000000000000e+01 -5.100000000000000000e+01 nan
-4.200000000000000000e+01 -5.000000000000000000e+01 nan
-4.200000000000000000e+01 -4.900000000000000000e+01 nan
-4.200000000000000000e+01 -4.800000000000000000e+01 nan
-4.200000000000000000e+01 -4.700000000000000000e+01 nan
-4.200000000000000000e+01 -4.600000000000000000e+01 nan
-4.200000000000000000e+01 -4.500000000000000000e+01 nan
-4.200000000000000000e+01 -4.400000000000000000e+01 nan
-4.200000000000000000e+01 -4.300000000000000000e+01 nan
-4.200000000000000000e+01 -4.200000000000000000e+01 nan
-4.200000000000000000e+01 -4.100000000000000000e+01 nan
-4.200000000000000000e+01 -4.000000000000000000e+01 nan
-4.200000000000000000e+01 -3.900000000000000000e+01 nan
-4.200000000000000000e+01 -3.800000000000000000e+01 nan
-4.100000000000000000e+01 -8.400000000000000000e+01 nan
-4.100000000000000000e+01 -8.300000000000000000e+01 nan
-4.100000000000000000e+01 -8.200000000000000000e+01 nan
-4.100000000000000000e+01 -8.100000000000000000e+01 nan
-4.100000000000000000e+01 -8.000000000000000000e+01 nan
-4.100000000000000000e+01 -7.900000000000000000e+01 nan
-4.100000000000000000e+01 -7.800000000000000000e+01 nan
-4.100000000000000000e+01 -7.700000000000000000e+01 nan
-4.100000000000000000e+01 -7.600000000000000000e+01 nan
-4.100000000000000000e+01 -7.500000000000000000e+01 nan
-4.100000000000000000e+01 -7.400000000000000000e+01 nan
-4.100000000000000000e+01 -7.300000000000000000e+01 nan
-4.100000000000000000e+01 -7.200000000000000000e+01 nan
-4.100000000000000000e+01 -7.100000000000000000e+01 nan
-4.100000000000000000e+01 -7.000000000000000000e+01 nan
-4.100000000000000000e+01 -6.900000000000000000e+01 nan
-4.100000000000000000e+01 -6.800000000000000000e+01 nan
-4.100000000000000000e+01 -6.700000000000000000e+01 nan
-4.100000000000000000e+01 -6.600000000000000000e+01 nan
-4.100000000000000000e+01 -6.500000000000000000e+01 nan
-4.100000000000000000e+01 -6.400000000000000000e+01 nan
-4.100000000000000000e+01 -6.300000000000000000e+01 nan
-4.100000000000000000e+01 -6.200000000000000000e+01 nan
-4.100000000000000000e+01 -6.100000000000000000e+01 nan
-4.100000000000000000e+01 -6.000000000000000000e+01 nan
-4.100000000000000000e+01 -5.900000000000000000e+01 nan
-4.100000000000000000e+01 -5.800000000000000000e+01 nan
-4.100000000000000000e+01 -5.700000000000000000e+01 nan
-4.100000000000000000e+01 -5.600000000000000000e+01 nan
-4.100000000000000000e+01 -5.500000000000000000e+01 nan
-4.100000000000000000e+01 -5.400000000000000000e+01 nan
-4.100000000000000000e+01 -5.300000000000000000e+01 nan
-4.100000000000000000e+01 -5.200000000000000000e+01 nan
-4.100000000000000000e+01 -5.100000000000000000e+01 nan
-4.100000000000000000e+01 -5.000000000000000000e+01 nan
-4.100000000000000000e+01 -4.900000000000000000e+01 nan
-4.100000000000000000e+01 -4.800000000000000000e+01 nan
-4.100000000000000000e+01 -4.700000000000000000e+01 nan
-4.100000000000000000e+01 -4.600000000000000000e+01 nan
-4.100000000000000000e+01 -4.500000000000000000e+01 nan
-4.100000000000000000e+01 -4.400000000000000000e+01 nan
-4.100000000000000000e+01 -4.300000000000000000e+01 nan
-4.100000000000000000e+01 -4.200000000000000000e+01 nan
-4.100000000000000000e+01 -4.100000000000000000e+01 nan
-4.100000000000000000e+01 -4.000000000000000000e+01 nan
-4.100000000000000000e+01 -3.900000000000000000e+01 nan
-4.100000000000000000e+01 -3.800000000000000000e+01 nan
-4.000000000000000000e+01 -8.400000000000000000e+01 nan
-4.000000000000000000e+01 -8.300000000000000000e+01 nan
-4.000000000000000000e+01 -8.200000000000000000e+01 nan
-4.000000000000000000e+01 -8.100000000000000000e+01 nan
-4.000000000000000000e+01 -8.000000000000000000e+01 nan
-4.000000000000000000e+01 -7.900000000000000000e+01 nan
-4.000000000000000000e+01 -7.800000000000000000e+01 nan
-4.000000000000000000e+01 -7.700000000000000000e+01 nan
-4.000000000000000000e+01 -7.600000000000000000e+01 nan
-4.000000000000000000e+01 -7.500000000000000000e+01 nan
-4.000000000000000000e+01 -7.400000000000000000e+01 nan
-4.000000000000000000e+01 -7.300000000000000000e+01 nan
-4.000000000000000000e+01 -7.200000000000000000e+01 nan
-4.000000000000000000e+01 -7.100000000000000000e+01 nan
-4.000000000000000000e+01 -7.000000000000000000e+01 nan
-4.000000000000000000e+01 -6.900000000000000000e+01 nan
-4.000000000000000000e+01 -6.800000000000000000e+01 nan
-4.000000000000000000e+01 -6.700000000000000000e+01 nan
-4.000000000000000000e+01 -6.600000000000000000e+01 nan
-4.000000000000000000e+01 -6.500000000000000000e+01 nan
-4.000000000000000000e+01 -6.400000000000000000e+01 nan
-4.000000000000000000e+01 -6.300000000000000000e+01 nan
-4.000000000000000000e+01 -6.200000000000000000e+01 nan
-4.000000000000000000e+01 -6.100000000000000000e+01 nan
-4.000000000000000000e+01 -6.000000000000000000e+01 nan
-4.000000000000000000e+01 -5.900000000000000000e+01 nan
-4.000000000000000000e+01 -5.800000000000000000e+01 nan
-4.000000000000000000e+01 -5.700000000000000000e+01 nan
-4.000000000000000000e+01 -5.600000000000000000e+01 nan
-4.000000000000000000e+01 -5.500000000000000000e+01 nan
-4.000000000000000000e+01 -5.400000000000000000e+01 nan
-4.000000000000000000e+01 -5.300000000000000000e+01 nan
-4.000000000000000000e+01 -5.200000000000000000e+01 nan
-4.000000000000000000e+01 -5.100000000000000000e+01 nan
-4.000000000000000000e+01 -5.000000000000000000e+01 nan
-4.000000000000000000e+01 -4.900000000000000000e+01 nan
-4.000000000000000000e+01 -4.800000000000000000e+01 nan
-4.000000000000000000e+01 -4.700000000000000000e+01 nan
-4.000000000000000000e+01 -4.600000000000000000e+01 nan
-4.000000000000000000e+01 -4.500000000000000000e+01 nan
-4.000000000000000000e+01 -4.400000000000000000e+01 nan
-4.000000000000000000e+01 -4.300000000000000000e+01 nan
-4.000000000000000000e+01 -4.200000000000000000e+01 nan
-4.000000000000000000e+01 -4.100000000000000000e+01 nan
-4.000000000000000000e+01 -4.000000000000000000e+01 nan
-4.000000000000000000e+01 -3.900000000000000000e+01 nan
-4.000000000000000000e+01 -3.800000000000000000e+01 nan
-3.900000000000000000e+01 -8.400000000000000000e+01 nan
-3.900000000000000000e+01 -8.300000000000000000e+01 nan
-3.900000000000000000e+01 -8.200000000000000000e+01 nan
-3.900000000000000000e+01 -8.100000000000000000e+01 nan
-3.900000000000000000e+01 -8.000000000000000000e+01 nan
-3.900000000000000000e+01 -7.900000000000000000e+01 nan
-3.900000000000000000e+01 -7.800000000000000000e+01 nan
-3.900000000000000000e+01 -7.700000000000000000e+01 nan
-3.900000000000000000e+01 -7.600000000000000000e+01 nan
-3.900000000000000000e+01 -7.500000000000000000e+01 nan
-3.900000000000000000e+01 -7.400000000000000000e+01 nan
-3.900000000000000000e+01 -7.300000000000000000e+01 nan
-3.900000000000000000e+01 -7.200000000000000000e+01 nan
-3.900000000000000000e+01 -7.100000000000000000e+01 nan
-3.900000000000000000e+01 -7.000000000000000000e+01 nan
-3.900000000000000000e+01 -6.900000000000000000e+01 nan
-3.900000000000000000e+01 -6.800000000000000000e+01 nan
-3.900000000000000000e+01 -6.700000000000000000e+01 nan
-3.900000000000000000e+01 -6.600000000000000000e+01 nan
-3.900000000000000000e+01 -6.500000000000000000e+01 nan
-3.900000000000000000e+01 -6.400000000000000000e+01 nan
-3.900000000000000000e+01 -6.300000000000000000e+01 nan
-3.900000000000000000e+01 -6.200000000000000000e+01 nan
-3.900000000000000000e+01 -6.100000000000000000e+01 nan
-3.900000000000000000e+01 -6.000000000000000000e+01 nan
-3.900000000000000000e+01 -5.900000000000000000e+01 nan
-3.900000000000000000e+01 -5.800000000000000000e+01 nan
-3.900000000000000000e+01 -5.700000000000000000e+01 nan
-3.900000000000000000e+01 -5.600000000000000000e+01 nan
-3.900000000000000000e+01 -5.500000000000000000e+01 nan
-3.900000000000000000e+01 -5.400000000000000000e+01 nan
-3.900000000000000000e+01 -5.300000000000000000e+01 nan
-3.900000000000000000e+01 -5.200000000000000000e+01 nan
-3.900000000000000000e+01 -5.100000000000000000e+01 nan
-3.900000000000000000e+01 -5.000000000000000000e+01 nan
-3.900000000000000000e+01 -4.900000000000000000e+01 nan
-3.900000000000000000e+01 -4.800000000000000000e+01 nan
-3.900000000000000000e+01 -4.700000000000000000e+01 nan
-3.900000000000000000e+01 -4.600000000000000000e+01 nan
-3.900000000000000000e+01 -4.500000000000000000e+01 nan
-3.900000000000000000e+01 -4.400000000000000000e+01 nan
-3.900000000000000000e+01 -4.300000000000000000e+01 nan
-3.900000000000000000e+01 -4.200000000000000000e+01 nan
-3.900000000000000000e+01 -4.100000000000000000e+01 nan
-3.900000000000000000e+01 -4.000000000000000000e+01 nan
-3.900000000000000000e+01 -3.900000000000000000e+01 nan
-3.900000000000000000e+01 -3.800000000000000000e+01 nan
-3.800000000000000000e+01 -8.400000000000000000e+01 nan
-3.800000000000000000e+01 -8.300000000000000000e+01 nan
-3.800000000000000000e+01 -8.200000000000000000e+01 nan
-3.800000000000000000e+01 -8.100000000000000000e+01 nan
-3.800000000000000000e+01 -8.000000000000000000e+01 nan
-3.800000000000000000e+01 -7.900000000000000000e+01 nan
-3.800000000000000000e+01 -7.800000000000000000e+01 nan
-3.800000000000000000e+01 -7.700000000000000000e+01 nan
-3.800000000000000000e+01 -7.600000000000000000e+01 nan
-3.800000000000000000e+01 -7.500000000000000000e+01 nan
-3.800000000000000000e+01 -7.400000000000000000e+01 nan
-3.800000000000000000e+01 -7.300000000000000000e+01 nan
-3.800000000000000000e+01 -7.200000000000000000e+01 nan
-3.800000000000000000e+01 -7.100000000000000000e+01 nan
-3.800000000000000000e+01 -7.000000000000000000e+01 nan
-3.800000000000000000e+01 -6.900000000000000000e+01 nan
-3.800000000000000000e+01 -6.800000000000000000e+01 nan
-3.800000000000000000e+01 -6.700000000000000000e+01 nan
-3.800000000000000000e+01 -6.600000000000000000e+01 nan
-3.800000000000000000e+01 -6.500000000000000000e+01 nan
-3.800000000000000000e+01 -6.400000000000000000e+01 nan
-3.800000000000000000e+01 -6.300000000000000000e+01 nan
-3.800000000000000000e+01 -6.200000000000000000e+01 nan
-3.800000000000000000e+01 -6.100000000000000000e+01 nan
-3.800000000000000000e+01 -6.000000000000000000e+01 nan
-3.800000000000000000e+01 -5.900000000000000000e+01 nan
-3.800000000000000000e+01 -5.800000000000000000e+01 nan
-3.800000000000000000e+01 -5.700000000000000000e+01 nan
-3.800000000000000000e+01 -5.600000000000000000e+01 nan
-3.800000000000000000e+01 -5.500000000000000000e+01 nan
-3.800000000000000000e+01 -5.400000000000000000e+01 nan
-3.800000000000000000e+01 -5.300000000000000000e+01 nan
-3.800000000000000000e+01 -5.200000000000000000e+01 nan
-3.800000000000000000e+01 -5.100000000000000000e+01 nan
-3.800000000000000000e+01 -5.000000000000000000e+01 nan
-3.800000000000000000e+01 -4.900000000000000000e+01 nan
-3.800000000000000000e+01 -4.800000000000000000e+01 nan
-3.800000000000000000e+01 -4.700000000000000000e+01 nan
-3.800000000000000000e+01 -4.600000000000000000e+01 nan
-3.800000000000000000e+01 -4.500000000000000000e+01 nan
-3.800000000000000000e+01 -4.400000000000000000e+01 nan
-3.800000000000000000e+01 -4.300000000000000000e+01 nan
-3.800000000000000000e+01 -4.200000000000000000e+01 nan
-3.800000000000000000e+01 -4.100000000000000000e+01 nan
-3.800000000000000000e+01 -4.000000000000000000e+01 nan
-3.800000000000000000e+01 -3.900000000000000000e+01 nan
-3.800000000000000000e+01 -3.800000000000000000e+01 nan
-3.700000000000000000e+01 -8.400000000000000000e+01 nan
-3.700000000000000000e+01 -8.300000000000000000e+01 nan
-3.700000000000000000e+01 -8.200000000000000000e+01 nan
-3.700000000000000000e+01 -8.100000000000000000e+01 nan
-3.700000000000000000e+01 -8.000000000000000000e+01 nan
-3.700000000000000000e+01 -7.900000000000000000e+01 nan
-3.700000000000000000e+01 -7.800000000000000000e+01 nan
-3.700000000000000000e+01 -7.700000000000000000e+01 nan
-3.700000000000000000e+01 -7.600000000000000000e+01 nan
-3.700000000000000000e+01 -7.500000000000000000e+01 nan
-3.700000000000000000e+01 -7.400000000000000000e+01 nan
-3.700000000000000000e+01 -7.300000000000000000e+01 nan
-3.700000000000000000e+01 -7.200000000000000000e+01 nan
-3.700000000000000000e+01 -7.100000000000000000e+01 nan
-3.700000000000000000e+01 -7.000000000000000000e+01 nan
-3.700000000000000000e+01 -6.900000000000000000e+01 nan
-3.700000000000000000e+01 -6.800000000000000000e+01 nan
-3.700000000000000000e+01 -6.700000000000000000e+01 nan
-3.700000000000000000e+01 -6.600000000000000000e+01 nan
-3.700000000000000000e+01 -6.500000000000000000e+01 nan
-3.700000000000000000e+01 -6.400000000000000000e+01 nan
-3.700000000000000000e+01 -6.300000000000000000e+01 nan
-3.700000000000000000e+01 -6.200000000000000000e+01 nan
-3.700000000000000000e+01 -6.100000000000000000e+01 nan
-3.700000000000000000e+01 -6.000000000000000000e+01 nan
-3.700000000000000000e+01 -5.900000000000000000e+01 nan
-3.700000000000000000e+01 -5.800000000000000000e+01 nan
-3.700000000000000000e+01 -5.700000000000000000e+01 nan
-3.700000000000000000e+01 -5.600000000000000000e+01 nan
-3.700000000000000000e+01 -5.500000000000000000e+01 nan
-3.700000000000000000e+01 -5.400000000000000000e+01 nan
-3.700000000000000000e+01 -5.300000000000000000e+01 nan
-3.700000000000000000e+01 -5.200000000000000000e+01 nan
-3.700000000000000000e+01 -5.100000000000000000e+01 nan
-3.700000000000000000e+01 -5.000000000000000000e+01 nan
-3.700000000000000000e+01 -4.900000000000000000e+01 nan
-3.700000000000000000e+01 -4.800000000000000000e+01 nan
-3.700000000000000000e+01 -4.700000000000000000e+01 nan
-3.700000000000000000e+01 -4.600000000000000000e+01 nan
-3.700000000000000000e+01 -4.500000000000000000e+01 nan
-3.700000000000000000e+01 -4.400000000000000000e+01 nan
-3.700000000000000000e+01 -4.300000000000000000e+01 nan
-3.700000000000000000e+01 -4.200000000000000000e+01 nan
-3.700000000000000000e+01 -4.100000000000000000e+01 nan
-3.700000000000000000e+01 -4.000000000000000000e+01 nan
-3.700000000000000000e+01 -3.900000000000000000e+01 nan
-3.700000000000000000e+01 -3.800000000000000000e+01 nan
-3.600000000000000000e+01 -8.400000000000000000e+01 nan
-3.600000000000000000e+01 -8.300000000000000000e+01 nan
-3.600000000000000000e+01 -8.200000000000000000e+01 nan
-3.600000000000000000e+01 -8.100000000000000000e+01 nan
-3.600000000000000000e+01 -8.000000000000000000e+01 nan
-3.600000000000000000e+01 -7.900000000000000000e+01 nan
-3.600000000000000000e+01 -7.800000000000000000e+01 nan
-3.600000000000000000e+01 -7.700000000000000000e+01 nan
-3.600000000000000000e+01 -7.600000000000000000e+01 nan
-3.600000000000000000e+01 -7.500000000000000000e+01 nan
-3.600000000000000000e+01 -7.400000000000000000e+01 nan
-3.600000000000000000e+01 -7.300000000000000000e+01 nan
-3.600000000000000000e+01 -7.200000000000000000e+01 nan
-3.600000000000000000e+01 -7.100000000000000000e+01 nan
-3.600000000000000000e+01 -7.000000000000000000e+01 nan
-3.600000000000000000e+01 -6.900000000000000000e+01 nan
-3.600000000000000000e+01 -6.800000000000000000e+01 nan
-3.600000000000000000e+01 -6.700000000000000000e+01 nan
-3.600000000000000000e+01 -6.600000000000000000e+01 nan
-3.600000000000000000e+01 -6.500000000000000000e+01 nan
-3.600000000000000000e+01 -6.400000000000000000e+01 nan
-3.600000000000000000e+01 -6.300000000000000000e+01 nan
-3.600000000000000000e+01 -6.200000000000000000e+01 nan
-3.600000000000000000e+01 -6.100000000000000000e+01 nan
-3.600000000000000000e+01 -6.000000000000000000e+01 nan
-3.600000000000000000e+01 -5.900000000000000000e+01 nan
-3.600000000000000000e+01 -5.800000000000000000e+01 nan
-3.600000000000000000e+01 -5.700000000000000000e+01 nan
-3.600000000000000000e+01 -5.600000000000000000e+01 nan
-3.600000000000000000e+01 -5.500000000000000000e+01 nan
-3.600000000000000000e+01 -5.400000000000000000e+01 nan
-3.600000000000000000e+01 -5.300000000000000000e+01 nan
-3.600000000000000000e+01 -5.200000000000000000e+01 nan
-3.600000000000000000e+01 -5.100000000000000000e+01 nan
-3.600000000000000000e+01 -5.000000000000000000e+01 nan
-3.600000000000000000e+01 -4.900000000000000000e+01 nan
-3.600000000000000000e+01 -4.800000000000000000e+01 nan
-3.600000000000000000e+01 -4.700000000000000000e+01 nan
-3.600000000000000000e+01 -4.600000000000000000e+01 nan
-3.600000000000000000e+01 -4.500000000000000000e+01 nan
-3.600000000000000000e+01 -4.400000000000000000e+01 nan
-3.600000000000000000e+01 -4.300000000000000000e+01 nan
-3.600000000000000000e+01 -4.200000000000000000e+01 nan
-3.600000000000000000e+01 -4.100000000000000000e+01 nan
-3.600000000000000000e+01 -4.000000000000000000e+01 nan
-3.600000000000000000e+01 -3.900000000000000000e+01 nan
-3.600000000000000000e+01 -3.800000000000000000e+01 nan
-3.500000000000000000e+01 -8.400000000000000000e+01 nan
-3.500000000000000000e+01 -8.300000000000000000e+01 nan
-3.500000000000000000e+01 -8.200000000000000000e+01 nan
-3.500000000000000000e+01 -8.100000000000000000e+01 nan
-3.500000000000000000e+01 -8.000000000000000000e+01 nan
-3.500000000000000000e+01 -7.900000000000000000e+01 nan
-3.500000000000000000e+01 -7.800000000000000000e+01 nan
-3.500000000000000000e+01 -7.700000000000000000e+01 nan
-3.500000000000000000e+01 -7.600000000000000000e+01 nan
-3.500000000000000000e+01 -7.500000000000000000e+01 nan
-3.500000000000000000e+01 -7.400000000000000000e+01 nan
-3.500000000000000000e+01 -7.300000000000000000e+01 nan
-3.500000000000000000e+01 -7.200000000000000000e+01 nan
-3.500000000000000000e+01 -7.100000000000000000e+01 nan
-3.500000000000000000e+01 -7.000000000000000000e+01 nan
-3.500000000000000000e+01 -6.900000000000000000e+01 nan
-3.500000000000000000e+01 -6.800000000000000000e+01 nan
-3.500000000000000000e+01 -6.700000000000000000e+01 nan
-3.500000000000000000e+01 -6.600000000000000000e+01 nan
-3.500000000000000000e+01 -6.500000000000000000e+01 nan
-3.500000000000000000e+01 -6.400000000000000000e+01 nan
-3.500000000000000000e+01 -6.300000000000000000e+01 nan
-3.500000000000000000e+01 -6.200000000000000000e+01 nan
-3.500000000000000000e+01 -6.100000000000000000e+01 nan
-3.500000000000000000e+01 -6.000000000000000000e+01 nan
-3.500000000000000000e+01 -5.900000000000000000e+01 nan
-3.500000000000000000e+01 -5.800000000000000000e+01 nan
-3.500000000000000000e+01 -5.700000000000000000e+01 nan
-3.500000000000000000e+01 -5.600000000000000000e+01 nan
-3.500000000000000000e+01 -5.500000000000000000e+01 nan
-3.500000000000000000e+01 -5.400000000000000000e+01 nan
-3.500000000000000000e+01 -5.300000000000000000e+01 nan
-3.500000000000000000e+01 -5.200000000000000000e+01 nan
-3.500000000000000000e+01 -5.100000000000000000e+01 nan
-3.500000000000000000e+01 -5.000000000000000000e+01 nan
-3.500000000000000000e+01 -4.900000000000000000e+01 nan
-3.500000000000000000e+01 -4.800000000000000000e+01 nan
-3.500000000000000000e+01 -4.700000000000000000e+01 nan
-3.500000000000000000e+01 -4.600000000000000000e+01 nan
-3.500000000000000000e+01 -4.500000000000000000e+01 nan
-3.500000000000000000e+01 -4.400000000000000000e+01 nan
-3.500000000000000000e+01 -4.300000000000000000e+01 nan
-3.500000000000000000e+01 -4.200000000000000000e+01 nan
-3.500000000000000000e+01 -4.100000000000000000e+01 nan
-3.500000000000000000e+01 -4.000000000000000000e+01 nan
-3.500000000000000000e+01 -3.900000000000000000e+01 nan
-3.500000000000000000e+01 -3.800000000000000000e+01 nan
-3.400000000000000000e+01 -8.400000000000000000e+01 nan
-3.400000000000000000e+01 -8.300000000000000000e+01 nan
-3.400000000000000000e+01 -8.200000000000000000e+01 nan
-3.400000000000000000e+01 -8.100000000000000000e+01 nan
-3.400000000000000000e+01 -8.000000000000000000e+01 nan
-3.400000000000000000e+01 -7.900000000000000000e+01 nan
-3.400000000000000000e+01 -7.800000000000000000e+01 nan
-3.400000000000000000e+01 -7.700000000000000000e+01 nan
-3.400000000000000000e+01 -7.600000000000000000e+01 nan
-3.400000000000000000e+01 -7.500000000000000000e+01 nan
-3.400000000000000000e+01 -7.400000000000000000e+01 nan
-3.400000000000000000e+01 -7.300000000000000000e+01 nan
-3.400000000000000000e+01 -7.200000000000000000e+01 nan
-3.400000000000000000e+01 -7.100000000000000000e+01 nan
-3.400000000000000000e+01 -7.000000000000000000e+01 nan
-3.400000000000000000e+01 -6.900000000000000000e+01 nan
-3.400000000000000000e+01 -6.800000000000000000e+01 nan
-3.400000000000000000e+01 -6.700000000000000000e+01 nan
-3.400000000000000000e+01 -6.600000000000000000e+01 nan
-3.400000000000000000e+01 -6.500000000000000000e+01 nan
-3.400000000000000000e+01 -6.400000000000000000e+01 nan
-3.400000000000000000e+01 -6.300000000000000000e+01 nan
-3.400000000000000000e+01 -6.200000000000000000e+01 nan
-3.400000000000000000e+01 -6.100000000000000000e+01 nan
-3.400000000000000000e+01 -6.000000000000000000e+01 nan
-3.400000000000000000e+01 -5.900000000000000000e+01 nan
-3.400000000000000000e+01 -5.800000000000000000e+01 nan
-3.400000000000000000e+01 -5.700000000000000000e+01 nan
-3.400000000000000000e+01 -5.600000000000000000e+01 nan
-3.400000000000000000e+01 -5.500000000000000000e+01 nan
-3.400000000000000000e+01 -5.400000000000000000e+01 nan
-3.400000000000000000e+01 -5.300000000000000000e+01 nan
-3.400000000000000000e+01 -5.200000000000000000e+01 nan
-3.400000000000000000e+01 -5.100000000000000000e+01 nan
-3.400000000000000000e+01 -5.000000000000000000e+01 nan
-3.400000000000000000e+01 -4.900000000000000000e+01 nan
-3.400000000000000000e+01 -4.800000000000000000e+01 nan
-3.400000000000000000e+01 -4.700000000000000000e+01 nan
-3.400000000000000000e+01 -4.600000000000000000e+01 nan
-3.400000000000000000e+01 -4.500000000000000000e+01 nan
-3.400000000000000000e+01 -4.400000000000000000e+01 nan
-3.400000000000000000e+01 -4.300000000000000000e+01 nan
-3.400000000000000000e+01 -4.200000000000000000e+01 nan
-3.400000000000000000e+01 -4.100000000000000000e+01 nan
-3.400000000000000000e+01 -4.000000000000000000e+01 nan
-3.400000000000000000e+01 -3.900000000000000000e+01 nan
-3.400000000000000000e+01 -3.800000000000000000e+01 nan
-3.300000000000000000e+01 -8.400000000000000000e+01 nan
-3.300000000000000000e+01 -8.300000000000000000e+01 nan
-3.300000000000000000e+01 -8.200000000000000000e+01 nan
-3.300000000000000000e+01 -8.100000000000000000e+01 nan
-3.300000000000000000e+01 -8.000000000000000000e+01 nan
-3.300000000000000000e+01 -7.900000000000000000e+01 nan
-3.300000000000000000e+01 -7.800000000000000000e+01 nan
-3.300000000000000000e+01 -7.700000000000000000e+01 nan
-3.300000000000000000e+01 -7.600000000000000000e+01 nan
-3.300000000000000000e+01 -7.500000000000000000e+01 nan
-3.300000000000000000e+01 -7.400000000000000000e+01 nan
-3.300000000000000000e+01 -7.300000000000000000e+01 nan
-3.300000000000000000e+01 -7.200000000000000000e+01 nan
-3.300000000000000000e+01 -7.100000000000000000e+01 nan
-3.300000000000000000e+01 -7.000000000000000000e+01 nan
-3.300000000000000000e+01 -6.900000000000000000e+01 nan
-3.300000000000000000e+01 -6.800000000000000000e+01 nan
-3.300000000000000000e+01 -6.700000000000000000e+01 nan
-3.300000000000000000e+01 -6.600000000000000000e+01 nan
-3.300000000000000000e+01 -6.500000000000000000e+01 nan
-3.300000000000000000e+01 -6.400000000000000000e+01 nan
-3.300000000000000000e+01 -6.300000000000000000e+01 nan
-3.300000000000000000e+01 -6.200000000000000000e+01 nan
-3.300000000000000000e+01 -6.100000000000000000e+01 nan
-3.300000000000000000e+01 -6.000000000000000000e+01 nan
-3.300000000000000000e+01 -5.900000000000000000e+01 nan
-3.300000000000000000e+01 -5.800000000000000000e+01 nan
-3.300000000000000000e+01 -5.700000000000000000e+01 nan
-3.300000000000000000e+01 -5.600000000000000000e+01 nan
-3.300000000000000000e+01 -5.500000000000000000e+01 nan
-3.300000000000000000e+01 -5.400000000000000000e+01 nan
-3.300000000000000000e+01 -5.300000000000000000e+01 nan
-3.300000000000000000e+01 -5.200000000000000000e+01 nan
-3.300000000000000000e+01 -5.100000000000000000e+01 nan
-3.300000000000000000e+01 -5.000000000000000000e+01 nan
-3.300000000000000000e+01 -4.900000000000000000e+01 nan
-3.300000000000000000e+01 -4.800000000000000000e+01 nan
-3.300000000000000000e+01 -4.700000000000000000e+01 nan
-3.300000000000000000e+01 -4.600000000000000000e+01 nan
-3.300000000000000000e+01 -4.500000000000000000e+01 nan
-3.300000000000000000e+01 -4.400000000000000000e+01 nan
-3.300000000000000000e+01 -4.300000000000000000e+01 nan
-3.300000000000000000e+01 -4.200000000000000000e+01 nan
-3.300000000000000000e+01 -4.100000000000000000e+01 nan
-3.300000000000000000e+01 -4.000000000000000000e+01 nan
-3.300000000000000000e+01 -3.900000000000000000e+01 nan
-3.300000000000000000e+01 -3.800000000000000000e+01 nan
-3.200000000000000000e+01 -8.400000000000000000e+01 nan
-3.200000000000000000e+01 -8.300000000000000000e+01 nan
-3.200000000000000000e+01 -8.200000000000000000e+01 nan
-3.200000000000000000e+01 -8.100000000000000000e+01 nan
-3.200000000000000000e+01 -8.000000000000000000e+01 nan
-3.200000000000000000e+01 -7.900000000000000000e+01 nan
-3.200000000000000000e+01 -7.800000000000000000e+01 nan
-3.200000000000000000e+01 -7.700000000000000000e+01 nan
-3.200000000000000000e+01 -7.600000000000000000e+01 nan
-3.200000000000000000e+01 -7.500000000000000000e+01 nan
-3.200000000000000000e+01 -7.400000000000000000e+01 nan
-3.200000000000000000e+01 -7.300000000000000000e+01 nan
-3.200000000000000000e+01 -7.200000000000000000e+01 nan
-3.200000000000000000e+01 -7.100000000000000000e+01 nan
-3.200000000000000000e+01 -7.000000000000000000e+01 nan
-3.200000000000000000e+01 -6.900000000000000000e+01 nan
-3.200000000000000000e+01 -6.800000000000000000e+01 nan
-3.200000000000000000e+01 -6.700000000000000000e+01 nan
-3.200000000000000000e+01 -6.600000000000000000e+01 nan
-3.200000000000000000e+01 -6.500000000000000000e+01 nan
-3.200000000000000000e+01 -6.400000000000000000e+01 nan
-3.200000000000000000e+01 -6.300000000000000000e+01 nan
-3.200000000000000000e+01 -6.200000000000000000e+01 nan
-3.200000000000000000e+01 -6.100000000000000000e+01 nan
-3.200000000000000000e+01 -6.000000000000000000e+01 nan
-3.200000000000000000e+01 -5.900000000000000000e+01 nan
-3.200000000000000000e+01 -5.800000000000000000e+01 nan
-3.200000000000000000e+01 -5.700000000000000000e+01 nan
-3.200000000000000000e+01 -5.600000000000000000e+01 nan
-3.200000000000000000e+01 -5.500000000000000000e+01 nan
-3.200000000000000000e+01 -5.400000000000000000e+01 nan
-3.200000000000000000e+01 -5.300000000000000000e+01 nan
-3.200000000000000000e+01 -5.200000000000000000e+01 nan
-3.200000000000000000e+01 -5.100000000000000000e+01 nan
-3.200000000000000000e+01 -5.000000000000000000e+01 nan
-3.200000000000000000e+01 -4.900000000000000000e+01 nan
-3.200000000000000000e+01 -4.800000000000000000e+01 nan
-3.200000000000000000e+01 -4.700000000000000000e+01 nan
-3.200000000000000000e+01 -4.600000000000000000e+01 nan
-3.200000000000000000e+01 -4.500000000000000000e+01 nan
-3.200000000000000000e+01 -4.400000000000000000e+01 nan
-3.200000000000000000e+01 -4.300000000000000000e+01 nan
-3.200000000000000000e+01 -4.200000000000000000e+01 nan
-3.200000000000000000e+01 -4.100000000000000000e+01 nan
-3.200000000000000000e+01 -4.000000000000000000e+01 nan
-3.200000000000000000e+01 -3.900000000000000000e+01 nan
-3.200000000000000000e+01 -3.800000000000000000e+01 nan
-3.100000000000000000e+01 -8.400000000000000000e+01 nan
-3.100000000000000000e+01 -8.300000000000000000e+01 nan
-3.100000000000000000e+01 -8.200000000000000000e+01 nan
-3.100000000000000000e+01 -8.100000000000000000e+01 nan
-3.100000000000000000e+01 -8.000000000000000000e+01 nan
-3.100000000000000000e+01 -7.900000000000000000e+01 nan
-3.100000000000000000e+01 -7.800000000000000000e+01 nan
-3.100000000000000000e+01 -7.700000000000000000e+01 nan
-3.100000000000000000e+01 -7.600000000000000000e+01 nan
-3.100000000000000000e+01 -7.500000000000000000e+01 nan
-3.100000000000000000e+01 -7.400000000000000000e+01 nan
-3.100000000000000000e+01 -7.300000000000000000e+01 nan
-3.100000000000000000e+01 -7.200000000000000000e+01 nan
-3.100000000000000000e+01 -7.100000000000000000e+01 nan
-3.100000000000000000e+01 -7.000000000000000000e+01 nan
-3.100000000000000000e+01 -6.900000000000000000e+01 nan
-3.100000000000000000e+01 -6.800000000000000000e+01 nan
-3.100000000000000000e+01 -6.700000000000000000e+01 nan
-3.100000000000000000e+01 -6.600000000000000000e+01 nan
-3.100000000000000000e+01 -6.500000000000000000e+01 nan
-3.100000000000000000e+01 -6.400000000000000000e+01 nan
-3.100000000000000000e+01 -6.300000000000000000e+01 nan
-3.100000000000000000e+01 -6.200000000000000000e+01 nan
-3.100000000000000000e+01 -6.100000000000000000e+01 nan
-3.100000000000000000e+01 -6.000000000000000000e+01 nan
-3.100000000000000000e+01 -5.900000000000000000e+01 nan
-3.100000000000000000e+01 -5.800000000000000000e+01 nan
-3.100000000000000000e+01 -5.700000000000000000e+01 nan
-3.100000000000000000e+01 -5.600000000000000000e+01 nan
-3.100000000000000000e+01 -5.500000000000000000e+01 nan
-3.100000000000000000e+01 -5.400000000000000000e+01 nan
-3.100000000000000000e+01 -5.300000000000000000e+01 nan
-3.100000000000000000e+01 -5.200000000000000000e+01 nan
-3.100000000000000000e+01 -5.100000000000000000e+01 nan
-3.100000000000000000e+01 -5.000000000000000000e+01 nan
-3.100000000000000000e+01 -4.900000000000000000e+01 nan
-3.100000000000000000e+01 -4.800000000000000000e+01 nan
-3.100000000000000000e+01 -4.700000000000000000e+01 nan
-3.100000000000000000e+01 -4.600000000000000000e+01 nan
-3.100000000000000000e+01 -4.500000000000000000e+01 nan
-3.100000000000000000e+01 -4.400000000000000000e+01 nan
-3.100000000000000000e+01 -4.300000000000000000e+01 nan
-3.100000000000000000e+01 -4.200000000000000000e+01 nan
-3.100000000000000000e+01 -4.100000000000000000e+01 nan
-3.100000000000000000e+01 -4.000000000000000000e+01 nan
-3.100000000000000000e+01 -3.900000000000000000e+01 nan
-3.100000000000000000e+01 -3.800000000000000000e+01 nan
-3.000000000000000000e+01 -8.400000000000000000e+01 nan
-3.000000000000000000e+01 -8.300000000000000000e+01 nan
-3.000000000000000000e+01 -8.200000000000000000e+01 nan
-3.000000000000000000e+01 -8.100000000000000000e+01 nan
-3.000000000000000000e+01 -8.000000000000000000e+01 nan
-3.000000000000000000e+01 -7.900000000000000000e+01 nan
-3.000000000000000000e+01 -7.800000000000000000e+01 nan
-3.000000000000000000e+01 -7.700000000000000000e+01 nan
-3.000000000000000000e+01 -7.600000000000000000e+01 nan
-3.000000000000000000e+01 -7.500000000000000000e+01 nan
-3.000000000000000000e+01 -7.400000000000000000e+01 nan
-3.000000000000000000e+01 -7.300000000000000000e+01 nan
-3.000000000000000000e+01 -7.200000000000000000e+01 nan
-3.000000000000000000e+01 -7.100000000000000000e+01 nan
-3.000000000000000000e+01 -7.000000000000000000e+01 nan
-3.000000000000000000e+01 -6.900000000000000000e+01 nan
-3.000000000000000000e+01 -6.800000000000000000e+01 nan
-3.000000000000000000e+01 -6.700000000000000000e+01 nan
-3.000000000000000000e+01 -6.600000000000000000e+01 nan
-3.000000000000000000e+01 -6.500000000000000000e+01 nan
-3.000000000000000000e+01 -6.400000000000000000e+01 nan
-3.000000000000000000e+01 -6.300000000000000000e+01 nan
-3.000000000000000000e+01 -6.200000000000000000e+01 nan
-3.000000000000000000e+01 -6.100000000000000000e+01 nan
-3.000000000000000000e+01 -6.000000000000000000e+01 nan
-3.000000000000000000e+01 -5.900000000000000000e+01 nan
-3.000000000000000000e+01 -5.800000000000000000e+01 nan
-3.000000000000000000e+01 -5.700000000000000000e+01 nan
-3.000000000000000000e+01 -5.600000000000000000e+01 nan
-3.000000000000000000e+01 -5.500000000000000000e+01 nan
-3.000000000000000000e+01 -5.400000000000000000e+01 nan
-3.000000000000000000e+01 -5.300000000000000000e+01 nan
-3.000000000000000000e+01 -5.200000000000000000e+01 nan
-3.000000000000000000e+01 -5.100000000000000000e+01 nan
-3.000000000000000000e+01 -5.000000000000000000e+01 nan
-3.000000000000000000e+01 -4.900000000000000000e+01 nan
-3.000000000000000000e+01 -4.800000000000000000e+01 nan
-3.000000000000000000e+01 -4.700000000000000000e+01 nan
-3.000000000000000000e+01 -4.600000000000000000e+01 nan
-3.000000000000000000e+01 -4.500000000000000000e+01 nan
-3.000000000000000000e+01 -4.400000000000000000e+01 nan
-3.000000000000000000e+01 -4.300000000000000000e+01 nan
-3.000000000000000000e+01 -4.200000000000000000e+01 nan
-3.000000000000000000e+01 -4.100000000000000000e+01 nan
-3.000000000000000000e+01 -4.000000000000000000e+01 nan
-3.000000000000000000e+01 -3.900000000000000000e+01 nan
-3.000000000000000000e+01 -3.800000000000000000e+01 nan
-2.900000000000000000e+01 -8.400000000000000000e+01 nan
-2.900000000000000000e+01 -8.300000000000000000e+01 nan
-2.900000000000000000e+01 -8.200000000000000000e+01 nan
-2.900000000000000000e+01 -8.100000000000000000e+01 nan
-2.900000000000000000e+01 -8.000000000000000000e+01 nan
-2.900000000000000000e+01 -7.900000000000000000e+01 nan
-2.900000000000000000e+01 -7.800000000000000000e+01 nan
-2.900000000000000000e+01 -7.700000000000000000e+01 nan
-2.900000000000000000e+01 -7.600000000000000000e+01 nan
-2.900000000000000000e+01 -7.500000000000000000e+01 nan
-2.900000000000000000e+01 -7.400000000000000000e+01 nan
-2.900000000000000000e+01 -7.300000000000000000e+01 nan
-2.900000000000000000e+01 -7.200000000000000000e+01 nan
-2.900000000000000000e+01 -7.100000000000000000e+01 nan
-2.900000000000000000e+01 -7.000000000000000000e+01 nan
-2.900000000000000000e+01 -6.900000000000000000e+01 nan
-2.900000000000000000e+01 -6.800000000000000000e+01 nan
-2.900000000000000000e+01 -6.700000000000000000e+01 nan
-2.900000000000000000e+01 -6.600000000000000000e+01 nan
-2.900000000000000000e+01 -6.500000000000000000e+01 nan
-2.900000000000000000e+01 -6.400000000000000000e+01 nan
-2.900000000000000000e+01 -6.300000000000000000e+01 nan
-2.900000000000000000e+01 -6.200000000000000000e+01 nan
-2.900000000000000000e+01 -6.100000000000000000e+01 nan
-2.900000000000000000e+01 -6.000000000000000000e+01 nan
-2.900000000000000000e+01 -5.900000000000000000e+01 nan
-2.900000000000000000e+01 -5.800000000000000000e+01 nan
-2.900000000000000000e+01 -5.700000000000000000e+01 nan
-2.900000000000000000e+01 -5.600000000000000000e+01 nan
-2.900000000000000000e+01 -5.500000000000000000e+01 nan
-2.900000000000000000e+01 -5.400000000000000000e+01 nan
-2.900000000000000000e+01 -5.300000000000000000e+01 nan
-2.900000000000000000e+01 -5.200000000000000000e+01 nan
-2.900000000000000000e+01 -5.100000000000000000e+01 nan
-2.900000000000000000e+01 -5.000000000000000000e+01 nan
-2.900000000000000000e+01 -4.900000000000000000e+01 nan
-2.900000000000000000e+01 -4.800000000000000000e+01 nan
-2.900000000000000000e+01 -4.700000000000000000e+01 nan
-2.900000000000000000e+01 -4.600000000000000000e+01 nan
-2.900000000000000000e+01 -4.500000000000000000e+01 nan
-2.900000000000000000e+01 -4.400000000000000000e+01 nan
-2.900000000000000000e+01 -4.300000000000000000e+01 nan
-2.900000000000000000e+01 -4.200000000000000000e+01 nan
-2.900000000000000000e+01 -4.100000000000000000e+01 nan
-2.900000000000000000e+01 -4.000000000000000000e+01 nan
-2.900000000000000000e+01 -3.900000000000000000e+01 nan
-2.900000000000000000e+01 -3.800000000000000000e+01 nan
-2.800000000000000000e+01 -8.400000000000000000e+01 nan
-2.800000000000000000e+01 -8.300000000000000000e+01 nan
-2.800000000000000000e+01 -8.200000000000000000e+01 nan
-2.800000000000000000e+01 -8.100000000000000000e+01 nan
-2.800000000000000000e+01 -8.000000000000000000e+01 nan
-2.800000000000000000e+01 -7.900000000000000000e+01 nan
-2.800000000000000000e+01 -7.800000000000000000e+01 nan
-2.800000000000000000e+01 -7.700000000000000000e+01 nan
-2.800000000000000000e+01 -7.600000000000000000e+01 nan
-2.800000000000000000e+01 -7.500000000000000000e+01 nan
-2.800000000000000000e+01 -7.400000000000000000e+01 nan
-2.800000000000000000e+01 -7.300000000000000000e+01 nan
-2.800000000000000000e+01 -7.200000000000000000e+01 nan
-2.800000000000000000e+01 -7.100000000000000000e+01 nan
-2.800000000000000000e+01 -7.000000000000000000e+01 nan
-2.800000000000000000e+01 -6.900000000000000000e+01 nan
-2.800000000000000000e+01 -6.800000000000000000e+01 nan
-2.800000000000000000e+01 -6.700000000000000000e+01 nan
-2.800000000000000000e+01 -6.600000000000000000e+01 nan
-2.800000000000000000e+01 -6.500000000000000000e+01 nan
-2.800000000000000000e+01 -6.400000000000000000e+01 nan
-2.800000000000000000e+01 -6.300000000000000000e+01 nan
-2.800000000000000000e+01 -6.200000000000000000e+01 nan
-2.800000000000000000e+01 -6.100000000000000000e+01 nan
-2.800000000000000000e+01 -6.000000000000000000e+01 nan
-2.800000000000000000e+01 -5.900000000000000000e+01 nan
-2.800000000000000000e+01 -5.800000000000000000e+01 nan
-2.800000000000000000e+01 -5.700000000000000000e+01 nan
-2.800000000000000000e+01 -5.600000000000000000e+01 nan
-2.800000000000000000e+01 -5.500000000000000000e+01 nan
-2.800000000000000000e+01 -5.400000000000000000e+01 nan
-2.800000000000000000e+01 -5.300000000000000000e+01 nan
-2.800000000000000000e+01 -5.200000000000000000e+01 nan
-2.800000000000000000e+01 -5.100000000000000000e+01 nan
-2.800000000000000000e+01 -5.000000000000000000e+01 nan
-2.800000000000000000e+01 -4.900000000000000000e+01 nan
-2.800000000000000000e+01 -4.800000000000000000e+01 nan
-2.800000000000000000e+01 -4.700000000000000000e+01 nan
-2.800000000000000000e+01 -4.600000000000000000e+01 nan
-2.800000000000000000e+01 -4.500000000000000000e+01 nan
-2.800000000000000000e+01 -4.400000000000000000e+01 nan
-2.800000000000000000e+01 -4.300000000000000000e+01 nan
-2.800000000000000000e+01 -4.200000000000000000e+01 nan
-2.800000000000000000e+01 -4.100000000000000000e+01 nan
-2.800000000000000000e+01 -4.000000000000000000e+01 nan
-2.800000000000000000e+01 -3.900000000000000000e+01 nan
-2.800000000000000000e+01 -3.800000000000000000e+01 nan
-2.700000000000000000e+01 -8.400000000000000000e+01 nan
-2.700000000000000000e+01 -8.300000000000000000e+01 nan
-2.700000000000000000e+01 -8.200000000000000000e+01 nan
-2.700000000000000000e+01 -8.100000000000000000e+01 nan
-2.700000000000000000e+01 -8.000000000000000000e+01 nan
-2.700000000000000000e+01 -7.900000000000000000e+01 nan
-2.700000000000000000e+01 -7.800000000000000000e+01 nan
-2.700000000000000000e+01 -7.700000000000000000e+01 nan
-2.700000000000000000e+01 -7.600000000000000000e+01 nan
-2.700000000000000000e+01 -7.500000000000000000e+01 nan
-2.700000000000000000e+01 -7.400000000000000000e+01 nan
-2.700000000000000000e+01 -7.300000000000000000e+01 nan
-2.700000000000000000e+01 -7.200000000000000000e+01 nan
-2.700000000000000000e+01 -7.100000000000000000e+01 nan
-2.700000000000000000e+01 -7.000000000000000000e+01 nan
-2.700000000000000000e+01 -6.900000000000000000e+01 nan
-2.700000000000000000e+01 -6.800000000000000000e+01 nan
-2.700000000000000000e+01 -6.700000000000000000e+01 nan
-2.700000000000000000e+01 -6.600000000000000000e+01 nan
-2.700000000000000000e+01 -6.500000000000000000e+01 nan
-2.700000000000000000e+01 -6.400000000000000000e+01 nan
-2.700000000000000000e+01 -6.300000000000000000e+01 nan
-2.700000000000000000e+01 -6.200000000000000000e+01 nan
-2.700000000000000000e+01 -6.100000000000000000e+01 nan
-2.700000000000000000e+01 -6.000000000000000000e+01 nan
-2.700000000000000000e+01 -5.900000000000000000e+01 nan
-2.700000000000000000e+01 -5.800000000000000000e+01 nan
-2.700000000000000000e+01 -5.700000000000000000e+01 nan
-2.700000000000000000e+01 -5.600000000000000000e+01 nan
-2.700000000000000000e+01 -5.500000000000000000e+01 nan
-2.700000000000000000e+01 -5.400000000000000000e+01 nan
-2.700000000000000000e+01 -5.300000000000000000e+01 nan
-2.700000000000000000e+01 -5.200000000000000000e+01 nan
-2.700000000000000000e+01 -5.100000000000000000e+01 nan
-2.700000000000000000e+01 -5.000000000000000000e+01 nan
-2.700000000000000000e+01 -4.900000000000000000e+01 nan
-2.700000000000000000e+01 -4.800000000000000000e+01 nan
-2.700000000000000000e+01 -4.700000000000000000e+01 nan
-2.700000000000000000e+01 -4.600000000000000000e+01 nan
-2.700000000000000000e+01 -4.500000000000000000e+01 nan
-2.700000000000000000e+01 -4.400000000000000000e+01 nan
-2.700000000000000000e+01 -4.300000000000000000e+01 nan
-2.700000000000000000e+01 -4.200000000000000000e+01 nan
-2.700000000000000000e+01 -4.100000000000000000e+01 nan
-2.700000000000000000e+01 -4.000000000000000000e+01 nan
-2.700000000000000000e+01 -3.900000000000000000e+01 nan
-2.700000000000000000e+01 -3.800000000000000000e+01 nan
-2.600000000000000000e+01 -8.400000000000000000e+01 nan
-2.600000000000000000e+01 -8.300000000000000000e+01 nan
-2.600000000000000000e+01 -8.200000000000000000e+01 nan
-2.600000000000000000e+01 -8.100000000000000000e+01 nan
-2.600000000000000000e+01 -8.000000000000000000e+01 nan
-2.600000000000000000e+01 -7.900000000000000000e+01 nan
-2.600000000000000000e+01 -7.800000000000000000e+01 nan
-2.600000000000000000e+01 -7.700000000000000000e+01 nan
-2.600000000000000000e+01 -7.600000000000000000e+01 nan
-2.600000000000000000e+01 -7.500000000000000000e+01 nan
-2.600000000000000000e+01 -7.400000000000000000e+01 nan
-2.600000000000000000e+01 -7.300000000000000000e+01 nan
-2.600000000000000000e+01 -7.200000000000000000e+01 nan
-2.600000000000000000e+01 -7.100000000000000000e+01 nan
-2.600000000000000000e+01 -7.000000000000000000e+01 nan
-2.600000000000000000e+01 -6.900000000000000000e+01 nan
-2.600000000000000000e+01 -6.800000000000000000e+01 nan
-2.600000000000000000e+01 -6.700000000000000000e+01 nan
-2.600000000000000000e+01 -6.600000000000000000e+01 nan
-2.600000000000000000e+01 -6.500000000000000000e+01 nan
-2.600000000000000000e+01 -6.400000000000000000e+01 nan
-2.600000000000000000e+01 -6.300000000000000000e+01 nan
-2.600000000000000000e+01 -6.200000000000000000e+01 nan
-2.600000000000000000e+01 -6.100000000000000000e+01 nan
-2.600000000000000000e+01 -6.000000000000000000e+01 nan
-2.600000000000000000e+01 -5.900000000000000000e+01 nan
-2.600000000000000000e+01 -5.800000000000000000e+01 nan
-2.600000000000000000e+01 -5.700000000000000000e+01 nan
-2.600000000000000000e+01 -5.600000000000000000e+01 nan
-2.600000000000000000e+01 -5.500000000000000000e+01 nan
-2.600000000000000000e+01 -5.400000000000000000e+01 nan
-2.600000000000000000e+01 -5.300000000000000000e+01 nan
-2.600000000000000000e+01 -5.200000000000000000e+01 nan
-2.600000000000000000e+01 -5.100000000000000000e+01 nan
-2.600000000000000000e+01 -5.000000000000000000e+01 nan
-2.600000000000000000e+01 -4.900000000000000000e+01 nan
-2.600000000000000000e+01 -4.800000000000000000e+01 nan
-2.600000000000000000e+01 -4.700000000000000000e+01 nan
-2.600000000000000000e+01 -4.600000000000000000e+01 nan
-2.600000000000000000e+01 -4.500000000000000000e+01 nan
-2.600000000000000000e+01 -4.400000000000000000e+01 nan
-2.600000000000000000e+01 -4.300000000000000000e+01 nan
-2.600000000000000000e+01 -4.200000000000000000e+01 nan
-2.600000000000000000e+01 -4.100000000000000000e+01 nan
-2.600000000000000000e+01 -4.000000000000000000e+01 nan
-2.600000000000000000e+01 -3.900000000000000000e+01 nan
-2.600000000000000000e+01 -3.800000000000000000e+01 nan
-2.500000000000000000e+01 -8.400000000000000000e+01 nan
-2.500000000000000000e+01 -8.300000000000000000e+01 nan
-2.500000000000000000e+01 -8.200000000000000000e+01 nan
-2.500000000000000000e+01 -8.100000000000000000e+01 nan
-2.500000000000000000e+01 -8.000000000000000000e+01 nan
-2.500000000000000000e+01 -7.900000000000000000e+01 nan
-2.500000000000000000e+01 -7.800000000000000000e+01 nan
-2.500000000000000000e+01 -7.700000000000000000e+01 nan
-2.500000000000000000e+01 -7.600000000000000000e+01 nan
-2.500000000000000000e+01 -7.500000000000000000e+01 nan
-2.500000000000000000e+01 -7.400000000000000000e+01 nan
-2.500000000000000000e+01 -7.300000000000000000e+01 nan
-2.500000000000000000e+01 -7.200000000000000000e+01 nan
-2.500000000000000000e+01 -7.100000000000000000e+01 nan
-2.500000000000000000e+01 -7.000000000000000000e+01 nan
-2.500000000000000000e+01 -6.900000000000000000e+01 nan
-2.500000000000000000e+01 -6.800000000000000000e+01 nan
-2.500000000000000000e+01 -6.700000000000000000e+01 nan
-2.500000000000000000e+01 -6.600000000000000000e+01 nan
-2.500000000000000000e+01 -6.500000000000000000e+01 nan
-2.500000000000000000e+01 -6.400000000000000000e+01 nan
-2.500000000000000000e+01 -6.300000000000000000e+01 nan
-2.500000000000000000e+01 -6.200000000000000000e+01 nan
-2.500000000000000000e+01 -6.100000000000000000e+01 nan
-2.500000000000000000e+01 -6.000000000000000000e+01 nan
-2.500000000000000000e+01 -5.900000000000000000e+01 nan
-2.500000000000000000e+01 -5.800000000000000000e+01 nan
-2.500000000000000000e+01 -5.700000000000000000e+01 nan
-2.500000000000000000e+01 -5.600000000000000000e+01 nan
-2.500000000000000000e+01 -5.500000000000000000e+01 nan
-2.500000000000000000e+01 -5.400000000000000000e+01 nan
-2.500000000000000000e+01 -5.300000000000000000e+01 nan
-2.500000000000000000e+01 -5.200000000000000000e+01 nan
-2.500000000000000000e+01 -5.100000000000000000e+01 nan
-2.500000000000000000e+01 -5.000000000000000000e+01 nan
-2.500000000000000000e+01 -4.900000000000000000e+01 nan
-2.500000000000000000e+01 -4.800000000000000000e+01 nan
-2.500000000000000000e+01 -4.700000000000000000e+01 nan
-2.500000000000000000e+01 -4.600000000000000000e+01 nan
-2.500000000000000000e+01 -4.500000000000000000e+01 nan
-2.500000000000000000e+01 -4.400000000000000000e+01 nan
-2.500000000000000000e+01 -4.300000000000000000e+01 nan
-2.500000000000000000e+01 -4.200000000000000000e+01 nan
-2.500000000000000000e+01 -4.100000000000000000e+01 nan
-2.500000000000000000e+01 -4.000000000000000000e+01 nan
-2.500000000000000000e+01 -3.900000000000000000e+01 nan
-2.500000000000000000e+01 -3.800000000000000000e+01 nan
-2.400000000000000000e+01 -8.400000000000000000e+01 nan
-2.400000000000000000e+01 -8.300000000000000000e+01 nan
-2.400000000000000000e+01 -8.200000000000000000e+01 nan
-2.400000000000000000e+01 -8.100000000000000000e+01 nan
-2.400000000000000000e+01 -8.000000000000000000e+01 nan
-2.400000000000000000e+01 -7.900000000000000000e+01 nan
-2.400000000000000000e+01 -7.800000000000000000e+01 nan
-2.400000000000000000e+01 -7.700000000000000000e+01 nan
-2.400000000000000000e+01 -7.600000000000000000e+01 nan
-2.400000000000000000e+01 -7.500000000000000000e+01 nan
-2.400000000000000000e+01 -7.400000000000000000e+01 nan
-2.400000000000000000e+01 -7.300000000000000000e+01 nan
-2.400000000000000000e+01 -7.200000000000000000e+01 nan
-2.400000000000000000e+01 -7.100000000000000000e+01 nan
-2.400000000000000000e+01 -7.000000000000000000e+01 nan
-2.400000000000000000e+01 -6.900000000000000000e+01 nan
-2.400000000000000000e+01 -6.800000000000000000e+01 nan
-2.400000000000000000e+01 -6.700000000000000000e+01 nan
-2.400000000000000000e+01 -6.600000000000000000e+01 nan
-2.400000000000000000e+01 -6.500000000000000000e+01 nan
-2.400000000000000000e+01 -6.400000000000000000e+01 nan
-2.400000000000000000e+01 -6.300000000000000000e+01 nan
-2.400000000000000000e+01 -6.200000000000000000e+01 nan
-2.400000000000000000e+01 -6.100000000000000000e+01 nan
-2.400000000000000000e+01 -6.000000000000000000e+01 nan
-2.400000000000000000e+01 -5.900000000000000000e+01 nan
-2.400000000000000000e+01 -5.800000000000000000e+01 nan
-2.400000000000000000e+01 -5.700000000000000000e+01 nan
-2.400000000000000000e+01 -5.600000000000000000e+01 nan
-2.400000000000000000e+01 -5.500000000000000000e+01 nan
-2.400000000000000000e+01 -5.400000000000000000e+01 nan
-2.400000000000000000e+01 -5.300000000000000000e+01 nan
-2.400000000000000000e+01 -5.200000000000000000e+01 nan
-2.400000000000000000e+01 -5.100000000000000000e+01 nan
-2.400000000000000000e+01 -5.000000000000000000e+01 nan
-2.400000000000000000e+01 -4.900000000000000000e+01 nan
-2.400000000000000000e+01 -4.800000000000000000e+01 nan
-2.400000000000000000e+01 -4.700000000000000000e+01 nan
-2.400000000000000000e+01 -4.600000000000000000e+01 nan
-2.400000000000000000e+01 -4.500000000000000000e+01 nan
-2.400000000000000000e+01 -4.400000000000000000e+01 nan
-2.400000000000000000e+01 -4.300000000000000000e+01 nan
-2.400000000000000000e+01 -4.200000000000000000e+01 nan
-2.400000000000000000e+01 -4.100000000000000000e+01 nan
-2.400000000000000000e+01 -4.000000000000000000e+01 nan
-2.400000000000000000e+01 -3.900000000000000000e+01 nan
-2.400000000000000000e+01 -3.800000000000000000e+01 nan
-2.300000000000000000e+01 -8.400000000000000000e+01 nan
-2.300000000000000000e+01 -8.300000000000000000e+01 nan
-2.300000000000000000e+01 -8.200000000000000000e+01 nan
-2.300000000000000000e+01 -8.100000000000000000e+01 nan
-2.300000000000000000e+01 -8.000000000000000000e+01 nan
-2.300000000000000000e+01 -7.900000000000000000e+01 nan
-2.300000000000000000e+01 -7.800000000000000000e+01 nan
-2.300000000000000000e+01 -7.700000000000000000e+01 nan
-2.300000000000000000e+01 -7.600000000000000000e+01 nan
-2.300000000000000000e+01 -7.500000000000000000e+01 nan
-2.300000000000000000e+01 -7.400000000000000000e+01 nan
-2.300000000000000000e+01 -7.300000000000000000e+01 nan
-2.300000000000000000e+01 -7.200000000000000000e+01 nan
-2.300000000000000000e+01 -7.100000000000000000e+01 nan
-2.300000000000000000e+01 -7.000000000000000000e+01 nan
-2.300000000000000000e+01 -6.900000000000000000e+01 nan
-2.300000000000000000e+01 -6.800000000000000000e+01 nan
-2.300000000000000000e+01 -6.700000000000000000e+01 nan
-2.300000000000000000e+01 -6.600000000000000000e+01 nan
-2.300000000000000000e+01 -6.500000000000000000e+01 nan
-2.300000000000000000e+01 -6.400000000000000000e+01 nan
-2.300000000000000000e+01 -6.300000000000000000e+01 nan
-2.300000000000000000e+01 -6.200000000000000000e+01 nan
-2.300000000000000000e+01 -6.100000000000000000e+01 nan
-2.300000000000000000e+01 -6.000000000000000000e+01 nan
-2.300000000000000000e+01 -5.900000000000000000e+01 nan
-2.300000000000000000e+01 -5.800000000000000000e+01 nan
-2.300000000000000000e+01 -5.700000000000000000e+01 nan
-2.300000000000000000e+01 -5.600000000000000000e+01 nan
-2.300000000000000000e+01 -5.500000000000000000e+01 nan
-2.300000000000000000e+01 -5.400000000000000000e+01 nan
-2.300000000000000000e+01 -5.300000000000000000e+01 nan
-2.300000000000000000e+01 -5.200000000000000000e+01 nan
-2.300000000000000000e+01 -5.100000000000000000e+01 nan
-2.300000000000000000e+01 -5.000000000000000000e+01 nan
-2.300000000000000000e+01 -4.900000000000000000e+01 nan
-2.300000000000000000e+01 -4.800000000000000000e+01 nan
-2.300000000000000000e+01 -4.700000000000000000e+01 nan
-2.300000000000000000e+01 -4.600000000000000000e+01 nan
-2.300000000000000000e+01 -4.500000000000000000e+01 nan
-2.300000000000000000e+01 -4.400000000000000000e+01 nan
-2.300000000000000000e+01 -4.300000000000000000e+01 nan
-2.300000000000000000e+01 -4.200000000000000000e+01 nan
-2.300000000000000000e+01 -4.100000000000000000e+01 nan
-2.300000000000000000e+01 -4.000000000000000000e+01 nan
-2.300000000000000000e+01 -3.900000000000000000e+01 nan
-2.300000000000000000e+01 -3.800000000000000000e+01 nan
-2.200000000000000000e+01 -8.400000000000000000e+01 nan
-2.200000000000000000e+01 -8.300000000000000000e+01 nan
-2.200000000000000000e+01 -8.200000000000000000e+01 nan
-2.200000000000000000e+01 -8.100000000000000000e+01 nan
-2.200000000000000000e+01 -8.000000000000000000e+01 nan
-2.200000000000000000e+01 -7.900000000000000000e+01 nan
-2.200000000000000000e+01 -7.800000000000000000e+01 nan
-2.200000000000000000e+01 -7.700000000000000000e+01 nan
-2.200000000000000000e+01 -7.600000000000000000e+01 nan
-2.200000000000000000e+01 -7.500000000000000000e+01 nan
-2.200000000000000000e+01 -7.400000000000000000e+01 nan
-2.200000000000000000e+01 -7.300000000000000000e+01 nan
-2.200000000000000000e+01 -7.200000000000000000e+01 nan
-2.200000000000000000e+01 -7.100000000000000000e+01 nan
-2.200000000000000000e+01 -7.000000000000000000e+01 nan
-2.200000000000000000e+01 -6.900000000000000000e+01 nan
-2.200000000000000000e+01 -6.800000000000000000e+01 nan
-2.200000000000000000e+01 -6.700000000000000000e+01 nan
-2.200000000000000000e+01 -6.600000000000000000e+01 nan
-2.200000000000000000e+01 -6.500000000000000000e+01 nan
-2.200000000000000000e+01 -6.400000000000000000e+01 nan
-2.200000000000000000e+01 -6.300000000000000000e+01 nan
-2.200000000000000000e+01 -6.200000000000000000e+01 nan
-2.200000000000000000e+01 -6.100000000000000000e+01 nan
-2.200000000000000000e+01 -6.000000000000000000e+01 nan
-2.200000000000000000e+01 -5.900000000000000000e+01 nan
-2.200000000000000000e+01 -5.800000000000000000e+01 nan
-2.200000000000000000e+01 -5.700000000000000000e+01 nan
-2.200000000000000000e+01 -5.600000000000000000e+01 nan
-2.200000000000000000e+01 -5.500000000000000000e+01 nan
-2.200000000000000000e+01 -5.400000000000000000e+01 nan
-2.200000000000000000e+01 -5.300000000000000000e+01 nan
-2.200000000000000000e+01 -5.200000000000000000e+01 nan
-2.200000000000000000e+01 -5.100000000000000000e+01 nan
-2.200000000000000000e+01 -5.000000000000000000e+01 nan
-2.200000000000000000e+01 -4.900000000000000000e+01 nan
-2.200000000000000000e+01 -4.800000000000000000e+01 nan
-2.200000000000000000e+01 -4.700000000000000000e+01 nan
-2.200000000000000000e+01 -4.600000000000000000e+01 nan
-2.200000000000000000e+01 -4.500000000000000000e+01 nan
-2.200000000000000000e+01 -4.400000000000000000e+01 nan
-2.200000000000000000e+01 -4.300000000000000000e+01 nan
-2.200000000000000000e+01 -4.200000000000000000e+01 nan
-2.200000000000000000e+01 -4.100000000000000000e+01 nan
-2.200000000000000000e+01 -4.000000000000000000e+01 nan
-2.200000000000000000e+01 -3.900000000000000000e+01 nan
-2.200000000000000000e+01 -3.800000000000000000e+01 nan
-2.100000000000000000e+01 -8.400000000000000000e+01 nan
-2.100000000000000000e+01 -8.300000000000000000e+01 nan
-2.100000000000000000e+01 -8.200000000000000000e+01 nan
-2.100000000000000000e+01 -8.100000000000000000e+01 nan
-2.100000000000000000e+01 -8.000000000000000000e+01 nan
-2.100000000000000000e+01 -7.900000000000000000e+01 nan
-2.100000000000000000e+01 -7.800000000000000000e+01 nan
-2.100000000000000000e+01 -7.700000000000000000e+01 nan
-2.100000000000000000e+01 -7.600000000000000000e+01 nan
-2.100000000000000000e+01 -7.500000000000000000e+01 nan
-2.100000000000000000e+01 -7.400000000000000000e+01 nan
-2.100000000000000000e+01 -7.300000000000000000e+01 nan
-2.100000000000000000e+01 -7.200000000000000000e+01 nan
-2.100000000000000000e+01 -7.100000000000000000e+01 nan
-2.100000000000000000e+01 -7.000000000000000000e+01 nan
-2.100000000000000000e+01 -6.900000000000000000e+01 nan
-2.100000000000000000e+01 -6.800000000000000000e+01 nan
-2.100000000000000000e+01 -6.700000000000000000e+01 nan
-2.100000000000000000e+01 -6.600000000000000000e+01 nan
-2.100000000000000000e+01 -6.500000000000000000e+01 nan
-2.100000000000000000e+01 -6.400000000000000000e+01 nan
-2.100000000000000000e+01 -6.300000000000000000e+01 nan
-2.100000000000000000e+01 -6.200000000000000000e+01 nan
-2.100000000000000000e+01 -6.100000000000000000e+01 nan
-2.100000000000000000e+01 -6.000000000000000000e+01 nan
-2.100000000000000000e+01 -5.900000000000000000e+01 nan
-2.100000000000000000e+01 -5.800000000000000000e+01 nan
-2.100000000000000000e+01 -5.700000000000000000e+01 nan
-2.100000000000000000e+01 -5.600000000000000000e+01 nan
-2.100000000000000000e+01 -5.500000000000000000e+01 nan
-2.100000000000000000e+01 -5.400000000000000000e+01 nan
-2.100000000000000000e+01 -5.300000000000000000e+01 nan
-2.100000000000000000e+01 -5.200000000000000000e+01 nan
-2.100000000000000000e+01 -5.100000000000000000e+01 nan
-2.100000000000000000e+01 -5.000000000000000000e+01 nan
-2.100000000000000000e+01 -4.900000000000000000e+01 nan
-2.100000000000000000e+01 -4.800000000000000000e+01 nan
-2.100000000000000000e+01 -4.700000000000000000e+01 nan
-2.100000000000000000e+01 -4.600000000000000000e+01 nan
-2.100000000000000000e+01 -4.500000000000000000e+01 nan
-2.100000000000000000e+01 -4.400000000000000000e+01 nan
-2.100000000000000000e+01 -4.300000000000000000e+01 nan
-2.100000000000000000e+01 -4.200000000000000000e+01 nan
-2.100000000000000000e+01 -4.100000000000000000e+01 nan
-2.100000000000000000e+01 -4.000000000000000000e+01 nan
-2.100000000000000000e+01 -3.900000000000000000e+01 nan
-2.100000000000000000e+01 -3.800000000000000000e+01 nan
-2.000000000000000000e+01 -8.400000000000000000e+01 nan
-2.000000000000000000e+01 -8.300000000000000000e+01 nan
-2.000000000000000000e+01 -8.200000000000000000e+01 nan
-2.000000000000000000e+01 -8.100000000000000000e+01 nan
-2.000000000000000000e+01 -8.000000000000000000e+01 nan
-2.000000000000000000e+01 -7.900000000000000000e+01 nan
-2.000000000000000000e+01 -7.800000000000000000e+01 nan
-2.000000000000000000e+01 -7.700000000000000000e+01 nan
-2.000000000000000000e+01 -7.600000000000000000e+01 nan
-2.000000000000000000e+01 -7.500000000000000000e+01 nan
-2.000000000000000000e+01 -7.400000000000000000e+01 nan
-2.000000000000000000e+01 -7.300000000000000000e+01 nan
-2.000000000000000000e+01 -7.200000000000000000e+01 nan
-2.000000000000000000e+01 -7.100000000000000000e+01 nan
-2.000000000000000000e+01 -7.000000000000000000e+01 nan
-2.000000000000000000e+01 -6.900000000000000000e+01 nan
-2.000000000000000000e+01 -6.800000000000000000e+01 nan
-2.000000000000000000e+01 -6.700000000000000000e+01 nan
-2.000000000000000000e+01 -6.600000000000000000e+01 nan
-2.000000000000000000e+01 -6.500000000000000000e+01 nan
-2.000000000000000000e+01 -6.400000000000000000e+01 nan
-2.000000000000000000e+01 -6.300000000000000000e+01 nan
-2.000000000000000000e+01 -6.200000000000000000e+01 nan
-2.000000000000000000e+01 -6.100000000000000000e+01 nan
-2.000000000000000000e+01 -6.000000000000000000e+01 nan
-2.000000000000000000e+01 -5.900000000000000000e+01 nan
-2.000000000000000000e+01 -5.800000000000000000e+01 nan
-2.000000000000000000e+01 -5.700000000000000000e+01 nan
-2.000000000000000000e+01 -5.600000000000000000e+01 nan
-2.000000000000000000e+01 -5.500000000000000000e+01 nan
-2.000000000000000000e+01 -5.400000000000000000e+01 nan
-2.000000000000000000e+01 -5.300000000000000000e+01 nan
-2.000000000000000000e+01 -5.200000000000000000e+01 nan
-2.000000000000000000e+01 -5.100000000000000000e+01 nan
-2.000000000000000000e+01 -5.000000000000000000e+01 nan
-2.000000000000000000e+01 -4.900000000000000000e+01 nan
-2.000000000000000000e+01 -4.800000000000000000e+01 nan
-2.000000000000000000e+01 -4.700000000000000000e+01 nan
-2.000000000000000000e+01 -4.600000000000000000e+01 nan
-2.000000000000000000e+01 -4.500000000000000000e+01 nan
-2.000000000000000000e+01 -4.400000000000000000e+01 nan
-2.000000000000000000e+01 -4.300000000000000000e+01 nan
-2.000000000000000000e+01 -4.200000000000000000e+01 nan
-2.000000000000000000e+01 -4.100000000000000000e+01 nan
-2.000000000000000000e+01 -4.000000000000000000e+01 nan
-2.000000000000000000e+01 -3.900000000000000000e+01 nan
-2.000000000000000000e+01 -3.800000000000000000e+01 nan
-1.900000000000000000e+01 -8.400000000000000000e+01 nan
-1.900000000000000000e+01 -8.300000000000000000e+01 nan
-1.900000000000000000e+01 -8.200000000000000000e+01 nan
-1.900000000000000000e+01 -8.100000000000000000e+01 nan
-1.900000000000000000e+01 -8.000000000000000000e+01 nan
-1.900000000000000000e+01 -7.900000000000000000e+01 nan
-1.900000000000000000e+01 -7.800000000000000000e+01 nan
-1.900000000000000000e+01 -7.700000000000000000e+01 nan
-1.900000000000000000e+01 -7.600000000000000000e+01 nan
-1.900000000000000000e+01 -7.500000000000000000e+01 nan
-1.900000000000000000e+01 -7.400000000000000000e+01 nan
-1.900000000000000000e+01 -7.300000000000000000e+01 nan
-1.900000000000000000e+01 -7.200000000000000000e+01 nan
-1.900000000000000000e+01 -7.100000000000000000e+01 nan
-1.900000000000000000e+01 -7.000000000000000000e+01 nan
-1.900000000000000000e+01 -6.900000000000000000e+01 nan
-1.900000000000000000e+01 -6.800000000000000000e+01 nan
-1.900000000000000000e+01 -6.700000000000000000e+01 nan
-1.900000000000000000e+01 -6.600000000000000000e+01 nan
-1.900000000000000000e+01 -6.500000000000000000e+01 nan
-1.900000000000000000e+01 -6.400000000000000000e+01 nan
-1.900000000000000000e+01 -6.300000000000000000e+01 nan
-1.900000000000000000e+01 -6.200000000000000000e+01 nan
-1.900000000000000000e+01 -6.100000000000000000e+01 nan
-1.900000000000000000e+01 -6.000000000000000000e+01 nan
-1.900000000000000000e+01 -5.900000000000000000e+01 nan
-1.900000000000000000e+01 -5.800000000000000000e+01 nan
-1.900000000000000000e+01 -5.700000000000000000e+01 nan
-1.900000000000000000e+01 -5.600000000000000000e+01 nan
-1.900000000000000000e+01 -5.500000000000000000e+01 nan
-1.900000000000000000e+01 -5.400000000000000000e+01 nan
-1.900000000000000000e+01 -5.300000000000000000e+01 nan
-1.900000000000000000e+01 -5.200000000000000000e+01 nan
-1.900000000000000000e+01 -5.100000000000000000e+01 nan
-1.900000000000000000e+01 -5.000000000000000000e+01 nan
-1.900000000000000000e+01 -4.900000000000000000e+01 nan
-1.900000000000000000e+01 -4.800000000000000000e+01 nan
-1.900000000000000000e+01 -4.700000000000000000e+01 nan
-1.900000000000000000e+01 -4.600000000000000000e+01 nan
-1.900000000000000000e+01 -4.500000000000000000e+01 nan
-1.900000000000000000e+01 -4.400000000000000000e+01 nan
-1.900000000000000000e+01 -4.300000000000000000e+01 nan
-1.900000000000000000e+01 -4.200000000000000000e+01 nan
-1.900000000000000000e+01 -4.100000000000000000e+01 nan
-1.900000000000000000e+01 -4.000000000000000000e+01 nan
-1.900000000000000000e+01 -3.900000000000000000e+01 nan
-1.900000000000000000e+01 -3.800000000000000000e+01 nan
-1.800000000000000000e+01 -8.400000000000000000e+01 nan
-1.800000000000000000e+01 -8.300000000000000000e+01 nan
-1.800000000000000000e+01 -8.200000000000000000e+01 nan
-1.800000000000000000e+01 -8.100000000000000000e+01 nan
-1.800000000000000000e+01 -8.000000000000000000e+01 nan
-1.800000000000000000e+01 -7.900000000000000000e+01 nan
-1.800000000000000000e+01 -7.800000000000000000e+01 nan
-1.800000000000000000e+01 -7.700000000000000000e+01 nan
-1.800000000000000000e+01 -7.600000000000000000e+01 nan
-1.800000000000000000e+01 -7.500000000000000000e+01 nan
-1.800000000000000000e+01 -7.400000000000000000e+01 nan
-1.800000000000000000e+01 -7.300000000000000000e+01 nan
-1.800000000000000000e+01 -7.200000000000000000e+01 nan
-1.800000000000000000e+01 -7.100000000000000000e+01 nan
-1.800000000000000000e+01 -7.000000000000000000e+01 nan
-1.800000000000000000e+01 -6.900000000000000000e+01 nan
-1.800000000000000000e+01 -6.800000000000000000e+01 nan
-1.800000000000000000e+01 -6.700000000000000000e+01 nan
-1.800000000000000000e+01 -6.600000000000000000e+01 nan
-1.800000000000000000e+01 -6.500000000000000000e+01 nan
-1.800000000000000000e+01 -6.400000000000000000e+01 nan
-1.800000000000000000e+01 -6.300000000000000000e+01 nan
-1.800000000000000000e+01 -6.200000000000000000e+01 nan
-1.800000000000000000e+01 -6.100000000000000000e+01 nan
-1.800000000000000000e+01 -6.000000000000000000e+01 nan
-1.800000000000000000e+01 -5.900000000000000000e+01 nan
-1.800000000000000000e+01 -5.800000000000000000e+01 nan
-1.800000000000000000e+01 -5.700000000000000000e+01 nan
-1.800000000000000000e+01 -5.600000000000000000e+01 nan
-1.800000000000000000e+01 -5.500000000000000000e+01 nan
-1.800000000000000000e+01 -5.400000000000000000e+01 nan
-1.800000000000000000e+01 -5.300000000000000000e+01 nan
-1.800000000000000000e+01 -5.200000000000000000e+01 nan
-1.800000000000000000e+01 -5.100000000000000000e+01 nan
-1.800000000000000000e+01 -5.000000000000000000e+01 nan
-1.800000000000000000e+01 -4.900000000000000000e+01 nan
-1.800000000000000000e+01 -4.800000000000000000e+01 nan
-1.800000000000000000e+01 -4.700000000000000000e+01 nan
-1.800000000000000000e+01 -4.600000000000000000e+01 nan
-1.800000000000000000e+01 -4.500000000000000000e+01 nan
-1.800000000000000000e+01 -4.400000000000000000e+01 nan
-1.800000000000000000e+01 -4.300000000000000000e+01 nan
-1.800000000000000000e+01 -4.200000000000000000e+01 nan
-1.800000000000000000e+01 -4.100000000000000000e+01 nan
-1.800000000000000000e+01 -4.000000000000000000e+01 nan
-1.800000000000000000e+01 -3.900000000000000000e+01 nan
-1.800000000000000000e+01 -3.800000000000000000e+01 nan
-1.700000000000000000e+01 -8.400000000000000000e+01 nan
-1.700000000000000000e+01 -8.300000000000000000e+01 nan
-1.700000000000000000e+01 -8.200000000000000000e+01 nan
-1.700000000000000000e+01 -8.100000000000000000e+01 nan
-1.700000000000000000e+01 -8.000000000000000000e+01 nan
-1.700000000000000000e+01 -7.900000000000000000e+01 nan
-1.700000000000000000e+01 -7.800000000000000000e+01 nan
-1.700000000000000000e+01 -7.700000000000000000e+01 nan
-1.700000000000000000e+01 -7.600000000000000000e+01 nan
-1.700000000000000000e+01 -7.500000000000000000e+01 nan
-1.700000000000000000e+01 -7.400000000000000000e+01 nan
-1.700000000000000000e+01 -7.300000000000000000e+01 nan
-1.700000000000000000e+01 -7.200000000000000000e+01 nan
-1.700000000000000000e+01 -7.100000000000000000e+01 nan
-1.700000000000000000e+01 -7.000000000000000000e+01 nan
-1.700000000000000000e+01 -6.900000000000000000e+01 nan
-1.700000000000000000e+01 -6.800000000000000000e+01 nan
-1.700000000000000000e+01 -6.700000000000000000e+01 nan
-1.700000000000000000e+01 -6.600000000000000000e+01 nan
-1.700000000000000000e+01 -6.500000000000000000e+01 nan
-1.700000000000000000e+01 -6.400000000000000000e+01 nan
-1.700000000000000000e+01 -6.300000000000000000e+01 nan
-1.700000000000000000e+01 -6.200000000000000000e+01 nan
-1.700000000000000000e+01 -6.100000000000000000e+01 nan
-1.700000000000000000e+01 -6.000000000000000000e+01 nan
-1.700000000000000000e+01 -5.900000000000000000e+01 nan
-1.700000000000000000e+01 -5.800000000000000000e+01 nan
-1.700000000000000000e+01 -5.700000000000000000e+01 nan
-1.700000000000000000e+01 -5.600000000000000000e+01 nan
-1.700000000000000000e+01 -5.500000000000000000e+01 nan
-1.700000000000000000e+01 -5.400000000000000000e+01 nan
-1.700000000000000000e+01 -5.300000000000000000e+01 nan
-1.700000000000000000e+01 -5.200000000000000000e+01 nan
-1.700000000000000000e+01 -5.100000000000000000e+01 nan
-1.700000000000000000e+01 -5.000000000000000000e+01 nan
-1.700000000000000000e+01 -4.900000000000000000e+01 nan
-1.700000000000000000e+01 -4.800000000000000000e+01 nan
-1.700000000000000000e+01 -4.700000000000000000e+01 nan
-1.700000000000000000e+01 -4.600000000000000000e+01 nan
-1.700000000000000000e+01 -4.500000000000000000e+01 nan
-1.700000000000000000e+01 -4.400000000000000000e+01 nan
-1.700000000000000000e+01 -4.300000000000000000e+01 nan
-1.700000000000000000e+01 -4.200000000000000000e+01 nan
-1.700000000000000000e+01 -4.100000000000000000e+01 nan
-1.700000000000000000e+01 -4.000000000000000000e+01 nan
-1.700000000000000000e+01 -3.900000000000000000e+01 nan
-1.700000000000000000e+01 -3.800000000000000000e+01 nan
-1.600000000000000000e+01 -8.400000000000000000e+01 nan
-1.600000000000000000e+01 -8.300000000000000000e+01 nan
-1.600000000000000000e+01 -8.200000000000000000e+01 nan
-1.600000000000000000e+01 -8.100000000000000000e+01 nan
-1.600000000000000000e+01 -8.000000000000000000e+01 nan
-1.600000000000000000e+01 -7.900000000000000000e+01 nan
-1.600000000000000000e+01 -7.800000000000000000e+01 nan
-1.600000000000000000e+01 -7.700000000000000000e+01 nan
-1.600000000000000000e+01 -7.600000000000000000e+01 nan
-1.600000000000000000e+01 -7.500000000000000000e+01 nan
-1.600000000000000000e+01 -7.400000000000000000e+01 nan
-1.600000000000000000e+01 -7.300000000000000000e+01 nan
-1.600000000000000000e+01 -7.200000000000000000e+01 nan
-1.600000000000000000e+01 -7.100000000000000000e+01 nan
-1.600000000000000000e+01 -7.000000000000000000e+01 nan
-1.600000000000000000e+01 -6.900000000000000000e+01 nan
-1.600000000000000000e+01 -6.800000000000000000e+01 nan
-1.600000000000000000e+01 -6.700000000000000000e+01 nan
-1.600000000000000000e+01 -6.600000000000000000e+01 nan
-1.600000000000000000e+01 -6.500000000000000000e+01 nan
-1.600000000000000000e+01 -6.400000000000000000e+01 nan
-1.600000000000000000e+01 -6.300000000000000000e+01 nan
-1.600000000000000000e+01 -6.200000000000000000e+01 nan
-1.600000000000000000e+01 -6.100000000000000000e+01 nan
-1.600000000000000000e+01 -6.000000000000000000e+01 9.889157114473797749e-01
-1.600000000000000000e+01 -5.900000000000000000e+01 9.771407211718633468e-01
-1.600000000000000000e+01 -5.800000000000000000e+01 1.051746394836070131e+00
-1.600000000000000000e+01 -5.700000000000000000e+01 1.124212989371567328e+00
-1.600000000000000000e+01 -5.600000000000000000e+01 1.253971961959608805e+00
-1.600000000000000000e+01 -5.500000000000000000e+01 1.104424687461845522e+00
-1.600000000000000000e+01 -5.400000000000000000e+01 nan
-1.600000000000000000e+01 -5.300000000000000000e+01 nan
-1.600000000000000000e+01 -5.200000000000000000e+01 nan
-1.600000000000000000e+01 -5.100000000000000000e+01 nan
-1.600000000000000000e+01 -5.000000000000000000e+01 nan
-1.600000000000000000e+01 -4.900000000000000000e+01 nan
-1.600000000000000000e+01 -4.800000000000000000e+01 nan
-1.600000000000000000e+01 -4.700000000000000000e+01 nan
-1.600000000000000000e+01 -4.600000000000000000e+01 nan
-1.600000000000000000e+01 -4.500000000000000000e+01 nan
-1.600000000000000000e+01 -4.400000000000000000e+01 nan
-1.600000000000000000e+01 -4.300000000000000000e+01 nan
-1.600000000000000000e+01 -4.200000000000000000e+01 nan
-1.600000000000000000e+01 -4.100000000000000000e+01 nan
-1.600000000000000000e+01 -4.000000000000000000e+01 nan
-1.600000000000000000e+01 -3.900000000000000000e+01 nan
-1.600000000000000000e+01 -3.800000000000000000e+01 nan
-1.500000000000000000e+01 -8.400000000000000000e+01 nan
-1.500000000000000000e+01 -8.300000000000000000e+01 nan
-1.500000000000000000e+01 -8.200000000000000000e+01 nan
-1.500000000000000000e+01 -8.100000000000000000e+01 nan
-1.500000000000000000e+01 -8.000000000000000000e+01 nan
-1.500000000000000000e+01 -7.900000000000000000e+01 nan
-1.500000000000000000e+01 -7.800000000000000000e+01 nan
-1.500000000000000000e+01 -7.700000000000000000e+01 nan
-1.500000000000000000e+01 -7.600000000000000000e+01 nan
-1.500000000000000000e+01 -7.500000000000000000e+01 nan
-1.500000000000000000e+01 -7.400000000000000000e+01 nan
-1.500000000000000000e+01 -7.300000000000000000e+01 nan
-1.500000000000000000e+01 -7.200000000000000000e+01 nan
-1.500000000000000000e+01 -7.100000000000000000e+01 nan
-1.500000000000000000e+01 -7.000000000000000000e+01 nan
-1.500000000000000000e+01 -6.900000000000000000e+01 nan
-1.500000000000000000e+01 -6.800000000000000000e+01 nan
-1.500000000000000000e+01 -6.700000000000000000e+01 nan
-1.500000000000000000e+01 -6.600000000000000000e+01 nan
-1.500000000000000000e+01 -6.500000000000000000e+01 nan
-1.500000000000000000e+01 -6.400000000000000000e+01 nan
-1.500000000000000000e+01 -6.300000000000000000e+01 nan
-1.500000000000000000e+01 -6.200000000000000000e+01 nan
-1.500000000000000000e+01 -6.100000000000000000e+01 nan
-1.500000000000000000e+01 -6.000000000000000000e+01 9.889157114473797749e-01
-1.500000000000000000e+01 -5.900000000000000000e+01 9.771407211718633468e-01
-1.500000000000000000e+01 -5.800000000000000000e+01 1.051746394836070131e+00
-1.500000000000000000e+01 -5.700000000000000000e+01 1.125445687614231360e+00
-1.500000000000000000e+01 -5.600000000000000000e+01 1.053895394643723504e+00
-1.500000000000000000e+01 -5.500000000000000000e+01 9.758429475547460985e-01
-1.500000000000000000e+01 -5.400000000000000000e+01 1.026739553038127362e+00
-1.500000000000000000e+01 -5.300000000000000000e+01 1.067511103819878349e+00
-1.500000000000000000e+01 -5.200000000000000000e+01 1.043889322858198687e+00
-1.500000000000000000e+01 -5.100000000000000000e+01 1.001912305185888474e+00
-1.500000000000000000e+01 -5.000000000000000000e+01 9.601265218120389466e-01
-1.500000000000000000e+01 -4.900000000000000000e+01 1.022104326875075575e+00
-1.500000000000000000e+01 -4.800000000000000000e+01 9.348309832467570635e-01
-1.500000000000000000e+01 -4.700000000000000000e+01 8.431296338656552036e-01
-1.500000000000000000e+01 -4.600000000000000000e+01 7.266342526414577563e-01
-1.500000000000000000e+01 -4.500000000000000000e+01 8.162245762290747386e-01
-1.500000000000000000e+01 -4.400000000000000000e+01 8.577702143763317189e-01
-1.500000000000000000e+01 -4.300000000000000000e+01 9.133054151800428233e-01
-1.500000000000000000e+01 -4.200000000000000000e+01 9.407390034517617572e-01
-1.500000000000000000e+01 -4.100000000000000000e+01 nan
-1.500000000000000000e+01 -4.000000000000000000e+01 nan
-1.500000000000000000e+01 -3.900000000000000000e+01 nan
-1.500000000000000000e+01 -3.800000000000000000e+01 nan
-1.400000000000000000e+01 -8.400000000000000000e+01 nan
-1.400000000000000000e+01 -8.300000000000000000e+01 nan
-1.400000000000000000e+01 -8.200000000000000000e+01 nan
-1.400000000000000000e+01 -8.100000000000000000e+01 nan
-1.400000000000000000e+01 -8.000000000000000000e+01 nan
-1.400000000000000000e+01 -7.900000000000000000e+01 nan
-1.400000000000000000e+01 -7.800000000000000000e+01 nan
-1.400000000000000000e+01 -7.700000000000000000e+01 nan
-1.400000000000000000e+01 -7.600000000000000000e+01 nan
-1.400000000000000000e+01 -7.500000000000000000e+01 nan
-1.400000000000000000e+01 -7.400000000000000000e+01 nan
-1.400000000000000000e+01 -7.300000000000000000e+01 nan
-1.400000000000000000e+01 -7.200000000000000000e+01 nan
-1.400000000000000000e+01 -7.100000000000000000e+01 nan
-1.400000000000000000e+01 -7.000000000000000000e+01 nan
-1.400000000000000000e+01 -6.900000000000000000e+01 nan
-1.400000000000000000e+01 -6.800000000000000000e+01 nan
-1.400000000000000000e+01 -6.700000000000000000e+01 nan
-1.400000000000000000e+01 -6.600000000000000000e+01 nan
-1.400000000000000000e+01 -6.500000000000000000e+01 nan
-1.400000000000000000e+01 -6.400000000000000000e+01 nan
-1.400000000000000000e+01 -6.300000000000000000e+01 nan
-1.400000000000000000e+01 -6.200000000000000000e+01 nan
-1.400000000000000000e+01 -6.100000000000000000e+01 nan
-1.400000000000000000e+01 -6.000000000000000000e+01 nan
-1.400000000000000000e+01 -5.900000000000000000e+01 nan
-1.400000000000000000e+01 -5.800000000000000000e+01 nan
-1.400000000000000000e+01 -5.700000000000000000e+01 1.284446091728866257e+00
-1.400000000000000000e+01 -5.600000000000000000e+01 9.817368384956358662e-01
-1.400000000000000000e+01 -5.500000000000000000e+01 9.717746688338008143e-01
-1.400000000000000000e+01 -5.400000000000000000e+01 1.026739553038127362e+00
-1.400000000000000000e+01 -5.300000000000000000e+01 1.067511103819878349e+00
-1.400000000000000000e+01 -5.200000000000000000e+01 1.043889322858198687e+00
-1.400000000000000000e+01 -5.100000000000000000e+01 1.001912305185888474e+00
-1.400000000000000000e+01 -5.000000000000000000e+01 9.601265218120389466e-01
-1.400000000000000000e+01 -4.900000000000000000e+01 1.022104326875075575e+00
-1.400000000000000000e+01 -4.800000000000000000e+01 9.348309832467570635e-01
-1.400000000000000000e+01 -4.700000000000000000e+01 8.431296338656552036e-01
-1.400000000000000000e+01 -4.600000000000000000e+01 7.266342526414577563e-01
-1.400000000000000000e+01 -4.500000000000000000e+01 8.205614507214763487e-01
-1.400000000000000000e+01 -4.400000000000000000e+01 8.764640734796457222e-01
-1.400000000000000000e+01 -4.300000000000000000e+01 9.013789298704661945e-01
-1.400000000000000000e+01 -4.200000000000000000e+01 9.847279858405840747e-01
-1.400000000000000000e+01 -4.100000000000000000e+01 1.095102950187623936e+00
-1.400000000000000000e+01 -4.000000000000000000e+01 1.118287088373767224e+00
-1.400000000000000000e+01 -3.900000000000000000e+01 1.167012969905204534e+00
-1.400000000000000000e+01 -3.800000000000000000e+01 nan
-1.300000000000000000e+01 -8.400000000000000000e+01 nan
-1.300000000000000000e+01 -8.300000000000000000e+01 nan
-1.300000000000000000e+01 -8.200000000000000000e+01 nan
-1.300000000000000000e+01 -8.100000000000000000e+01 nan
-1.300000000000000000e+01 -8.000000000000000000e+01 nan
-1.300000000000000000e+01 -7.900000000000000000e+01 nan
-1.300000000000000000e+01 -7.800000000000000000e+01 nan
-1.300000000000000000e+01 -7.700000000000000000e+01 nan
-1.300000000000000000e+01 -7.600000000000000000e+01 nan
-1.300000000000000000e+01 -7.500000000000000000e+01 nan
-1.300000000000000000e+01 -7.400000000000000000e+01 nan
-1.300000000000000000e+01 -7.300000000000000000e+01 nan
-1.300000000000000000e+01 -7.200000000000000000e+01 nan
-1.300000000000000000e+01 -7.100000000000000000e+01 nan
-1.300000000000000000e+01 -7.000000000000000000e+01 nan
-1.300000000000000000e+01 -6.900000000000000000e+01 nan
-1.300000000000000000e+01 -6.800000000000000000e+01 nan
-1.300000000000000000e+01 -6.700000000000000000e+01 nan
-1.300000000000000000e+01 -6.600000000000000000e+01 nan
-1.300000000000000000e+01 -6.500000000000000000e+01 nan
-1.300000000000000000e+01 -6.400000000000000000e+01 nan
-1.300000000000000000e+01 -6.300000000000000000e+01 nan
-1.300000000000000000e+01 -6.200000000000000000e+01 nan
-1.300000000000000000e+01 -6.100000000000000000e+01 nan
-1.300000000000000000e+01 -6.000000000000000000e+01 nan
-1.300000000000000000e+01 -5.900000000000000000e+01 nan
-1.300000000000000000e+01 -5.800000000000000000e+01 nan
-1.300000000000000000e+01 -5.700000000000000000e+01 nan
-1.300000000000000000e+01 -5.600000000000000000e+01 nan
-1.300000000000000000e+01 -5.500000000000000000e+01 nan
-1.300000000000000000e+01 -5.400000000000000000e+01 nan
-1.300000000000000000e+01 -5.300000000000000000e+01 nan
-1.300000000000000000e+01 -5.200000000000000000e+01 nan
-1.300000000000000000e+01 -5.100000000000000000e+01 nan
-1.300000000000000000e+01 -5.000000000000000000e+01 nan
-1.300000000000000000e+01 -4.900000000000000000e+01 nan
-1.300000000000000000e+01 -4.800000000000000000e+01 nan
-1.300000000000000000e+01 -4.700000000000000000e+01 nan
-1.300000000000000000e+01 -4.600000000000000000e+01 nan
-1.300000000000000000e+01 -4.500000000000000000e+01 1.053472009950485289e+00
-1.300000000000000000e+01 -4.400000000000000000e+01 8.883515993764125040e-01
-1.300000000000000000e+01 -4.300000000000000000e+01 8.981240059020138000e-01
-1.300000000000000000e+01 -4.200000000000000000e+01 1.013767299456505011e+00
-1.300000000000000000e+01 -4.100000000000000000e+01 1.095667937507927903e+00
-1.300000000000000000e+01 -4.000000000000000000e+01 1.118287088373767224e+00
-1.300000000000000000e+01 -3.900000000000000000e+01 1.167012969905204534e+00
-1.300000000000000000e+01 -3.800000000000000000e+01 nan
