Longitude[deg], Latitude[deg], Dust optical depth
-5.700000000000000000e+01 1.900000000000000000e+01 nan
-5.700000000000000000e+01 2.000000000000000000e+01 nan
-5.700000000000000000e+01 2.100000000000000000e+01 nan
-5.700000000000000000e+01 2.200000000000000000e+01 nan
-5.700000000000000000e+01 2.300000000000000000e+01 nan
-5.700000000000000000e+01 2.400000000000000000e+01 nan
-5.700000000000000000e+01 2.500000000000000000e+01 nan
-5.700000000000000000e+01 2.600000000000000000e+01 nan
-5.700000000000000000e+01 2.700000000000000000e+01 nan
-5.700000000000000000e+01 2.800000000000000000e+01 nan
-5.700000000000000000e+01 2.900000000000000000e+01 nan
-5.700000000000000000e+01 3.000000000000000000e+01 nan
-5.700000000000000000e+01 3.100000000000000000e+01 nan
-5.700000000000000000e+01 3.200000000000000000e+01 nan
-5.700000000000000000e+01 3.300000000000000000e+01 nan
-5.700000000000000000e+01 3.400000000000000000e+01 nan
-5.700000000000000000e+01 3.500000000000000000e+01 nan
-5.700000000000000000e+01 3.600000000000000000e+01 nan
-5.700000000000000000e+01 3.700000000000000000e+01 nan
-5.700000000000000000e+01 3.800000000000000000e+01 1.825596402908296501e+00
-5.700000000000000000e+01 3.900000000000000000e+01 1.809752681568095989e+00
-5.700000000000000000e+01 4.000000000000000000e+01 1.827002249302436487e+00
-5.700000000000000000e+01 4.100000000000000000e+01 nan
-5.600000000000000000e+01 1.900000000000000000e+01 nan
-5.600000000000000000e+01 2.000000000000000000e+01 nan
-5.600000000000000000e+01 2.100000000000000000e+01 nan
-5.600000000000000000e+01 2.200000000000000000e+01 nan
-5.600000000000000000e+01 2.300000000000000000e+01 nan
-5.600000000000000000e+01 2.400000000000000000e+01 nan
-5.600000000000000000e+01 2.500000000000000000e+01 nan
-5.600000000000000000e+01 2.600000000000000000e+01 nan
-5.600000000000000000e+01 2.700000000000000000e+01 nan
-5.600000000000000000e+01 2.800000000000000000e+01 nan
-5.600000000000000000e+01 2.900000000000000000e+01 nan
-5.600000000000000000e+01 3.000000000000000000e+01 nan
-5.600000000000000000e+01 3.100000000000000000e+01 nan
-5.600000000000000000e+01 3.200000000000000000e+01 nan
-5.600000000000000000e+01 3.300000000000000000e+01 2.199591907534469648e+00
-5.600000000000000000e+01 3.400000000000000000e+01 2.146472901045420212e+00
-5.600000000000000000e+01 3.500000000000000000e+01 2.049926530231652055e+00
-5.600000000000000000e+01 3.600000000000000000e+01 1.977584004524641337e+00
-5.600000000000000000e+01 3.700000000000000000e+01 1.903333633359891586e+00
-5.600000000000000000e+01 3.800000000000000000e+01 1.832147321195256140e+00
-5.600000000000000000e+01 3.900000000000000000e+01 1.832427502964115718e+00
-5.600000000000000000e+01 4.000000000000000000e+01 1.849154770119551650e+00
-5.600000000000000000e+01 4.100000000000000000e+01 nan
-5.500000000000000000e+01 1.900000000000000000e+01 nan
-5.500000000000000000e+01 2.000000000000000000e+01 nan
-5.500000000000000000e+01 2.100000000000000000e+01 nan
-5.500000000000000000e+01 2.200000000000000000e+01 nan
-5.500000000000000000e+01 2.300000000000000000e+01 nan
-5.500000000000000000e+01 2.400000000000000000e+01 nan
-5.500000000000000000e+01 2.500000000000000000e+01 nan
-5.500000000000000000e+01 2.600000000000000000e+01 nan
-5.500000000000000000e+01 2.700000000000000000e+01 nan
-5.500000000000000000e+01 2.800000000000000000e+01 2.226330474765667589e+00
-5.500000000000000000e+01 2.900000000000000000e+01 2.205440855064782824e+00
-5.500000000000000000e+01 3.000000000000000000e+01 2.172273261086341556e+00
-5.500000000000000000e+01 3.100000000000000000e+01 2.181503128335398500e+00
-5.500000000000000000e+01 3.200000000000000000e+01 2.152371464673024537e+00
-5.500000000000000000e+01 3.300000000000000000e+01 2.175904970607869249e+00
-5.500000000000000000e+01 3.400000000000000000e+01 2.176102131413785834e+00
-5.500000000000000000e+01 3.500000000000000000e+01 2.110287643204353802e+00
-5.500000000000000000e+01 3.600000000000000000e+01 2.046333511852407305e+00
-5.500000000000000000e+01 3.700000000000000000e+01 1.925550491063221070e+00
-5.500000000000000000e+01 3.800000000000000000e+01 1.860160705257270619e+00
-5.500000000000000000e+01 3.900000000000000000e+01 1.869810199970542985e+00
-5.500000000000000000e+01 4.000000000000000000e+01 1.878010357171243871e+00
-5.500000000000000000e+01 4.100000000000000000e+01 nan
-5.400000000000000000e+01 1.900000000000000000e+01 nan
-5.400000000000000000e+01 2.000000000000000000e+01 nan
-5.400000000000000000e+01 2.100000000000000000e+01 2.136481246246579424e+00
-5.400000000000000000e+01 2.200000000000000000e+01 2.055760592104947104e+00
-5.400000000000000000e+01 2.300000000000000000e+01 2.025107722850924663e+00
-5.400000000000000000e+01 2.400000000000000000e+01 2.093134667458266929e+00
-5.400000000000000000e+01 2.500000000000000000e+01 2.182917738560676391e+00
-5.400000000000000000e+01 2.600000000000000000e+01 2.236657755404301007e+00
-5.400000000000000000e+01 2.700000000000000000e+01 2.219872743176904972e+00
-5.400000000000000000e+01 2.800000000000000000e+01 2.184829094001119909e+00
-5.400000000000000000e+01 2.900000000000000000e+01 2.170028786507657514e+00
-5.400000000000000000e+01 3.000000000000000000e+01 2.154634530183459962e+00
-5.400000000000000000e+01 3.100000000000000000e+01 2.153822744920594889e+00
-5.400000000000000000e+01 3.200000000000000000e+01 2.146538357818490006e+00
-5.400000000000000000e+01 3.300000000000000000e+01 2.182323764433662383e+00
-5.400000000000000000e+01 3.400000000000000000e+01 2.205392429819151179e+00
-5.400000000000000000e+01 3.500000000000000000e+01 2.170363251205878807e+00
-5.400000000000000000e+01 3.600000000000000000e+01 2.154493899144851898e+00
-5.400000000000000000e+01 3.700000000000000000e+01 2.058180548349298089e+00
-5.400000000000000000e+01 3.800000000000000000e+01 1.951617437012338474e+00
-5.400000000000000000e+01 3.900000000000000000e+01 1.925908594788993788e+00
-5.400000000000000000e+01 4.000000000000000000e+01 nan
-5.400000000000000000e+01 4.100000000000000000e+01 nan
-5.300000000000000000e+01 1.900000000000000000e+01 nan
-5.300000000000000000e+01 2.000000000000000000e+01 2.233058212563359124e+00
-5.300000000000000000e+01 2.100000000000000000e+01 2.132279507855728617e+00
-5.300000000000000000e+01 2.200000000000000000e+01 2.041258811203107815e+00
-5.300000000000000000e+01 2.300000000000000000e+01 2.022209693292286392e+00
-5.300000000000000000e+01 2.400000000000000000e+01 2.074940561982517195e+00
-5.300000000000000000e+01 2.500000000000000000e+01 2.161208074465733375e+00
-5.300000000000000000e+01 2.600000000000000000e+01 2.196977237640009850e+00
-5.300000000000000000e+01 2.700000000000000000e+01 2.188974467402020618e+00
-5.300000000000000000e+01 2.800000000000000000e+01 2.156085959413101438e+00
-5.300000000000000000e+01 2.900000000000000000e+01 2.145163034964288951e+00
-5.300000000000000000e+01 3.000000000000000000e+01 2.120020994170863649e+00
-5.300000000000000000e+01 3.100000000000000000e+01 2.116850378040988634e+00
-5.300000000000000000e+01 3.200000000000000000e+01 2.122865240897726657e+00
-5.300000000000000000e+01 3.300000000000000000e+01 2.152443930419879248e+00
-5.300000000000000000e+01 3.400000000000000000e+01 2.160482661433878349e+00
-5.300000000000000000e+01 3.500000000000000000e+01 2.161742044589019862e+00
-5.300000000000000000e+01 3.600000000000000000e+01 2.177753692746710712e+00
-5.300000000000000000e+01 3.700000000000000000e+01 2.128578704861844084e+00
-5.300000000000000000e+01 3.800000000000000000e+01 2.055192697571426752e+00
-5.300000000000000000e+01 3.900000000000000000e+01 2.013123894869527586e+00
-5.300000000000000000e+01 4.000000000000000000e+01 nan
-5.300000000000000000e+01 4.100000000000000000e+01 nan
-5.200000000000000000e+01 1.900000000000000000e+01 nan
-5.200000000000000000e+01 2.000000000000000000e+01 2.209032055846376963e+00
-5.200000000000000000e+01 2.100000000000000000e+01 2.136052260652916868e+00
-5.200000000000000000e+01 2.200000000000000000e+01 2.045620442983538734e+00
-5.200000000000000000e+01 2.300000000000000000e+01 2.024856966826412474e+00
-5.200000000000000000e+01 2.400000000000000000e+01 2.056674931322812760e+00
-5.200000000000000000e+01 2.500000000000000000e+01 2.122358034373235558e+00
-5.200000000000000000e+01 2.600000000000000000e+01 2.161451292296894255e+00
-5.200000000000000000e+01 2.700000000000000000e+01 2.154546158712128623e+00
-5.200000000000000000e+01 2.800000000000000000e+01 2.128549761892153835e+00
-5.200000000000000000e+01 2.900000000000000000e+01 2.121940598050772842e+00
-5.200000000000000000e+01 3.000000000000000000e+01 2.089193662579248656e+00
-5.200000000000000000e+01 3.100000000000000000e+01 2.073573659377663692e+00
-5.200000000000000000e+01 3.200000000000000000e+01 2.081570826466887958e+00
-5.200000000000000000e+01 3.300000000000000000e+01 2.105375666693981351e+00
-5.200000000000000000e+01 3.400000000000000000e+01 2.125845911540750421e+00
-5.200000000000000000e+01 3.500000000000000000e+01 2.121330350512773855e+00
-5.200000000000000000e+01 3.600000000000000000e+01 2.157855324092118110e+00
-5.200000000000000000e+01 3.700000000000000000e+01 2.136226910509456012e+00
-5.200000000000000000e+01 3.800000000000000000e+01 2.085231522331602250e+00
-5.200000000000000000e+01 3.900000000000000000e+01 nan
-5.200000000000000000e+01 4.000000000000000000e+01 nan
-5.200000000000000000e+01 4.100000000000000000e+01 nan
-5.100000000000000000e+01 1.900000000000000000e+01 nan
-5.100000000000000000e+01 2.000000000000000000e+01 2.193780800108404261e+00
-5.100000000000000000e+01 2.100000000000000000e+01 2.160916231879444371e+00
-5.100000000000000000e+01 2.200000000000000000e+01 2.078885721548640486e+00
-5.100000000000000000e+01 2.300000000000000000e+01 2.044213254571701111e+00
-5.100000000000000000e+01 2.400000000000000000e+01 2.059465280582976288e+00
-5.100000000000000000e+01 2.500000000000000000e+01 2.097831144183616381e+00
-5.100000000000000000e+01 2.600000000000000000e+01 2.147837843810006309e+00
-5.100000000000000000e+01 2.700000000000000000e+01 2.151155263187230382e+00
-5.100000000000000000e+01 2.800000000000000000e+01 2.115223983415473352e+00
-5.100000000000000000e+01 2.900000000000000000e+01 2.103493033291094161e+00
-5.100000000000000000e+01 3.000000000000000000e+01 2.075787169890622952e+00
-5.100000000000000000e+01 3.100000000000000000e+01 2.063118413372003968e+00
-5.100000000000000000e+01 3.200000000000000000e+01 2.072741306357409385e+00
-5.100000000000000000e+01 3.300000000000000000e+01 2.110670284693031196e+00
-5.100000000000000000e+01 3.400000000000000000e+01 2.138696422909406092e+00
-5.100000000000000000e+01 3.500000000000000000e+01 2.135906997921693584e+00
-5.100000000000000000e+01 3.600000000000000000e+01 2.166372021367562350e+00
-5.100000000000000000e+01 3.700000000000000000e+01 2.155863316059317469e+00
-5.100000000000000000e+01 3.800000000000000000e+01 2.088019800286465166e+00
-5.100000000000000000e+01 3.900000000000000000e+01 nan
-5.100000000000000000e+01 4.000000000000000000e+01 nan
-5.100000000000000000e+01 4.100000000000000000e+01 nan
-5.000000000000000000e+01 1.900000000000000000e+01 nan
-5.000000000000000000e+01 2.000000000000000000e+01 2.208909277510468616e+00
-5.000000000000000000e+01 2.100000000000000000e+01 2.177930903115899763e+00
-5.000000000000000000e+01 2.200000000000000000e+01 2.110953377708092660e+00
-5.000000000000000000e+01 2.300000000000000000e+01 2.078297317926614429e+00
-5.000000000000000000e+01 2.400000000000000000e+01 2.066466952072705254e+00
-5.000000000000000000e+01 2.500000000000000000e+01 2.103175969041485072e+00
-5.000000000000000000e+01 2.600000000000000000e+01 2.146163908734566750e+00
-5.000000000000000000e+01 2.700000000000000000e+01 2.150700877037633241e+00
-5.000000000000000000e+01 2.800000000000000000e+01 2.116092108294071128e+00
-5.000000000000000000e+01 2.900000000000000000e+01 2.094011250969694871e+00
-5.000000000000000000e+01 3.000000000000000000e+01 2.067725646027140929e+00
-5.000000000000000000e+01 3.100000000000000000e+01 2.064585248628327374e+00
-5.000000000000000000e+01 3.200000000000000000e+01 2.086610483621854417e+00
-5.000000000000000000e+01 3.300000000000000000e+01 2.134661359959507010e+00
-5.000000000000000000e+01 3.400000000000000000e+01 2.150355601926855265e+00
-5.000000000000000000e+01 3.500000000000000000e+01 2.166288311274416678e+00
-5.000000000000000000e+01 3.600000000000000000e+01 2.182776731501522960e+00
-5.000000000000000000e+01 3.700000000000000000e+01 2.170832475764571612e+00
-5.000000000000000000e+01 3.800000000000000000e+01 nan
-5.000000000000000000e+01 3.900000000000000000e+01 nan
-5.000000000000000000e+01 4.000000000000000000e+01 nan
-5.000000000000000000e+01 4.100000000000000000e+01 nan
-4.900000000000000000e+01 1.900000000000000000e+01 nan
-4.900000000000000000e+01 2.000000000000000000e+01 nan
-4.900000000000000000e+01 2.100000000000000000e+01 2.181428332207826060e+00
-4.900000000000000000e+01 2.200000000000000000e+01 2.126665825206353500e+00
-4.900000000000000000e+01 2.300000000000000000e+01 nan
-4.900000000000000000e+01 2.400000000000000000e+01 nan
-4.900000000000000000e+01 2.500000000000000000e+01 nan
-4.900000000000000000e+01 2.600000000000000000e+01 nan
-4.900000000000000000e+01 2.700000000000000000e+01 nan
-4.900000000000000000e+01 2.800000000000000000e+01 nan
-4.900000000000000000e+01 2.900000000000000000e+01 nan
-4.900000000000000000e+01 3.000000000000000000e+01 nan
-4.900000000000000000e+01 3.100000000000000000e+01 nan
-4.900000000000000000e+01 3.200000000000000000e+01 nan
-4.900000000000000000e+01 3.300000000000000000e+01 nan
-4.900000000000000000e+01 3.400000000000000000e+01 nan
-4.900000000000000000e+01 3.500000000000000000e+01 nan
-4.900000000000000000e+01 3.600000000000000000e+01 nan
-4.900000000000000000e+01 3.700000000000000000e+01 nan
-4.900000000000000000e+01 3.800000000000000000e+01 nan
-4.900000000000000000e+01 3.900000000000000000e+01 nan
-4.900000000000000000e+01 4.000000000000000000e+01 nan
-4.900000000000000000e+01 4.100000000000000000e+01 nan
