Longitude[deg], Latitude[deg], Dust optical depth
5.000000000000000000e+00 -8.000000000000000000e+01 nan
5.000000000000000000e+00 -7.900000000000000000e+01 nan
5.000000000000000000e+00 -7.800000000000000000e+01 nan
5.000000000000000000e+00 -7.700000000000000000e+01 nan
5.000000000000000000e+00 -7.600000000000000000e+01 nan
5.000000000000000000e+00 -7.500000000000000000e+01 nan
5.000000000000000000e+00 -7.400000000000000000e+01 nan
5.000000000000000000e+00 -7.300000000000000000e+01 nan
5.000000000000000000e+00 -7.200000000000000000e+01 nan
5.000000000000000000e+00 -7.100000000000000000e+01 nan
5.000000000000000000e+00 -7.000000000000000000e+01 nan
5.000000000000000000e+00 -6.900000000000000000e+01 nan
5.000000000000000000e+00 -6.800000000000000000e+01 nan
5.000000000000000000e+00 -6.700000000000000000e+01 nan
5.000000000000000000e+00 -6.600000000000000000e+01 nan
5.000000000000000000e+00 -6.500000000000000000e+01 nan
5.000000000000000000e+00 -6.400000000000000000e+01 nan
5.000000000000000000e+00 -6.300000000000000000e+01 nan
5.000000000000000000e+00 -6.200000000000000000e+01 nan
5.000000000000000000e+00 -6.100000000000000000e+01 nan
5.000000000000000000e+00 -6.000000000000000000e+01 nan
5.000000000000000000e+00 -5.900000000000000000e+01 nan
5.000000000000000000e+00 -5.800000000000000000e+01 nan
5.000000000000000000e+00 -5.700000000000000000e+01 nan
5.000000000000000000e+00 -5.600000000000000000e+01 nan
5.000000000000000000e+00 -5.500000000000000000e+01 nan
5.000000000000000000e+00 -5.400000000000000000e+01 nan
5.000000000000000000e+00 -5.300000000000000000e+01 nan
5.000000000000000000e+00 -5.200000000000000000e+01 nan
5.000000000000000000e+00 -5.100000000000000000e+01 nan
5.000000000000000000e+00 -5.000000000000000000e+01 nan
5.000000000000000000e+00 -4.900000000000000000e+01 nan
5.000000000000000000e+00 -4.800000000000000000e+01 nan
5.000000000000000000e+00 -4.700000000000000000e+01 nan
5.000000000000000000e+00 -4.600000000000000000e+01 nan
5.000000000000000000e+00 -4.500000000000000000e+01 nan
5.000000000000000000e+00 -4.400000000000000000e+01 nan
5.000000000000000000e+00 -4.300000000000000000e+01 nan
5.000000000000000000e+00 -4.200000000000000000e+01 nan
5.000000000000000000e+00 -4.100000000000000000e+01 nan
5.000000000000000000e+00 -4.000000000000000000e+01 nan
5.000000000000000000e+00 -3.900000000000000000e+01 nan
5.000000000000000000e+00 -3.800000000000000000e+01 nan
5.000000000000000000e+00 -3.700000000000000000e+01 nan
5.000000000000000000e+00 -3.600000000000000000e+01 nan
5.000000000000000000e+00 -3.500000000000000000e+01 nan
5.000000000000000000e+00 -3.400000000000000000e+01 nan
6.000000000000000000e+00 -8.000000000000000000e+01 nan
6.000000000000000000e+00 -7.900000000000000000e+01 nan
6.000000000000000000e+00 -7.800000000000000000e+01 nan
6.000000000000000000e+00 -7.700000000000000000e+01 nan
6.000000000000000000e+00 -7.600000000000000000e+01 nan
6.000000000000000000e+00 -7.500000000000000000e+01 nan
6.000000000000000000e+00 -7.400000000000000000e+01 nan
6.000000000000000000e+00 -7.300000000000000000e+01 nan
6.000000000000000000e+00 -7.200000000000000000e+01 nan
6.000000000000000000e+00 -7.100000000000000000e+01 nan
6.000000000000000000e+00 -7.000000000000000000e+01 nan
6.000000000000000000e+00 -6.900000000000000000e+01 nan
6.000000000000000000e+00 -6.800000000000000000e+01 nan
6.000000000000000000e+00 -6.700000000000000000e+01 nan
6.000000000000000000e+00 -6.600000000000000000e+01 nan
6.000000000000000000e+00 -6.500000000000000000e+01 nan
6.000000000000000000e+00 -6.400000000000000000e+01 nan
6.000000000000000000e+00 -6.300000000000000000e+01 nan
6.000000000000000000e+00 -6.200000000000000000e+01 nan
6.000000000000000000e+00 -6.100000000000000000e+01 nan
6.000000000000000000e+00 -6.000000000000000000e+01 nan
6.000000000000000000e+00 -5.900000000000000000e+01 nan
6.000000000000000000e+00 -5.800000000000000000e+01 nan
6.000000000000000000e+00 -5.700000000000000000e+01 nan
6.000000000000000000e+00 -5.600000000000000000e+01 nan
6.000000000000000000e+00 -5.500000000000000000e+01 nan
6.000000000000000000e+00 -5.400000000000000000e+01 nan
6.000000000000000000e+00 -5.300000000000000000e+01 nan
6.000000000000000000e+00 -5.200000000000000000e+01 nan
6.000000000000000000e+00 -5.100000000000000000e+01 nan
6.000000000000000000e+00 -5.000000000000000000e+01 nan
6.000000000000000000e+00 -4.900000000000000000e+01 nan
6.000000000000000000e+00 -4.800000000000000000e+01 nan
6.000000000000000000e+00 -4.700000000000000000e+01 nan
6.000000000000000000e+00 -4.600000000000000000e+01 nan
6.000000000000000000e+00 -4.500000000000000000e+01 nan
6.000000000000000000e+00 -4.400000000000000000e+01 nan
6.000000000000000000e+00 -4.300000000000000000e+01 nan
6.000000000000000000e+00 -4.200000000000000000e+01 nan
6.000000000000000000e+00 -4.100000000000000000e+01 nan
6.000000000000000000e+00 -4.000000000000000000e+01 nan
6.000000000000000000e+00 -3.900000000000000000e+01 nan
6.000000000000000000e+00 -3.800000000000000000e+01 nan
6.000000000000000000e+00 -3.700000000000000000e+01 nan
6.000000000000000000e+00 -3.600000000000000000e+01 nan
6.000000000000000000e+00 -3.500000000000000000e+01 nan
6.000000000000000000e+00 -3.400000000000000000e+01 nan
7.000000000000000000e+00 -8.000000000000000000e+01 nan
7.000000000000000000e+00 -7.900000000000000000e+01 nan
7.000000000000000000e+00 -7.800000000000000000e+01 nan
7.000000000000000000e+00 -7.700000000000000000e+01 nan
7.000000000000000000e+00 -7.600000000000000000e+01 nan
7.000000000000000000e+00 -7.500000000000000000e+01 nan
7.000000000000000000e+00 -7.400000000000000000e+01 nan
7.000000000000000000e+00 -7.300000000000000000e+01 nan
7.000000000000000000e+00 -7.200000000000000000e+01 nan
7.000000000000000000e+00 -7.100000000000000000e+01 nan
7.000000000000000000e+00 -7.000000000000000000e+01 nan
7.000000000000000000e+00 -6.900000000000000000e+01 nan
7.000000000000000000e+00 -6.800000000000000000e+01 nan
7.000000000000000000e+00 -6.700000000000000000e+01 nan
7.000000000000000000e+00 -6.600000000000000000e+01 nan
7.000000000000000000e+00 -6.500000000000000000e+01 nan
7.000000000000000000e+00 -6.400000000000000000e+01 nan
7.000000000000000000e+00 -6.300000000000000000e+01 nan
7.000000000000000000e+00 -6.200000000000000000e+01 nan
7.000000000000000000e+00 -6.100000000000000000e+01 nan
7.000000000000000000e+00 -6.000000000000000000e+01 nan
7.000000000000000000e+00 -5.900000000000000000e+01 nan
7.000000000000000000e+00 -5.800000000000000000e+01 nan
7.000000000000000000e+00 -5.700000000000000000e+01 nan
7.000000000000000000e+00 -5.600000000000000000e+01 nan
7.000000000000000000e+00 -5.500000000000000000e+01 nan
7.000000000000000000e+00 -5.400000000000000000e+01 nan
7.000000000000000000e+00 -5.300000000000000000e+01 nan
7.000000000000000000e+00 -5.200000000000000000e+01 nan
7.000000000000000000e+00 -5.100000000000000000e+01 nan
7.000000000000000000e+00 -5.000000000000000000e+01 nan
7.000000000000000000e+00 -4.900000000000000000e+01 nan
7.000000000000000000e+00 -4.800000000000000000e+01 nan
7.000000000000000000e+00 -4.700000000000000000e+01 nan
7.000000000000000000e+00 -4.600000000000000000e+01 nan
7.000000000000000000e+00 -4.500000000000000000e+01 nan
7.000000000000000000e+00 -4.400000000000000000e+01 nan
7.000000000000000000e+00 -4.300000000000000000e+01 nan
7.000000000000000000e+00 -4.200000000000000000e+01 nan
7.000000000000000000e+00 -4.100000000000000000e+01 nan
7.000000000000000000e+00 -4.000000000000000000e+01 nan
7.000000000000000000e+00 -3.900000000000000000e+01 nan
7.000000000000000000e+00 -3.800000000000000000e+01 nan
7.000000000000000000e+00 -3.700000000000000000e+01 nan
7.000000000000000000e+00 -3.600000000000000000e+01 nan
7.000000000000000000e+00 -3.500000000000000000e+01 nan
7.000000000000000000e+00 -3.400000000000000000e+01 nan
8.000000000000000000e+00 -8.000000000000000000e+01 nan
8.000000000000000000e+00 -7.900000000000000000e+01 nan
8.000000000000000000e+00 -7.800000000000000000e+01 nan
8.000000000000000000e+00 -7.700000000000000000e+01 nan
8.000000000000000000e+00 -7.600000000000000000e+01 nan
8.000000000000000000e+00 -7.500000000000000000e+01 nan
8.000000000000000000e+00 -7.400000000000000000e+01 nan
8.000000000000000000e+00 -7.300000000000000000e+01 nan
8.000000000000000000e+00 -7.200000000000000000e+01 nan
8.000000000000000000e+00 -7.100000000000000000e+01 nan
8.000000000000000000e+00 -7.000000000000000000e+01 nan
8.000000000000000000e+00 -6.900000000000000000e+01 nan
8.000000000000000000e+00 -6.800000000000000000e+01 nan
8.000000000000000000e+00 -6.700000000000000000e+01 nan
8.000000000000000000e+00 -6.600000000000000000e+01 nan
8.000000000000000000e+00 -6.500000000000000000e+01 nan
8.000000000000000000e+00 -6.400000000000000000e+01 nan
8.000000000000000000e+00 -6.300000000000000000e+01 nan
8.000000000000000000e+00 -6.200000000000000000e+01 nan
8.000000000000000000e+00 -6.100000000000000000e+01 nan
8.000000000000000000e+00 -6.000000000000000000e+01 nan
8.000000000000000000e+00 -5.900000000000000000e+01 nan
8.000000000000000000e+00 -5.800000000000000000e+01 nan
8.000000000000000000e+00 -5.700000000000000000e+01 nan
8.000000000000000000e+00 -5.600000000000000000e+01 nan
8.000000000000000000e+00 -5.500000000000000000e+01 nan
8.000000000000000000e+00 -5.400000000000000000e+01 nan
8.000000000000000000e+00 -5.300000000000000000e+01 nan
8.000000000000000000e+00 -5.200000000000000000e+01 nan
8.000000000000000000e+00 -5.100000000000000000e+01 nan
8.000000000000000000e+00 -5.000000000000000000e+01 nan
8.000000000000000000e+00 -4.900000000000000000e+01 nan
8.000000000000000000e+00 -4.800000000000000000e+01 nan
8.000000000000000000e+00 -4.700000000000000000e+01 nan
8.000000000000000000e+00 -4.600000000000000000e+01 nan
8.000000000000000000e+00 -4.500000000000000000e+01 nan
8.000000000000000000e+00 -4.400000000000000000e+01 nan
8.000000000000000000e+00 -4.300000000000000000e+01 nan
8.000000000000000000e+00 -4.200000000000000000e+01 nan
8.000000000000000000e+00 -4.100000000000000000e+01 nan
8.000000000000000000e+00 -4.000000000000000000e+01 nan
8.000000000000000000e+00 -3.900000000000000000e+01 nan
8.000000000000000000e+00 -3.800000000000000000e+01 nan
8.000000000000000000e+00 -3.700000000000000000e+01 nan
8.000000000000000000e+00 -3.600000000000000000e+01 nan
8.000000000000000000e+00 -3.500000000000000000e+01 nan
8.000000000000000000e+00 -3.400000000000000000e+01 nan
9.000000000000000000e+00 -8.000000000000000000e+01 nan
9.000000000000000000e+00 -7.900000000000000000e+01 nan
9.000000000000000000e+00 -7.800000000000000000e+01 nan
9.000000000000000000e+00 -7.700000000000000000e+01 nan
9.000000000000000000e+00 -7.600000000000000000e+01 nan
9.000000000000000000e+00 -7.500000000000000000e+01 nan
9.000000000000000000e+00 -7.400000000000000000e+01 nan
9.000000000000000000e+00 -7.300000000000000000e+01 nan
9.000000000000000000e+00 -7.200000000000000000e+01 nan
9.000000000000000000e+00 -7.100000000000000000e+01 nan
9.000000000000000000e+00 -7.000000000000000000e+01 nan
9.000000000000000000e+00 -6.900000000000000000e+01 nan
9.000000000000000000e+00 -6.800000000000000000e+01 nan
9.000000000000000000e+00 -6.700000000000000000e+01 nan
9.000000000000000000e+00 -6.600000000000000000e+01 nan
9.000000000000000000e+00 -6.500000000000000000e+01 nan
9.000000000000000000e+00 -6.400000000000000000e+01 nan
9.000000000000000000e+00 -6.300000000000000000e+01 nan
9.000000000000000000e+00 -6.200000000000000000e+01 nan
9.000000000000000000e+00 -6.100000000000000000e+01 nan
9.000000000000000000e+00 -6.000000000000000000e+01 nan
9.000000000000000000e+00 -5.900000000000000000e+01 nan
9.000000000000000000e+00 -5.800000000000000000e+01 nan
9.000000000000000000e+00 -5.700000000000000000e+01 nan
9.000000000000000000e+00 -5.600000000000000000e+01 nan
9.000000000000000000e+00 -5.500000000000000000e+01 nan
9.000000000000000000e+00 -5.400000000000000000e+01 nan
9.000000000000000000e+00 -5.300000000000000000e+01 nan
9.000000000000000000e+00 -5.200000000000000000e+01 nan
9.000000000000000000e+00 -5.100000000000000000e+01 nan
9.000000000000000000e+00 -5.000000000000000000e+01 nan
9.000000000000000000e+00 -4.900000000000000000e+01 nan
9.000000000000000000e+00 -4.800000000000000000e+01 nan
9.000000000000000000e+00 -4.700000000000000000e+01 nan
9.000000000000000000e+00 -4.600000000000000000e+01 nan
9.000000000000000000e+00 -4.500000000000000000e+01 nan
9.000000000000000000e+00 -4.400000000000000000e+01 nan
9.000000000000000000e+00 -4.300000000000000000e+01 nan
9.000000000000000000e+00 -4.200000000000000000e+01 nan
9.000000000000000000e+00 -4.100000000000000000e+01 nan
9.000000000000000000e+00 -4.000000000000000000e+01 nan
9.000000000000000000e+00 -3.900000000000000000e+01 nan
9.000000000000000000e+00 -3.800000000000000000e+01 nan
9.000000000000000000e+00 -3.700000000000000000e+01 nan
9.000000000000000000e+00 -3.600000000000000000e+01 nan
9.000000000000000000e+00 -3.500000000000000000e+01 nan
9.000000000000000000e+00 -3.400000000000000000e+01 nan
1.000000000000000000e+01 -8.000000000000000000e+01 nan
1.000000000000000000e+01 -7.900000000000000000e+01 nan
1.000000000000000000e+01 -7.800000000000000000e+01 nan
1.000000000000000000e+01 -7.700000000000000000e+01 nan
1.000000000000000000e+01 -7.600000000000000000e+01 nan
1.000000000000000000e+01 -7.500000000000000000e+01 nan
1.000000000000000000e+01 -7.400000000000000000e+01 nan
1.000000000000000000e+01 -7.300000000000000000e+01 nan
1.000000000000000000e+01 -7.200000000000000000e+01 nan
1.000000000000000000e+01 -7.100000000000000000e+01 nan
1.000000000000000000e+01 -7.000000000000000000e+01 nan
1.000000000000000000e+01 -6.900000000000000000e+01 nan
1.000000000000000000e+01 -6.800000000000000000e+01 nan
1.000000000000000000e+01 -6.700000000000000000e+01 nan
1.000000000000000000e+01 -6.600000000000000000e+01 nan
1.000000000000000000e+01 -6.500000000000000000e+01 nan
1.000000000000000000e+01 -6.400000000000000000e+01 nan
1.000000000000000000e+01 -6.300000000000000000e+01 nan
1.000000000000000000e+01 -6.200000000000000000e+01 nan
1.000000000000000000e+01 -6.100000000000000000e+01 nan
1.000000000000000000e+01 -6.000000000000000000e+01 nan
1.000000000000000000e+01 -5.900000000000000000e+01 nan
1.000000000000000000e+01 -5.800000000000000000e+01 nan
1.000000000000000000e+01 -5.700000000000000000e+01 nan
1.000000000000000000e+01 -5.600000000000000000e+01 nan
1.000000000000000000e+01 -5.500000000000000000e+01 nan
1.000000000000000000e+01 -5.400000000000000000e+01 nan
1.000000000000000000e+01 -5.300000000000000000e+01 nan
1.000000000000000000e+01 -5.200000000000000000e+01 nan
1.000000000000000000e+01 -5.100000000000000000e+01 nan
1.000000000000000000e+01 -5.000000000000000000e+01 nan
1.000000000000000000e+01 -4.900000000000000000e+01 nan
1.000000000000000000e+01 -4.800000000000000000e+01 nan
1.000000000000000000e+01 -4.700000000000000000e+01 nan
1.000000000000000000e+01 -4.600000000000000000e+01 nan
1.000000000000000000e+01 -4.500000000000000000e+01 nan
1.000000000000000000e+01 -4.400000000000000000e+01 nan
1.000000000000000000e+01 -4.300000000000000000e+01 nan
1.000000000000000000e+01 -4.200000000000000000e+01 nan
1.000000000000000000e+01 -4.100000000000000000e+01 nan
1.000000000000000000e+01 -4.000000000000000000e+01 nan
1.000000000000000000e+01 -3.900000000000000000e+01 nan
1.000000000000000000e+01 -3.800000000000000000e+01 nan
1.000000000000000000e+01 -3.700000000000000000e+01 nan
1.000000000000000000e+01 -3.600000000000000000e+01 nan
1.000000000000000000e+01 -3.500000000000000000e+01 nan
1.000000000000000000e+01 -3.400000000000000000e+01 nan
1.100000000000000000e+01 -8.000000000000000000e+01 nan
1.100000000000000000e+01 -7.900000000000000000e+01 nan
1.100000000000000000e+01 -7.800000000000000000e+01 nan
1.100000000000000000e+01 -7.700000000000000000e+01 nan
1.100000000000000000e+01 -7.600000000000000000e+01 nan
1.100000000000000000e+01 -7.500000000000000000e+01 nan
1.100000000000000000e+01 -7.400000000000000000e+01 nan
1.100000000000000000e+01 -7.300000000000000000e+01 nan
1.100000000000000000e+01 -7.200000000000000000e+01 nan
1.100000000000000000e+01 -7.100000000000000000e+01 nan
1.100000000000000000e+01 -7.000000000000000000e+01 nan
1.100000000000000000e+01 -6.900000000000000000e+01 nan
1.100000000000000000e+01 -6.800000000000000000e+01 nan
1.100000000000000000e+01 -6.700000000000000000e+01 nan
1.100000000000000000e+01 -6.600000000000000000e+01 nan
1.100000000000000000e+01 -6.500000000000000000e+01 nan
1.100000000000000000e+01 -6.400000000000000000e+01 nan
1.100000000000000000e+01 -6.300000000000000000e+01 nan
1.100000000000000000e+01 -6.200000000000000000e+01 nan
1.100000000000000000e+01 -6.100000000000000000e+01 nan
1.100000000000000000e+01 -6.000000000000000000e+01 nan
1.100000000000000000e+01 -5.900000000000000000e+01 nan
1.100000000000000000e+01 -5.800000000000000000e+01 nan
1.100000000000000000e+01 -5.700000000000000000e+01 nan
1.100000000000000000e+01 -5.600000000000000000e+01 nan
1.100000000000000000e+01 -5.500000000000000000e+01 nan
1.100000000000000000e+01 -5.400000000000000000e+01 nan
1.100000000000000000e+01 -5.300000000000000000e+01 nan
1.100000000000000000e+01 -5.200000000000000000e+01 nan
1.100000000000000000e+01 -5.100000000000000000e+01 nan
1.100000000000000000e+01 -5.000000000000000000e+01 nan
1.100000000000000000e+01 -4.900000000000000000e+01 nan
1.100000000000000000e+01 -4.800000000000000000e+01 nan
1.100000000000000000e+01 -4.700000000000000000e+01 nan
1.100000000000000000e+01 -4.600000000000000000e+01 nan
1.100000000000000000e+01 -4.500000000000000000e+01 nan
1.100000000000000000e+01 -4.400000000000000000e+01 nan
1.100000000000000000e+01 -4.300000000000000000e+01 nan
1.100000000000000000e+01 -4.200000000000000000e+01 nan
1.100000000000000000e+01 -4.100000000000000000e+01 nan
1.100000000000000000e+01 -4.000000000000000000e+01 nan
1.100000000000000000e+01 -3.900000000000000000e+01 nan
1.100000000000000000e+01 -3.800000000000000000e+01 nan
1.100000000000000000e+01 -3.700000000000000000e+01 nan
1.100000000000000000e+01 -3.600000000000000000e+01 nan
1.100000000000000000e+01 -3.500000000000000000e+01 nan
1.100000000000000000e+01 -3.400000000000000000e+01 nan
1.200000000000000000e+01 -8.000000000000000000e+01 nan
1.200000000000000000e+01 -7.900000000000000000e+01 nan
1.200000000000000000e+01 -7.800000000000000000e+01 nan
1.200000000000000000e+01 -7.700000000000000000e+01 nan
1.200000000000000000e+01 -7.600000000000000000e+01 nan
1.200000000000000000e+01 -7.500000000000000000e+01 nan
1.200000000000000000e+01 -7.400000000000000000e+01 nan
1.200000000000000000e+01 -7.300000000000000000e+01 nan
1.200000000000000000e+01 -7.200000000000000000e+01 nan
1.200000000000000000e+01 -7.100000000000000000e+01 nan
1.200000000000000000e+01 -7.000000000000000000e+01 nan
1.200000000000000000e+01 -6.900000000000000000e+01 nan
1.200000000000000000e+01 -6.800000000000000000e+01 nan
1.200000000000000000e+01 -6.700000000000000000e+01 nan
1.200000000000000000e+01 -6.600000000000000000e+01 nan
1.200000000000000000e+01 -6.500000000000000000e+01 nan
1.200000000000000000e+01 -6.400000000000000000e+01 nan
1.200000000000000000e+01 -6.300000000000000000e+01 nan
1.200000000000000000e+01 -6.200000000000000000e+01 nan
1.200000000000000000e+01 -6.100000000000000000e+01 nan
1.200000000000000000e+01 -6.000000000000000000e+01 nan
1.200000000000000000e+01 -5.900000000000000000e+01 nan
1.200000000000000000e+01 -5.800000000000000000e+01 nan
1.200000000000000000e+01 -5.700000000000000000e+01 nan
1.200000000000000000e+01 -5.600000000000000000e+01 nan
1.200000000000000000e+01 -5.500000000000000000e+01 nan
1.200000000000000000e+01 -5.400000000000000000e+01 nan
1.200000000000000000e+01 -5.300000000000000000e+01 nan
1.200000000000000000e+01 -5.200000000000000000e+01 nan
1.200000000000000000e+01 -5.100000000000000000e+01 nan
1.200000000000000000e+01 -5.000000000000000000e+01 nan
1.200000000000000000e+01 -4.900000000000000000e+01 nan
1.200000000000000000e+01 -4.800000000000000000e+01 nan
1.200000000000000000e+01 -4.700000000000000000e+01 nan
1.200000000000000000e+01 -4.600000000000000000e+01 nan
1.200000000000000000e+01 -4.500000000000000000e+01 nan
1.200000000000000000e+01 -4.400000000000000000e+01 nan
1.200000000000000000e+01 -4.300000000000000000e+01 nan
1.200000000000000000e+01 -4.200000000000000000e+01 nan
1.200000000000000000e+01 -4.100000000000000000e+01 nan
1.200000000000000000e+01 -4.000000000000000000e+01 nan
1.200000000000000000e+01 -3.900000000000000000e+01 nan
1.200000000000000000e+01 -3.800000000000000000e+01 nan
1.200000000000000000e+01 -3.700000000000000000e+01 nan
1.200000000000000000e+01 -3.600000000000000000e+01 nan
1.200000000000000000e+01 -3.500000000000000000e+01 nan
1.200000000000000000e+01 -3.400000000000000000e+01 nan
1.300000000000000000e+01 -8.000000000000000000e+01 nan
1.300000000000000000e+01 -7.900000000000000000e+01 nan
1.300000000000000000e+01 -7.800000000000000000e+01 nan
1.300000000000000000e+01 -7.700000000000000000e+01 nan
1.300000000000000000e+01 -7.600000000000000000e+01 nan
1.300000000000000000e+01 -7.500000000000000000e+01 nan
1.300000000000000000e+01 -7.400000000000000000e+01 nan
1.300000000000000000e+01 -7.300000000000000000e+01 nan
1.300000000000000000e+01 -7.200000000000000000e+01 nan
1.300000000000000000e+01 -7.100000000000000000e+01 nan
1.300000000000000000e+01 -7.000000000000000000e+01 nan
1.300000000000000000e+01 -6.900000000000000000e+01 nan
1.300000000000000000e+01 -6.800000000000000000e+01 nan
1.300000000000000000e+01 -6.700000000000000000e+01 nan
1.300000000000000000e+01 -6.600000000000000000e+01 nan
1.300000000000000000e+01 -6.500000000000000000e+01 nan
1.300000000000000000e+01 -6.400000000000000000e+01 nan
1.300000000000000000e+01 -6.300000000000000000e+01 nan
1.300000000000000000e+01 -6.200000000000000000e+01 nan
1.300000000000000000e+01 -6.100000000000000000e+01 nan
1.300000000000000000e+01 -6.000000000000000000e+01 nan
1.300000000000000000e+01 -5.900000000000000000e+01 nan
1.300000000000000000e+01 -5.800000000000000000e+01 nan
1.300000000000000000e+01 -5.700000000000000000e+01 nan
1.300000000000000000e+01 -5.600000000000000000e+01 nan
1.300000000000000000e+01 -5.500000000000000000e+01 nan
1.300000000000000000e+01 -5.400000000000000000e+01 nan
1.300000000000000000e+01 -5.300000000000000000e+01 nan
1.300000000000000000e+01 -5.200000000000000000e+01 nan
1.300000000000000000e+01 -5.100000000000000000e+01 nan
1.300000000000000000e+01 -5.000000000000000000e+01 nan
1.300000000000000000e+01 -4.900000000000000000e+01 nan
1.300000000000000000e+01 -4.800000000000000000e+01 nan
1.300000000000000000e+01 -4.700000000000000000e+01 nan
1.300000000000000000e+01 -4.600000000000000000e+01 nan
1.300000000000000000e+01 -4.500000000000000000e+01 nan
1.300000000000000000e+01 -4.400000000000000000e+01 nan
1.300000000000000000e+01 -4.300000000000000000e+01 nan
1.300000000000000000e+01 -4.200000000000000000e+01 nan
1.300000000000000000e+01 -4.100000000000000000e+01 nan
1.300000000000000000e+01 -4.000000000000000000e+01 nan
1.300000000000000000e+01 -3.900000000000000000e+01 nan
1.300000000000000000e+01 -3.800000000000000000e+01 nan
1.300000000000000000e+01 -3.700000000000000000e+01 nan
1.300000000000000000e+01 -3.600000000000000000e+01 nan
1.300000000000000000e+01 -3.500000000000000000e+01 nan
1.300000000000000000e+01 -3.400000000000000000e+01 nan
1.400000000000000000e+01 -8.000000000000000000e+01 nan
1.400000000000000000e+01 -7.900000000000000000e+01 nan
1.400000000000000000e+01 -7.800000000000000000e+01 nan
1.400000000000000000e+01 -7.700000000000000000e+01 nan
1.400000000000000000e+01 -7.600000000000000000e+01 nan
1.400000000000000000e+01 -7.500000000000000000e+01 nan
1.400000000000000000e+01 -7.400000000000000000e+01 nan
1.400000000000000000e+01 -7.300000000000000000e+01 nan
1.400000000000000000e+01 -7.200000000000000000e+01 nan
1.400000000000000000e+01 -7.100000000000000000e+01 nan
1.400000000000000000e+01 -7.000000000000000000e+01 nan
1.400000000000000000e+01 -6.900000000000000000e+01 nan
1.400000000000000000e+01 -6.800000000000000000e+01 nan
1.400000000000000000e+01 -6.700000000000000000e+01 nan
1.400000000000000000e+01 -6.600000000000000000e+01 nan
1.400000000000000000e+01 -6.500000000000000000e+01 nan
1.400000000000000000e+01 -6.400000000000000000e+01 nan
1.400000000000000000e+01 -6.300000000000000000e+01 nan
1.400000000000000000e+01 -6.200000000000000000e+01 nan
1.400000000000000000e+01 -6.100000000000000000e+01 nan
1.400000000000000000e+01 -6.000000000000000000e+01 nan
1.400000000000000000e+01 -5.900000000000000000e+01 nan
1.400000000000000000e+01 -5.800000000000000000e+01 nan
1.400000000000000000e+01 -5.700000000000000000e+01 nan
1.400000000000000000e+01 -5.600000000000000000e+01 nan
1.400000000000000000e+01 -5.500000000000000000e+01 nan
1.400000000000000000e+01 -5.400000000000000000e+01 nan
1.400000000000000000e+01 -5.300000000000000000e+01 nan
1.400000000000000000e+01 -5.200000000000000000e+01 nan
1.400000000000000000e+01 -5.100000000000000000e+01 nan
1.400000000000000000e+01 -5.000000000000000000e+01 nan
1.400000000000000000e+01 -4.900000000000000000e+01 nan
1.400000000000000000e+01 -4.800000000000000000e+01 nan
1.400000000000000000e+01 -4.700000000000000000e+01 nan
1.400000000000000000e+01 -4.600000000000000000e+01 nan
1.400000000000000000e+01 -4.500000000000000000e+01 nan
1.400000000000000000e+01 -4.400000000000000000e+01 nan
1.400000000000000000e+01 -4.300000000000000000e+01 nan
1.400000000000000000e+01 -4.200000000000000000e+01 nan
1.400000000000000000e+01 -4.100000000000000000e+01 nan
1.400000000000000000e+01 -4.000000000000000000e+01 nan
1.400000000000000000e+01 -3.900000000000000000e+01 nan
1.400000000000000000e+01 -3.800000000000000000e+01 nan
1.400000000000000000e+01 -3.700000000000000000e+01 nan
1.400000000000000000e+01 -3.600000000000000000e+01 nan
1.400000000000000000e+01 -3.500000000000000000e+01 nan
1.400000000000000000e+01 -3.400000000000000000e+01 nan
1.500000000000000000e+01 -8.000000000000000000e+01 nan
1.500000000000000000e+01 -7.900000000000000000e+01 nan
1.500000000000000000e+01 -7.800000000000000000e+01 nan
1.500000000000000000e+01 -7.700000000000000000e+01 nan
1.500000000000000000e+01 -7.600000000000000000e+01 nan
1.500000000000000000e+01 -7.500000000000000000e+01 nan
1.500000000000000000e+01 -7.400000000000000000e+01 nan
1.500000000000000000e+01 -7.300000000000000000e+01 nan
1.500000000000000000e+01 -7.200000000000000000e+01 nan
1.500000000000000000e+01 -7.100000000000000000e+01 nan
1.500000000000000000e+01 -7.000000000000000000e+01 nan
1.500000000000000000e+01 -6.900000000000000000e+01 nan
1.500000000000000000e+01 -6.800000000000000000e+01 nan
1.500000000000000000e+01 -6.700000000000000000e+01 nan
1.500000000000000000e+01 -6.600000000000000000e+01 nan
1.500000000000000000e+01 -6.500000000000000000e+01 nan
1.500000000000000000e+01 -6.400000000000000000e+01 nan
1.500000000000000000e+01 -6.300000000000000000e+01 nan
1.500000000000000000e+01 -6.200000000000000000e+01 nan
1.500000000000000000e+01 -6.100000000000000000e+01 nan
1.500000000000000000e+01 -6.000000000000000000e+01 nan
1.500000000000000000e+01 -5.900000000000000000e+01 nan
1.500000000000000000e+01 -5.800000000000000000e+01 nan
1.500000000000000000e+01 -5.700000000000000000e+01 nan
1.500000000000000000e+01 -5.600000000000000000e+01 nan
1.500000000000000000e+01 -5.500000000000000000e+01 nan
1.500000000000000000e+01 -5.400000000000000000e+01 nan
1.500000000000000000e+01 -5.300000000000000000e+01 nan
1.500000000000000000e+01 -5.200000000000000000e+01 nan
1.500000000000000000e+01 -5.100000000000000000e+01 nan
1.500000000000000000e+01 -5.000000000000000000e+01 nan
1.500000000000000000e+01 -4.900000000000000000e+01 nan
1.500000000000000000e+01 -4.800000000000000000e+01 nan
1.500000000000000000e+01 -4.700000000000000000e+01 nan
1.500000000000000000e+01 -4.600000000000000000e+01 nan
1.500000000000000000e+01 -4.500000000000000000e+01 nan
1.500000000000000000e+01 -4.400000000000000000e+01 nan
1.500000000000000000e+01 -4.300000000000000000e+01 nan
1.500000000000000000e+01 -4.200000000000000000e+01 nan
1.500000000000000000e+01 -4.100000000000000000e+01 nan
1.500000000000000000e+01 -4.000000000000000000e+01 nan
1.500000000000000000e+01 -3.900000000000000000e+01 nan
1.500000000000000000e+01 -3.800000000000000000e+01 nan
1.500000000000000000e+01 -3.700000000000000000e+01 nan
1.500000000000000000e+01 -3.600000000000000000e+01 nan
1.500000000000000000e+01 -3.500000000000000000e+01 nan
1.500000000000000000e+01 -3.400000000000000000e+01 nan
1.600000000000000000e+01 -8.000000000000000000e+01 nan
1.600000000000000000e+01 -7.900000000000000000e+01 nan
1.600000000000000000e+01 -7.800000000000000000e+01 nan
1.600000000000000000e+01 -7.700000000000000000e+01 nan
1.600000000000000000e+01 -7.600000000000000000e+01 nan
1.600000000000000000e+01 -7.500000000000000000e+01 nan
1.600000000000000000e+01 -7.400000000000000000e+01 nan
1.600000000000000000e+01 -7.300000000000000000e+01 nan
1.600000000000000000e+01 -7.200000000000000000e+01 nan
1.600000000000000000e+01 -7.100000000000000000e+01 nan
1.600000000000000000e+01 -7.000000000000000000e+01 nan
1.600000000000000000e+01 -6.900000000000000000e+01 nan
1.600000000000000000e+01 -6.800000000000000000e+01 nan
1.600000000000000000e+01 -6.700000000000000000e+01 nan
1.600000000000000000e+01 -6.600000000000000000e+01 nan
1.600000000000000000e+01 -6.500000000000000000e+01 nan
1.600000000000000000e+01 -6.400000000000000000e+01 nan
1.600000000000000000e+01 -6.300000000000000000e+01 nan
1.600000000000000000e+01 -6.200000000000000000e+01 nan
1.600000000000000000e+01 -6.100000000000000000e+01 nan
1.600000000000000000e+01 -6.000000000000000000e+01 nan
1.600000000000000000e+01 -5.900000000000000000e+01 nan
1.600000000000000000e+01 -5.800000000000000000e+01 nan
1.600000000000000000e+01 -5.700000000000000000e+01 nan
1.600000000000000000e+01 -5.600000000000000000e+01 nan
1.600000000000000000e+01 -5.500000000000000000e+01 nan
1.600000000000000000e+01 -5.400000000000000000e+01 nan
1.600000000000000000e+01 -5.300000000000000000e+01 nan
1.600000000000000000e+01 -5.200000000000000000e+01 nan
1.600000000000000000e+01 -5.100000000000000000e+01 nan
1.600000000000000000e+01 -5.000000000000000000e+01 nan
1.600000000000000000e+01 -4.900000000000000000e+01 nan
1.600000000000000000e+01 -4.800000000000000000e+01 nan
1.600000000000000000e+01 -4.700000000000000000e+01 nan
1.600000000000000000e+01 -4.600000000000000000e+01 nan
1.600000000000000000e+01 -4.500000000000000000e+01 nan
1.600000000000000000e+01 -4.400000000000000000e+01 nan
1.600000000000000000e+01 -4.300000000000000000e+01 nan
1.600000000000000000e+01 -4.200000000000000000e+01 nan
1.600000000000000000e+01 -4.100000000000000000e+01 nan
1.600000000000000000e+01 -4.000000000000000000e+01 nan
1.600000000000000000e+01 -3.900000000000000000e+01 nan
1.600000000000000000e+01 -3.800000000000000000e+01 nan
1.600000000000000000e+01 -3.700000000000000000e+01 nan
1.600000000000000000e+01 -3.600000000000000000e+01 nan
1.600000000000000000e+01 -3.500000000000000000e+01 nan
1.600000000000000000e+01 -3.400000000000000000e+01 nan
1.700000000000000000e+01 -8.000000000000000000e+01 nan
1.700000000000000000e+01 -7.900000000000000000e+01 nan
1.700000000000000000e+01 -7.800000000000000000e+01 nan
1.700000000000000000e+01 -7.700000000000000000e+01 nan
1.700000000000000000e+01 -7.600000000000000000e+01 nan
1.700000000000000000e+01 -7.500000000000000000e+01 nan
1.700000000000000000e+01 -7.400000000000000000e+01 nan
1.700000000000000000e+01 -7.300000000000000000e+01 nan
1.700000000000000000e+01 -7.200000000000000000e+01 nan
1.700000000000000000e+01 -7.100000000000000000e+01 nan
1.700000000000000000e+01 -7.000000000000000000e+01 nan
1.700000000000000000e+01 -6.900000000000000000e+01 nan
1.700000000000000000e+01 -6.800000000000000000e+01 nan
1.700000000000000000e+01 -6.700000000000000000e+01 nan
1.700000000000000000e+01 -6.600000000000000000e+01 nan
1.700000000000000000e+01 -6.500000000000000000e+01 nan
1.700000000000000000e+01 -6.400000000000000000e+01 nan
1.700000000000000000e+01 -6.300000000000000000e+01 nan
1.700000000000000000e+01 -6.200000000000000000e+01 nan
1.700000000000000000e+01 -6.100000000000000000e+01 nan
1.700000000000000000e+01 -6.000000000000000000e+01 nan
1.700000000000000000e+01 -5.900000000000000000e+01 nan
1.700000000000000000e+01 -5.800000000000000000e+01 nan
1.700000000000000000e+01 -5.700000000000000000e+01 nan
1.700000000000000000e+01 -5.600000000000000000e+01 nan
1.700000000000000000e+01 -5.500000000000000000e+01 nan
1.700000000000000000e+01 -5.400000000000000000e+01 nan
1.700000000000000000e+01 -5.300000000000000000e+01 nan
1.700000000000000000e+01 -5.200000000000000000e+01 nan
1.700000000000000000e+01 -5.100000000000000000e+01 nan
1.700000000000000000e+01 -5.000000000000000000e+01 nan
1.700000000000000000e+01 -4.900000000000000000e+01 nan
1.700000000000000000e+01 -4.800000000000000000e+01 nan
1.700000000000000000e+01 -4.700000000000000000e+01 nan
1.700000000000000000e+01 -4.600000000000000000e+01 nan
1.700000000000000000e+01 -4.500000000000000000e+01 nan
1.700000000000000000e+01 -4.400000000000000000e+01 nan
1.700000000000000000e+01 -4.300000000000000000e+01 nan
1.700000000000000000e+01 -4.200000000000000000e+01 nan
1.700000000000000000e+01 -4.100000000000000000e+01 nan
1.700000000000000000e+01 -4.000000000000000000e+01 nan
1.700000000000000000e+01 -3.900000000000000000e+01 nan
1.700000000000000000e+01 -3.800000000000000000e+01 nan
1.700000000000000000e+01 -3.700000000000000000e+01 nan
1.700000000000000000e+01 -3.600000000000000000e+01 nan
1.700000000000000000e+01 -3.500000000000000000e+01 nan
1.700000000000000000e+01 -3.400000000000000000e+01 nan
1.800000000000000000e+01 -8.000000000000000000e+01 nan
1.800000000000000000e+01 -7.900000000000000000e+01 nan
1.800000000000000000e+01 -7.800000000000000000e+01 nan
1.800000000000000000e+01 -7.700000000000000000e+01 nan
1.800000000000000000e+01 -7.600000000000000000e+01 nan
1.800000000000000000e+01 -7.500000000000000000e+01 nan
1.800000000000000000e+01 -7.400000000000000000e+01 nan
1.800000000000000000e+01 -7.300000000000000000e+01 nan
1.800000000000000000e+01 -7.200000000000000000e+01 nan
1.800000000000000000e+01 -7.100000000000000000e+01 nan
1.800000000000000000e+01 -7.000000000000000000e+01 nan
1.800000000000000000e+01 -6.900000000000000000e+01 nan
1.800000000000000000e+01 -6.800000000000000000e+01 nan
1.800000000000000000e+01 -6.700000000000000000e+01 nan
1.800000000000000000e+01 -6.600000000000000000e+01 nan
1.800000000000000000e+01 -6.500000000000000000e+01 nan
1.800000000000000000e+01 -6.400000000000000000e+01 nan
1.800000000000000000e+01 -6.300000000000000000e+01 nan
1.800000000000000000e+01 -6.200000000000000000e+01 nan
1.800000000000000000e+01 -6.100000000000000000e+01 nan
1.800000000000000000e+01 -6.000000000000000000e+01 nan
1.800000000000000000e+01 -5.900000000000000000e+01 nan
1.800000000000000000e+01 -5.800000000000000000e+01 nan
1.800000000000000000e+01 -5.700000000000000000e+01 nan
1.800000000000000000e+01 -5.600000000000000000e+01 nan
1.800000000000000000e+01 -5.500000000000000000e+01 nan
1.800000000000000000e+01 -5.400000000000000000e+01 nan
1.800000000000000000e+01 -5.300000000000000000e+01 nan
1.800000000000000000e+01 -5.200000000000000000e+01 nan
1.800000000000000000e+01 -5.100000000000000000e+01 nan
1.800000000000000000e+01 -5.000000000000000000e+01 nan
1.800000000000000000e+01 -4.900000000000000000e+01 nan
1.800000000000000000e+01 -4.800000000000000000e+01 nan
1.800000000000000000e+01 -4.700000000000000000e+01 nan
1.800000000000000000e+01 -4.600000000000000000e+01 nan
1.800000000000000000e+01 -4.500000000000000000e+01 nan
1.800000000000000000e+01 -4.400000000000000000e+01 nan
1.800000000000000000e+01 -4.300000000000000000e+01 nan
1.800000000000000000e+01 -4.200000000000000000e+01 nan
1.800000000000000000e+01 -4.100000000000000000e+01 nan
1.800000000000000000e+01 -4.000000000000000000e+01 nan
1.800000000000000000e+01 -3.900000000000000000e+01 nan
1.800000000000000000e+01 -3.800000000000000000e+01 nan
1.800000000000000000e+01 -3.700000000000000000e+01 nan
1.800000000000000000e+01 -3.600000000000000000e+01 nan
1.800000000000000000e+01 -3.500000000000000000e+01 nan
1.800000000000000000e+01 -3.400000000000000000e+01 nan
1.900000000000000000e+01 -8.000000000000000000e+01 nan
1.900000000000000000e+01 -7.900000000000000000e+01 nan
1.900000000000000000e+01 -7.800000000000000000e+01 nan
1.900000000000000000e+01 -7.700000000000000000e+01 nan
1.900000000000000000e+01 -7.600000000000000000e+01 nan
1.900000000000000000e+01 -7.500000000000000000e+01 nan
1.900000000000000000e+01 -7.400000000000000000e+01 nan
1.900000000000000000e+01 -7.300000000000000000e+01 nan
1.900000000000000000e+01 -7.200000000000000000e+01 nan
1.900000000000000000e+01 -7.100000000000000000e+01 nan
1.900000000000000000e+01 -7.000000000000000000e+01 nan
1.900000000000000000e+01 -6.900000000000000000e+01 nan
1.900000000000000000e+01 -6.800000000000000000e+01 nan
1.900000000000000000e+01 -6.700000000000000000e+01 nan
1.900000000000000000e+01 -6.600000000000000000e+01 nan
1.900000000000000000e+01 -6.500000000000000000e+01 nan
1.900000000000000000e+01 -6.400000000000000000e+01 nan
1.900000000000000000e+01 -6.300000000000000000e+01 nan
1.900000000000000000e+01 -6.200000000000000000e+01 nan
1.900000000000000000e+01 -6.100000000000000000e+01 nan
1.900000000000000000e+01 -6.000000000000000000e+01 7.900515883307364096e-01
1.900000000000000000e+01 -5.900000000000000000e+01 8.011069115207142266e-01
1.900000000000000000e+01 -5.800000000000000000e+01 8.143272184062216867e-01
1.900000000000000000e+01 -5.700000000000000000e+01 8.505284532011853083e-01
1.900000000000000000e+01 -5.600000000000000000e+01 7.605631381355385523e-01
1.900000000000000000e+01 -5.500000000000000000e+01 nan
1.900000000000000000e+01 -5.400000000000000000e+01 nan
1.900000000000000000e+01 -5.300000000000000000e+01 nan
1.900000000000000000e+01 -5.200000000000000000e+01 nan
1.900000000000000000e+01 -5.100000000000000000e+01 nan
1.900000000000000000e+01 -5.000000000000000000e+01 nan
1.900000000000000000e+01 -4.900000000000000000e+01 nan
1.900000000000000000e+01 -4.800000000000000000e+01 nan
1.900000000000000000e+01 -4.700000000000000000e+01 nan
1.900000000000000000e+01 -4.600000000000000000e+01 nan
1.900000000000000000e+01 -4.500000000000000000e+01 nan
1.900000000000000000e+01 -4.400000000000000000e+01 nan
1.900000000000000000e+01 -4.300000000000000000e+01 nan
1.900000000000000000e+01 -4.200000000000000000e+01 nan
1.900000000000000000e+01 -4.100000000000000000e+01 nan
1.900000000000000000e+01 -4.000000000000000000e+01 nan
1.900000000000000000e+01 -3.900000000000000000e+01 nan
1.900000000000000000e+01 -3.800000000000000000e+01 nan
1.900000000000000000e+01 -3.700000000000000000e+01 nan
1.900000000000000000e+01 -3.600000000000000000e+01 nan
1.900000000000000000e+01 -3.500000000000000000e+01 nan
1.900000000000000000e+01 -3.400000000000000000e+01 nan
2.000000000000000000e+01 -8.000000000000000000e+01 nan
2.000000000000000000e+01 -7.900000000000000000e+01 nan
2.000000000000000000e+01 -7.800000000000000000e+01 nan
2.000000000000000000e+01 -7.700000000000000000e+01 nan
2.000000000000000000e+01 -7.600000000000000000e+01 nan
2.000000000000000000e+01 -7.500000000000000000e+01 nan
2.000000000000000000e+01 -7.400000000000000000e+01 nan
2.000000000000000000e+01 -7.300000000000000000e+01 nan
2.000000000000000000e+01 -7.200000000000000000e+01 nan
2.000000000000000000e+01 -7.100000000000000000e+01 nan
2.000000000000000000e+01 -7.000000000000000000e+01 nan
2.000000000000000000e+01 -6.900000000000000000e+01 nan
2.000000000000000000e+01 -6.800000000000000000e+01 nan
2.000000000000000000e+01 -6.700000000000000000e+01 nan
2.000000000000000000e+01 -6.600000000000000000e+01 nan
2.000000000000000000e+01 -6.500000000000000000e+01 nan
2.000000000000000000e+01 -6.400000000000000000e+01 nan
2.000000000000000000e+01 -6.300000000000000000e+01 nan
2.000000000000000000e+01 -6.200000000000000000e+01 nan
2.000000000000000000e+01 -6.100000000000000000e+01 nan
2.000000000000000000e+01 -6.000000000000000000e+01 7.900515883307364096e-01
2.000000000000000000e+01 -5.900000000000000000e+01 8.011069115207142266e-01
2.000000000000000000e+01 -5.800000000000000000e+01 8.155144472346299578e-01
2.000000000000000000e+01 -5.700000000000000000e+01 8.490648053720948329e-01
2.000000000000000000e+01 -5.600000000000000000e+01 8.446541383619577958e-01
2.000000000000000000e+01 -5.500000000000000000e+01 8.779546160892877094e-01
2.000000000000000000e+01 -5.400000000000000000e+01 9.455936606390267229e-01
2.000000000000000000e+01 -5.300000000000000000e+01 1.037920832709616326e+00
2.000000000000000000e+01 -5.200000000000000000e+01 1.094590155181680791e+00
2.000000000000000000e+01 -5.100000000000000000e+01 1.088660602178786352e+00
2.000000000000000000e+01 -5.000000000000000000e+01 1.079204211050094120e+00
2.000000000000000000e+01 -4.900000000000000000e+01 9.430561746838060921e-01
2.000000000000000000e+01 -4.800000000000000000e+01 7.885493098338568485e-01
2.000000000000000000e+01 -4.700000000000000000e+01 7.500987916862716931e-01
2.000000000000000000e+01 -4.600000000000000000e+01 8.176830551907735556e-01
2.000000000000000000e+01 -4.500000000000000000e+01 7.012768974415580781e-01
2.000000000000000000e+01 -4.400000000000000000e+01 nan
2.000000000000000000e+01 -4.300000000000000000e+01 nan
2.000000000000000000e+01 -4.200000000000000000e+01 nan
2.000000000000000000e+01 -4.100000000000000000e+01 nan
2.000000000000000000e+01 -4.000000000000000000e+01 nan
2.000000000000000000e+01 -3.900000000000000000e+01 nan
2.000000000000000000e+01 -3.800000000000000000e+01 nan
2.000000000000000000e+01 -3.700000000000000000e+01 nan
2.000000000000000000e+01 -3.600000000000000000e+01 nan
2.000000000000000000e+01 -3.500000000000000000e+01 nan
2.000000000000000000e+01 -3.400000000000000000e+01 nan
2.100000000000000000e+01 -8.000000000000000000e+01 nan
2.100000000000000000e+01 -7.900000000000000000e+01 nan
2.100000000000000000e+01 -7.800000000000000000e+01 nan
2.100000000000000000e+01 -7.700000000000000000e+01 nan
2.100000000000000000e+01 -7.600000000000000000e+01 nan
2.100000000000000000e+01 -7.500000000000000000e+01 nan
2.100000000000000000e+01 -7.400000000000000000e+01 nan
2.100000000000000000e+01 -7.300000000000000000e+01 nan
2.100000000000000000e+01 -7.200000000000000000e+01 nan
2.100000000000000000e+01 -7.100000000000000000e+01 nan
2.100000000000000000e+01 -7.000000000000000000e+01 nan
2.100000000000000000e+01 -6.900000000000000000e+01 nan
2.100000000000000000e+01 -6.800000000000000000e+01 nan
2.100000000000000000e+01 -6.700000000000000000e+01 nan
2.100000000000000000e+01 -6.600000000000000000e+01 nan
2.100000000000000000e+01 -6.500000000000000000e+01 nan
2.100000000000000000e+01 -6.400000000000000000e+01 nan
2.100000000000000000e+01 -6.300000000000000000e+01 nan
2.100000000000000000e+01 -6.200000000000000000e+01 nan
2.100000000000000000e+01 -6.100000000000000000e+01 nan
2.100000000000000000e+01 -6.000000000000000000e+01 nan
2.100000000000000000e+01 -5.900000000000000000e+01 nan
2.100000000000000000e+01 -5.800000000000000000e+01 8.184662208686974694e-01
2.100000000000000000e+01 -5.700000000000000000e+01 8.486208105651011913e-01
2.100000000000000000e+01 -5.600000000000000000e+01 8.503089225510608307e-01
2.100000000000000000e+01 -5.500000000000000000e+01 8.779546160892877094e-01
2.100000000000000000e+01 -5.400000000000000000e+01 9.455936606390267229e-01
2.100000000000000000e+01 -5.300000000000000000e+01 1.037920832709616326e+00
2.100000000000000000e+01 -5.200000000000000000e+01 1.094590155181680791e+00
2.100000000000000000e+01 -5.100000000000000000e+01 1.088660602178786352e+00
2.100000000000000000e+01 -5.000000000000000000e+01 1.079204211050094120e+00
2.100000000000000000e+01 -4.900000000000000000e+01 9.430561746838060921e-01
2.100000000000000000e+01 -4.800000000000000000e+01 7.801676473717609195e-01
2.100000000000000000e+01 -4.700000000000000000e+01 7.363909170518561087e-01
2.100000000000000000e+01 -4.600000000000000000e+01 6.950159838325700168e-01
2.100000000000000000e+01 -4.500000000000000000e+01 6.933676791281858653e-01
2.100000000000000000e+01 -4.400000000000000000e+01 7.595954388587847772e-01
2.100000000000000000e+01 -4.300000000000000000e+01 7.550079352486603890e-01
2.100000000000000000e+01 -4.200000000000000000e+01 6.470918079641361231e-01
2.100000000000000000e+01 -4.100000000000000000e+01 6.954648845568560667e-01
2.100000000000000000e+01 -4.000000000000000000e+01 7.198066320977867250e-01
2.100000000000000000e+01 -3.900000000000000000e+01 7.570216137685634727e-01
2.100000000000000000e+01 -3.800000000000000000e+01 7.520324953943541280e-01
2.100000000000000000e+01 -3.700000000000000000e+01 6.076847450112181637e-01
2.100000000000000000e+01 -3.600000000000000000e+01 7.257818973988161559e-01
2.100000000000000000e+01 -3.500000000000000000e+01 7.519576997444976652e-01
2.100000000000000000e+01 -3.400000000000000000e+01 nan
2.200000000000000000e+01 -8.000000000000000000e+01 nan
2.200000000000000000e+01 -7.900000000000000000e+01 nan
2.200000000000000000e+01 -7.800000000000000000e+01 nan
2.200000000000000000e+01 -7.700000000000000000e+01 nan
2.200000000000000000e+01 -7.600000000000000000e+01 nan
2.200000000000000000e+01 -7.500000000000000000e+01 nan
2.200000000000000000e+01 -7.400000000000000000e+01 nan
2.200000000000000000e+01 -7.300000000000000000e+01 nan
2.200000000000000000e+01 -7.200000000000000000e+01 nan
2.200000000000000000e+01 -7.100000000000000000e+01 nan
2.200000000000000000e+01 -7.000000000000000000e+01 nan
2.200000000000000000e+01 -6.900000000000000000e+01 nan
2.200000000000000000e+01 -6.800000000000000000e+01 nan
2.200000000000000000e+01 -6.700000000000000000e+01 nan
2.200000000000000000e+01 -6.600000000000000000e+01 nan
2.200000000000000000e+01 -6.500000000000000000e+01 nan
2.200000000000000000e+01 -6.400000000000000000e+01 nan
2.200000000000000000e+01 -6.300000000000000000e+01 nan
2.200000000000000000e+01 -6.200000000000000000e+01 nan
2.200000000000000000e+01 -6.100000000000000000e+01 nan
2.200000000000000000e+01 -6.000000000000000000e+01 nan
2.200000000000000000e+01 -5.900000000000000000e+01 nan
2.200000000000000000e+01 -5.800000000000000000e+01 nan
2.200000000000000000e+01 -5.700000000000000000e+01 nan
2.200000000000000000e+01 -5.600000000000000000e+01 nan
2.200000000000000000e+01 -5.500000000000000000e+01 nan
2.200000000000000000e+01 -5.400000000000000000e+01 nan
2.200000000000000000e+01 -5.300000000000000000e+01 nan
2.200000000000000000e+01 -5.200000000000000000e+01 nan
2.200000000000000000e+01 -5.100000000000000000e+01 nan
2.200000000000000000e+01 -5.000000000000000000e+01 nan
2.200000000000000000e+01 -4.900000000000000000e+01 nan
2.200000000000000000e+01 -4.800000000000000000e+01 5.193142433129090962e-01
2.200000000000000000e+01 -4.700000000000000000e+01 6.351268243253224144e-01
2.200000000000000000e+01 -4.600000000000000000e+01 6.469821360847840541e-01
2.200000000000000000e+01 -4.500000000000000000e+01 6.917480828393498538e-01
2.200000000000000000e+01 -4.400000000000000000e+01 7.595954388587847772e-01
2.200000000000000000e+01 -4.300000000000000000e+01 7.550079352486603890e-01
2.200000000000000000e+01 -4.200000000000000000e+01 6.470918079641361231e-01
2.200000000000000000e+01 -4.100000000000000000e+01 6.954648845568560667e-01
2.200000000000000000e+01 -4.000000000000000000e+01 7.198066320977867250e-01
2.200000000000000000e+01 -3.900000000000000000e+01 7.570216137685634727e-01
2.200000000000000000e+01 -3.800000000000000000e+01 7.520324953943541280e-01
2.200000000000000000e+01 -3.700000000000000000e+01 6.076847450112181637e-01
2.200000000000000000e+01 -3.600000000000000000e+01 7.257818973988161559e-01
2.200000000000000000e+01 -3.500000000000000000e+01 7.519576997444976652e-01
2.200000000000000000e+01 -3.400000000000000000e+01 nan
