Longitude[deg], Latitude[deg], Dust optical depth
7.300000000000000000e+01 -3.000000000000000000e+01 9.737932898497046352e+00
7.300000000000000000e+01 -2.900000000000000000e+01 9.547356783059097296e+00
7.300000000000000000e+01 -2.800000000000000000e+01 9.508712036011317537e+00
7.300000000000000000e+01 -2.700000000000000000e+01 9.608432183530936754e+00
7.300000000000000000e+01 -2.600000000000000000e+01 9.661743708616203463e+00
7.300000000000000000e+01 -2.500000000000000000e+01 9.642654592045424522e+00
7.300000000000000000e+01 -2.400000000000000000e+01 9.467401464909814379e+00
7.300000000000000000e+01 -2.300000000000000000e+01 9.222277173507469783e+00
7.300000000000000000e+01 -2.200000000000000000e+01 9.072472741206951241e+00
7.300000000000000000e+01 -2.100000000000000000e+01 8.904428501044538535e+00
7.300000000000000000e+01 -2.000000000000000000e+01 8.580047209159996413e+00
7.300000000000000000e+01 -1.900000000000000000e+01 8.247194089177554588e+00
7.300000000000000000e+01 -1.800000000000000000e+01 8.215516871964279488e+00
7.300000000000000000e+01 -1.700000000000000000e+01 8.163331972556594707e+00
7.300000000000000000e+01 -1.600000000000000000e+01 8.110134716136959909e+00
7.300000000000000000e+01 -1.500000000000000000e+01 8.160121974936068057e+00
7.300000000000000000e+01 -1.400000000000000000e+01 nan
7.400000000000000000e+01 -3.000000000000000000e+01 9.598644260564311637e+00
7.400000000000000000e+01 -2.900000000000000000e+01 9.516701894005310081e+00
7.400000000000000000e+01 -2.800000000000000000e+01 9.463904443804061373e+00
7.400000000000000000e+01 -2.700000000000000000e+01 9.442316505399150017e+00
7.400000000000000000e+01 -2.600000000000000000e+01 9.448662049965713905e+00
7.400000000000000000e+01 -2.500000000000000000e+01 9.471624441234308023e+00
7.400000000000000000e+01 -2.400000000000000000e+01 9.303254383120673765e+00
7.400000000000000000e+01 -2.300000000000000000e+01 9.051981410571348974e+00
7.400000000000000000e+01 -2.200000000000000000e+01 8.857839532780289460e+00
7.400000000000000000e+01 -2.100000000000000000e+01 8.734988988509620356e+00
7.400000000000000000e+01 -2.000000000000000000e+01 8.495408754811530017e+00
7.400000000000000000e+01 -1.900000000000000000e+01 8.204842305156574866e+00
7.400000000000000000e+01 -1.800000000000000000e+01 8.154409489952781698e+00
7.400000000000000000e+01 -1.700000000000000000e+01 8.077596119767505911e+00
7.400000000000000000e+01 -1.600000000000000000e+01 8.056424344069167631e+00
7.400000000000000000e+01 -1.500000000000000000e+01 8.071358555150018432e+00
7.400000000000000000e+01 -1.400000000000000000e+01 nan
7.500000000000000000e+01 -3.000000000000000000e+01 9.551767073081308013e+00
7.500000000000000000e+01 -2.900000000000000000e+01 9.507278187810731751e+00
7.500000000000000000e+01 -2.800000000000000000e+01 9.425317210676478652e+00
7.500000000000000000e+01 -2.700000000000000000e+01 9.298866248126838485e+00
7.500000000000000000e+01 -2.600000000000000000e+01 9.285615218881199340e+00
7.500000000000000000e+01 -2.500000000000000000e+01 9.311005797315019095e+00
7.500000000000000000e+01 -2.400000000000000000e+01 9.236997385747855560e+00
7.500000000000000000e+01 -2.300000000000000000e+01 8.949706773377652524e+00
7.500000000000000000e+01 -2.200000000000000000e+01 8.666291388006158058e+00
7.500000000000000000e+01 -2.100000000000000000e+01 8.587132220915393077e+00
7.500000000000000000e+01 -2.000000000000000000e+01 8.429511138970141815e+00
7.500000000000000000e+01 -1.900000000000000000e+01 8.186944970497718188e+00
7.500000000000000000e+01 -1.800000000000000000e+01 8.045588042248324356e+00
7.500000000000000000e+01 -1.700000000000000000e+01 7.956427920948870636e+00
7.500000000000000000e+01 -1.600000000000000000e+01 7.872442829479696869e+00
7.500000000000000000e+01 -1.500000000000000000e+01 8.034883954504763892e+00
7.500000000000000000e+01 -1.400000000000000000e+01 nan
