Longitude[deg], Latitude[deg], Dust optical depth
-7.600000000000000000e+01 -3.000000000000000000e+00 nan
-7.600000000000000000e+01 -2.000000000000000000e+00 nan
-7.600000000000000000e+01 -1.000000000000000000e+00 nan
-7.600000000000000000e+01 0.000000000000000000e+00 nan
-7.600000000000000000e+01 1.000000000000000000e+00 1.522664965336683052e+00
-7.600000000000000000e+01 2.000000000000000000e+00 1.638377557844212795e+00
-7.600000000000000000e+01 3.000000000000000000e+00 2.134634340480782377e+00
-7.600000000000000000e+01 4.000000000000000000e+00 2.357745791991121109e+00
-7.600000000000000000e+01 5.000000000000000000e+00 2.409663884373175247e+00
-7.600000000000000000e+01 6.000000000000000000e+00 2.513996156962042150e+00
-7.600000000000000000e+01 7.000000000000000000e+00 2.526806538249429135e+00
-7.600000000000000000e+01 8.000000000000000000e+00 2.215180648947390640e+00
-7.600000000000000000e+01 9.000000000000000000e+00 1.729637053341856578e+00
-7.600000000000000000e+01 1.000000000000000000e+01 1.636959961817361364e+00
-7.600000000000000000e+01 1.100000000000000000e+01 1.536453866046726402e+00
-7.600000000000000000e+01 1.200000000000000000e+01 1.516743126167825695e+00
-7.500000000000000000e+01 -3.000000000000000000e+00 1.975902438324958821e+00
-7.500000000000000000e+01 -2.000000000000000000e+00 1.925253799006481970e+00
-7.500000000000000000e+01 -1.000000000000000000e+00 1.789205517360858977e+00
-7.500000000000000000e+01 0.000000000000000000e+00 1.637108206804589905e+00
-7.500000000000000000e+01 1.000000000000000000e+00 1.528179354688625535e+00
-7.500000000000000000e+01 2.000000000000000000e+00 1.575458416616068336e+00
-7.500000000000000000e+01 3.000000000000000000e+00 2.046273365984069059e+00
-7.500000000000000000e+01 4.000000000000000000e+00 2.359819454296285812e+00
-7.500000000000000000e+01 5.000000000000000000e+00 2.429892867942762269e+00
-7.500000000000000000e+01 6.000000000000000000e+00 2.513522091175567130e+00
-7.500000000000000000e+01 7.000000000000000000e+00 2.519809924822075775e+00
-7.500000000000000000e+01 8.000000000000000000e+00 2.258938519773735276e+00
-7.500000000000000000e+01 9.000000000000000000e+00 2.003574065339146504e+00
-7.500000000000000000e+01 1.000000000000000000e+01 1.697811272745562539e+00
-7.500000000000000000e+01 1.100000000000000000e+01 1.544993931462329106e+00
-7.500000000000000000e+01 1.200000000000000000e+01 1.529696974645254226e+00
-7.400000000000000000e+01 -3.000000000000000000e+00 1.974660641009102546e+00
-7.400000000000000000e+01 -2.000000000000000000e+00 1.937306209976551674e+00
-7.400000000000000000e+01 -1.000000000000000000e+00 1.824857652382178008e+00
-7.400000000000000000e+01 0.000000000000000000e+00 1.641367136306536301e+00
-7.400000000000000000e+01 1.000000000000000000e+00 1.540073059457221394e+00
-7.400000000000000000e+01 2.000000000000000000e+00 1.583223461852212965e+00
-7.400000000000000000e+01 3.000000000000000000e+00 2.084473245154530474e+00
-7.400000000000000000e+01 4.000000000000000000e+00 2.360532303455073144e+00
-7.400000000000000000e+01 5.000000000000000000e+00 2.433309363113830504e+00
-7.400000000000000000e+01 6.000000000000000000e+00 2.514683663318173057e+00
-7.400000000000000000e+01 7.000000000000000000e+00 2.511934801483350910e+00
-7.400000000000000000e+01 8.000000000000000000e+00 2.269436452212180821e+00
-7.400000000000000000e+01 9.000000000000000000e+00 2.042458624653468835e+00
-7.400000000000000000e+01 1.000000000000000000e+01 1.723925674610768288e+00
-7.400000000000000000e+01 1.100000000000000000e+01 1.571547778917749660e+00
-7.400000000000000000e+01 1.200000000000000000e+01 1.541729152027093930e+00
-7.300000000000000000e+01 -3.000000000000000000e+00 1.912053188150851568e+00
-7.300000000000000000e+01 -2.000000000000000000e+00 2.044786485078570415e+00
-7.300000000000000000e+01 -1.000000000000000000e+00 2.009744356182503022e+00
-7.300000000000000000e+01 0.000000000000000000e+00 1.656062105944628327e+00
-7.300000000000000000e+01 1.000000000000000000e+00 1.564092410509797304e+00
-7.300000000000000000e+01 2.000000000000000000e+00 1.840222632284531201e+00
-7.300000000000000000e+01 3.000000000000000000e+00 2.207044783963038714e+00
-7.300000000000000000e+01 4.000000000000000000e+00 2.355505436799476993e+00
-7.300000000000000000e+01 5.000000000000000000e+00 2.437465481594226713e+00
-7.300000000000000000e+01 6.000000000000000000e+00 2.521052475209818677e+00
-7.300000000000000000e+01 7.000000000000000000e+00 2.426531097811319260e+00
-7.300000000000000000e+01 8.000000000000000000e+00 2.188424921944448265e+00
-7.300000000000000000e+01 9.000000000000000000e+00 2.057297765718212990e+00
-7.300000000000000000e+01 1.000000000000000000e+01 1.785020323597852565e+00
-7.300000000000000000e+01 1.100000000000000000e+01 1.761773217487744736e+00
-7.300000000000000000e+01 1.200000000000000000e+01 nan
