Longitude[deg], Latitude[deg], Dust optical depth
-5.200000000000000000e+01 1.000000000000000000e+00 nan
-5.200000000000000000e+01 2.000000000000000000e+00 nan
-5.200000000000000000e+01 3.000000000000000000e+00 nan
-5.200000000000000000e+01 4.000000000000000000e+00 nan
-5.200000000000000000e+01 5.000000000000000000e+00 nan
-5.200000000000000000e+01 6.000000000000000000e+00 nan
-5.200000000000000000e+01 7.000000000000000000e+00 nan
-5.200000000000000000e+01 8.000000000000000000e+00 nan
-5.200000000000000000e+01 9.000000000000000000e+00 nan
-5.200000000000000000e+01 1.000000000000000000e+01 nan
-5.200000000000000000e+01 1.100000000000000000e+01 nan
-5.200000000000000000e+01 1.200000000000000000e+01 nan
-5.200000000000000000e+01 1.300000000000000000e+01 nan
-5.200000000000000000e+01 1.400000000000000000e+01 nan
-5.200000000000000000e+01 1.500000000000000000e+01 nan
-5.200000000000000000e+01 1.600000000000000000e+01 nan
-5.200000000000000000e+01 1.700000000000000000e+01 3.781294643816734968e-01
-5.200000000000000000e+01 1.800000000000000000e+01 3.746543051595163654e-01
-5.200000000000000000e+01 1.900000000000000000e+01 3.736062578830302572e-01
-5.200000000000000000e+01 2.000000000000000000e+01 3.693449280454138006e-01
-5.200000000000000000e+01 2.100000000000000000e+01 3.810794507757486738e-01
-5.200000000000000000e+01 2.200000000000000000e+01 nan
-5.100000000000000000e+01 1.000000000000000000e+00 nan
-5.100000000000000000e+01 2.000000000000000000e+00 nan
-5.100000000000000000e+01 3.000000000000000000e+00 nan
-5.100000000000000000e+01 4.000000000000000000e+00 nan
-5.100000000000000000e+01 5.000000000000000000e+00 nan
-5.100000000000000000e+01 6.000000000000000000e+00 1.132540094935297281e+00
-5.100000000000000000e+01 7.000000000000000000e+00 9.946681802194562438e-01
-5.100000000000000000e+01 8.000000000000000000e+00 9.798742826997015598e-01
-5.100000000000000000e+01 9.000000000000000000e+00 8.661135565136046655e-01
-5.100000000000000000e+01 1.000000000000000000e+01 7.855960637569797678e-01
-5.100000000000000000e+01 1.100000000000000000e+01 6.928075200402964429e-01
-5.100000000000000000e+01 1.200000000000000000e+01 4.848242286839937742e-01
-5.100000000000000000e+01 1.300000000000000000e+01 3.816843676855469769e-01
-5.100000000000000000e+01 1.400000000000000000e+01 3.561629196481982951e-01
-5.100000000000000000e+01 1.500000000000000000e+01 3.222123727080695721e-01
-5.100000000000000000e+01 1.600000000000000000e+01 2.401234985555462109e-01
-5.100000000000000000e+01 1.700000000000000000e+01 3.314563652208320499e-01
-5.100000000000000000e+01 1.800000000000000000e+01 3.734473472791343673e-01
-5.100000000000000000e+01 1.900000000000000000e+01 3.768534324360044985e-01
-5.100000000000000000e+01 2.000000000000000000e+01 3.965258636408846016e-01
-5.100000000000000000e+01 2.100000000000000000e+01 3.800850525576649486e-01
-5.100000000000000000e+01 2.200000000000000000e+01 3.805169418099921819e-01
-5.000000000000000000e+01 1.000000000000000000e+00 nan
-5.000000000000000000e+01 2.000000000000000000e+00 1.467899356156224355e+00
-5.000000000000000000e+01 3.000000000000000000e+00 1.313353341039319444e+00
-5.000000000000000000e+01 4.000000000000000000e+00 1.176503178534318073e+00
-5.000000000000000000e+01 5.000000000000000000e+00 1.106958400293078570e+00
-5.000000000000000000e+01 6.000000000000000000e+00 1.124583522961481119e+00
-5.000000000000000000e+01 7.000000000000000000e+00 1.028815515944487169e+00
-5.000000000000000000e+01 8.000000000000000000e+00 9.849434490302050316e-01
-5.000000000000000000e+01 9.000000000000000000e+00 8.524709849717253540e-01
-5.000000000000000000e+01 1.000000000000000000e+01 7.472520374653913722e-01
-5.000000000000000000e+01 1.100000000000000000e+01 6.784201170672515824e-01
-5.000000000000000000e+01 1.200000000000000000e+01 4.684094220063249603e-01
-5.000000000000000000e+01 1.300000000000000000e+01 4.164801092237641056e-01
-5.000000000000000000e+01 1.400000000000000000e+01 4.363575261859305998e-01
-5.000000000000000000e+01 1.500000000000000000e+01 3.383332567498146259e-01
-5.000000000000000000e+01 1.600000000000000000e+01 2.412018835786761961e-01
-5.000000000000000000e+01 1.700000000000000000e+01 3.235928601390336556e-01
-5.000000000000000000e+01 1.800000000000000000e+01 3.763164948406786947e-01
-5.000000000000000000e+01 1.900000000000000000e+01 3.858434917869664194e-01
-5.000000000000000000e+01 2.000000000000000000e+01 4.245091218390543708e-01
-5.000000000000000000e+01 2.100000000000000000e+01 3.798340977791727635e-01
-5.000000000000000000e+01 2.200000000000000000e+01 3.790546219194248501e-01
-4.900000000000000000e+01 1.000000000000000000e+00 1.302980273565090386e+00
-4.900000000000000000e+01 2.000000000000000000e+00 1.475722442409957313e+00
-4.900000000000000000e+01 3.000000000000000000e+00 1.340746632145885853e+00
-4.900000000000000000e+01 4.000000000000000000e+00 1.187812510554800305e+00
-4.900000000000000000e+01 5.000000000000000000e+00 1.161763243119072975e+00
-4.900000000000000000e+01 6.000000000000000000e+00 1.151492532407056402e+00
-4.900000000000000000e+01 7.000000000000000000e+00 1.032589238426925293e+00
-4.900000000000000000e+01 8.000000000000000000e+00 9.920011986639072354e-01
-4.900000000000000000e+01 9.000000000000000000e+00 8.351873663425510852e-01
-4.900000000000000000e+01 1.000000000000000000e+01 6.887531291190500671e-01
-4.900000000000000000e+01 1.100000000000000000e+01 6.547297626370200962e-01
-4.900000000000000000e+01 1.200000000000000000e+01 4.779394880684645908e-01
-4.900000000000000000e+01 1.300000000000000000e+01 4.498352295680757007e-01
-4.900000000000000000e+01 1.400000000000000000e+01 4.583415902379753271e-01
-4.900000000000000000e+01 1.500000000000000000e+01 3.490312192173716244e-01
-4.900000000000000000e+01 1.600000000000000000e+01 2.651027600734173761e-01
-4.900000000000000000e+01 1.700000000000000000e+01 3.396457029364178259e-01
-4.900000000000000000e+01 1.800000000000000000e+01 4.045383382020619201e-01
-4.900000000000000000e+01 1.900000000000000000e+01 4.255453104163980371e-01
-4.900000000000000000e+01 2.000000000000000000e+01 4.319647772439468292e-01
-4.900000000000000000e+01 2.100000000000000000e+01 3.840674228925931577e-01
-4.900000000000000000e+01 2.200000000000000000e+01 3.803489107316015416e-01
-4.800000000000000000e+01 1.000000000000000000e+00 nan
-4.800000000000000000e+01 2.000000000000000000e+00 1.483015722901275701e+00
-4.800000000000000000e+01 3.000000000000000000e+00 1.372759222261544787e+00
-4.800000000000000000e+01 4.000000000000000000e+00 1.197782177167847184e+00
-4.800000000000000000e+01 5.000000000000000000e+00 1.184055621613904208e+00
-4.800000000000000000e+01 6.000000000000000000e+00 1.164277703262408314e+00
-4.800000000000000000e+01 7.000000000000000000e+00 1.029773162598881076e+00
-4.800000000000000000e+01 8.000000000000000000e+00 9.963872724250414370e-01
-4.800000000000000000e+01 9.000000000000000000e+00 8.184245556502307561e-01
-4.800000000000000000e+01 1.000000000000000000e+01 5.898379014868351256e-01
-4.800000000000000000e+01 1.100000000000000000e+01 5.740813324582205723e-01
-4.800000000000000000e+01 1.200000000000000000e+01 4.967895369562493890e-01
-4.800000000000000000e+01 1.300000000000000000e+01 4.919075665939004471e-01
-4.800000000000000000e+01 1.400000000000000000e+01 4.623830053409943575e-01
-4.800000000000000000e+01 1.500000000000000000e+01 3.393102201751590496e-01
-4.800000000000000000e+01 1.600000000000000000e+01 3.073191211833489200e-01
-4.800000000000000000e+01 1.700000000000000000e+01 3.881911176410193232e-01
-4.800000000000000000e+01 1.800000000000000000e+01 4.212799069355562254e-01
-4.800000000000000000e+01 1.900000000000000000e+01 4.633640442074416499e-01
-4.800000000000000000e+01 2.000000000000000000e+01 4.370122098791746623e-01
-4.800000000000000000e+01 2.100000000000000000e+01 4.138448460056313727e-01
-4.800000000000000000e+01 2.200000000000000000e+01 nan
-4.700000000000000000e+01 1.000000000000000000e+00 nan
-4.700000000000000000e+01 2.000000000000000000e+00 nan
-4.700000000000000000e+01 3.000000000000000000e+00 nan
-4.700000000000000000e+01 4.000000000000000000e+00 nan
-4.700000000000000000e+01 5.000000000000000000e+00 nan
-4.700000000000000000e+01 6.000000000000000000e+00 nan
-4.700000000000000000e+01 7.000000000000000000e+00 nan
-4.700000000000000000e+01 8.000000000000000000e+00 nan
-4.700000000000000000e+01 9.000000000000000000e+00 nan
-4.700000000000000000e+01 1.000000000000000000e+01 nan
-4.700000000000000000e+01 1.100000000000000000e+01 nan
-4.700000000000000000e+01 1.200000000000000000e+01 nan
-4.700000000000000000e+01 1.300000000000000000e+01 nan
-4.700000000000000000e+01 1.400000000000000000e+01 nan
-4.700000000000000000e+01 1.500000000000000000e+01 nan
-4.700000000000000000e+01 1.600000000000000000e+01 nan
-4.700000000000000000e+01 1.700000000000000000e+01 nan
-4.700000000000000000e+01 1.800000000000000000e+01 nan
-4.700000000000000000e+01 1.900000000000000000e+01 nan
-4.700000000000000000e+01 2.000000000000000000e+01 nan
-4.700000000000000000e+01 2.100000000000000000e+01 nan
-4.700000000000000000e+01 2.200000000000000000e+01 nan
