Longitude[deg], Latitude[deg], Dust optical depth
1.440000000000000000e+02 -4.600000000000000000e+01 4.555359427422359886e+00
1.440000000000000000e+02 -4.500000000000000000e+01 4.660057599385978300e+00
1.440000000000000000e+02 -4.400000000000000000e+01 4.856038742991642287e+00
1.440000000000000000e+02 -4.300000000000000000e+01 4.859959707386405370e+00
1.440000000000000000e+02 -4.200000000000000000e+01 nan
1.440000000000000000e+02 -4.100000000000000000e+01 nan
1.440000000000000000e+02 -4.000000000000000000e+01 nan
1.440000000000000000e+02 -3.900000000000000000e+01 nan
1.440000000000000000e+02 -3.800000000000000000e+01 nan
1.440000000000000000e+02 -3.700000000000000000e+01 nan
1.440000000000000000e+02 -3.600000000000000000e+01 nan
1.440000000000000000e+02 -3.500000000000000000e+01 nan
1.440000000000000000e+02 -3.400000000000000000e+01 nan
1.440000000000000000e+02 -3.300000000000000000e+01 nan
1.440000000000000000e+02 -3.200000000000000000e+01 nan
1.440000000000000000e+02 -3.100000000000000000e+01 nan
1.440000000000000000e+02 -3.000000000000000000e+01 nan
1.440000000000000000e+02 -2.900000000000000000e+01 nan
1.440000000000000000e+02 -2.800000000000000000e+01 nan
1.440000000000000000e+02 -2.700000000000000000e+01 nan
1.440000000000000000e+02 -2.600000000000000000e+01 nan
1.440000000000000000e+02 -2.500000000000000000e+01 nan
1.440000000000000000e+02 -2.400000000000000000e+01 nan
1.440000000000000000e+02 -2.300000000000000000e+01 nan
1.440000000000000000e+02 -2.200000000000000000e+01 nan
1.440000000000000000e+02 -2.100000000000000000e+01 nan
1.440000000000000000e+02 -2.000000000000000000e+01 nan
1.440000000000000000e+02 -1.900000000000000000e+01 nan
1.450000000000000000e+02 -4.600000000000000000e+01 4.565617675181492530e+00
1.450000000000000000e+02 -4.500000000000000000e+01 4.755938952915270690e+00
1.450000000000000000e+02 -4.400000000000000000e+01 4.891858963678537009e+00
1.450000000000000000e+02 -4.300000000000000000e+01 5.054549221165761885e+00
1.450000000000000000e+02 -4.200000000000000000e+01 5.344335213835718967e+00
1.450000000000000000e+02 -4.100000000000000000e+01 5.452189820313124713e+00
1.450000000000000000e+02 -4.000000000000000000e+01 5.708194545143427945e+00
1.450000000000000000e+02 -3.900000000000000000e+01 5.705064948912975886e+00
1.450000000000000000e+02 -3.800000000000000000e+01 5.558125188461828792e+00
1.450000000000000000e+02 -3.700000000000000000e+01 5.386257450637295996e+00
1.450000000000000000e+02 -3.600000000000000000e+01 5.161682242061411685e+00
1.450000000000000000e+02 -3.500000000000000000e+01 4.895604103663340645e+00
1.450000000000000000e+02 -3.400000000000000000e+01 4.822865857691516212e+00
1.450000000000000000e+02 -3.300000000000000000e+01 4.866305224714099431e+00
1.450000000000000000e+02 -3.200000000000000000e+01 4.949414377974652446e+00
1.450000000000000000e+02 -3.100000000000000000e+01 5.062771847437881334e+00
1.450000000000000000e+02 -3.000000000000000000e+01 5.021964957765954196e+00
1.450000000000000000e+02 -2.900000000000000000e+01 4.918207702128779779e+00
1.450000000000000000e+02 -2.800000000000000000e+01 4.879962254382399500e+00
1.450000000000000000e+02 -2.700000000000000000e+01 4.886961016758375465e+00
1.450000000000000000e+02 -2.600000000000000000e+01 4.937170694550307104e+00
1.450000000000000000e+02 -2.500000000000000000e+01 4.781577934199843227e+00
1.450000000000000000e+02 -2.400000000000000000e+01 4.476280942333020541e+00
1.450000000000000000e+02 -2.300000000000000000e+01 4.416717889150963750e+00
1.450000000000000000e+02 -2.200000000000000000e+01 4.294011994383420294e+00
1.450000000000000000e+02 -2.100000000000000000e+01 4.113441857024052517e+00
1.450000000000000000e+02 -2.000000000000000000e+01 3.762442471105637676e+00
1.450000000000000000e+02 -1.900000000000000000e+01 nan
1.460000000000000000e+02 -4.600000000000000000e+01 4.585811457288280657e+00
1.460000000000000000e+02 -4.500000000000000000e+01 4.834862190513177893e+00
1.460000000000000000e+02 -4.400000000000000000e+01 4.897937262075695131e+00
1.460000000000000000e+02 -4.300000000000000000e+01 5.071989708629055293e+00
1.460000000000000000e+02 -4.200000000000000000e+01 5.346327826258479909e+00
1.460000000000000000e+02 -4.100000000000000000e+01 5.452189820313124713e+00
1.460000000000000000e+02 -4.000000000000000000e+01 5.708194545143427945e+00
1.460000000000000000e+02 -3.900000000000000000e+01 5.705064948912975886e+00
1.460000000000000000e+02 -3.800000000000000000e+01 5.558125188461828792e+00
1.460000000000000000e+02 -3.700000000000000000e+01 5.386257450637295996e+00
1.460000000000000000e+02 -3.600000000000000000e+01 5.161682242061411685e+00
1.460000000000000000e+02 -3.500000000000000000e+01 4.895604103663340645e+00
1.460000000000000000e+02 -3.400000000000000000e+01 4.822865857691516212e+00
1.460000000000000000e+02 -3.300000000000000000e+01 4.866305224714099431e+00
1.460000000000000000e+02 -3.200000000000000000e+01 4.949414377974652446e+00
1.460000000000000000e+02 -3.100000000000000000e+01 5.062771847437881334e+00
1.460000000000000000e+02 -3.000000000000000000e+01 5.021964957765954196e+00
1.460000000000000000e+02 -2.900000000000000000e+01 4.918207702128779779e+00
1.460000000000000000e+02 -2.800000000000000000e+01 4.879962254382399500e+00
1.460000000000000000e+02 -2.700000000000000000e+01 4.886961016758375465e+00
1.460000000000000000e+02 -2.600000000000000000e+01 4.937170694550307104e+00
1.460000000000000000e+02 -2.500000000000000000e+01 4.781577934199843227e+00
1.460000000000000000e+02 -2.400000000000000000e+01 4.476280942333020541e+00
1.460000000000000000e+02 -2.300000000000000000e+01 4.416717889150963750e+00
1.460000000000000000e+02 -2.200000000000000000e+01 4.294011994383420294e+00
1.460000000000000000e+02 -2.100000000000000000e+01 4.113441857024052517e+00
1.460000000000000000e+02 -2.000000000000000000e+01 3.762442471105637676e+00
1.460000000000000000e+02 -1.900000000000000000e+01 nan
