Longitude[deg], Latitude[deg], Dust optical depth
-7.600000000000000000e+01 -2.000000000000000000e+00 nan
-7.600000000000000000e+01 -1.000000000000000000e+00 nan
-7.600000000000000000e+01 0.000000000000000000e+00 nan
-7.600000000000000000e+01 1.000000000000000000e+00 nan
-7.600000000000000000e+01 2.000000000000000000e+00 nan
-7.600000000000000000e+01 3.000000000000000000e+00 nan
-7.600000000000000000e+01 4.000000000000000000e+00 nan
-7.600000000000000000e+01 5.000000000000000000e+00 nan
-7.600000000000000000e+01 6.000000000000000000e+00 nan
-7.600000000000000000e+01 7.000000000000000000e+00 nan
-7.600000000000000000e+01 8.000000000000000000e+00 nan
-7.600000000000000000e+01 9.000000000000000000e+00 nan
-7.600000000000000000e+01 1.000000000000000000e+01 1.381148004577881450e+00
-7.600000000000000000e+01 1.100000000000000000e+01 1.378595981661035585e+00
-7.600000000000000000e+01 1.200000000000000000e+01 1.435285634810256727e+00
-7.600000000000000000e+01 1.300000000000000000e+01 1.422728441749036232e+00
-7.600000000000000000e+01 1.400000000000000000e+01 1.316180363159897837e+00
-7.500000000000000000e+01 -2.000000000000000000e+00 1.282667678460666316e+00
-7.500000000000000000e+01 -1.000000000000000000e+00 1.276802039890776452e+00
-7.500000000000000000e+01 0.000000000000000000e+00 1.269556655766097775e+00
-7.500000000000000000e+01 1.000000000000000000e+00 1.279726813119499651e+00
-7.500000000000000000e+01 2.000000000000000000e+00 1.354300374668492069e+00
-7.500000000000000000e+01 3.000000000000000000e+00 1.402783319710785737e+00
-7.500000000000000000e+01 4.000000000000000000e+00 1.294077859016569132e+00
-7.500000000000000000e+01 5.000000000000000000e+00 1.149091718375865767e+00
-7.500000000000000000e+01 6.000000000000000000e+00 1.078997434785670562e+00
-7.500000000000000000e+01 7.000000000000000000e+00 1.016054503177951984e+00
-7.500000000000000000e+01 8.000000000000000000e+00 1.106499770407030070e+00
-7.500000000000000000e+01 9.000000000000000000e+00 1.340933585219567847e+00
-7.500000000000000000e+01 1.000000000000000000e+01 1.399631182333626267e+00
-7.500000000000000000e+01 1.100000000000000000e+01 1.379429997910704309e+00
-7.500000000000000000e+01 1.200000000000000000e+01 1.374074968293941046e+00
-7.500000000000000000e+01 1.300000000000000000e+01 1.347966812641838708e+00
-7.500000000000000000e+01 1.400000000000000000e+01 1.307960369116829336e+00
-7.400000000000000000e+01 -2.000000000000000000e+00 1.281176189028031098e+00
-7.400000000000000000e+01 -1.000000000000000000e+00 1.244848603939263443e+00
-7.400000000000000000e+01 0.000000000000000000e+00 1.237131405842768928e+00
-7.400000000000000000e+01 1.000000000000000000e+00 1.281985363305261139e+00
-7.400000000000000000e+01 2.000000000000000000e+00 1.379761101362150022e+00
-7.400000000000000000e+01 3.000000000000000000e+00 1.396066794665472566e+00
-7.400000000000000000e+01 4.000000000000000000e+00 1.257524742034181742e+00
-7.400000000000000000e+01 5.000000000000000000e+00 1.111532151233718402e+00
-7.400000000000000000e+01 6.000000000000000000e+00 1.050433908185732790e+00
-7.400000000000000000e+01 7.000000000000000000e+00 1.008137356245879301e+00
-7.400000000000000000e+01 8.000000000000000000e+00 1.150803251052932463e+00
-7.400000000000000000e+01 9.000000000000000000e+00 1.354411616964523946e+00
-7.400000000000000000e+01 1.000000000000000000e+01 1.474667479406275072e+00
-7.400000000000000000e+01 1.100000000000000000e+01 1.441345436571168870e+00
-7.400000000000000000e+01 1.200000000000000000e+01 1.369778548438255195e+00
-7.400000000000000000e+01 1.300000000000000000e+01 1.319698888303818318e+00
-7.400000000000000000e+01 1.400000000000000000e+01 1.281489161638239116e+00
-7.300000000000000000e+01 -2.000000000000000000e+00 1.267323617577069461e+00
-7.300000000000000000e+01 -1.000000000000000000e+00 1.231766189225417252e+00
-7.300000000000000000e+01 0.000000000000000000e+00 1.217932298335201002e+00
-7.300000000000000000e+01 1.000000000000000000e+00 1.285105105129068503e+00
-7.300000000000000000e+01 2.000000000000000000e+00 1.402061804882607010e+00
-7.300000000000000000e+01 3.000000000000000000e+00 1.388889798546306453e+00
-7.300000000000000000e+01 4.000000000000000000e+00 1.170873969388871672e+00
-7.300000000000000000e+01 5.000000000000000000e+00 1.076519053169544105e+00
-7.300000000000000000e+01 6.000000000000000000e+00 9.635074312325520030e-01
-7.300000000000000000e+01 7.000000000000000000e+00 9.922099250083904476e-01
-7.300000000000000000e+01 8.000000000000000000e+00 1.160434530459074631e+00
-7.300000000000000000e+01 9.000000000000000000e+00 1.387540479325430232e+00
-7.300000000000000000e+01 1.000000000000000000e+01 1.495774007348026347e+00
-7.300000000000000000e+01 1.100000000000000000e+01 1.475516550390322701e+00
-7.300000000000000000e+01 1.200000000000000000e+01 1.409957739806449117e+00
-7.300000000000000000e+01 1.300000000000000000e+01 1.288604145287265634e+00
-7.300000000000000000e+01 1.400000000000000000e+01 nan
