Longitude[deg], Latitude[deg], Dust optical depth
-5.500000000000000000e+01 -2.700000000000000000e+01 5.487687953908572780e+00
-5.500000000000000000e+01 -2.600000000000000000e+01 5.340381042871660711e+00
-5.500000000000000000e+01 -2.500000000000000000e+01 5.247797241504728483e+00
-5.500000000000000000e+01 -2.400000000000000000e+01 5.189515003597885645e+00
-5.500000000000000000e+01 -2.300000000000000000e+01 5.171792590929695344e+00
-5.500000000000000000e+01 -2.200000000000000000e+01 5.255361758574029096e+00
-5.500000000000000000e+01 -2.100000000000000000e+01 5.239251171926683881e+00
-5.500000000000000000e+01 -2.000000000000000000e+01 5.087586200060161268e+00
-5.500000000000000000e+01 -1.900000000000000000e+01 4.947855796449227128e+00
-5.500000000000000000e+01 -1.800000000000000000e+01 4.890812155828127672e+00
-5.500000000000000000e+01 -1.700000000000000000e+01 4.738320921905539329e+00
-5.500000000000000000e+01 -1.600000000000000000e+01 4.664973346110175001e+00
-5.500000000000000000e+01 -1.500000000000000000e+01 4.894805896076683815e+00
-5.500000000000000000e+01 -1.400000000000000000e+01 4.892823297707616703e+00
-5.500000000000000000e+01 -1.300000000000000000e+01 4.884038491290859874e+00
-5.500000000000000000e+01 -1.200000000000000000e+01 4.915405135502147971e+00
-5.500000000000000000e+01 -1.100000000000000000e+01 nan
-5.400000000000000000e+01 -2.700000000000000000e+01 5.473710167849941577e+00
-5.400000000000000000e+01 -2.600000000000000000e+01 5.319030754500189140e+00
-5.400000000000000000e+01 -2.500000000000000000e+01 5.233518279593241118e+00
-5.400000000000000000e+01 -2.400000000000000000e+01 5.174929296364067177e+00
-5.400000000000000000e+01 -2.300000000000000000e+01 5.134945293566646640e+00
-5.400000000000000000e+01 -2.200000000000000000e+01 5.238000834330293287e+00
-5.400000000000000000e+01 -2.100000000000000000e+01 5.251981013049861424e+00
-5.400000000000000000e+01 -2.000000000000000000e+01 5.075140707387051364e+00
-5.400000000000000000e+01 -1.900000000000000000e+01 4.969258316382364704e+00
-5.400000000000000000e+01 -1.800000000000000000e+01 4.859073024940324892e+00
-5.400000000000000000e+01 -1.700000000000000000e+01 4.684231399831343623e+00
-5.400000000000000000e+01 -1.600000000000000000e+01 4.630929739795884181e+00
-5.400000000000000000e+01 -1.500000000000000000e+01 4.944489733936024756e+00
-5.400000000000000000e+01 -1.400000000000000000e+01 4.882856473803947495e+00
-5.400000000000000000e+01 -1.300000000000000000e+01 4.833233818768300161e+00
-5.400000000000000000e+01 -1.200000000000000000e+01 4.860358737370682469e+00
-5.400000000000000000e+01 -1.100000000000000000e+01 nan
-5.300000000000000000e+01 -2.700000000000000000e+01 5.453923323125633438e+00
-5.300000000000000000e+01 -2.600000000000000000e+01 5.302249068866512260e+00
-5.300000000000000000e+01 -2.500000000000000000e+01 5.226357486660656804e+00
-5.300000000000000000e+01 -2.400000000000000000e+01 5.172371426072754907e+00
-5.300000000000000000e+01 -2.300000000000000000e+01 5.117076196752121220e+00
-5.300000000000000000e+01 -2.200000000000000000e+01 5.228549169689287623e+00
-5.300000000000000000e+01 -2.100000000000000000e+01 5.253543983455863042e+00
-5.300000000000000000e+01 -2.000000000000000000e+01 5.068191345151281446e+00
-5.300000000000000000e+01 -1.900000000000000000e+01 4.971375845001040794e+00
-5.300000000000000000e+01 -1.800000000000000000e+01 4.842430807240186041e+00
-5.300000000000000000e+01 -1.700000000000000000e+01 4.659017612589792634e+00
-5.300000000000000000e+01 -1.600000000000000000e+01 4.566998916150054377e+00
-5.300000000000000000e+01 -1.500000000000000000e+01 4.959070498678615380e+00
-5.300000000000000000e+01 -1.400000000000000000e+01 4.876189923353726918e+00
-5.300000000000000000e+01 -1.300000000000000000e+01 4.778245917085879313e+00
-5.300000000000000000e+01 -1.200000000000000000e+01 4.792358996499779700e+00
-5.300000000000000000e+01 -1.100000000000000000e+01 nan
-5.200000000000000000e+01 -2.700000000000000000e+01 5.308012672650762376e+00
-5.200000000000000000e+01 -2.600000000000000000e+01 5.233556598552016048e+00
-5.200000000000000000e+01 -2.500000000000000000e+01 5.209890026469724766e+00
-5.200000000000000000e+01 -2.400000000000000000e+01 5.166721495504063455e+00
-5.200000000000000000e+01 -2.300000000000000000e+01 5.115576102467164432e+00
-5.200000000000000000e+01 -2.200000000000000000e+01 5.210971269930985805e+00
-5.200000000000000000e+01 -2.100000000000000000e+01 5.210842582346376872e+00
-5.200000000000000000e+01 -2.000000000000000000e+01 5.065678972018920589e+00
-5.200000000000000000e+01 -1.900000000000000000e+01 4.884266563933174154e+00
-5.200000000000000000e+01 -1.800000000000000000e+01 nan
-5.200000000000000000e+01 -1.700000000000000000e+01 nan
-5.200000000000000000e+01 -1.600000000000000000e+01 nan
-5.200000000000000000e+01 -1.500000000000000000e+01 nan
-5.200000000000000000e+01 -1.400000000000000000e+01 nan
-5.200000000000000000e+01 -1.300000000000000000e+01 nan
-5.200000000000000000e+01 -1.200000000000000000e+01 nan
-5.200000000000000000e+01 -1.100000000000000000e+01 nan
