Longitude[deg], Latitude[deg], Dust optical depth
1.350000000000000000e+02 1.300000000000000000e+01 nan
1.350000000000000000e+02 1.400000000000000000e+01 nan
1.350000000000000000e+02 1.500000000000000000e+01 nan
1.350000000000000000e+02 1.600000000000000000e+01 nan
1.350000000000000000e+02 1.700000000000000000e+01 nan
1.350000000000000000e+02 1.800000000000000000e+01 nan
1.350000000000000000e+02 1.900000000000000000e+01 nan
1.350000000000000000e+02 2.000000000000000000e+01 nan
1.350000000000000000e+02 2.100000000000000000e+01 nan
1.350000000000000000e+02 2.200000000000000000e+01 nan
1.350000000000000000e+02 2.300000000000000000e+01 nan
1.350000000000000000e+02 2.400000000000000000e+01 nan
1.350000000000000000e+02 2.500000000000000000e+01 nan
1.350000000000000000e+02 2.600000000000000000e+01 nan
1.350000000000000000e+02 2.700000000000000000e+01 nan
1.350000000000000000e+02 2.800000000000000000e+01 nan
1.350000000000000000e+02 2.900000000000000000e+01 nan
1.350000000000000000e+02 3.000000000000000000e+01 nan
1.350000000000000000e+02 3.100000000000000000e+01 nan
1.350000000000000000e+02 3.200000000000000000e+01 nan
1.350000000000000000e+02 3.300000000000000000e+01 nan
1.350000000000000000e+02 3.400000000000000000e+01 nan
1.350000000000000000e+02 3.500000000000000000e+01 nan
1.350000000000000000e+02 3.600000000000000000e+01 nan
1.350000000000000000e+02 3.700000000000000000e+01 nan
1.350000000000000000e+02 3.800000000000000000e+01 nan
1.350000000000000000e+02 3.900000000000000000e+01 nan
1.360000000000000000e+02 1.300000000000000000e+01 nan
1.360000000000000000e+02 1.400000000000000000e+01 nan
1.360000000000000000e+02 1.500000000000000000e+01 nan
1.360000000000000000e+02 1.600000000000000000e+01 nan
1.360000000000000000e+02 1.700000000000000000e+01 nan
1.360000000000000000e+02 1.800000000000000000e+01 nan
1.360000000000000000e+02 1.900000000000000000e+01 nan
1.360000000000000000e+02 2.000000000000000000e+01 nan
1.360000000000000000e+02 2.100000000000000000e+01 nan
1.360000000000000000e+02 2.200000000000000000e+01 nan
1.360000000000000000e+02 2.300000000000000000e+01 nan
1.360000000000000000e+02 2.400000000000000000e+01 nan
1.360000000000000000e+02 2.500000000000000000e+01 nan
1.360000000000000000e+02 2.600000000000000000e+01 nan
1.360000000000000000e+02 2.700000000000000000e+01 nan
1.360000000000000000e+02 2.800000000000000000e+01 nan
1.360000000000000000e+02 2.900000000000000000e+01 nan
1.360000000000000000e+02 3.000000000000000000e+01 nan
1.360000000000000000e+02 3.100000000000000000e+01 nan
1.360000000000000000e+02 3.200000000000000000e+01 nan
1.360000000000000000e+02 3.300000000000000000e+01 nan
1.360000000000000000e+02 3.400000000000000000e+01 nan
1.360000000000000000e+02 3.500000000000000000e+01 nan
1.360000000000000000e+02 3.600000000000000000e+01 nan
1.360000000000000000e+02 3.700000000000000000e+01 nan
1.360000000000000000e+02 3.800000000000000000e+01 nan
1.360000000000000000e+02 3.900000000000000000e+01 nan
1.370000000000000000e+02 1.300000000000000000e+01 nan
1.370000000000000000e+02 1.400000000000000000e+01 nan
1.370000000000000000e+02 1.500000000000000000e+01 nan
1.370000000000000000e+02 1.600000000000000000e+01 nan
1.370000000000000000e+02 1.700000000000000000e+01 nan
1.370000000000000000e+02 1.800000000000000000e+01 nan
1.370000000000000000e+02 1.900000000000000000e+01 nan
1.370000000000000000e+02 2.000000000000000000e+01 nan
1.370000000000000000e+02 2.100000000000000000e+01 nan
1.370000000000000000e+02 2.200000000000000000e+01 nan
1.370000000000000000e+02 2.300000000000000000e+01 nan
1.370000000000000000e+02 2.400000000000000000e+01 nan
1.370000000000000000e+02 2.500000000000000000e+01 nan
1.370000000000000000e+02 2.600000000000000000e+01 nan
1.370000000000000000e+02 2.700000000000000000e+01 nan
1.370000000000000000e+02 2.800000000000000000e+01 nan
1.370000000000000000e+02 2.900000000000000000e+01 nan
1.370000000000000000e+02 3.000000000000000000e+01 nan
1.370000000000000000e+02 3.100000000000000000e+01 nan
1.370000000000000000e+02 3.200000000000000000e+01 nan
1.370000000000000000e+02 3.300000000000000000e+01 nan
1.370000000000000000e+02 3.400000000000000000e+01 nan
1.370000000000000000e+02 3.500000000000000000e+01 nan
1.370000000000000000e+02 3.600000000000000000e+01 nan
1.370000000000000000e+02 3.700000000000000000e+01 nan
1.370000000000000000e+02 3.800000000000000000e+01 nan
1.370000000000000000e+02 3.900000000000000000e+01 nan
1.380000000000000000e+02 1.300000000000000000e+01 nan
1.380000000000000000e+02 1.400000000000000000e+01 nan
1.380000000000000000e+02 1.500000000000000000e+01 nan
1.380000000000000000e+02 1.600000000000000000e+01 nan
1.380000000000000000e+02 1.700000000000000000e+01 nan
1.380000000000000000e+02 1.800000000000000000e+01 nan
1.380000000000000000e+02 1.900000000000000000e+01 nan
1.380000000000000000e+02 2.000000000000000000e+01 nan
1.380000000000000000e+02 2.100000000000000000e+01 nan
1.380000000000000000e+02 2.200000000000000000e+01 nan
1.380000000000000000e+02 2.300000000000000000e+01 3.889978541106669407e+00
1.380000000000000000e+02 2.400000000000000000e+01 3.700416960884052919e+00
1.380000000000000000e+02 2.500000000000000000e+01 3.657938213613637579e+00
1.380000000000000000e+02 2.600000000000000000e+01 3.736233712800953732e+00
1.380000000000000000e+02 2.700000000000000000e+01 3.753502151181615787e+00
1.380000000000000000e+02 2.800000000000000000e+01 3.734554220881190378e+00
1.380000000000000000e+02 2.900000000000000000e+01 3.691519545755784559e+00
1.380000000000000000e+02 3.000000000000000000e+01 nan
1.380000000000000000e+02 3.100000000000000000e+01 nan
1.380000000000000000e+02 3.200000000000000000e+01 nan
1.380000000000000000e+02 3.300000000000000000e+01 nan
1.380000000000000000e+02 3.400000000000000000e+01 nan
1.380000000000000000e+02 3.500000000000000000e+01 nan
1.380000000000000000e+02 3.600000000000000000e+01 nan
1.380000000000000000e+02 3.700000000000000000e+01 nan
1.380000000000000000e+02 3.800000000000000000e+01 nan
1.380000000000000000e+02 3.900000000000000000e+01 nan
1.390000000000000000e+02 1.300000000000000000e+01 nan
1.390000000000000000e+02 1.400000000000000000e+01 nan
1.390000000000000000e+02 1.500000000000000000e+01 nan
1.390000000000000000e+02 1.600000000000000000e+01 nan
1.390000000000000000e+02 1.700000000000000000e+01 3.725223666479311913e+00
1.390000000000000000e+02 1.800000000000000000e+01 3.866627521004877277e+00
1.390000000000000000e+02 1.900000000000000000e+01 3.891444549774530692e+00
1.390000000000000000e+02 2.000000000000000000e+01 3.914419799092468288e+00
1.390000000000000000e+02 2.100000000000000000e+01 3.972174687424629091e+00
1.390000000000000000e+02 2.200000000000000000e+01 4.027994408996454112e+00
1.390000000000000000e+02 2.300000000000000000e+01 3.974631593286904963e+00
1.390000000000000000e+02 2.400000000000000000e+01 3.764411810198653008e+00
1.390000000000000000e+02 2.500000000000000000e+01 3.676935960557947247e+00
1.390000000000000000e+02 2.600000000000000000e+01 3.731094386749218117e+00
1.390000000000000000e+02 2.700000000000000000e+01 3.756038474604834310e+00
1.390000000000000000e+02 2.800000000000000000e+01 3.710919975547093408e+00
1.390000000000000000e+02 2.900000000000000000e+01 3.611594222750976968e+00
1.390000000000000000e+02 3.000000000000000000e+01 nan
1.390000000000000000e+02 3.100000000000000000e+01 nan
1.390000000000000000e+02 3.200000000000000000e+01 nan
1.390000000000000000e+02 3.300000000000000000e+01 nan
1.390000000000000000e+02 3.400000000000000000e+01 nan
1.390000000000000000e+02 3.500000000000000000e+01 nan
1.390000000000000000e+02 3.600000000000000000e+01 nan
1.390000000000000000e+02 3.700000000000000000e+01 nan
1.390000000000000000e+02 3.800000000000000000e+01 nan
1.390000000000000000e+02 3.900000000000000000e+01 nan
1.400000000000000000e+02 1.300000000000000000e+01 nan
1.400000000000000000e+02 1.400000000000000000e+01 3.671358698091729877e+00
1.400000000000000000e+02 1.500000000000000000e+01 3.700897738080084931e+00
1.400000000000000000e+02 1.600000000000000000e+01 3.736443194333249007e+00
1.400000000000000000e+02 1.700000000000000000e+01 3.797855904762988288e+00
1.400000000000000000e+02 1.800000000000000000e+01 3.946638001809863017e+00
1.400000000000000000e+02 1.900000000000000000e+01 3.978103466955775325e+00
1.400000000000000000e+02 2.000000000000000000e+01 3.950017475073301032e+00
1.400000000000000000e+02 2.100000000000000000e+01 3.970511930344572171e+00
1.400000000000000000e+02 2.200000000000000000e+01 4.052608034121573333e+00
1.400000000000000000e+02 2.300000000000000000e+01 3.994113466679174440e+00
1.400000000000000000e+02 2.400000000000000000e+01 3.761867269574521444e+00
1.400000000000000000e+02 2.500000000000000000e+01 3.677504741178781789e+00
1.400000000000000000e+02 2.600000000000000000e+01 3.732198099560411375e+00
1.400000000000000000e+02 2.700000000000000000e+01 3.762265805025529541e+00
1.400000000000000000e+02 2.800000000000000000e+01 3.667925681936429427e+00
1.400000000000000000e+02 2.900000000000000000e+01 3.594355997031347005e+00
1.400000000000000000e+02 3.000000000000000000e+01 3.597621255853629130e+00
1.400000000000000000e+02 3.100000000000000000e+01 nan
1.400000000000000000e+02 3.200000000000000000e+01 nan
1.400000000000000000e+02 3.300000000000000000e+01 nan
1.400000000000000000e+02 3.400000000000000000e+01 nan
1.400000000000000000e+02 3.500000000000000000e+01 nan
1.400000000000000000e+02 3.600000000000000000e+01 nan
1.400000000000000000e+02 3.700000000000000000e+01 nan
1.400000000000000000e+02 3.800000000000000000e+01 nan
1.400000000000000000e+02 3.900000000000000000e+01 nan
1.410000000000000000e+02 1.300000000000000000e+01 nan
1.410000000000000000e+02 1.400000000000000000e+01 3.741990144442989941e+00
1.410000000000000000e+02 1.500000000000000000e+01 3.740973902028047693e+00
1.410000000000000000e+02 1.600000000000000000e+01 3.746813549387129960e+00
1.410000000000000000e+02 1.700000000000000000e+01 3.842728755700643095e+00
1.410000000000000000e+02 1.800000000000000000e+01 4.014234244906150550e+00
1.410000000000000000e+02 1.900000000000000000e+01 4.041706860553801128e+00
1.410000000000000000e+02 2.000000000000000000e+01 3.966903430033275502e+00
1.410000000000000000e+02 2.100000000000000000e+01 3.946062238887713569e+00
1.410000000000000000e+02 2.200000000000000000e+01 4.032963298615702463e+00
1.410000000000000000e+02 2.300000000000000000e+01 4.011263848185118164e+00
1.410000000000000000e+02 2.400000000000000000e+01 3.747151616543748620e+00
1.410000000000000000e+02 2.500000000000000000e+01 3.661752636764168845e+00
1.410000000000000000e+02 2.600000000000000000e+01 3.708911474555925736e+00
1.410000000000000000e+02 2.700000000000000000e+01 3.705076540406101238e+00
1.410000000000000000e+02 2.800000000000000000e+01 3.652497467858250690e+00
1.410000000000000000e+02 2.900000000000000000e+01 3.588187931158282051e+00
1.410000000000000000e+02 3.000000000000000000e+01 3.549702996316630887e+00
1.410000000000000000e+02 3.100000000000000000e+01 nan
1.410000000000000000e+02 3.200000000000000000e+01 nan
1.410000000000000000e+02 3.300000000000000000e+01 nan
1.410000000000000000e+02 3.400000000000000000e+01 nan
1.410000000000000000e+02 3.500000000000000000e+01 nan
1.410000000000000000e+02 3.600000000000000000e+01 nan
1.410000000000000000e+02 3.700000000000000000e+01 nan
1.410000000000000000e+02 3.800000000000000000e+01 nan
1.410000000000000000e+02 3.900000000000000000e+01 nan
1.420000000000000000e+02 1.300000000000000000e+01 nan
1.420000000000000000e+02 1.400000000000000000e+01 3.828357117909065188e+00
1.420000000000000000e+02 1.500000000000000000e+01 3.811908415564283281e+00
1.420000000000000000e+02 1.600000000000000000e+01 3.823554658488290681e+00
1.420000000000000000e+02 1.700000000000000000e+01 3.935047045977324132e+00
1.420000000000000000e+02 1.800000000000000000e+01 4.083546014922232459e+00
1.420000000000000000e+02 1.900000000000000000e+01 4.097827282194226761e+00
1.420000000000000000e+02 2.000000000000000000e+01 3.969835119754047792e+00
1.420000000000000000e+02 2.100000000000000000e+01 3.924250299406887077e+00
1.420000000000000000e+02 2.200000000000000000e+01 4.026429736949026505e+00
1.420000000000000000e+02 2.300000000000000000e+01 4.073407425476071708e+00
1.420000000000000000e+02 2.400000000000000000e+01 3.802070553271248432e+00
1.420000000000000000e+02 2.500000000000000000e+01 3.670363199834598245e+00
1.420000000000000000e+02 2.600000000000000000e+01 3.703645781637643797e+00
1.420000000000000000e+02 2.700000000000000000e+01 3.677381680485770410e+00
1.420000000000000000e+02 2.800000000000000000e+01 3.663190963764662023e+00
1.420000000000000000e+02 2.900000000000000000e+01 3.610905500370944043e+00
1.420000000000000000e+02 3.000000000000000000e+01 3.547747970650174665e+00
1.420000000000000000e+02 3.100000000000000000e+01 3.487795168179617988e+00
1.420000000000000000e+02 3.200000000000000000e+01 nan
1.420000000000000000e+02 3.300000000000000000e+01 nan
1.420000000000000000e+02 3.400000000000000000e+01 nan
1.420000000000000000e+02 3.500000000000000000e+01 nan
1.420000000000000000e+02 3.600000000000000000e+01 nan
1.420000000000000000e+02 3.700000000000000000e+01 nan
1.420000000000000000e+02 3.800000000000000000e+01 nan
1.420000000000000000e+02 3.900000000000000000e+01 nan
1.430000000000000000e+02 1.300000000000000000e+01 nan
1.430000000000000000e+02 1.400000000000000000e+01 3.845908102845454479e+00
1.430000000000000000e+02 1.500000000000000000e+01 3.847198463547459202e+00
1.430000000000000000e+02 1.600000000000000000e+01 3.897077356350763466e+00
1.430000000000000000e+02 1.700000000000000000e+01 3.992364307241767385e+00
1.430000000000000000e+02 1.800000000000000000e+01 4.104434577851296062e+00
1.430000000000000000e+02 1.900000000000000000e+01 4.130123360293288748e+00
1.430000000000000000e+02 2.000000000000000000e+01 3.969802341931583989e+00
1.430000000000000000e+02 2.100000000000000000e+01 3.920717795334843103e+00
1.430000000000000000e+02 2.200000000000000000e+01 4.062726206526733996e+00
1.430000000000000000e+02 2.300000000000000000e+01 4.121031218246300476e+00
1.430000000000000000e+02 2.400000000000000000e+01 3.859948464467608087e+00
1.430000000000000000e+02 2.500000000000000000e+01 3.707477143022799293e+00
1.430000000000000000e+02 2.600000000000000000e+01 3.736021626861494305e+00
1.430000000000000000e+02 2.700000000000000000e+01 3.714700198697881373e+00
1.430000000000000000e+02 2.800000000000000000e+01 3.705183765905915028e+00
1.430000000000000000e+02 2.900000000000000000e+01 3.657768887034861915e+00
1.430000000000000000e+02 3.000000000000000000e+01 3.603814621042670030e+00
1.430000000000000000e+02 3.100000000000000000e+01 nan
1.430000000000000000e+02 3.200000000000000000e+01 nan
1.430000000000000000e+02 3.300000000000000000e+01 nan
1.430000000000000000e+02 3.400000000000000000e+01 nan
1.430000000000000000e+02 3.500000000000000000e+01 nan
1.430000000000000000e+02 3.600000000000000000e+01 nan
1.430000000000000000e+02 3.700000000000000000e+01 nan
1.430000000000000000e+02 3.800000000000000000e+01 nan
1.430000000000000000e+02 3.900000000000000000e+01 nan
1.440000000000000000e+02 1.300000000000000000e+01 nan
1.440000000000000000e+02 1.400000000000000000e+01 3.888868756299585616e+00
1.440000000000000000e+02 1.500000000000000000e+01 3.892919868903022440e+00
1.440000000000000000e+02 1.600000000000000000e+01 3.923749316707474399e+00
1.440000000000000000e+02 1.700000000000000000e+01 4.010158343047978136e+00
1.440000000000000000e+02 1.800000000000000000e+01 nan
1.440000000000000000e+02 1.900000000000000000e+01 nan
1.440000000000000000e+02 2.000000000000000000e+01 nan
1.440000000000000000e+02 2.100000000000000000e+01 nan
1.440000000000000000e+02 2.200000000000000000e+01 nan
1.440000000000000000e+02 2.300000000000000000e+01 nan
1.440000000000000000e+02 2.400000000000000000e+01 nan
1.440000000000000000e+02 2.500000000000000000e+01 nan
1.440000000000000000e+02 2.600000000000000000e+01 nan
1.440000000000000000e+02 2.700000000000000000e+01 nan
1.440000000000000000e+02 2.800000000000000000e+01 nan
1.440000000000000000e+02 2.900000000000000000e+01 nan
1.440000000000000000e+02 3.000000000000000000e+01 nan
1.440000000000000000e+02 3.100000000000000000e+01 nan
1.440000000000000000e+02 3.200000000000000000e+01 nan
1.440000000000000000e+02 3.300000000000000000e+01 nan
1.440000000000000000e+02 3.400000000000000000e+01 nan
1.440000000000000000e+02 3.500000000000000000e+01 nan
1.440000000000000000e+02 3.600000000000000000e+01 nan
1.440000000000000000e+02 3.700000000000000000e+01 nan
1.440000000000000000e+02 3.800000000000000000e+01 nan
1.440000000000000000e+02 3.900000000000000000e+01 nan
