Longitude[deg], Latitude[deg], Dust optical depth
-1.700000000000000000e+01 -1.300000000000000000e+01 nan
-1.700000000000000000e+01 -1.200000000000000000e+01 nan
-1.700000000000000000e+01 -1.100000000000000000e+01 nan
-1.700000000000000000e+01 -1.000000000000000000e+01 nan
-1.700000000000000000e+01 -9.000000000000000000e+00 nan
-1.700000000000000000e+01 -8.000000000000000000e+00 nan
-1.700000000000000000e+01 -7.000000000000000000e+00 nan
-1.700000000000000000e+01 -6.000000000000000000e+00 nan
-1.700000000000000000e+01 -5.000000000000000000e+00 nan
-1.700000000000000000e+01 -4.000000000000000000e+00 nan
-1.700000000000000000e+01 -3.000000000000000000e+00 1.127654111583385355e+00
-1.700000000000000000e+01 -2.000000000000000000e+00 7.851545952144942664e-01
-1.700000000000000000e+01 -1.000000000000000000e+00 7.640748459948019100e-01
-1.700000000000000000e+01 0.000000000000000000e+00 9.298438301791108751e-01
-1.700000000000000000e+01 1.000000000000000000e+00 9.298438301791108751e-01
-1.700000000000000000e+01 2.000000000000000000e+00 9.634608258065506803e-01
-1.600000000000000000e+01 -1.300000000000000000e+01 1.347698360723800004e+00
-1.600000000000000000e+01 -1.200000000000000000e+01 1.354066027399004390e+00
-1.600000000000000000e+01 -1.100000000000000000e+01 1.305975748835769723e+00
-1.600000000000000000e+01 -1.000000000000000000e+01 1.457789000404545954e+00
-1.600000000000000000e+01 -9.000000000000000000e+00 1.232976476148932798e+00
-1.600000000000000000e+01 -8.000000000000000000e+00 1.148459392146644609e+00
-1.600000000000000000e+01 -7.000000000000000000e+00 1.133989368680490273e+00
-1.600000000000000000e+01 -6.000000000000000000e+00 1.101799356274659747e+00
-1.600000000000000000e+01 -5.000000000000000000e+00 9.748477122174666887e-01
-1.600000000000000000e+01 -4.000000000000000000e+00 9.838836891867182022e-01
-1.600000000000000000e+01 -3.000000000000000000e+00 1.008131757050922950e+00
-1.600000000000000000e+01 -2.000000000000000000e+00 8.339458551337802783e-01
-1.600000000000000000e+01 -1.000000000000000000e+00 8.146927800617526083e-01
-1.600000000000000000e+01 0.000000000000000000e+00 9.156379345916587642e-01
-1.600000000000000000e+01 1.000000000000000000e+00 9.115944818656677162e-01
-1.600000000000000000e+01 2.000000000000000000e+00 9.212770848529903134e-01
-1.500000000000000000e+01 -1.300000000000000000e+01 1.355389278052648638e+00
-1.500000000000000000e+01 -1.200000000000000000e+01 1.361938069352218283e+00
-1.500000000000000000e+01 -1.100000000000000000e+01 1.312629511707446683e+00
-1.500000000000000000e+01 -1.000000000000000000e+01 1.457813906234158630e+00
-1.500000000000000000e+01 -9.000000000000000000e+00 1.225797021169307222e+00
-1.500000000000000000e+01 -8.000000000000000000e+00 1.142971433574307305e+00
-1.500000000000000000e+01 -7.000000000000000000e+00 1.136804790142170729e+00
-1.500000000000000000e+01 -6.000000000000000000e+00 1.096821231029931232e+00
-1.500000000000000000e+01 -5.000000000000000000e+00 9.760298872107890933e-01
-1.500000000000000000e+01 -4.000000000000000000e+00 9.820242399851971671e-01
-1.500000000000000000e+01 -3.000000000000000000e+00 1.007565395938488484e+00
-1.500000000000000000e+01 -2.000000000000000000e+00 8.380150921976843303e-01
-1.500000000000000000e+01 -1.000000000000000000e+00 8.164725299613000420e-01
-1.500000000000000000e+01 0.000000000000000000e+00 8.900944871400474634e-01
-1.500000000000000000e+01 1.000000000000000000e+00 8.792060827325859362e-01
-1.500000000000000000e+01 2.000000000000000000e+00 9.058926270055522867e-01
-1.400000000000000000e+01 -1.300000000000000000e+01 1.365521510572748287e+00
-1.400000000000000000e+01 -1.200000000000000000e+01 1.370350542688130835e+00
-1.400000000000000000e+01 -1.100000000000000000e+01 1.321686899594566977e+00
-1.400000000000000000e+01 -1.000000000000000000e+01 1.458579735004279732e+00
-1.400000000000000000e+01 -9.000000000000000000e+00 1.216824362660231751e+00
-1.400000000000000000e+01 -8.000000000000000000e+00 1.133916794662091387e+00
-1.400000000000000000e+01 -7.000000000000000000e+00 1.139684053487527216e+00
-1.400000000000000000e+01 -6.000000000000000000e+00 1.077992636421241990e+00
-1.400000000000000000e+01 -5.000000000000000000e+00 9.767092652563950095e-01
-1.400000000000000000e+01 -4.000000000000000000e+00 9.745980398479980877e-01
-1.400000000000000000e+01 -3.000000000000000000e+00 1.013356307130854672e+00
-1.400000000000000000e+01 -2.000000000000000000e+00 8.380150921976843303e-01
-1.400000000000000000e+01 -1.000000000000000000e+00 8.133108769023995599e-01
-1.400000000000000000e+01 0.000000000000000000e+00 8.446296739752456872e-01
-1.400000000000000000e+01 1.000000000000000000e+00 8.288114151139502894e-01
-1.400000000000000000e+01 2.000000000000000000e+00 nan
