Longitude[deg], Latitude[deg], Dust optical depth
-9.800000000000000000e+01 5.000000000000000000e+00 nan
-9.800000000000000000e+01 6.000000000000000000e+00 nan
-9.800000000000000000e+01 7.000000000000000000e+00 nan
-9.800000000000000000e+01 8.000000000000000000e+00 nan
-9.800000000000000000e+01 9.000000000000000000e+00 nan
-9.800000000000000000e+01 1.000000000000000000e+01 nan
-9.800000000000000000e+01 1.100000000000000000e+01 nan
-9.800000000000000000e+01 1.200000000000000000e+01 nan
-9.800000000000000000e+01 1.300000000000000000e+01 nan
-9.800000000000000000e+01 1.400000000000000000e+01 nan
-9.800000000000000000e+01 1.500000000000000000e+01 nan
-9.800000000000000000e+01 1.600000000000000000e+01 nan
-9.800000000000000000e+01 1.700000000000000000e+01 nan
-9.800000000000000000e+01 1.800000000000000000e+01 nan
-9.800000000000000000e+01 1.900000000000000000e+01 nan
-9.800000000000000000e+01 2.000000000000000000e+01 nan
-9.800000000000000000e+01 2.100000000000000000e+01 nan
-9.800000000000000000e+01 2.200000000000000000e+01 nan
-9.800000000000000000e+01 2.300000000000000000e+01 nan
-9.800000000000000000e+01 2.400000000000000000e+01 nan
-9.800000000000000000e+01 2.500000000000000000e+01 nan
-9.800000000000000000e+01 2.600000000000000000e+01 nan
-9.800000000000000000e+01 2.700000000000000000e+01 nan
-9.800000000000000000e+01 2.800000000000000000e+01 nan
-9.800000000000000000e+01 2.900000000000000000e+01 nan
-9.800000000000000000e+01 3.000000000000000000e+01 nan
-9.800000000000000000e+01 3.100000000000000000e+01 nan
-9.700000000000000000e+01 5.000000000000000000e+00 nan
-9.700000000000000000e+01 6.000000000000000000e+00 nan
-9.700000000000000000e+01 7.000000000000000000e+00 nan
-9.700000000000000000e+01 8.000000000000000000e+00 nan
-9.700000000000000000e+01 9.000000000000000000e+00 nan
-9.700000000000000000e+01 1.000000000000000000e+01 nan
-9.700000000000000000e+01 1.100000000000000000e+01 nan
-9.700000000000000000e+01 1.200000000000000000e+01 nan
-9.700000000000000000e+01 1.300000000000000000e+01 nan
-9.700000000000000000e+01 1.400000000000000000e+01 nan
-9.700000000000000000e+01 1.500000000000000000e+01 nan
-9.700000000000000000e+01 1.600000000000000000e+01 nan
-9.700000000000000000e+01 1.700000000000000000e+01 nan
-9.700000000000000000e+01 1.800000000000000000e+01 nan
-9.700000000000000000e+01 1.900000000000000000e+01 nan
-9.700000000000000000e+01 2.000000000000000000e+01 nan
-9.700000000000000000e+01 2.100000000000000000e+01 nan
-9.700000000000000000e+01 2.200000000000000000e+01 nan
-9.700000000000000000e+01 2.300000000000000000e+01 nan
-9.700000000000000000e+01 2.400000000000000000e+01 nan
-9.700000000000000000e+01 2.500000000000000000e+01 nan
-9.700000000000000000e+01 2.600000000000000000e+01 6.087803436676828106e+00
-9.700000000000000000e+01 2.700000000000000000e+01 6.102416842740304048e+00
-9.700000000000000000e+01 2.800000000000000000e+01 6.089160279860345248e+00
-9.700000000000000000e+01 2.900000000000000000e+01 5.868907603076172208e+00
-9.700000000000000000e+01 3.000000000000000000e+01 5.724716995938458730e+00
-9.700000000000000000e+01 3.100000000000000000e+01 nan
-9.600000000000000000e+01 5.000000000000000000e+00 nan
-9.600000000000000000e+01 6.000000000000000000e+00 nan
-9.600000000000000000e+01 7.000000000000000000e+00 nan
-9.600000000000000000e+01 8.000000000000000000e+00 nan
-9.600000000000000000e+01 9.000000000000000000e+00 nan
-9.600000000000000000e+01 1.000000000000000000e+01 nan
-9.600000000000000000e+01 1.100000000000000000e+01 nan
-9.600000000000000000e+01 1.200000000000000000e+01 nan
-9.600000000000000000e+01 1.300000000000000000e+01 nan
-9.600000000000000000e+01 1.400000000000000000e+01 nan
-9.600000000000000000e+01 1.500000000000000000e+01 nan
-9.600000000000000000e+01 1.600000000000000000e+01 nan
-9.600000000000000000e+01 1.700000000000000000e+01 nan
-9.600000000000000000e+01 1.800000000000000000e+01 nan
-9.600000000000000000e+01 1.900000000000000000e+01 nan
-9.600000000000000000e+01 2.000000000000000000e+01 nan
-9.600000000000000000e+01 2.100000000000000000e+01 5.921811060868996890e+00
-9.600000000000000000e+01 2.200000000000000000e+01 5.874144606907250932e+00
-9.600000000000000000e+01 2.300000000000000000e+01 5.916102665884040768e+00
-9.600000000000000000e+01 2.400000000000000000e+01 6.064818445957133264e+00
-9.600000000000000000e+01 2.500000000000000000e+01 6.133359643465482236e+00
-9.600000000000000000e+01 2.600000000000000000e+01 6.079037650283006577e+00
-9.600000000000000000e+01 2.700000000000000000e+01 6.037791958182630481e+00
-9.600000000000000000e+01 2.800000000000000000e+01 6.058973764718883714e+00
-9.600000000000000000e+01 2.900000000000000000e+01 5.929785841555452741e+00
-9.600000000000000000e+01 3.000000000000000000e+01 5.761643239476686773e+00
-9.600000000000000000e+01 3.100000000000000000e+01 nan
-9.500000000000000000e+01 5.000000000000000000e+00 nan
-9.500000000000000000e+01 6.000000000000000000e+00 nan
-9.500000000000000000e+01 7.000000000000000000e+00 nan
-9.500000000000000000e+01 8.000000000000000000e+00 nan
-9.500000000000000000e+01 9.000000000000000000e+00 nan
-9.500000000000000000e+01 1.000000000000000000e+01 nan
-9.500000000000000000e+01 1.100000000000000000e+01 nan
-9.500000000000000000e+01 1.200000000000000000e+01 nan
-9.500000000000000000e+01 1.300000000000000000e+01 nan
-9.500000000000000000e+01 1.400000000000000000e+01 nan
-9.500000000000000000e+01 1.500000000000000000e+01 5.771406457747168872e+00
-9.500000000000000000e+01 1.600000000000000000e+01 5.768697005243686782e+00
-9.500000000000000000e+01 1.700000000000000000e+01 5.681016891749378850e+00
-9.500000000000000000e+01 1.800000000000000000e+01 5.573087990200258801e+00
-9.500000000000000000e+01 1.900000000000000000e+01 5.560060937619302202e+00
-9.500000000000000000e+01 2.000000000000000000e+01 5.723509620384761298e+00
-9.500000000000000000e+01 2.100000000000000000e+01 5.865058504466044376e+00
-9.500000000000000000e+01 2.200000000000000000e+01 5.853406113936198807e+00
-9.500000000000000000e+01 2.300000000000000000e+01 5.851400956716833690e+00
-9.500000000000000000e+01 2.400000000000000000e+01 5.984661506481776527e+00
-9.500000000000000000e+01 2.500000000000000000e+01 6.091333489206100182e+00
-9.500000000000000000e+01 2.600000000000000000e+01 6.050890102526410352e+00
-9.500000000000000000e+01 2.700000000000000000e+01 5.969545382339346951e+00
-9.500000000000000000e+01 2.800000000000000000e+01 6.031748514636261049e+00
-9.500000000000000000e+01 2.900000000000000000e+01 5.957387064245420305e+00
-9.500000000000000000e+01 3.000000000000000000e+01 5.778671170652075695e+00
-9.500000000000000000e+01 3.100000000000000000e+01 nan
-9.400000000000000000e+01 5.000000000000000000e+00 nan
-9.400000000000000000e+01 6.000000000000000000e+00 nan
-9.400000000000000000e+01 7.000000000000000000e+00 nan
-9.400000000000000000e+01 8.000000000000000000e+00 5.864408298976020006e+00
-9.400000000000000000e+01 9.000000000000000000e+00 5.906933317768848113e+00
-9.400000000000000000e+01 1.000000000000000000e+01 6.055087190197053992e+00
-9.400000000000000000e+01 1.100000000000000000e+01 6.089373201528724522e+00
-9.400000000000000000e+01 1.200000000000000000e+01 5.956596169544233099e+00
-9.400000000000000000e+01 1.300000000000000000e+01 5.737862527864980855e+00
-9.400000000000000000e+01 1.400000000000000000e+01 5.604219705670729468e+00
-9.400000000000000000e+01 1.500000000000000000e+01 5.663696143075762635e+00
-9.400000000000000000e+01 1.600000000000000000e+01 5.726045417842372309e+00
-9.400000000000000000e+01 1.700000000000000000e+01 5.686379610002619600e+00
-9.400000000000000000e+01 1.800000000000000000e+01 5.562300497151022149e+00
-9.400000000000000000e+01 1.900000000000000000e+01 5.532964922074287806e+00
-9.400000000000000000e+01 2.000000000000000000e+01 5.677757585072815694e+00
-9.400000000000000000e+01 2.100000000000000000e+01 5.830186245630508246e+00
-9.400000000000000000e+01 2.200000000000000000e+01 5.825452780615818504e+00
-9.400000000000000000e+01 2.300000000000000000e+01 5.818739516915941046e+00
-9.400000000000000000e+01 2.400000000000000000e+01 5.931513447648777415e+00
-9.400000000000000000e+01 2.500000000000000000e+01 6.040201175711905179e+00
-9.400000000000000000e+01 2.600000000000000000e+01 5.994797874656985215e+00
-9.400000000000000000e+01 2.700000000000000000e+01 5.986443967496672514e+00
-9.400000000000000000e+01 2.800000000000000000e+01 6.090511976201927524e+00
-9.400000000000000000e+01 2.900000000000000000e+01 5.961728610591492838e+00
-9.400000000000000000e+01 3.000000000000000000e+01 5.750373087296917873e+00
-9.400000000000000000e+01 3.100000000000000000e+01 5.729174746176602717e+00
-9.300000000000000000e+01 5.000000000000000000e+00 5.829291066728386816e+00
-9.300000000000000000e+01 6.000000000000000000e+00 5.960365731341971340e+00
-9.300000000000000000e+01 7.000000000000000000e+00 5.922235283240859793e+00
-9.300000000000000000e+01 8.000000000000000000e+00 5.821288917142359409e+00
-9.300000000000000000e+01 9.000000000000000000e+00 5.852048922799836461e+00
-9.300000000000000000e+01 1.000000000000000000e+01 5.967429944002044628e+00
-9.300000000000000000e+01 1.100000000000000000e+01 6.037704155935411876e+00
-9.300000000000000000e+01 1.200000000000000000e+01 5.938907718046698925e+00
-9.300000000000000000e+01 1.300000000000000000e+01 5.718129489130256538e+00
-9.300000000000000000e+01 1.400000000000000000e+01 5.580971081368732989e+00
-9.300000000000000000e+01 1.500000000000000000e+01 5.619538687407299449e+00
-9.300000000000000000e+01 1.600000000000000000e+01 5.693318876740269374e+00
-9.300000000000000000e+01 1.700000000000000000e+01 5.677119726701343794e+00
-9.300000000000000000e+01 1.800000000000000000e+01 5.585071140814814150e+00
-9.300000000000000000e+01 1.900000000000000000e+01 5.520691547286904033e+00
-9.300000000000000000e+01 2.000000000000000000e+01 5.610810122775387931e+00
-9.300000000000000000e+01 2.100000000000000000e+01 5.765314814856691505e+00
-9.300000000000000000e+01 2.200000000000000000e+01 5.789541148856559794e+00
-9.300000000000000000e+01 2.300000000000000000e+01 5.826502459238148468e+00
-9.300000000000000000e+01 2.400000000000000000e+01 5.978952802781725140e+00
-9.300000000000000000e+01 2.500000000000000000e+01 6.066298129901613656e+00
-9.300000000000000000e+01 2.600000000000000000e+01 5.984417443590519525e+00
-9.300000000000000000e+01 2.700000000000000000e+01 6.002981411247052534e+00
-9.300000000000000000e+01 2.800000000000000000e+01 6.193301896286792285e+00
-9.300000000000000000e+01 2.900000000000000000e+01 6.038025170944869124e+00
-9.300000000000000000e+01 3.000000000000000000e+01 5.766554118990344868e+00
-9.300000000000000000e+01 3.100000000000000000e+01 5.771274068566071946e+00
-9.200000000000000000e+01 5.000000000000000000e+00 5.857402555932595511e+00
-9.200000000000000000e+01 6.000000000000000000e+00 5.924348017192182070e+00
-9.200000000000000000e+01 7.000000000000000000e+00 5.873959565814435457e+00
-9.200000000000000000e+01 8.000000000000000000e+00 5.788796705231052719e+00
-9.200000000000000000e+01 9.000000000000000000e+00 5.788796705231052719e+00
-9.200000000000000000e+01 1.000000000000000000e+01 5.862173942416506023e+00
-9.200000000000000000e+01 1.100000000000000000e+01 5.971091010427073797e+00
-9.200000000000000000e+01 1.200000000000000000e+01 5.905236462442291057e+00
-9.200000000000000000e+01 1.300000000000000000e+01 5.739438231238208843e+00
-9.200000000000000000e+01 1.400000000000000000e+01 5.599199347984940012e+00
-9.200000000000000000e+01 1.500000000000000000e+01 5.642180201134885387e+00
-9.200000000000000000e+01 1.600000000000000000e+01 5.696352077297225591e+00
-9.200000000000000000e+01 1.700000000000000000e+01 5.695277335106134764e+00
-9.200000000000000000e+01 1.800000000000000000e+01 5.655919183138057527e+00
-9.200000000000000000e+01 1.900000000000000000e+01 5.555836675667888969e+00
-9.200000000000000000e+01 2.000000000000000000e+01 5.585726009786693425e+00
-9.200000000000000000e+01 2.100000000000000000e+01 5.752590393979385652e+00
-9.200000000000000000e+01 2.200000000000000000e+01 5.812473997765546407e+00
-9.200000000000000000e+01 2.300000000000000000e+01 5.885187413527273925e+00
-9.200000000000000000e+01 2.400000000000000000e+01 6.035110701315486992e+00
-9.200000000000000000e+01 2.500000000000000000e+01 6.134542482552066467e+00
-9.200000000000000000e+01 2.600000000000000000e+01 6.055987389128546283e+00
-9.200000000000000000e+01 2.700000000000000000e+01 6.011966302493870984e+00
-9.200000000000000000e+01 2.800000000000000000e+01 6.188110212456949810e+00
-9.200000000000000000e+01 2.900000000000000000e+01 6.158063031141230326e+00
-9.200000000000000000e+01 3.000000000000000000e+01 5.927280720559317650e+00
-9.200000000000000000e+01 3.100000000000000000e+01 5.845786600838319025e+00
-9.100000000000000000e+01 5.000000000000000000e+00 5.846988660965677376e+00
-9.100000000000000000e+01 6.000000000000000000e+00 5.846827033675067398e+00
-9.100000000000000000e+01 7.000000000000000000e+00 5.797176448806705906e+00
-9.100000000000000000e+01 8.000000000000000000e+00 5.766827630020844531e+00
-9.100000000000000000e+01 9.000000000000000000e+00 5.742235871868337505e+00
-9.100000000000000000e+01 1.000000000000000000e+01 5.764591073839812729e+00
-9.100000000000000000e+01 1.100000000000000000e+01 5.886117092735447365e+00
-9.100000000000000000e+01 1.200000000000000000e+01 5.907739323525537323e+00
-9.100000000000000000e+01 1.300000000000000000e+01 5.901514359233594575e+00
-9.100000000000000000e+01 1.400000000000000000e+01 5.783959354996708768e+00
-9.100000000000000000e+01 1.500000000000000000e+01 5.711508389993170454e+00
-9.100000000000000000e+01 1.600000000000000000e+01 5.740209987281899018e+00
-9.100000000000000000e+01 1.700000000000000000e+01 5.743737965062410744e+00
-9.100000000000000000e+01 1.800000000000000000e+01 5.723817420093943120e+00
-9.100000000000000000e+01 1.900000000000000000e+01 5.630399864980408786e+00
-9.100000000000000000e+01 2.000000000000000000e+01 5.597748813148760938e+00
-9.100000000000000000e+01 2.100000000000000000e+01 5.772116474105595252e+00
-9.100000000000000000e+01 2.200000000000000000e+01 5.857772455247673093e+00
-9.100000000000000000e+01 2.300000000000000000e+01 5.922403176604969843e+00
-9.100000000000000000e+01 2.400000000000000000e+01 6.073358235876852973e+00
-9.100000000000000000e+01 2.500000000000000000e+01 6.175573717600449264e+00
-9.100000000000000000e+01 2.600000000000000000e+01 6.100051965855636915e+00
-9.100000000000000000e+01 2.700000000000000000e+01 6.029779536658632644e+00
-9.100000000000000000e+01 2.800000000000000000e+01 6.148844537404028365e+00
-9.100000000000000000e+01 2.900000000000000000e+01 6.217546268322021064e+00
-9.100000000000000000e+01 3.000000000000000000e+01 6.053184793767975691e+00
-9.100000000000000000e+01 3.100000000000000000e+01 5.902682716893420611e+00
-9.000000000000000000e+01 5.000000000000000000e+00 5.809405482461738934e+00
-9.000000000000000000e+01 6.000000000000000000e+00 5.779446741203186022e+00
-9.000000000000000000e+01 7.000000000000000000e+00 5.738988326027435249e+00
-9.000000000000000000e+01 8.000000000000000000e+00 5.767373360595319021e+00
-9.000000000000000000e+01 9.000000000000000000e+00 5.765368572553881243e+00
-9.000000000000000000e+01 1.000000000000000000e+01 5.753418189470517419e+00
-9.000000000000000000e+01 1.100000000000000000e+01 5.846712576617233204e+00
-9.000000000000000000e+01 1.200000000000000000e+01 5.962377216943814950e+00
-9.000000000000000000e+01 1.300000000000000000e+01 6.019807255136633728e+00
-9.000000000000000000e+01 1.400000000000000000e+01 5.881940396816391470e+00
-9.000000000000000000e+01 1.500000000000000000e+01 5.783959354996708768e+00
-9.000000000000000000e+01 1.600000000000000000e+01 5.808698391679068429e+00
-9.000000000000000000e+01 1.700000000000000000e+01 5.803005444561974535e+00
-9.000000000000000000e+01 1.800000000000000000e+01 5.812611821285206481e+00
-9.000000000000000000e+01 1.900000000000000000e+01 5.725198948123292553e+00
-9.000000000000000000e+01 2.000000000000000000e+01 5.630314348209152442e+00
-9.000000000000000000e+01 2.100000000000000000e+01 5.785296524226285264e+00
-9.000000000000000000e+01 2.200000000000000000e+01 5.895284934412345024e+00
-9.000000000000000000e+01 2.300000000000000000e+01 5.957468334499338880e+00
-9.000000000000000000e+01 2.400000000000000000e+01 6.148154118941654644e+00
-9.000000000000000000e+01 2.500000000000000000e+01 6.273741035078195694e+00
-9.000000000000000000e+01 2.600000000000000000e+01 nan
-9.000000000000000000e+01 2.700000000000000000e+01 nan
-9.000000000000000000e+01 2.800000000000000000e+01 nan
-9.000000000000000000e+01 2.900000000000000000e+01 nan
-9.000000000000000000e+01 3.000000000000000000e+01 nan
-9.000000000000000000e+01 3.100000000000000000e+01 nan
-8.900000000000000000e+01 5.000000000000000000e+00 nan
-8.900000000000000000e+01 6.000000000000000000e+00 nan
-8.900000000000000000e+01 7.000000000000000000e+00 nan
-8.900000000000000000e+01 8.000000000000000000e+00 nan
-8.900000000000000000e+01 9.000000000000000000e+00 nan
-8.900000000000000000e+01 1.000000000000000000e+01 nan
-8.900000000000000000e+01 1.100000000000000000e+01 nan
-8.900000000000000000e+01 1.200000000000000000e+01 nan
-8.900000000000000000e+01 1.300000000000000000e+01 nan
-8.900000000000000000e+01 1.400000000000000000e+01 nan
-8.900000000000000000e+01 1.500000000000000000e+01 nan
-8.900000000000000000e+01 1.600000000000000000e+01 nan
-8.900000000000000000e+01 1.700000000000000000e+01 nan
-8.900000000000000000e+01 1.800000000000000000e+01 nan
-8.900000000000000000e+01 1.900000000000000000e+01 nan
-8.900000000000000000e+01 2.000000000000000000e+01 nan
-8.900000000000000000e+01 2.100000000000000000e+01 nan
-8.900000000000000000e+01 2.200000000000000000e+01 nan
-8.900000000000000000e+01 2.300000000000000000e+01 nan
-8.900000000000000000e+01 2.400000000000000000e+01 nan
-8.900000000000000000e+01 2.500000000000000000e+01 nan
-8.900000000000000000e+01 2.600000000000000000e+01 nan
-8.900000000000000000e+01 2.700000000000000000e+01 nan
-8.900000000000000000e+01 2.800000000000000000e+01 nan
-8.900000000000000000e+01 2.900000000000000000e+01 nan
-8.900000000000000000e+01 3.000000000000000000e+01 nan
-8.900000000000000000e+01 3.100000000000000000e+01 nan
