Longitude[deg], Latitude[deg], Dust optical depth
-4.500000000000000000e+01 1.500000000000000000e+01 nan
-4.500000000000000000e+01 1.600000000000000000e+01 nan
-4.500000000000000000e+01 1.700000000000000000e+01 nan
-4.500000000000000000e+01 1.800000000000000000e+01 nan
-4.500000000000000000e+01 1.900000000000000000e+01 nan
-4.500000000000000000e+01 2.000000000000000000e+01 nan
-4.500000000000000000e+01 2.100000000000000000e+01 nan
-4.500000000000000000e+01 2.200000000000000000e+01 nan
-4.500000000000000000e+01 2.300000000000000000e+01 nan
-4.500000000000000000e+01 2.400000000000000000e+01 nan
-4.500000000000000000e+01 2.500000000000000000e+01 nan
-4.500000000000000000e+01 2.600000000000000000e+01 nan
-4.500000000000000000e+01 2.700000000000000000e+01 nan
-4.500000000000000000e+01 2.800000000000000000e+01 nan
-4.500000000000000000e+01 2.900000000000000000e+01 nan
-4.500000000000000000e+01 3.000000000000000000e+01 nan
-4.500000000000000000e+01 3.100000000000000000e+01 5.395363444803560338e-01
-4.500000000000000000e+01 3.200000000000000000e+01 5.192097637968563495e-01
-4.500000000000000000e+01 3.300000000000000000e+01 4.670650998721492253e-01
-4.500000000000000000e+01 3.400000000000000000e+01 4.728605891804505412e-01
-4.500000000000000000e+01 3.500000000000000000e+01 5.951024431908779055e-01
-4.400000000000000000e+01 1.500000000000000000e+01 nan
-4.400000000000000000e+01 1.600000000000000000e+01 nan
-4.400000000000000000e+01 1.700000000000000000e+01 nan
-4.400000000000000000e+01 1.800000000000000000e+01 nan
-4.400000000000000000e+01 1.900000000000000000e+01 nan
-4.400000000000000000e+01 2.000000000000000000e+01 nan
-4.400000000000000000e+01 2.100000000000000000e+01 1.317852757045498979e+00
-4.400000000000000000e+01 2.200000000000000000e+01 1.271648581680877799e+00
-4.400000000000000000e+01 2.300000000000000000e+01 1.131596414959133767e+00
-4.400000000000000000e+01 2.400000000000000000e+01 1.061061018859419391e+00
-4.400000000000000000e+01 2.500000000000000000e+01 9.785751065113467151e-01
-4.400000000000000000e+01 2.600000000000000000e+01 9.292596622822087982e-01
-4.400000000000000000e+01 2.700000000000000000e+01 8.661567294428037522e-01
-4.400000000000000000e+01 2.800000000000000000e+01 7.329360794271200241e-01
-4.400000000000000000e+01 2.900000000000000000e+01 5.867933790503976343e-01
-4.400000000000000000e+01 3.000000000000000000e+01 5.338162421512069322e-01
-4.400000000000000000e+01 3.100000000000000000e+01 5.048039668451489437e-01
-4.400000000000000000e+01 3.200000000000000000e+01 4.968881309543603519e-01
-4.400000000000000000e+01 3.300000000000000000e+01 4.655584835565014790e-01
-4.400000000000000000e+01 3.400000000000000000e+01 4.745299302837474587e-01
-4.400000000000000000e+01 3.500000000000000000e+01 5.951024431908779055e-01
-4.300000000000000000e+01 1.500000000000000000e+01 1.651349295436677300e+00
-4.300000000000000000e+01 1.600000000000000000e+01 1.531018742546138345e+00
-4.300000000000000000e+01 1.700000000000000000e+01 1.471715945299639783e+00
-4.300000000000000000e+01 1.800000000000000000e+01 1.486390401987346621e+00
-4.300000000000000000e+01 1.900000000000000000e+01 1.438931646171418333e+00
-4.300000000000000000e+01 2.000000000000000000e+01 1.350793775115382012e+00
-4.300000000000000000e+01 2.100000000000000000e+01 1.307739233765437659e+00
-4.300000000000000000e+01 2.200000000000000000e+01 1.191639828940761481e+00
-4.300000000000000000e+01 2.300000000000000000e+01 1.059586169534741273e+00
-4.300000000000000000e+01 2.400000000000000000e+01 1.040119075971569496e+00
-4.300000000000000000e+01 2.500000000000000000e+01 9.722989100728497425e-01
-4.300000000000000000e+01 2.600000000000000000e+01 9.116312491378845140e-01
-4.300000000000000000e+01 2.700000000000000000e+01 8.526471354872916519e-01
-4.300000000000000000e+01 2.800000000000000000e+01 7.438343514742293827e-01
-4.300000000000000000e+01 2.900000000000000000e+01 6.345180873278065681e-01
-4.300000000000000000e+01 3.000000000000000000e+01 5.569334672432216804e-01
-4.300000000000000000e+01 3.100000000000000000e+01 5.045922315865531971e-01
-4.300000000000000000e+01 3.200000000000000000e+01 4.943576306047845481e-01
-4.300000000000000000e+01 3.300000000000000000e+01 4.698836158117146167e-01
-4.300000000000000000e+01 3.400000000000000000e+01 4.736843309673505198e-01
-4.300000000000000000e+01 3.500000000000000000e+01 5.587349692515848343e-01
-4.200000000000000000e+01 1.500000000000000000e+01 1.611064767832275813e+00
-4.200000000000000000e+01 1.600000000000000000e+01 1.511759931332992357e+00
-4.200000000000000000e+01 1.700000000000000000e+01 1.442894340571245770e+00
-4.200000000000000000e+01 1.800000000000000000e+01 1.452738589303830707e+00
-4.200000000000000000e+01 1.900000000000000000e+01 1.389314286003474175e+00
-4.200000000000000000e+01 2.000000000000000000e+01 1.261708265667826234e+00
-4.200000000000000000e+01 2.100000000000000000e+01 1.202878422532578151e+00
-4.200000000000000000e+01 2.200000000000000000e+01 1.109906406104714804e+00
-4.200000000000000000e+01 2.300000000000000000e+01 1.024413550456774180e+00
-4.200000000000000000e+01 2.400000000000000000e+01 9.920962585652635113e-01
-4.200000000000000000e+01 2.500000000000000000e+01 9.638608635034486838e-01
-4.200000000000000000e+01 2.600000000000000000e+01 8.895042495644102098e-01
-4.200000000000000000e+01 2.700000000000000000e+01 8.525536205118016131e-01
-4.200000000000000000e+01 2.800000000000000000e+01 7.944314427092556974e-01
-4.200000000000000000e+01 2.900000000000000000e+01 6.589382575828013344e-01
-4.200000000000000000e+01 3.000000000000000000e+01 5.838939739098679693e-01
-4.200000000000000000e+01 3.100000000000000000e+01 5.548027596078736190e-01
-4.200000000000000000e+01 3.200000000000000000e+01 5.213474249574909791e-01
-4.200000000000000000e+01 3.300000000000000000e+01 4.744788045220936779e-01
-4.200000000000000000e+01 3.400000000000000000e+01 4.439921320465525789e-01
-4.200000000000000000e+01 3.500000000000000000e+01 4.830005310636961147e-01
-4.100000000000000000e+01 1.500000000000000000e+01 1.593813863289834654e+00
-4.100000000000000000e+01 1.600000000000000000e+01 1.503286095583637350e+00
-4.100000000000000000e+01 1.700000000000000000e+01 1.414271238004527920e+00
-4.100000000000000000e+01 1.800000000000000000e+01 1.405444662607730155e+00
-4.100000000000000000e+01 1.900000000000000000e+01 1.357964005500185145e+00
-4.100000000000000000e+01 2.000000000000000000e+01 1.178471252267477176e+00
-4.100000000000000000e+01 2.100000000000000000e+01 1.115137079994865665e+00
-4.100000000000000000e+01 2.200000000000000000e+01 1.059963688460342945e+00
-4.100000000000000000e+01 2.300000000000000000e+01 9.957981565901163901e-01
-4.100000000000000000e+01 2.400000000000000000e+01 9.673574345487668813e-01
-4.100000000000000000e+01 2.500000000000000000e+01 9.594928627964899315e-01
-4.100000000000000000e+01 2.600000000000000000e+01 8.859967049456798360e-01
-4.100000000000000000e+01 2.700000000000000000e+01 8.649126583752938524e-01
-4.100000000000000000e+01 2.800000000000000000e+01 8.023718902622717364e-01
-4.100000000000000000e+01 2.900000000000000000e+01 6.772925336837336552e-01
-4.100000000000000000e+01 3.000000000000000000e+01 6.149137554718826504e-01
-4.100000000000000000e+01 3.100000000000000000e+01 5.689124484183769592e-01
-4.100000000000000000e+01 3.200000000000000000e+01 5.412393098886202347e-01
-4.100000000000000000e+01 3.300000000000000000e+01 4.688350484197442714e-01
-4.100000000000000000e+01 3.400000000000000000e+01 4.334020201214728862e-01
-4.100000000000000000e+01 3.500000000000000000e+01 4.780401082256901524e-01
-4.000000000000000000e+01 1.500000000000000000e+01 1.576393360046272507e+00
-4.000000000000000000e+01 1.600000000000000000e+01 1.513442090361115433e+00
-4.000000000000000000e+01 1.700000000000000000e+01 1.412984961176869447e+00
-4.000000000000000000e+01 1.800000000000000000e+01 1.390411417251255610e+00
-4.000000000000000000e+01 1.900000000000000000e+01 1.320811224386850391e+00
-4.000000000000000000e+01 2.000000000000000000e+01 1.165239607732535321e+00
-4.000000000000000000e+01 2.100000000000000000e+01 1.100568833667956659e+00
-4.000000000000000000e+01 2.200000000000000000e+01 1.057546126495412908e+00
-4.000000000000000000e+01 2.300000000000000000e+01 1.004945685602042449e+00
-4.000000000000000000e+01 2.400000000000000000e+01 9.650168596945520871e-01
-4.000000000000000000e+01 2.500000000000000000e+01 9.699823404188986364e-01
-4.000000000000000000e+01 2.600000000000000000e+01 9.253000238509787589e-01
-4.000000000000000000e+01 2.700000000000000000e+01 8.562675124306703411e-01
-4.000000000000000000e+01 2.800000000000000000e+01 nan
-4.000000000000000000e+01 2.900000000000000000e+01 nan
-4.000000000000000000e+01 3.000000000000000000e+01 nan
-4.000000000000000000e+01 3.100000000000000000e+01 nan
-4.000000000000000000e+01 3.200000000000000000e+01 nan
-4.000000000000000000e+01 3.300000000000000000e+01 nan
-4.000000000000000000e+01 3.400000000000000000e+01 nan
-4.000000000000000000e+01 3.500000000000000000e+01 nan
