Longitude[deg], Latitude[deg], Dust optical depth
-1.650000000000000000e+02 1.000000000000000000e+00 nan
-1.650000000000000000e+02 2.000000000000000000e+00 nan
-1.650000000000000000e+02 3.000000000000000000e+00 nan
-1.650000000000000000e+02 4.000000000000000000e+00 nan
-1.650000000000000000e+02 5.000000000000000000e+00 nan
-1.650000000000000000e+02 6.000000000000000000e+00 nan
-1.650000000000000000e+02 7.000000000000000000e+00 nan
-1.650000000000000000e+02 8.000000000000000000e+00 nan
-1.650000000000000000e+02 9.000000000000000000e+00 nan
-1.650000000000000000e+02 1.000000000000000000e+01 nan
-1.650000000000000000e+02 1.100000000000000000e+01 nan
-1.650000000000000000e+02 1.200000000000000000e+01 nan
-1.650000000000000000e+02 1.300000000000000000e+01 nan
-1.650000000000000000e+02 1.400000000000000000e+01 nan
-1.650000000000000000e+02 1.500000000000000000e+01 nan
-1.650000000000000000e+02 1.600000000000000000e+01 nan
-1.650000000000000000e+02 1.700000000000000000e+01 nan
-1.650000000000000000e+02 1.800000000000000000e+01 nan
-1.650000000000000000e+02 1.900000000000000000e+01 nan
-1.650000000000000000e+02 2.000000000000000000e+01 nan
-1.650000000000000000e+02 2.100000000000000000e+01 nan
-1.650000000000000000e+02 2.200000000000000000e+01 nan
-1.650000000000000000e+02 2.300000000000000000e+01 nan
-1.650000000000000000e+02 2.400000000000000000e+01 nan
-1.650000000000000000e+02 2.500000000000000000e+01 nan
-1.650000000000000000e+02 2.600000000000000000e+01 nan
-1.650000000000000000e+02 2.700000000000000000e+01 nan
-1.650000000000000000e+02 2.800000000000000000e+01 nan
-1.640000000000000000e+02 1.000000000000000000e+00 nan
-1.640000000000000000e+02 2.000000000000000000e+00 nan
-1.640000000000000000e+02 3.000000000000000000e+00 nan
-1.640000000000000000e+02 4.000000000000000000e+00 nan
-1.640000000000000000e+02 5.000000000000000000e+00 nan
-1.640000000000000000e+02 6.000000000000000000e+00 nan
-1.640000000000000000e+02 7.000000000000000000e+00 nan
-1.640000000000000000e+02 8.000000000000000000e+00 nan
-1.640000000000000000e+02 9.000000000000000000e+00 nan
-1.640000000000000000e+02 1.000000000000000000e+01 nan
-1.640000000000000000e+02 1.100000000000000000e+01 nan
-1.640000000000000000e+02 1.200000000000000000e+01 nan
-1.640000000000000000e+02 1.300000000000000000e+01 nan
-1.640000000000000000e+02 1.400000000000000000e+01 nan
-1.640000000000000000e+02 1.500000000000000000e+01 nan
-1.640000000000000000e+02 1.600000000000000000e+01 nan
-1.640000000000000000e+02 1.700000000000000000e+01 nan
-1.640000000000000000e+02 1.800000000000000000e+01 nan
-1.640000000000000000e+02 1.900000000000000000e+01 5.122627503798817372e+00
-1.640000000000000000e+02 2.000000000000000000e+01 5.227103179366312524e+00
-1.640000000000000000e+02 2.100000000000000000e+01 5.242542384649105713e+00
-1.640000000000000000e+02 2.200000000000000000e+01 5.267405522595173473e+00
-1.640000000000000000e+02 2.300000000000000000e+01 5.320598075837488672e+00
-1.640000000000000000e+02 2.400000000000000000e+01 nan
-1.640000000000000000e+02 2.500000000000000000e+01 nan
-1.640000000000000000e+02 2.600000000000000000e+01 nan
-1.640000000000000000e+02 2.700000000000000000e+01 nan
-1.640000000000000000e+02 2.800000000000000000e+01 nan
-1.630000000000000000e+02 1.000000000000000000e+00 nan
-1.630000000000000000e+02 2.000000000000000000e+00 nan
-1.630000000000000000e+02 3.000000000000000000e+00 nan
-1.630000000000000000e+02 4.000000000000000000e+00 nan
-1.630000000000000000e+02 5.000000000000000000e+00 nan
-1.630000000000000000e+02 6.000000000000000000e+00 nan
-1.630000000000000000e+02 7.000000000000000000e+00 nan
-1.630000000000000000e+02 8.000000000000000000e+00 nan
-1.630000000000000000e+02 9.000000000000000000e+00 nan
-1.630000000000000000e+02 1.000000000000000000e+01 nan
-1.630000000000000000e+02 1.100000000000000000e+01 nan
-1.630000000000000000e+02 1.200000000000000000e+01 nan
-1.630000000000000000e+02 1.300000000000000000e+01 nan
-1.630000000000000000e+02 1.400000000000000000e+01 5.236558468973791847e+00
-1.630000000000000000e+02 1.500000000000000000e+01 5.256875266859574403e+00
-1.630000000000000000e+02 1.600000000000000000e+01 5.269528862775291422e+00
-1.630000000000000000e+02 1.700000000000000000e+01 5.151721026437394713e+00
-1.630000000000000000e+02 1.800000000000000000e+01 4.984735437802717328e+00
-1.630000000000000000e+02 1.900000000000000000e+01 5.053659519915622234e+00
-1.630000000000000000e+02 2.000000000000000000e+01 5.197761611185687691e+00
-1.630000000000000000e+02 2.100000000000000000e+01 5.205436656791015970e+00
-1.630000000000000000e+02 2.200000000000000000e+01 5.183505232590298384e+00
-1.630000000000000000e+02 2.300000000000000000e+01 5.228918962190631348e+00
-1.630000000000000000e+02 2.400000000000000000e+01 nan
-1.630000000000000000e+02 2.500000000000000000e+01 nan
-1.630000000000000000e+02 2.600000000000000000e+01 nan
-1.630000000000000000e+02 2.700000000000000000e+01 nan
-1.630000000000000000e+02 2.800000000000000000e+01 nan
-1.620000000000000000e+02 1.000000000000000000e+00 nan
-1.620000000000000000e+02 2.000000000000000000e+00 nan
-1.620000000000000000e+02 3.000000000000000000e+00 nan
-1.620000000000000000e+02 4.000000000000000000e+00 nan
-1.620000000000000000e+02 5.000000000000000000e+00 nan
-1.620000000000000000e+02 6.000000000000000000e+00 nan
-1.620000000000000000e+02 7.000000000000000000e+00 nan
-1.620000000000000000e+02 8.000000000000000000e+00 4.831323572939096422e+00
-1.620000000000000000e+02 9.000000000000000000e+00 4.904728412640744217e+00
-1.620000000000000000e+02 1.000000000000000000e+01 5.047546253568692798e+00
-1.620000000000000000e+02 1.100000000000000000e+01 5.193161713682366454e+00
-1.620000000000000000e+02 1.200000000000000000e+01 5.142842560117683703e+00
-1.620000000000000000e+02 1.300000000000000000e+01 5.104167955405261914e+00
-1.620000000000000000e+02 1.400000000000000000e+01 5.186307538370457770e+00
-1.620000000000000000e+02 1.500000000000000000e+01 5.242207593444486058e+00
-1.620000000000000000e+02 1.600000000000000000e+01 5.256985645584693501e+00
-1.620000000000000000e+02 1.700000000000000000e+01 5.155223558383221771e+00
-1.620000000000000000e+02 1.800000000000000000e+01 4.979558763010437872e+00
-1.620000000000000000e+02 1.900000000000000000e+01 5.008603403032668488e+00
-1.620000000000000000e+02 2.000000000000000000e+01 5.170184252521272228e+00
-1.620000000000000000e+02 2.100000000000000000e+01 5.232240068980376968e+00
-1.620000000000000000e+02 2.200000000000000000e+01 5.167086364468130633e+00
-1.620000000000000000e+02 2.300000000000000000e+01 5.153784415612276071e+00
-1.620000000000000000e+02 2.400000000000000000e+01 nan
-1.620000000000000000e+02 2.500000000000000000e+01 nan
-1.620000000000000000e+02 2.600000000000000000e+01 nan
-1.620000000000000000e+02 2.700000000000000000e+01 nan
-1.620000000000000000e+02 2.800000000000000000e+01 nan
-1.610000000000000000e+02 1.000000000000000000e+00 nan
-1.610000000000000000e+02 2.000000000000000000e+00 4.686326714064583676e+00
-1.610000000000000000e+02 3.000000000000000000e+00 4.631740960538371255e+00
-1.610000000000000000e+02 4.000000000000000000e+00 4.483069014240047778e+00
-1.610000000000000000e+02 5.000000000000000000e+00 4.599133488047109530e+00
-1.610000000000000000e+02 6.000000000000000000e+00 4.792586526736766217e+00
-1.610000000000000000e+02 7.000000000000000000e+00 4.767171858031355569e+00
-1.610000000000000000e+02 8.000000000000000000e+00 4.749681631280867400e+00
-1.610000000000000000e+02 9.000000000000000000e+00 4.825851587374703655e+00
-1.610000000000000000e+02 1.000000000000000000e+01 4.969724228739423211e+00
-1.610000000000000000e+02 1.100000000000000000e+01 5.136907977952891002e+00
-1.610000000000000000e+02 1.200000000000000000e+01 5.117439725187309385e+00
-1.610000000000000000e+02 1.300000000000000000e+01 5.094645794875110489e+00
-1.610000000000000000e+02 1.400000000000000000e+01 5.155229263681427199e+00
-1.610000000000000000e+02 1.500000000000000000e+01 5.188175288598153578e+00
-1.610000000000000000e+02 1.600000000000000000e+01 5.225209145173693059e+00
-1.610000000000000000e+02 1.700000000000000000e+01 5.203143070591963237e+00
-1.610000000000000000e+02 1.800000000000000000e+01 5.004543005725938798e+00
-1.610000000000000000e+02 1.900000000000000000e+01 4.941621384096658076e+00
-1.610000000000000000e+02 2.000000000000000000e+01 5.098291797241850887e+00
-1.610000000000000000e+02 2.100000000000000000e+01 5.268615479786293854e+00
-1.610000000000000000e+02 2.200000000000000000e+01 5.229303925330005320e+00
-1.610000000000000000e+02 2.300000000000000000e+01 5.187486130087178182e+00
-1.610000000000000000e+02 2.400000000000000000e+01 nan
-1.610000000000000000e+02 2.500000000000000000e+01 nan
-1.610000000000000000e+02 2.600000000000000000e+01 nan
-1.610000000000000000e+02 2.700000000000000000e+01 nan
-1.610000000000000000e+02 2.800000000000000000e+01 nan
-1.600000000000000000e+02 1.000000000000000000e+00 nan
-1.600000000000000000e+02 2.000000000000000000e+00 4.677602150314905671e+00
-1.600000000000000000e+02 3.000000000000000000e+00 4.662872449069875636e+00
-1.600000000000000000e+02 4.000000000000000000e+00 4.560924298070909266e+00
-1.600000000000000000e+02 5.000000000000000000e+00 4.613987021593092486e+00
-1.600000000000000000e+02 6.000000000000000000e+00 4.800089748735198114e+00
-1.600000000000000000e+02 7.000000000000000000e+00 4.784989606460960943e+00
-1.600000000000000000e+02 8.000000000000000000e+00 4.724496323229020689e+00
-1.600000000000000000e+02 9.000000000000000000e+00 4.780903524987867748e+00
-1.600000000000000000e+02 1.000000000000000000e+01 4.891516506098298578e+00
-1.600000000000000000e+02 1.100000000000000000e+01 5.078137155209999420e+00
-1.600000000000000000e+02 1.200000000000000000e+01 5.107996750638558403e+00
-1.600000000000000000e+02 1.300000000000000000e+01 5.105500846279087845e+00
-1.600000000000000000e+02 1.400000000000000000e+01 5.123870968211955201e+00
-1.600000000000000000e+02 1.500000000000000000e+01 5.121981626089675999e+00
-1.600000000000000000e+02 1.600000000000000000e+01 5.205111726552498652e+00
-1.600000000000000000e+02 1.700000000000000000e+01 5.229307881572101024e+00
-1.600000000000000000e+02 1.800000000000000000e+01 5.066775909885731011e+00
-1.600000000000000000e+02 1.900000000000000000e+01 4.924085495173943450e+00
-1.600000000000000000e+02 2.000000000000000000e+01 5.039529099362044740e+00
-1.600000000000000000e+02 2.100000000000000000e+01 5.278866277059613310e+00
-1.600000000000000000e+02 2.200000000000000000e+01 5.351163092495997198e+00
-1.600000000000000000e+02 2.300000000000000000e+01 5.296288958418178261e+00
-1.600000000000000000e+02 2.400000000000000000e+01 5.207574952766870879e+00
-1.600000000000000000e+02 2.500000000000000000e+01 nan
-1.600000000000000000e+02 2.600000000000000000e+01 nan
-1.600000000000000000e+02 2.700000000000000000e+01 nan
-1.600000000000000000e+02 2.800000000000000000e+01 nan
-1.590000000000000000e+02 1.000000000000000000e+00 nan
-1.590000000000000000e+02 2.000000000000000000e+00 4.709719199128533873e+00
-1.590000000000000000e+02 3.000000000000000000e+00 4.697810498337401164e+00
-1.590000000000000000e+02 4.000000000000000000e+00 4.638097681721289334e+00
-1.590000000000000000e+02 5.000000000000000000e+00 4.700179689478469314e+00
-1.590000000000000000e+02 6.000000000000000000e+00 4.842620364808625233e+00
-1.590000000000000000e+02 7.000000000000000000e+00 4.805340169841032960e+00
-1.590000000000000000e+02 8.000000000000000000e+00 4.743385742367689062e+00
-1.590000000000000000e+02 9.000000000000000000e+00 4.760088181597438961e+00
-1.590000000000000000e+02 1.000000000000000000e+01 4.852873101692162905e+00
-1.590000000000000000e+02 1.100000000000000000e+01 5.018771737245913300e+00
-1.590000000000000000e+02 1.200000000000000000e+01 5.088126105613400618e+00
-1.590000000000000000e+02 1.300000000000000000e+01 5.118276714216720258e+00
-1.590000000000000000e+02 1.400000000000000000e+01 5.154791564410707849e+00
-1.590000000000000000e+02 1.500000000000000000e+01 5.120461682773758127e+00
-1.590000000000000000e+02 1.600000000000000000e+01 5.188332579676492529e+00
-1.590000000000000000e+02 1.700000000000000000e+01 5.252262682420067996e+00
-1.590000000000000000e+02 1.800000000000000000e+01 5.138841184077346469e+00
-1.590000000000000000e+02 1.900000000000000000e+01 4.973339140624402077e+00
-1.590000000000000000e+02 2.000000000000000000e+01 5.057477410173480514e+00
-1.590000000000000000e+02 2.100000000000000000e+01 5.319686307774248668e+00
-1.590000000000000000e+02 2.200000000000000000e+01 5.435012452366337676e+00
-1.590000000000000000e+02 2.300000000000000000e+01 5.412669614420135389e+00
-1.590000000000000000e+02 2.400000000000000000e+01 5.293188438396766671e+00
-1.590000000000000000e+02 2.500000000000000000e+01 nan
-1.590000000000000000e+02 2.600000000000000000e+01 nan
-1.590000000000000000e+02 2.700000000000000000e+01 nan
-1.590000000000000000e+02 2.800000000000000000e+01 nan
-1.580000000000000000e+02 1.000000000000000000e+00 nan
-1.580000000000000000e+02 2.000000000000000000e+00 4.680693299764445925e+00
-1.580000000000000000e+02 3.000000000000000000e+00 4.710024524010800739e+00
-1.580000000000000000e+02 4.000000000000000000e+00 4.692029431239099324e+00
-1.580000000000000000e+02 5.000000000000000000e+00 4.781593922748377246e+00
-1.580000000000000000e+02 6.000000000000000000e+00 4.907351535184258928e+00
-1.580000000000000000e+02 7.000000000000000000e+00 4.832232619908443993e+00
-1.580000000000000000e+02 8.000000000000000000e+00 4.752792543909849066e+00
-1.580000000000000000e+02 9.000000000000000000e+00 4.750431296200468445e+00
-1.580000000000000000e+02 1.000000000000000000e+01 4.820085735572731345e+00
-1.580000000000000000e+02 1.100000000000000000e+01 4.978677628061249472e+00
-1.580000000000000000e+02 1.200000000000000000e+01 5.049563479725368786e+00
-1.580000000000000000e+02 1.300000000000000000e+01 5.113018836758355334e+00
-1.580000000000000000e+02 1.400000000000000000e+01 5.193330110282452061e+00
-1.580000000000000000e+02 1.500000000000000000e+01 5.141029036709253042e+00
-1.580000000000000000e+02 1.600000000000000000e+01 5.194714514549377604e+00
-1.580000000000000000e+02 1.700000000000000000e+01 5.290042284911899095e+00
-1.580000000000000000e+02 1.800000000000000000e+01 5.213923693895839762e+00
-1.580000000000000000e+02 1.900000000000000000e+01 5.049057339326360250e+00
-1.580000000000000000e+02 2.000000000000000000e+01 5.115954986686068295e+00
-1.580000000000000000e+02 2.100000000000000000e+01 5.367336299494594343e+00
-1.580000000000000000e+02 2.200000000000000000e+01 5.497876288223644714e+00
-1.580000000000000000e+02 2.300000000000000000e+01 5.512040681989151203e+00
-1.580000000000000000e+02 2.400000000000000000e+01 nan
-1.580000000000000000e+02 2.500000000000000000e+01 nan
-1.580000000000000000e+02 2.600000000000000000e+01 nan
-1.580000000000000000e+02 2.700000000000000000e+01 nan
-1.580000000000000000e+02 2.800000000000000000e+01 nan
-1.570000000000000000e+02 1.000000000000000000e+00 nan
-1.570000000000000000e+02 2.000000000000000000e+00 4.530321533470454298e+00
-1.570000000000000000e+02 3.000000000000000000e+00 4.639847804052962488e+00
-1.570000000000000000e+02 4.000000000000000000e+00 4.675477301360333904e+00
-1.570000000000000000e+02 5.000000000000000000e+00 4.768965876679404303e+00
-1.570000000000000000e+02 6.000000000000000000e+00 4.932645126902317934e+00
-1.570000000000000000e+02 7.000000000000000000e+00 4.894752792624275983e+00
-1.570000000000000000e+02 8.000000000000000000e+00 4.785122649668287487e+00
-1.570000000000000000e+02 9.000000000000000000e+00 4.677819881684519565e+00
-1.570000000000000000e+02 1.000000000000000000e+01 nan
-1.570000000000000000e+02 1.100000000000000000e+01 nan
-1.570000000000000000e+02 1.200000000000000000e+01 nan
-1.570000000000000000e+02 1.300000000000000000e+01 nan
-1.570000000000000000e+02 1.400000000000000000e+01 nan
-1.570000000000000000e+02 1.500000000000000000e+01 nan
-1.570000000000000000e+02 1.600000000000000000e+01 nan
-1.570000000000000000e+02 1.700000000000000000e+01 nan
-1.570000000000000000e+02 1.800000000000000000e+01 nan
-1.570000000000000000e+02 1.900000000000000000e+01 nan
-1.570000000000000000e+02 2.000000000000000000e+01 nan
-1.570000000000000000e+02 2.100000000000000000e+01 nan
-1.570000000000000000e+02 2.200000000000000000e+01 nan
-1.570000000000000000e+02 2.300000000000000000e+01 nan
-1.570000000000000000e+02 2.400000000000000000e+01 nan
-1.570000000000000000e+02 2.500000000000000000e+01 nan
-1.570000000000000000e+02 2.600000000000000000e+01 nan
-1.570000000000000000e+02 2.700000000000000000e+01 nan
-1.570000000000000000e+02 2.800000000000000000e+01 nan
