Longitude[deg], Latitude[deg], Dust optical depth
-9.000000000000000000e+01 -8.000000000000000000e+01 nan
-9.000000000000000000e+01 -7.900000000000000000e+01 nan
-9.000000000000000000e+01 -7.800000000000000000e+01 nan
-9.000000000000000000e+01 -7.700000000000000000e+01 nan
-9.000000000000000000e+01 -7.600000000000000000e+01 nan
-9.000000000000000000e+01 -7.500000000000000000e+01 nan
-9.000000000000000000e+01 -7.400000000000000000e+01 nan
-9.000000000000000000e+01 -7.300000000000000000e+01 nan
-9.000000000000000000e+01 -7.200000000000000000e+01 nan
-9.000000000000000000e+01 -7.100000000000000000e+01 nan
-9.000000000000000000e+01 -7.000000000000000000e+01 nan
-9.000000000000000000e+01 -6.900000000000000000e+01 nan
-9.000000000000000000e+01 -6.800000000000000000e+01 nan
-9.000000000000000000e+01 -6.700000000000000000e+01 nan
-9.000000000000000000e+01 -6.600000000000000000e+01 nan
-9.000000000000000000e+01 -6.500000000000000000e+01 nan
-9.000000000000000000e+01 -6.400000000000000000e+01 nan
-9.000000000000000000e+01 -6.300000000000000000e+01 nan
-9.000000000000000000e+01 -6.200000000000000000e+01 nan
-9.000000000000000000e+01 -6.100000000000000000e+01 nan
-9.000000000000000000e+01 -6.000000000000000000e+01 nan
-9.000000000000000000e+01 -5.900000000000000000e+01 nan
-9.000000000000000000e+01 -5.800000000000000000e+01 nan
-9.000000000000000000e+01 -5.700000000000000000e+01 nan
-9.000000000000000000e+01 -5.600000000000000000e+01 nan
-9.000000000000000000e+01 -5.500000000000000000e+01 nan
-9.000000000000000000e+01 -5.400000000000000000e+01 nan
-9.000000000000000000e+01 -5.300000000000000000e+01 nan
-9.000000000000000000e+01 -5.200000000000000000e+01 nan
-9.000000000000000000e+01 -5.100000000000000000e+01 nan
-9.000000000000000000e+01 -5.000000000000000000e+01 nan
-9.000000000000000000e+01 -4.900000000000000000e+01 nan
-9.000000000000000000e+01 -4.800000000000000000e+01 nan
-9.000000000000000000e+01 -4.700000000000000000e+01 nan
-9.000000000000000000e+01 -4.600000000000000000e+01 nan
-9.000000000000000000e+01 -4.500000000000000000e+01 nan
-9.000000000000000000e+01 -4.400000000000000000e+01 nan
-9.000000000000000000e+01 -4.300000000000000000e+01 nan
-9.000000000000000000e+01 -4.200000000000000000e+01 nan
-9.000000000000000000e+01 -4.100000000000000000e+01 nan
-9.000000000000000000e+01 -4.000000000000000000e+01 nan
-9.000000000000000000e+01 -3.900000000000000000e+01 nan
-9.000000000000000000e+01 -3.800000000000000000e+01 nan
-9.000000000000000000e+01 -3.700000000000000000e+01 nan
-9.000000000000000000e+01 -3.600000000000000000e+01 nan
-9.000000000000000000e+01 -3.500000000000000000e+01 nan
-9.000000000000000000e+01 -3.400000000000000000e+01 nan
-8.900000000000000000e+01 -8.000000000000000000e+01 nan
-8.900000000000000000e+01 -7.900000000000000000e+01 nan
-8.900000000000000000e+01 -7.800000000000000000e+01 nan
-8.900000000000000000e+01 -7.700000000000000000e+01 nan
-8.900000000000000000e+01 -7.600000000000000000e+01 nan
-8.900000000000000000e+01 -7.500000000000000000e+01 nan
-8.900000000000000000e+01 -7.400000000000000000e+01 nan
-8.900000000000000000e+01 -7.300000000000000000e+01 nan
-8.900000000000000000e+01 -7.200000000000000000e+01 nan
-8.900000000000000000e+01 -7.100000000000000000e+01 nan
-8.900000000000000000e+01 -7.000000000000000000e+01 nan
-8.900000000000000000e+01 -6.900000000000000000e+01 nan
-8.900000000000000000e+01 -6.800000000000000000e+01 nan
-8.900000000000000000e+01 -6.700000000000000000e+01 nan
-8.900000000000000000e+01 -6.600000000000000000e+01 nan
-8.900000000000000000e+01 -6.500000000000000000e+01 nan
-8.900000000000000000e+01 -6.400000000000000000e+01 nan
-8.900000000000000000e+01 -6.300000000000000000e+01 nan
-8.900000000000000000e+01 -6.200000000000000000e+01 nan
-8.900000000000000000e+01 -6.100000000000000000e+01 nan
-8.900000000000000000e+01 -6.000000000000000000e+01 nan
-8.900000000000000000e+01 -5.900000000000000000e+01 nan
-8.900000000000000000e+01 -5.800000000000000000e+01 nan
-8.900000000000000000e+01 -5.700000000000000000e+01 nan
-8.900000000000000000e+01 -5.600000000000000000e+01 nan
-8.900000000000000000e+01 -5.500000000000000000e+01 nan
-8.900000000000000000e+01 -5.400000000000000000e+01 nan
-8.900000000000000000e+01 -5.300000000000000000e+01 nan
-8.900000000000000000e+01 -5.200000000000000000e+01 nan
-8.900000000000000000e+01 -5.100000000000000000e+01 nan
-8.900000000000000000e+01 -5.000000000000000000e+01 nan
-8.900000000000000000e+01 -4.900000000000000000e+01 nan
-8.900000000000000000e+01 -4.800000000000000000e+01 nan
-8.900000000000000000e+01 -4.700000000000000000e+01 nan
-8.900000000000000000e+01 -4.600000000000000000e+01 nan
-8.900000000000000000e+01 -4.500000000000000000e+01 nan
-8.900000000000000000e+01 -4.400000000000000000e+01 nan
-8.900000000000000000e+01 -4.300000000000000000e+01 nan
-8.900000000000000000e+01 -4.200000000000000000e+01 nan
-8.900000000000000000e+01 -4.100000000000000000e+01 nan
-8.900000000000000000e+01 -4.000000000000000000e+01 nan
-8.900000000000000000e+01 -3.900000000000000000e+01 nan
-8.900000000000000000e+01 -3.800000000000000000e+01 nan
-8.900000000000000000e+01 -3.700000000000000000e+01 nan
-8.900000000000000000e+01 -3.600000000000000000e+01 nan
-8.900000000000000000e+01 -3.500000000000000000e+01 nan
-8.900000000000000000e+01 -3.400000000000000000e+01 nan
-8.800000000000000000e+01 -8.000000000000000000e+01 nan
-8.800000000000000000e+01 -7.900000000000000000e+01 nan
-8.800000000000000000e+01 -7.800000000000000000e+01 nan
-8.800000000000000000e+01 -7.700000000000000000e+01 nan
-8.800000000000000000e+01 -7.600000000000000000e+01 nan
-8.800000000000000000e+01 -7.500000000000000000e+01 nan
-8.800000000000000000e+01 -7.400000000000000000e+01 nan
-8.800000000000000000e+01 -7.300000000000000000e+01 nan
-8.800000000000000000e+01 -7.200000000000000000e+01 nan
-8.800000000000000000e+01 -7.100000000000000000e+01 nan
-8.800000000000000000e+01 -7.000000000000000000e+01 nan
-8.800000000000000000e+01 -6.900000000000000000e+01 nan
-8.800000000000000000e+01 -6.800000000000000000e+01 nan
-8.800000000000000000e+01 -6.700000000000000000e+01 nan
-8.800000000000000000e+01 -6.600000000000000000e+01 nan
-8.800000000000000000e+01 -6.500000000000000000e+01 nan
-8.800000000000000000e+01 -6.400000000000000000e+01 nan
-8.800000000000000000e+01 -6.300000000000000000e+01 nan
-8.800000000000000000e+01 -6.200000000000000000e+01 nan
-8.800000000000000000e+01 -6.100000000000000000e+01 nan
-8.800000000000000000e+01 -6.000000000000000000e+01 nan
-8.800000000000000000e+01 -5.900000000000000000e+01 nan
-8.800000000000000000e+01 -5.800000000000000000e+01 nan
-8.800000000000000000e+01 -5.700000000000000000e+01 nan
-8.800000000000000000e+01 -5.600000000000000000e+01 nan
-8.800000000000000000e+01 -5.500000000000000000e+01 nan
-8.800000000000000000e+01 -5.400000000000000000e+01 nan
-8.800000000000000000e+01 -5.300000000000000000e+01 nan
-8.800000000000000000e+01 -5.200000000000000000e+01 nan
-8.800000000000000000e+01 -5.100000000000000000e+01 nan
-8.800000000000000000e+01 -5.000000000000000000e+01 nan
-8.800000000000000000e+01 -4.900000000000000000e+01 nan
-8.800000000000000000e+01 -4.800000000000000000e+01 nan
-8.800000000000000000e+01 -4.700000000000000000e+01 nan
-8.800000000000000000e+01 -4.600000000000000000e+01 nan
-8.800000000000000000e+01 -4.500000000000000000e+01 nan
-8.800000000000000000e+01 -4.400000000000000000e+01 nan
-8.800000000000000000e+01 -4.300000000000000000e+01 nan
-8.800000000000000000e+01 -4.200000000000000000e+01 nan
-8.800000000000000000e+01 -4.100000000000000000e+01 nan
-8.800000000000000000e+01 -4.000000000000000000e+01 nan
-8.800000000000000000e+01 -3.900000000000000000e+01 nan
-8.800000000000000000e+01 -3.800000000000000000e+01 nan
-8.800000000000000000e+01 -3.700000000000000000e+01 nan
-8.800000000000000000e+01 -3.600000000000000000e+01 nan
-8.800000000000000000e+01 -3.500000000000000000e+01 nan
-8.800000000000000000e+01 -3.400000000000000000e+01 nan
-8.700000000000000000e+01 -8.000000000000000000e+01 nan
-8.700000000000000000e+01 -7.900000000000000000e+01 nan
-8.700000000000000000e+01 -7.800000000000000000e+01 nan
-8.700000000000000000e+01 -7.700000000000000000e+01 nan
-8.700000000000000000e+01 -7.600000000000000000e+01 nan
-8.700000000000000000e+01 -7.500000000000000000e+01 nan
-8.700000000000000000e+01 -7.400000000000000000e+01 nan
-8.700000000000000000e+01 -7.300000000000000000e+01 nan
-8.700000000000000000e+01 -7.200000000000000000e+01 nan
-8.700000000000000000e+01 -7.100000000000000000e+01 nan
-8.700000000000000000e+01 -7.000000000000000000e+01 nan
-8.700000000000000000e+01 -6.900000000000000000e+01 nan
-8.700000000000000000e+01 -6.800000000000000000e+01 nan
-8.700000000000000000e+01 -6.700000000000000000e+01 nan
-8.700000000000000000e+01 -6.600000000000000000e+01 nan
-8.700000000000000000e+01 -6.500000000000000000e+01 nan
-8.700000000000000000e+01 -6.400000000000000000e+01 nan
-8.700000000000000000e+01 -6.300000000000000000e+01 nan
-8.700000000000000000e+01 -6.200000000000000000e+01 nan
-8.700000000000000000e+01 -6.100000000000000000e+01 nan
-8.700000000000000000e+01 -6.000000000000000000e+01 nan
-8.700000000000000000e+01 -5.900000000000000000e+01 nan
-8.700000000000000000e+01 -5.800000000000000000e+01 nan
-8.700000000000000000e+01 -5.700000000000000000e+01 nan
-8.700000000000000000e+01 -5.600000000000000000e+01 nan
-8.700000000000000000e+01 -5.500000000000000000e+01 nan
-8.700000000000000000e+01 -5.400000000000000000e+01 nan
-8.700000000000000000e+01 -5.300000000000000000e+01 nan
-8.700000000000000000e+01 -5.200000000000000000e+01 nan
-8.700000000000000000e+01 -5.100000000000000000e+01 nan
-8.700000000000000000e+01 -5.000000000000000000e+01 nan
-8.700000000000000000e+01 -4.900000000000000000e+01 nan
-8.700000000000000000e+01 -4.800000000000000000e+01 nan
-8.700000000000000000e+01 -4.700000000000000000e+01 nan
-8.700000000000000000e+01 -4.600000000000000000e+01 nan
-8.700000000000000000e+01 -4.500000000000000000e+01 nan
-8.700000000000000000e+01 -4.400000000000000000e+01 nan
-8.700000000000000000e+01 -4.300000000000000000e+01 nan
-8.700000000000000000e+01 -4.200000000000000000e+01 nan
-8.700000000000000000e+01 -4.100000000000000000e+01 nan
-8.700000000000000000e+01 -4.000000000000000000e+01 nan
-8.700000000000000000e+01 -3.900000000000000000e+01 nan
-8.700000000000000000e+01 -3.800000000000000000e+01 nan
-8.700000000000000000e+01 -3.700000000000000000e+01 nan
-8.700000000000000000e+01 -3.600000000000000000e+01 nan
-8.700000000000000000e+01 -3.500000000000000000e+01 nan
-8.700000000000000000e+01 -3.400000000000000000e+01 nan
-8.600000000000000000e+01 -8.000000000000000000e+01 nan
-8.600000000000000000e+01 -7.900000000000000000e+01 nan
-8.600000000000000000e+01 -7.800000000000000000e+01 nan
-8.600000000000000000e+01 -7.700000000000000000e+01 nan
-8.600000000000000000e+01 -7.600000000000000000e+01 nan
-8.600000000000000000e+01 -7.500000000000000000e+01 nan
-8.600000000000000000e+01 -7.400000000000000000e+01 nan
-8.600000000000000000e+01 -7.300000000000000000e+01 nan
-8.600000000000000000e+01 -7.200000000000000000e+01 nan
-8.600000000000000000e+01 -7.100000000000000000e+01 nan
-8.600000000000000000e+01 -7.000000000000000000e+01 nan
-8.600000000000000000e+01 -6.900000000000000000e+01 nan
-8.600000000000000000e+01 -6.800000000000000000e+01 nan
-8.600000000000000000e+01 -6.700000000000000000e+01 nan
-8.600000000000000000e+01 -6.600000000000000000e+01 nan
-8.600000000000000000e+01 -6.500000000000000000e+01 nan
-8.600000000000000000e+01 -6.400000000000000000e+01 nan
-8.600000000000000000e+01 -6.300000000000000000e+01 nan
-8.600000000000000000e+01 -6.200000000000000000e+01 nan
-8.600000000000000000e+01 -6.100000000000000000e+01 nan
-8.600000000000000000e+01 -6.000000000000000000e+01 nan
-8.600000000000000000e+01 -5.900000000000000000e+01 nan
-8.600000000000000000e+01 -5.800000000000000000e+01 nan
-8.600000000000000000e+01 -5.700000000000000000e+01 nan
-8.600000000000000000e+01 -5.600000000000000000e+01 nan
-8.600000000000000000e+01 -5.500000000000000000e+01 nan
-8.600000000000000000e+01 -5.400000000000000000e+01 nan
-8.600000000000000000e+01 -5.300000000000000000e+01 nan
-8.600000000000000000e+01 -5.200000000000000000e+01 nan
-8.600000000000000000e+01 -5.100000000000000000e+01 nan
-8.600000000000000000e+01 -5.000000000000000000e+01 nan
-8.600000000000000000e+01 -4.900000000000000000e+01 nan
-8.600000000000000000e+01 -4.800000000000000000e+01 nan
-8.600000000000000000e+01 -4.700000000000000000e+01 nan
-8.600000000000000000e+01 -4.600000000000000000e+01 nan
-8.600000000000000000e+01 -4.500000000000000000e+01 nan
-8.600000000000000000e+01 -4.400000000000000000e+01 nan
-8.600000000000000000e+01 -4.300000000000000000e+01 nan
-8.600000000000000000e+01 -4.200000000000000000e+01 nan
-8.600000000000000000e+01 -4.100000000000000000e+01 nan
-8.600000000000000000e+01 -4.000000000000000000e+01 nan
-8.600000000000000000e+01 -3.900000000000000000e+01 nan
-8.600000000000000000e+01 -3.800000000000000000e+01 nan
-8.600000000000000000e+01 -3.700000000000000000e+01 nan
-8.600000000000000000e+01 -3.600000000000000000e+01 nan
-8.600000000000000000e+01 -3.500000000000000000e+01 nan
-8.600000000000000000e+01 -3.400000000000000000e+01 nan
-8.500000000000000000e+01 -8.000000000000000000e+01 nan
-8.500000000000000000e+01 -7.900000000000000000e+01 nan
-8.500000000000000000e+01 -7.800000000000000000e+01 nan
-8.500000000000000000e+01 -7.700000000000000000e+01 nan
-8.500000000000000000e+01 -7.600000000000000000e+01 nan
-8.500000000000000000e+01 -7.500000000000000000e+01 nan
-8.500000000000000000e+01 -7.400000000000000000e+01 nan
-8.500000000000000000e+01 -7.300000000000000000e+01 nan
-8.500000000000000000e+01 -7.200000000000000000e+01 nan
-8.500000000000000000e+01 -7.100000000000000000e+01 nan
-8.500000000000000000e+01 -7.000000000000000000e+01 nan
-8.500000000000000000e+01 -6.900000000000000000e+01 nan
-8.500000000000000000e+01 -6.800000000000000000e+01 nan
-8.500000000000000000e+01 -6.700000000000000000e+01 nan
-8.500000000000000000e+01 -6.600000000000000000e+01 nan
-8.500000000000000000e+01 -6.500000000000000000e+01 nan
-8.500000000000000000e+01 -6.400000000000000000e+01 nan
-8.500000000000000000e+01 -6.300000000000000000e+01 nan
-8.500000000000000000e+01 -6.200000000000000000e+01 nan
-8.500000000000000000e+01 -6.100000000000000000e+01 nan
-8.500000000000000000e+01 -6.000000000000000000e+01 nan
-8.500000000000000000e+01 -5.900000000000000000e+01 nan
-8.500000000000000000e+01 -5.800000000000000000e+01 nan
-8.500000000000000000e+01 -5.700000000000000000e+01 nan
-8.500000000000000000e+01 -5.600000000000000000e+01 nan
-8.500000000000000000e+01 -5.500000000000000000e+01 nan
-8.500000000000000000e+01 -5.400000000000000000e+01 nan
-8.500000000000000000e+01 -5.300000000000000000e+01 nan
-8.500000000000000000e+01 -5.200000000000000000e+01 nan
-8.500000000000000000e+01 -5.100000000000000000e+01 nan
-8.500000000000000000e+01 -5.000000000000000000e+01 nan
-8.500000000000000000e+01 -4.900000000000000000e+01 nan
-8.500000000000000000e+01 -4.800000000000000000e+01 nan
-8.500000000000000000e+01 -4.700000000000000000e+01 nan
-8.500000000000000000e+01 -4.600000000000000000e+01 nan
-8.500000000000000000e+01 -4.500000000000000000e+01 nan
-8.500000000000000000e+01 -4.400000000000000000e+01 nan
-8.500000000000000000e+01 -4.300000000000000000e+01 nan
-8.500000000000000000e+01 -4.200000000000000000e+01 nan
-8.500000000000000000e+01 -4.100000000000000000e+01 nan
-8.500000000000000000e+01 -4.000000000000000000e+01 nan
-8.500000000000000000e+01 -3.900000000000000000e+01 nan
-8.500000000000000000e+01 -3.800000000000000000e+01 nan
-8.500000000000000000e+01 -3.700000000000000000e+01 nan
-8.500000000000000000e+01 -3.600000000000000000e+01 nan
-8.500000000000000000e+01 -3.500000000000000000e+01 nan
-8.500000000000000000e+01 -3.400000000000000000e+01 nan
-8.400000000000000000e+01 -8.000000000000000000e+01 nan
-8.400000000000000000e+01 -7.900000000000000000e+01 nan
-8.400000000000000000e+01 -7.800000000000000000e+01 nan
-8.400000000000000000e+01 -7.700000000000000000e+01 nan
-8.400000000000000000e+01 -7.600000000000000000e+01 nan
-8.400000000000000000e+01 -7.500000000000000000e+01 nan
-8.400000000000000000e+01 -7.400000000000000000e+01 nan
-8.400000000000000000e+01 -7.300000000000000000e+01 nan
-8.400000000000000000e+01 -7.200000000000000000e+01 nan
-8.400000000000000000e+01 -7.100000000000000000e+01 nan
-8.400000000000000000e+01 -7.000000000000000000e+01 nan
-8.400000000000000000e+01 -6.900000000000000000e+01 nan
-8.400000000000000000e+01 -6.800000000000000000e+01 nan
-8.400000000000000000e+01 -6.700000000000000000e+01 nan
-8.400000000000000000e+01 -6.600000000000000000e+01 nan
-8.400000000000000000e+01 -6.500000000000000000e+01 nan
-8.400000000000000000e+01 -6.400000000000000000e+01 nan
-8.400000000000000000e+01 -6.300000000000000000e+01 nan
-8.400000000000000000e+01 -6.200000000000000000e+01 nan
-8.400000000000000000e+01 -6.100000000000000000e+01 nan
-8.400000000000000000e+01 -6.000000000000000000e+01 nan
-8.400000000000000000e+01 -5.900000000000000000e+01 nan
-8.400000000000000000e+01 -5.800000000000000000e+01 nan
-8.400000000000000000e+01 -5.700000000000000000e+01 nan
-8.400000000000000000e+01 -5.600000000000000000e+01 nan
-8.400000000000000000e+01 -5.500000000000000000e+01 nan
-8.400000000000000000e+01 -5.400000000000000000e+01 nan
-8.400000000000000000e+01 -5.300000000000000000e+01 nan
-8.400000000000000000e+01 -5.200000000000000000e+01 nan
-8.400000000000000000e+01 -5.100000000000000000e+01 nan
-8.400000000000000000e+01 -5.000000000000000000e+01 nan
-8.400000000000000000e+01 -4.900000000000000000e+01 nan
-8.400000000000000000e+01 -4.800000000000000000e+01 nan
-8.400000000000000000e+01 -4.700000000000000000e+01 nan
-8.400000000000000000e+01 -4.600000000000000000e+01 nan
-8.400000000000000000e+01 -4.500000000000000000e+01 nan
-8.400000000000000000e+01 -4.400000000000000000e+01 nan
-8.400000000000000000e+01 -4.300000000000000000e+01 nan
-8.400000000000000000e+01 -4.200000000000000000e+01 nan
-8.400000000000000000e+01 -4.100000000000000000e+01 nan
-8.400000000000000000e+01 -4.000000000000000000e+01 nan
-8.400000000000000000e+01 -3.900000000000000000e+01 nan
-8.400000000000000000e+01 -3.800000000000000000e+01 nan
-8.400000000000000000e+01 -3.700000000000000000e+01 nan
-8.400000000000000000e+01 -3.600000000000000000e+01 nan
-8.400000000000000000e+01 -3.500000000000000000e+01 nan
-8.400000000000000000e+01 -3.400000000000000000e+01 nan
-8.300000000000000000e+01 -8.000000000000000000e+01 nan
-8.300000000000000000e+01 -7.900000000000000000e+01 nan
-8.300000000000000000e+01 -7.800000000000000000e+01 nan
-8.300000000000000000e+01 -7.700000000000000000e+01 nan
-8.300000000000000000e+01 -7.600000000000000000e+01 nan
-8.300000000000000000e+01 -7.500000000000000000e+01 nan
-8.300000000000000000e+01 -7.400000000000000000e+01 nan
-8.300000000000000000e+01 -7.300000000000000000e+01 nan
-8.300000000000000000e+01 -7.200000000000000000e+01 nan
-8.300000000000000000e+01 -7.100000000000000000e+01 nan
-8.300000000000000000e+01 -7.000000000000000000e+01 nan
-8.300000000000000000e+01 -6.900000000000000000e+01 nan
-8.300000000000000000e+01 -6.800000000000000000e+01 nan
-8.300000000000000000e+01 -6.700000000000000000e+01 nan
-8.300000000000000000e+01 -6.600000000000000000e+01 nan
-8.300000000000000000e+01 -6.500000000000000000e+01 nan
-8.300000000000000000e+01 -6.400000000000000000e+01 nan
-8.300000000000000000e+01 -6.300000000000000000e+01 nan
-8.300000000000000000e+01 -6.200000000000000000e+01 nan
-8.300000000000000000e+01 -6.100000000000000000e+01 nan
-8.300000000000000000e+01 -6.000000000000000000e+01 nan
-8.300000000000000000e+01 -5.900000000000000000e+01 nan
-8.300000000000000000e+01 -5.800000000000000000e+01 nan
-8.300000000000000000e+01 -5.700000000000000000e+01 nan
-8.300000000000000000e+01 -5.600000000000000000e+01 nan
-8.300000000000000000e+01 -5.500000000000000000e+01 nan
-8.300000000000000000e+01 -5.400000000000000000e+01 nan
-8.300000000000000000e+01 -5.300000000000000000e+01 nan
-8.300000000000000000e+01 -5.200000000000000000e+01 nan
-8.300000000000000000e+01 -5.100000000000000000e+01 nan
-8.300000000000000000e+01 -5.000000000000000000e+01 nan
-8.300000000000000000e+01 -4.900000000000000000e+01 nan
-8.300000000000000000e+01 -4.800000000000000000e+01 nan
-8.300000000000000000e+01 -4.700000000000000000e+01 nan
-8.300000000000000000e+01 -4.600000000000000000e+01 nan
-8.300000000000000000e+01 -4.500000000000000000e+01 nan
-8.300000000000000000e+01 -4.400000000000000000e+01 nan
-8.300000000000000000e+01 -4.300000000000000000e+01 nan
-8.300000000000000000e+01 -4.200000000000000000e+01 nan
-8.300000000000000000e+01 -4.100000000000000000e+01 nan
-8.300000000000000000e+01 -4.000000000000000000e+01 nan
-8.300000000000000000e+01 -3.900000000000000000e+01 nan
-8.300000000000000000e+01 -3.800000000000000000e+01 nan
-8.300000000000000000e+01 -3.700000000000000000e+01 nan
-8.300000000000000000e+01 -3.600000000000000000e+01 nan
-8.300000000000000000e+01 -3.500000000000000000e+01 nan
-8.300000000000000000e+01 -3.400000000000000000e+01 nan
-8.200000000000000000e+01 -8.000000000000000000e+01 nan
-8.200000000000000000e+01 -7.900000000000000000e+01 nan
-8.200000000000000000e+01 -7.800000000000000000e+01 nan
-8.200000000000000000e+01 -7.700000000000000000e+01 nan
-8.200000000000000000e+01 -7.600000000000000000e+01 nan
-8.200000000000000000e+01 -7.500000000000000000e+01 nan
-8.200000000000000000e+01 -7.400000000000000000e+01 nan
-8.200000000000000000e+01 -7.300000000000000000e+01 nan
-8.200000000000000000e+01 -7.200000000000000000e+01 nan
-8.200000000000000000e+01 -7.100000000000000000e+01 nan
-8.200000000000000000e+01 -7.000000000000000000e+01 nan
-8.200000000000000000e+01 -6.900000000000000000e+01 nan
-8.200000000000000000e+01 -6.800000000000000000e+01 nan
-8.200000000000000000e+01 -6.700000000000000000e+01 nan
-8.200000000000000000e+01 -6.600000000000000000e+01 nan
-8.200000000000000000e+01 -6.500000000000000000e+01 nan
-8.200000000000000000e+01 -6.400000000000000000e+01 nan
-8.200000000000000000e+01 -6.300000000000000000e+01 nan
-8.200000000000000000e+01 -6.200000000000000000e+01 nan
-8.200000000000000000e+01 -6.100000000000000000e+01 nan
-8.200000000000000000e+01 -6.000000000000000000e+01 nan
-8.200000000000000000e+01 -5.900000000000000000e+01 nan
-8.200000000000000000e+01 -5.800000000000000000e+01 nan
-8.200000000000000000e+01 -5.700000000000000000e+01 nan
-8.200000000000000000e+01 -5.600000000000000000e+01 nan
-8.200000000000000000e+01 -5.500000000000000000e+01 nan
-8.200000000000000000e+01 -5.400000000000000000e+01 nan
-8.200000000000000000e+01 -5.300000000000000000e+01 nan
-8.200000000000000000e+01 -5.200000000000000000e+01 nan
-8.200000000000000000e+01 -5.100000000000000000e+01 nan
-8.200000000000000000e+01 -5.000000000000000000e+01 nan
-8.200000000000000000e+01 -4.900000000000000000e+01 nan
-8.200000000000000000e+01 -4.800000000000000000e+01 nan
-8.200000000000000000e+01 -4.700000000000000000e+01 nan
-8.200000000000000000e+01 -4.600000000000000000e+01 nan
-8.200000000000000000e+01 -4.500000000000000000e+01 nan
-8.200000000000000000e+01 -4.400000000000000000e+01 nan
-8.200000000000000000e+01 -4.300000000000000000e+01 nan
-8.200000000000000000e+01 -4.200000000000000000e+01 nan
-8.200000000000000000e+01 -4.100000000000000000e+01 nan
-8.200000000000000000e+01 -4.000000000000000000e+01 nan
-8.200000000000000000e+01 -3.900000000000000000e+01 nan
-8.200000000000000000e+01 -3.800000000000000000e+01 nan
-8.200000000000000000e+01 -3.700000000000000000e+01 nan
-8.200000000000000000e+01 -3.600000000000000000e+01 nan
-8.200000000000000000e+01 -3.500000000000000000e+01 nan
-8.200000000000000000e+01 -3.400000000000000000e+01 nan
-8.100000000000000000e+01 -8.000000000000000000e+01 nan
-8.100000000000000000e+01 -7.900000000000000000e+01 nan
-8.100000000000000000e+01 -7.800000000000000000e+01 nan
-8.100000000000000000e+01 -7.700000000000000000e+01 nan
-8.100000000000000000e+01 -7.600000000000000000e+01 nan
-8.100000000000000000e+01 -7.500000000000000000e+01 nan
-8.100000000000000000e+01 -7.400000000000000000e+01 nan
-8.100000000000000000e+01 -7.300000000000000000e+01 nan
-8.100000000000000000e+01 -7.200000000000000000e+01 nan
-8.100000000000000000e+01 -7.100000000000000000e+01 nan
-8.100000000000000000e+01 -7.000000000000000000e+01 nan
-8.100000000000000000e+01 -6.900000000000000000e+01 nan
-8.100000000000000000e+01 -6.800000000000000000e+01 nan
-8.100000000000000000e+01 -6.700000000000000000e+01 nan
-8.100000000000000000e+01 -6.600000000000000000e+01 nan
-8.100000000000000000e+01 -6.500000000000000000e+01 nan
-8.100000000000000000e+01 -6.400000000000000000e+01 nan
-8.100000000000000000e+01 -6.300000000000000000e+01 nan
-8.100000000000000000e+01 -6.200000000000000000e+01 nan
-8.100000000000000000e+01 -6.100000000000000000e+01 nan
-8.100000000000000000e+01 -6.000000000000000000e+01 nan
-8.100000000000000000e+01 -5.900000000000000000e+01 nan
-8.100000000000000000e+01 -5.800000000000000000e+01 nan
-8.100000000000000000e+01 -5.700000000000000000e+01 nan
-8.100000000000000000e+01 -5.600000000000000000e+01 nan
-8.100000000000000000e+01 -5.500000000000000000e+01 nan
-8.100000000000000000e+01 -5.400000000000000000e+01 nan
-8.100000000000000000e+01 -5.300000000000000000e+01 nan
-8.100000000000000000e+01 -5.200000000000000000e+01 nan
-8.100000000000000000e+01 -5.100000000000000000e+01 nan
-8.100000000000000000e+01 -5.000000000000000000e+01 nan
-8.100000000000000000e+01 -4.900000000000000000e+01 nan
-8.100000000000000000e+01 -4.800000000000000000e+01 nan
-8.100000000000000000e+01 -4.700000000000000000e+01 nan
-8.100000000000000000e+01 -4.600000000000000000e+01 nan
-8.100000000000000000e+01 -4.500000000000000000e+01 nan
-8.100000000000000000e+01 -4.400000000000000000e+01 nan
-8.100000000000000000e+01 -4.300000000000000000e+01 nan
-8.100000000000000000e+01 -4.200000000000000000e+01 nan
-8.100000000000000000e+01 -4.100000000000000000e+01 nan
-8.100000000000000000e+01 -4.000000000000000000e+01 nan
-8.100000000000000000e+01 -3.900000000000000000e+01 nan
-8.100000000000000000e+01 -3.800000000000000000e+01 nan
-8.100000000000000000e+01 -3.700000000000000000e+01 nan
-8.100000000000000000e+01 -3.600000000000000000e+01 nan
-8.100000000000000000e+01 -3.500000000000000000e+01 nan
-8.100000000000000000e+01 -3.400000000000000000e+01 nan
-8.000000000000000000e+01 -8.000000000000000000e+01 nan
-8.000000000000000000e+01 -7.900000000000000000e+01 nan
-8.000000000000000000e+01 -7.800000000000000000e+01 nan
-8.000000000000000000e+01 -7.700000000000000000e+01 nan
-8.000000000000000000e+01 -7.600000000000000000e+01 nan
-8.000000000000000000e+01 -7.500000000000000000e+01 nan
-8.000000000000000000e+01 -7.400000000000000000e+01 nan
-8.000000000000000000e+01 -7.300000000000000000e+01 nan
-8.000000000000000000e+01 -7.200000000000000000e+01 nan
-8.000000000000000000e+01 -7.100000000000000000e+01 nan
-8.000000000000000000e+01 -7.000000000000000000e+01 nan
-8.000000000000000000e+01 -6.900000000000000000e+01 nan
-8.000000000000000000e+01 -6.800000000000000000e+01 nan
-8.000000000000000000e+01 -6.700000000000000000e+01 nan
-8.000000000000000000e+01 -6.600000000000000000e+01 nan
-8.000000000000000000e+01 -6.500000000000000000e+01 nan
-8.000000000000000000e+01 -6.400000000000000000e+01 nan
-8.000000000000000000e+01 -6.300000000000000000e+01 nan
-8.000000000000000000e+01 -6.200000000000000000e+01 nan
-8.000000000000000000e+01 -6.100000000000000000e+01 nan
-8.000000000000000000e+01 -6.000000000000000000e+01 nan
-8.000000000000000000e+01 -5.900000000000000000e+01 nan
-8.000000000000000000e+01 -5.800000000000000000e+01 nan
-8.000000000000000000e+01 -5.700000000000000000e+01 nan
-8.000000000000000000e+01 -5.600000000000000000e+01 nan
-8.000000000000000000e+01 -5.500000000000000000e+01 nan
-8.000000000000000000e+01 -5.400000000000000000e+01 nan
-8.000000000000000000e+01 -5.300000000000000000e+01 nan
-8.000000000000000000e+01 -5.200000000000000000e+01 nan
-8.000000000000000000e+01 -5.100000000000000000e+01 nan
-8.000000000000000000e+01 -5.000000000000000000e+01 nan
-8.000000000000000000e+01 -4.900000000000000000e+01 nan
-8.000000000000000000e+01 -4.800000000000000000e+01 nan
-8.000000000000000000e+01 -4.700000000000000000e+01 nan
-8.000000000000000000e+01 -4.600000000000000000e+01 nan
-8.000000000000000000e+01 -4.500000000000000000e+01 nan
-8.000000000000000000e+01 -4.400000000000000000e+01 nan
-8.000000000000000000e+01 -4.300000000000000000e+01 nan
-8.000000000000000000e+01 -4.200000000000000000e+01 nan
-8.000000000000000000e+01 -4.100000000000000000e+01 nan
-8.000000000000000000e+01 -4.000000000000000000e+01 nan
-8.000000000000000000e+01 -3.900000000000000000e+01 nan
-8.000000000000000000e+01 -3.800000000000000000e+01 nan
-8.000000000000000000e+01 -3.700000000000000000e+01 nan
-8.000000000000000000e+01 -3.600000000000000000e+01 nan
-8.000000000000000000e+01 -3.500000000000000000e+01 nan
-8.000000000000000000e+01 -3.400000000000000000e+01 nan
-7.900000000000000000e+01 -8.000000000000000000e+01 nan
-7.900000000000000000e+01 -7.900000000000000000e+01 nan
-7.900000000000000000e+01 -7.800000000000000000e+01 nan
-7.900000000000000000e+01 -7.700000000000000000e+01 nan
-7.900000000000000000e+01 -7.600000000000000000e+01 nan
-7.900000000000000000e+01 -7.500000000000000000e+01 nan
-7.900000000000000000e+01 -7.400000000000000000e+01 nan
-7.900000000000000000e+01 -7.300000000000000000e+01 nan
-7.900000000000000000e+01 -7.200000000000000000e+01 nan
-7.900000000000000000e+01 -7.100000000000000000e+01 nan
-7.900000000000000000e+01 -7.000000000000000000e+01 nan
-7.900000000000000000e+01 -6.900000000000000000e+01 nan
-7.900000000000000000e+01 -6.800000000000000000e+01 nan
-7.900000000000000000e+01 -6.700000000000000000e+01 nan
-7.900000000000000000e+01 -6.600000000000000000e+01 nan
-7.900000000000000000e+01 -6.500000000000000000e+01 nan
-7.900000000000000000e+01 -6.400000000000000000e+01 nan
-7.900000000000000000e+01 -6.300000000000000000e+01 nan
-7.900000000000000000e+01 -6.200000000000000000e+01 nan
-7.900000000000000000e+01 -6.100000000000000000e+01 nan
-7.900000000000000000e+01 -6.000000000000000000e+01 nan
-7.900000000000000000e+01 -5.900000000000000000e+01 nan
-7.900000000000000000e+01 -5.800000000000000000e+01 nan
-7.900000000000000000e+01 -5.700000000000000000e+01 nan
-7.900000000000000000e+01 -5.600000000000000000e+01 nan
-7.900000000000000000e+01 -5.500000000000000000e+01 nan
-7.900000000000000000e+01 -5.400000000000000000e+01 nan
-7.900000000000000000e+01 -5.300000000000000000e+01 nan
-7.900000000000000000e+01 -5.200000000000000000e+01 nan
-7.900000000000000000e+01 -5.100000000000000000e+01 nan
-7.900000000000000000e+01 -5.000000000000000000e+01 nan
-7.900000000000000000e+01 -4.900000000000000000e+01 nan
-7.900000000000000000e+01 -4.800000000000000000e+01 nan
-7.900000000000000000e+01 -4.700000000000000000e+01 nan
-7.900000000000000000e+01 -4.600000000000000000e+01 nan
-7.900000000000000000e+01 -4.500000000000000000e+01 nan
-7.900000000000000000e+01 -4.400000000000000000e+01 nan
-7.900000000000000000e+01 -4.300000000000000000e+01 nan
-7.900000000000000000e+01 -4.200000000000000000e+01 nan
-7.900000000000000000e+01 -4.100000000000000000e+01 nan
-7.900000000000000000e+01 -4.000000000000000000e+01 nan
-7.900000000000000000e+01 -3.900000000000000000e+01 nan
-7.900000000000000000e+01 -3.800000000000000000e+01 nan
-7.900000000000000000e+01 -3.700000000000000000e+01 nan
-7.900000000000000000e+01 -3.600000000000000000e+01 nan
-7.900000000000000000e+01 -3.500000000000000000e+01 nan
-7.900000000000000000e+01 -3.400000000000000000e+01 nan
-7.800000000000000000e+01 -8.000000000000000000e+01 nan
-7.800000000000000000e+01 -7.900000000000000000e+01 nan
-7.800000000000000000e+01 -7.800000000000000000e+01 nan
-7.800000000000000000e+01 -7.700000000000000000e+01 nan
-7.800000000000000000e+01 -7.600000000000000000e+01 nan
-7.800000000000000000e+01 -7.500000000000000000e+01 nan
-7.800000000000000000e+01 -7.400000000000000000e+01 nan
-7.800000000000000000e+01 -7.300000000000000000e+01 nan
-7.800000000000000000e+01 -7.200000000000000000e+01 nan
-7.800000000000000000e+01 -7.100000000000000000e+01 nan
-7.800000000000000000e+01 -7.000000000000000000e+01 nan
-7.800000000000000000e+01 -6.900000000000000000e+01 nan
-7.800000000000000000e+01 -6.800000000000000000e+01 nan
-7.800000000000000000e+01 -6.700000000000000000e+01 nan
-7.800000000000000000e+01 -6.600000000000000000e+01 nan
-7.800000000000000000e+01 -6.500000000000000000e+01 nan
-7.800000000000000000e+01 -6.400000000000000000e+01 nan
-7.800000000000000000e+01 -6.300000000000000000e+01 nan
-7.800000000000000000e+01 -6.200000000000000000e+01 nan
-7.800000000000000000e+01 -6.100000000000000000e+01 nan
-7.800000000000000000e+01 -6.000000000000000000e+01 1.067695267995044439e+00
-7.800000000000000000e+01 -5.900000000000000000e+01 1.036686628400540267e+00
-7.800000000000000000e+01 -5.800000000000000000e+01 9.815416137572600119e-01
-7.800000000000000000e+01 -5.700000000000000000e+01 7.579762601650579246e-01
-7.800000000000000000e+01 -5.600000000000000000e+01 1.047536688488654777e+00
-7.800000000000000000e+01 -5.500000000000000000e+01 1.148443102689491235e+00
-7.800000000000000000e+01 -5.400000000000000000e+01 9.810399103347543504e-01
-7.800000000000000000e+01 -5.300000000000000000e+01 8.184232498527210797e-01
-7.800000000000000000e+01 -5.200000000000000000e+01 7.969574995890847946e-01
-7.800000000000000000e+01 -5.100000000000000000e+01 nan
-7.800000000000000000e+01 -5.000000000000000000e+01 nan
-7.800000000000000000e+01 -4.900000000000000000e+01 nan
-7.800000000000000000e+01 -4.800000000000000000e+01 nan
-7.800000000000000000e+01 -4.700000000000000000e+01 nan
-7.800000000000000000e+01 -4.600000000000000000e+01 nan
-7.800000000000000000e+01 -4.500000000000000000e+01 nan
-7.800000000000000000e+01 -4.400000000000000000e+01 nan
-7.800000000000000000e+01 -4.300000000000000000e+01 nan
-7.800000000000000000e+01 -4.200000000000000000e+01 nan
-7.800000000000000000e+01 -4.100000000000000000e+01 nan
-7.800000000000000000e+01 -4.000000000000000000e+01 nan
-7.800000000000000000e+01 -3.900000000000000000e+01 nan
-7.800000000000000000e+01 -3.800000000000000000e+01 nan
-7.800000000000000000e+01 -3.700000000000000000e+01 nan
-7.800000000000000000e+01 -3.600000000000000000e+01 nan
-7.800000000000000000e+01 -3.500000000000000000e+01 nan
-7.800000000000000000e+01 -3.400000000000000000e+01 nan
-7.700000000000000000e+01 -8.000000000000000000e+01 nan
-7.700000000000000000e+01 -7.900000000000000000e+01 nan
-7.700000000000000000e+01 -7.800000000000000000e+01 nan
-7.700000000000000000e+01 -7.700000000000000000e+01 nan
-7.700000000000000000e+01 -7.600000000000000000e+01 nan
-7.700000000000000000e+01 -7.500000000000000000e+01 nan
-7.700000000000000000e+01 -7.400000000000000000e+01 nan
-7.700000000000000000e+01 -7.300000000000000000e+01 nan
-7.700000000000000000e+01 -7.200000000000000000e+01 nan
-7.700000000000000000e+01 -7.100000000000000000e+01 nan
-7.700000000000000000e+01 -7.000000000000000000e+01 nan
-7.700000000000000000e+01 -6.900000000000000000e+01 nan
-7.700000000000000000e+01 -6.800000000000000000e+01 nan
-7.700000000000000000e+01 -6.700000000000000000e+01 nan
-7.700000000000000000e+01 -6.600000000000000000e+01 nan
-7.700000000000000000e+01 -6.500000000000000000e+01 nan
-7.700000000000000000e+01 -6.400000000000000000e+01 nan
-7.700000000000000000e+01 -6.300000000000000000e+01 nan
-7.700000000000000000e+01 -6.200000000000000000e+01 nan
-7.700000000000000000e+01 -6.100000000000000000e+01 nan
-7.700000000000000000e+01 -6.000000000000000000e+01 1.067695267995044439e+00
-7.700000000000000000e+01 -5.900000000000000000e+01 1.036686628400540267e+00
-7.700000000000000000e+01 -5.800000000000000000e+01 9.815416137572600119e-01
-7.700000000000000000e+01 -5.700000000000000000e+01 7.579762601650579246e-01
-7.700000000000000000e+01 -5.600000000000000000e+01 1.047536688488654777e+00
-7.700000000000000000e+01 -5.500000000000000000e+01 1.148837138222259302e+00
-7.700000000000000000e+01 -5.400000000000000000e+01 9.348950129836481882e-01
-7.700000000000000000e+01 -5.300000000000000000e+01 8.000980093325473774e-01
-7.700000000000000000e+01 -5.200000000000000000e+01 6.093149580071864913e-01
-7.700000000000000000e+01 -5.100000000000000000e+01 5.340502393213986121e-01
-7.700000000000000000e+01 -5.000000000000000000e+01 5.431794948217431029e-01
-7.700000000000000000e+01 -4.900000000000000000e+01 5.542551756084823644e-01
-7.700000000000000000e+01 -4.800000000000000000e+01 5.356456599430161614e-01
-7.700000000000000000e+01 -4.700000000000000000e+01 5.529476470486101025e-01
-7.700000000000000000e+01 -4.600000000000000000e+01 5.800425729806072406e-01
-7.700000000000000000e+01 -4.500000000000000000e+01 6.131804387987892513e-01
-7.700000000000000000e+01 -4.400000000000000000e+01 6.073118007547811947e-01
-7.700000000000000000e+01 -4.300000000000000000e+01 6.842633127200727916e-01
-7.700000000000000000e+01 -4.200000000000000000e+01 7.127400227884873596e-01
-7.700000000000000000e+01 -4.100000000000000000e+01 6.475502164214896883e-01
-7.700000000000000000e+01 -4.000000000000000000e+01 6.589339319108444837e-01
-7.700000000000000000e+01 -3.900000000000000000e+01 6.941739137055010778e-01
-7.700000000000000000e+01 -3.800000000000000000e+01 9.750930713096791491e-01
-7.700000000000000000e+01 -3.700000000000000000e+01 1.183668944477075824e+00
-7.700000000000000000e+01 -3.600000000000000000e+01 1.318775421072813314e+00
-7.700000000000000000e+01 -3.500000000000000000e+01 1.365227354821955341e+00
-7.700000000000000000e+01 -3.400000000000000000e+01 nan
-7.600000000000000000e+01 -8.000000000000000000e+01 nan
-7.600000000000000000e+01 -7.900000000000000000e+01 nan
-7.600000000000000000e+01 -7.800000000000000000e+01 nan
-7.600000000000000000e+01 -7.700000000000000000e+01 nan
-7.600000000000000000e+01 -7.600000000000000000e+01 nan
-7.600000000000000000e+01 -7.500000000000000000e+01 nan
-7.600000000000000000e+01 -7.400000000000000000e+01 nan
-7.600000000000000000e+01 -7.300000000000000000e+01 nan
-7.600000000000000000e+01 -7.200000000000000000e+01 nan
-7.600000000000000000e+01 -7.100000000000000000e+01 nan
-7.600000000000000000e+01 -7.000000000000000000e+01 nan
-7.600000000000000000e+01 -6.900000000000000000e+01 nan
-7.600000000000000000e+01 -6.800000000000000000e+01 nan
-7.600000000000000000e+01 -6.700000000000000000e+01 nan
-7.600000000000000000e+01 -6.600000000000000000e+01 nan
-7.600000000000000000e+01 -6.500000000000000000e+01 nan
-7.600000000000000000e+01 -6.400000000000000000e+01 nan
-7.600000000000000000e+01 -6.300000000000000000e+01 nan
-7.600000000000000000e+01 -6.200000000000000000e+01 nan
-7.600000000000000000e+01 -6.100000000000000000e+01 nan
-7.600000000000000000e+01 -6.000000000000000000e+01 nan
-7.600000000000000000e+01 -5.900000000000000000e+01 nan
-7.600000000000000000e+01 -5.800000000000000000e+01 nan
-7.600000000000000000e+01 -5.700000000000000000e+01 nan
-7.600000000000000000e+01 -5.600000000000000000e+01 nan
-7.600000000000000000e+01 -5.500000000000000000e+01 nan
-7.600000000000000000e+01 -5.400000000000000000e+01 8.658615129847005987e-01
-7.600000000000000000e+01 -5.300000000000000000e+01 7.588918155049837466e-01
-7.600000000000000000e+01 -5.200000000000000000e+01 6.054599652519813135e-01
-7.600000000000000000e+01 -5.100000000000000000e+01 5.340502393213986121e-01
-7.600000000000000000e+01 -5.000000000000000000e+01 5.431794948217431029e-01
-7.600000000000000000e+01 -4.900000000000000000e+01 5.542551756084823644e-01
-7.600000000000000000e+01 -4.800000000000000000e+01 5.356456599430161614e-01
-7.600000000000000000e+01 -4.700000000000000000e+01 5.529476470486101025e-01
-7.600000000000000000e+01 -4.600000000000000000e+01 5.800425729806072406e-01
-7.600000000000000000e+01 -4.500000000000000000e+01 6.131804387987892513e-01
-7.600000000000000000e+01 -4.400000000000000000e+01 6.073118007547811947e-01
-7.600000000000000000e+01 -4.300000000000000000e+01 6.842633127200727916e-01
-7.600000000000000000e+01 -4.200000000000000000e+01 7.127400227884873596e-01
-7.600000000000000000e+01 -4.100000000000000000e+01 6.475502164214896883e-01
-7.600000000000000000e+01 -4.000000000000000000e+01 6.589339319108444837e-01
-7.600000000000000000e+01 -3.900000000000000000e+01 6.941739137055010778e-01
-7.600000000000000000e+01 -3.800000000000000000e+01 9.750930713096791491e-01
-7.600000000000000000e+01 -3.700000000000000000e+01 1.183668944477075824e+00
-7.600000000000000000e+01 -3.600000000000000000e+01 1.318775421072813314e+00
-7.600000000000000000e+01 -3.500000000000000000e+01 1.365227354821955341e+00
-7.600000000000000000e+01 -3.400000000000000000e+01 nan
