Longitude[deg], Latitude[deg], Dust optical depth
1.100000000000000000e+02 -4.800000000000000000e+01 5.554702477967116359e+00
1.100000000000000000e+02 -4.700000000000000000e+01 6.176021219532385587e+00
1.100000000000000000e+02 -4.600000000000000000e+01 6.329506800015921364e+00
1.100000000000000000e+02 -4.500000000000000000e+01 6.234593432835746185e+00
1.100000000000000000e+02 -4.400000000000000000e+01 6.420921614528745991e+00
1.100000000000000000e+02 -4.300000000000000000e+01 6.522397926336486407e+00
1.100000000000000000e+02 -4.200000000000000000e+01 6.583025860767170556e+00
1.100000000000000000e+02 -4.100000000000000000e+01 6.508344341578068182e+00
1.100000000000000000e+02 -4.000000000000000000e+01 6.491904186709820834e+00
1.100000000000000000e+02 -3.900000000000000000e+01 6.299375914869061788e+00
1.100000000000000000e+02 -3.800000000000000000e+01 6.061703003658386990e+00
1.100000000000000000e+02 -3.700000000000000000e+01 5.819713446209669350e+00
1.100000000000000000e+02 -3.600000000000000000e+01 5.634428001297620447e+00
1.100000000000000000e+02 -3.500000000000000000e+01 5.505783552908231293e+00
1.100000000000000000e+02 -3.400000000000000000e+01 5.471285839934811435e+00
1.100000000000000000e+02 -3.300000000000000000e+01 5.542329384631815792e+00
1.100000000000000000e+02 -3.200000000000000000e+01 5.555798254662993152e+00
1.100000000000000000e+02 -3.100000000000000000e+01 5.431164642329076031e+00
1.100000000000000000e+02 -3.000000000000000000e+01 5.238916166477523007e+00
1.100000000000000000e+02 -2.900000000000000000e+01 5.146293568767374538e+00
1.100000000000000000e+02 -2.800000000000000000e+01 5.188762679324269378e+00
1.100000000000000000e+02 -2.700000000000000000e+01 5.359821881322839765e+00
1.100000000000000000e+02 -2.600000000000000000e+01 5.278657823625066747e+00
1.100000000000000000e+02 -2.500000000000000000e+01 4.963211173346309124e+00
1.100000000000000000e+02 -2.400000000000000000e+01 4.705851355920956713e+00
1.100000000000000000e+02 -2.300000000000000000e+01 4.677778809185089592e+00
1.100000000000000000e+02 -2.200000000000000000e+01 nan
1.110000000000000000e+02 -4.800000000000000000e+01 5.554702477967116359e+00
1.110000000000000000e+02 -4.700000000000000000e+01 6.176021219532385587e+00
1.110000000000000000e+02 -4.600000000000000000e+01 6.329506800015921364e+00
1.110000000000000000e+02 -4.500000000000000000e+01 6.234593432835746185e+00
1.110000000000000000e+02 -4.400000000000000000e+01 6.420921614528745991e+00
1.110000000000000000e+02 -4.300000000000000000e+01 6.522397926336486407e+00
1.110000000000000000e+02 -4.200000000000000000e+01 6.583025860767170556e+00
1.110000000000000000e+02 -4.100000000000000000e+01 6.508344341578068182e+00
1.110000000000000000e+02 -4.000000000000000000e+01 6.489775896240479014e+00
1.110000000000000000e+02 -3.900000000000000000e+01 6.284691915785446170e+00
1.110000000000000000e+02 -3.800000000000000000e+01 6.040544601356017118e+00
1.110000000000000000e+02 -3.700000000000000000e+01 5.787306714200949997e+00
1.110000000000000000e+02 -3.600000000000000000e+01 5.618971342271166236e+00
1.110000000000000000e+02 -3.500000000000000000e+01 5.505211603353304284e+00
1.110000000000000000e+02 -3.400000000000000000e+01 5.488583939085748931e+00
1.110000000000000000e+02 -3.300000000000000000e+01 5.538865348018440216e+00
1.110000000000000000e+02 -3.200000000000000000e+01 5.545491658325073736e+00
1.110000000000000000e+02 -3.100000000000000000e+01 5.424320032168838956e+00
1.110000000000000000e+02 -3.000000000000000000e+01 5.237304176483760010e+00
1.110000000000000000e+02 -2.900000000000000000e+01 5.118139974819336580e+00
1.110000000000000000e+02 -2.800000000000000000e+01 5.170247449197900913e+00
1.110000000000000000e+02 -2.700000000000000000e+01 5.358294052370847105e+00
1.110000000000000000e+02 -2.600000000000000000e+01 5.254131572819973783e+00
1.110000000000000000e+02 -2.500000000000000000e+01 4.923684731529601066e+00
1.110000000000000000e+02 -2.400000000000000000e+01 4.717469866113372490e+00
1.110000000000000000e+02 -2.300000000000000000e+01 4.692497901709227648e+00
1.110000000000000000e+02 -2.200000000000000000e+01 nan
1.120000000000000000e+02 -4.800000000000000000e+01 nan
1.120000000000000000e+02 -4.700000000000000000e+01 nan
1.120000000000000000e+02 -4.600000000000000000e+01 nan
1.120000000000000000e+02 -4.500000000000000000e+01 nan
1.120000000000000000e+02 -4.400000000000000000e+01 nan
1.120000000000000000e+02 -4.300000000000000000e+01 nan
1.120000000000000000e+02 -4.200000000000000000e+01 nan
1.120000000000000000e+02 -4.100000000000000000e+01 nan
1.120000000000000000e+02 -4.000000000000000000e+01 6.391090529998145975e+00
1.120000000000000000e+02 -3.900000000000000000e+01 6.103321534331739961e+00
1.120000000000000000e+02 -3.800000000000000000e+01 5.868032199447654307e+00
1.120000000000000000e+02 -3.700000000000000000e+01 5.659000002441143984e+00
1.120000000000000000e+02 -3.600000000000000000e+01 5.526658695115321152e+00
1.120000000000000000e+02 -3.500000000000000000e+01 5.502130440511590059e+00
1.120000000000000000e+02 -3.400000000000000000e+01 5.527252676945118459e+00
1.120000000000000000e+02 -3.300000000000000000e+01 5.532263552309682808e+00
1.120000000000000000e+02 -3.200000000000000000e+01 5.530671330260553908e+00
1.120000000000000000e+02 -3.100000000000000000e+01 5.412824412762835102e+00
1.120000000000000000e+02 -3.000000000000000000e+01 5.232414562140921710e+00
1.120000000000000000e+02 -2.900000000000000000e+01 5.059649849498462970e+00
1.120000000000000000e+02 -2.800000000000000000e+01 5.144968560240331890e+00
1.120000000000000000e+02 -2.700000000000000000e+01 5.354833466872325864e+00
1.120000000000000000e+02 -2.600000000000000000e+01 5.190614296282493711e+00
1.120000000000000000e+02 -2.500000000000000000e+01 4.878804110001199845e+00
1.120000000000000000e+02 -2.400000000000000000e+01 4.733756540459429729e+00
1.120000000000000000e+02 -2.300000000000000000e+01 4.819956578758150201e+00
1.120000000000000000e+02 -2.200000000000000000e+01 nan
