Longitude[deg], Latitude[deg], Dust optical depth
1.800000000000000000e+01 -7.200000000000000000e+01 nan
1.800000000000000000e+01 -7.100000000000000000e+01 nan
1.800000000000000000e+01 -7.000000000000000000e+01 nan
1.800000000000000000e+01 -6.900000000000000000e+01 nan
1.800000000000000000e+01 -6.800000000000000000e+01 nan
1.800000000000000000e+01 -6.700000000000000000e+01 nan
1.800000000000000000e+01 -6.600000000000000000e+01 nan
1.800000000000000000e+01 -6.500000000000000000e+01 nan
1.800000000000000000e+01 -6.400000000000000000e+01 nan
1.800000000000000000e+01 -6.300000000000000000e+01 nan
1.800000000000000000e+01 -6.200000000000000000e+01 nan
1.800000000000000000e+01 -6.100000000000000000e+01 nan
1.800000000000000000e+01 -6.000000000000000000e+01 nan
1.800000000000000000e+01 -5.900000000000000000e+01 nan
1.800000000000000000e+01 -5.800000000000000000e+01 nan
1.800000000000000000e+01 -5.700000000000000000e+01 nan
1.800000000000000000e+01 -5.600000000000000000e+01 nan
1.800000000000000000e+01 -5.500000000000000000e+01 nan
1.800000000000000000e+01 -5.400000000000000000e+01 nan
1.800000000000000000e+01 -5.300000000000000000e+01 nan
1.800000000000000000e+01 -5.200000000000000000e+01 nan
1.800000000000000000e+01 -5.100000000000000000e+01 nan
1.800000000000000000e+01 -5.000000000000000000e+01 nan
1.800000000000000000e+01 -4.900000000000000000e+01 nan
1.800000000000000000e+01 -4.800000000000000000e+01 nan
1.800000000000000000e+01 -4.700000000000000000e+01 nan
1.800000000000000000e+01 -4.600000000000000000e+01 nan
1.800000000000000000e+01 -4.500000000000000000e+01 nan
1.800000000000000000e+01 -4.400000000000000000e+01 nan
1.800000000000000000e+01 -4.300000000000000000e+01 nan
1.800000000000000000e+01 -4.200000000000000000e+01 nan
1.800000000000000000e+01 -4.100000000000000000e+01 nan
1.800000000000000000e+01 -4.000000000000000000e+01 nan
1.800000000000000000e+01 -3.900000000000000000e+01 nan
1.800000000000000000e+01 -3.800000000000000000e+01 nan
1.800000000000000000e+01 -3.700000000000000000e+01 nan
1.800000000000000000e+01 -3.600000000000000000e+01 nan
1.800000000000000000e+01 -3.500000000000000000e+01 nan
1.800000000000000000e+01 -3.400000000000000000e+01 nan
1.800000000000000000e+01 -3.300000000000000000e+01 nan
1.800000000000000000e+01 -3.200000000000000000e+01 nan
1.800000000000000000e+01 -3.100000000000000000e+01 nan
1.800000000000000000e+01 -3.000000000000000000e+01 nan
1.800000000000000000e+01 -2.900000000000000000e+01 nan
1.900000000000000000e+01 -7.200000000000000000e+01 nan
1.900000000000000000e+01 -7.100000000000000000e+01 nan
1.900000000000000000e+01 -7.000000000000000000e+01 nan
1.900000000000000000e+01 -6.900000000000000000e+01 nan
1.900000000000000000e+01 -6.800000000000000000e+01 nan
1.900000000000000000e+01 -6.700000000000000000e+01 nan
1.900000000000000000e+01 -6.600000000000000000e+01 nan
1.900000000000000000e+01 -6.500000000000000000e+01 nan
1.900000000000000000e+01 -6.400000000000000000e+01 nan
1.900000000000000000e+01 -6.300000000000000000e+01 nan
1.900000000000000000e+01 -6.200000000000000000e+01 nan
1.900000000000000000e+01 -6.100000000000000000e+01 nan
1.900000000000000000e+01 -6.000000000000000000e+01 nan
1.900000000000000000e+01 -5.900000000000000000e+01 nan
1.900000000000000000e+01 -5.800000000000000000e+01 nan
1.900000000000000000e+01 -5.700000000000000000e+01 nan
1.900000000000000000e+01 -5.600000000000000000e+01 nan
1.900000000000000000e+01 -5.500000000000000000e+01 nan
1.900000000000000000e+01 -5.400000000000000000e+01 nan
1.900000000000000000e+01 -5.300000000000000000e+01 nan
1.900000000000000000e+01 -5.200000000000000000e+01 nan
1.900000000000000000e+01 -5.100000000000000000e+01 nan
1.900000000000000000e+01 -5.000000000000000000e+01 nan
1.900000000000000000e+01 -4.900000000000000000e+01 nan
1.900000000000000000e+01 -4.800000000000000000e+01 nan
1.900000000000000000e+01 -4.700000000000000000e+01 nan
1.900000000000000000e+01 -4.600000000000000000e+01 nan
1.900000000000000000e+01 -4.500000000000000000e+01 nan
1.900000000000000000e+01 -4.400000000000000000e+01 nan
1.900000000000000000e+01 -4.300000000000000000e+01 nan
1.900000000000000000e+01 -4.200000000000000000e+01 nan
1.900000000000000000e+01 -4.100000000000000000e+01 nan
1.900000000000000000e+01 -4.000000000000000000e+01 nan
1.900000000000000000e+01 -3.900000000000000000e+01 nan
1.900000000000000000e+01 -3.800000000000000000e+01 nan
1.900000000000000000e+01 -3.700000000000000000e+01 nan
1.900000000000000000e+01 -3.600000000000000000e+01 nan
1.900000000000000000e+01 -3.500000000000000000e+01 nan
1.900000000000000000e+01 -3.400000000000000000e+01 nan
1.900000000000000000e+01 -3.300000000000000000e+01 nan
1.900000000000000000e+01 -3.200000000000000000e+01 nan
1.900000000000000000e+01 -3.100000000000000000e+01 nan
1.900000000000000000e+01 -3.000000000000000000e+01 nan
1.900000000000000000e+01 -2.900000000000000000e+01 nan
2.000000000000000000e+01 -7.200000000000000000e+01 nan
2.000000000000000000e+01 -7.100000000000000000e+01 nan
2.000000000000000000e+01 -7.000000000000000000e+01 nan
2.000000000000000000e+01 -6.900000000000000000e+01 nan
2.000000000000000000e+01 -6.800000000000000000e+01 nan
2.000000000000000000e+01 -6.700000000000000000e+01 nan
2.000000000000000000e+01 -6.600000000000000000e+01 nan
2.000000000000000000e+01 -6.500000000000000000e+01 nan
2.000000000000000000e+01 -6.400000000000000000e+01 nan
2.000000000000000000e+01 -6.300000000000000000e+01 nan
2.000000000000000000e+01 -6.200000000000000000e+01 nan
2.000000000000000000e+01 -6.100000000000000000e+01 nan
2.000000000000000000e+01 -6.000000000000000000e+01 nan
2.000000000000000000e+01 -5.900000000000000000e+01 nan
2.000000000000000000e+01 -5.800000000000000000e+01 nan
2.000000000000000000e+01 -5.700000000000000000e+01 nan
2.000000000000000000e+01 -5.600000000000000000e+01 nan
2.000000000000000000e+01 -5.500000000000000000e+01 nan
2.000000000000000000e+01 -5.400000000000000000e+01 nan
2.000000000000000000e+01 -5.300000000000000000e+01 nan
2.000000000000000000e+01 -5.200000000000000000e+01 nan
2.000000000000000000e+01 -5.100000000000000000e+01 nan
2.000000000000000000e+01 -5.000000000000000000e+01 nan
2.000000000000000000e+01 -4.900000000000000000e+01 nan
2.000000000000000000e+01 -4.800000000000000000e+01 nan
2.000000000000000000e+01 -4.700000000000000000e+01 nan
2.000000000000000000e+01 -4.600000000000000000e+01 nan
2.000000000000000000e+01 -4.500000000000000000e+01 nan
2.000000000000000000e+01 -4.400000000000000000e+01 nan
2.000000000000000000e+01 -4.300000000000000000e+01 nan
2.000000000000000000e+01 -4.200000000000000000e+01 nan
2.000000000000000000e+01 -4.100000000000000000e+01 nan
2.000000000000000000e+01 -4.000000000000000000e+01 nan
2.000000000000000000e+01 -3.900000000000000000e+01 nan
2.000000000000000000e+01 -3.800000000000000000e+01 nan
2.000000000000000000e+01 -3.700000000000000000e+01 nan
2.000000000000000000e+01 -3.600000000000000000e+01 nan
2.000000000000000000e+01 -3.500000000000000000e+01 nan
2.000000000000000000e+01 -3.400000000000000000e+01 nan
2.000000000000000000e+01 -3.300000000000000000e+01 nan
2.000000000000000000e+01 -3.200000000000000000e+01 nan
2.000000000000000000e+01 -3.100000000000000000e+01 nan
2.000000000000000000e+01 -3.000000000000000000e+01 nan
2.000000000000000000e+01 -2.900000000000000000e+01 nan
2.100000000000000000e+01 -7.200000000000000000e+01 nan
2.100000000000000000e+01 -7.100000000000000000e+01 nan
2.100000000000000000e+01 -7.000000000000000000e+01 nan
2.100000000000000000e+01 -6.900000000000000000e+01 nan
2.100000000000000000e+01 -6.800000000000000000e+01 nan
2.100000000000000000e+01 -6.700000000000000000e+01 nan
2.100000000000000000e+01 -6.600000000000000000e+01 nan
2.100000000000000000e+01 -6.500000000000000000e+01 nan
2.100000000000000000e+01 -6.400000000000000000e+01 nan
2.100000000000000000e+01 -6.300000000000000000e+01 nan
2.100000000000000000e+01 -6.200000000000000000e+01 nan
2.100000000000000000e+01 -6.100000000000000000e+01 nan
2.100000000000000000e+01 -6.000000000000000000e+01 nan
2.100000000000000000e+01 -5.900000000000000000e+01 nan
2.100000000000000000e+01 -5.800000000000000000e+01 nan
2.100000000000000000e+01 -5.700000000000000000e+01 nan
2.100000000000000000e+01 -5.600000000000000000e+01 nan
2.100000000000000000e+01 -5.500000000000000000e+01 nan
2.100000000000000000e+01 -5.400000000000000000e+01 nan
2.100000000000000000e+01 -5.300000000000000000e+01 nan
2.100000000000000000e+01 -5.200000000000000000e+01 nan
2.100000000000000000e+01 -5.100000000000000000e+01 nan
2.100000000000000000e+01 -5.000000000000000000e+01 nan
2.100000000000000000e+01 -4.900000000000000000e+01 nan
2.100000000000000000e+01 -4.800000000000000000e+01 nan
2.100000000000000000e+01 -4.700000000000000000e+01 nan
2.100000000000000000e+01 -4.600000000000000000e+01 nan
2.100000000000000000e+01 -4.500000000000000000e+01 nan
2.100000000000000000e+01 -4.400000000000000000e+01 nan
2.100000000000000000e+01 -4.300000000000000000e+01 nan
2.100000000000000000e+01 -4.200000000000000000e+01 nan
2.100000000000000000e+01 -4.100000000000000000e+01 nan
2.100000000000000000e+01 -4.000000000000000000e+01 nan
2.100000000000000000e+01 -3.900000000000000000e+01 nan
2.100000000000000000e+01 -3.800000000000000000e+01 nan
2.100000000000000000e+01 -3.700000000000000000e+01 nan
2.100000000000000000e+01 -3.600000000000000000e+01 nan
2.100000000000000000e+01 -3.500000000000000000e+01 nan
2.100000000000000000e+01 -3.400000000000000000e+01 nan
2.100000000000000000e+01 -3.300000000000000000e+01 nan
2.100000000000000000e+01 -3.200000000000000000e+01 nan
2.100000000000000000e+01 -3.100000000000000000e+01 nan
2.100000000000000000e+01 -3.000000000000000000e+01 nan
2.100000000000000000e+01 -2.900000000000000000e+01 nan
2.200000000000000000e+01 -7.200000000000000000e+01 nan
2.200000000000000000e+01 -7.100000000000000000e+01 nan
2.200000000000000000e+01 -7.000000000000000000e+01 nan
2.200000000000000000e+01 -6.900000000000000000e+01 nan
2.200000000000000000e+01 -6.800000000000000000e+01 nan
2.200000000000000000e+01 -6.700000000000000000e+01 nan
2.200000000000000000e+01 -6.600000000000000000e+01 nan
2.200000000000000000e+01 -6.500000000000000000e+01 nan
2.200000000000000000e+01 -6.400000000000000000e+01 nan
2.200000000000000000e+01 -6.300000000000000000e+01 nan
2.200000000000000000e+01 -6.200000000000000000e+01 nan
2.200000000000000000e+01 -6.100000000000000000e+01 nan
2.200000000000000000e+01 -6.000000000000000000e+01 nan
2.200000000000000000e+01 -5.900000000000000000e+01 nan
2.200000000000000000e+01 -5.800000000000000000e+01 nan
2.200000000000000000e+01 -5.700000000000000000e+01 nan
2.200000000000000000e+01 -5.600000000000000000e+01 nan
2.200000000000000000e+01 -5.500000000000000000e+01 nan
2.200000000000000000e+01 -5.400000000000000000e+01 nan
2.200000000000000000e+01 -5.300000000000000000e+01 nan
2.200000000000000000e+01 -5.200000000000000000e+01 nan
2.200000000000000000e+01 -5.100000000000000000e+01 nan
2.200000000000000000e+01 -5.000000000000000000e+01 nan
2.200000000000000000e+01 -4.900000000000000000e+01 nan
2.200000000000000000e+01 -4.800000000000000000e+01 nan
2.200000000000000000e+01 -4.700000000000000000e+01 nan
2.200000000000000000e+01 -4.600000000000000000e+01 nan
2.200000000000000000e+01 -4.500000000000000000e+01 nan
2.200000000000000000e+01 -4.400000000000000000e+01 nan
2.200000000000000000e+01 -4.300000000000000000e+01 nan
2.200000000000000000e+01 -4.200000000000000000e+01 nan
2.200000000000000000e+01 -4.100000000000000000e+01 nan
2.200000000000000000e+01 -4.000000000000000000e+01 nan
2.200000000000000000e+01 -3.900000000000000000e+01 nan
2.200000000000000000e+01 -3.800000000000000000e+01 nan
2.200000000000000000e+01 -3.700000000000000000e+01 nan
2.200000000000000000e+01 -3.600000000000000000e+01 nan
2.200000000000000000e+01 -3.500000000000000000e+01 nan
2.200000000000000000e+01 -3.400000000000000000e+01 nan
2.200000000000000000e+01 -3.300000000000000000e+01 nan
2.200000000000000000e+01 -3.200000000000000000e+01 nan
2.200000000000000000e+01 -3.100000000000000000e+01 nan
2.200000000000000000e+01 -3.000000000000000000e+01 nan
2.200000000000000000e+01 -2.900000000000000000e+01 nan
2.300000000000000000e+01 -7.200000000000000000e+01 nan
2.300000000000000000e+01 -7.100000000000000000e+01 nan
2.300000000000000000e+01 -7.000000000000000000e+01 nan
2.300000000000000000e+01 -6.900000000000000000e+01 nan
2.300000000000000000e+01 -6.800000000000000000e+01 nan
2.300000000000000000e+01 -6.700000000000000000e+01 nan
2.300000000000000000e+01 -6.600000000000000000e+01 nan
2.300000000000000000e+01 -6.500000000000000000e+01 nan
2.300000000000000000e+01 -6.400000000000000000e+01 nan
2.300000000000000000e+01 -6.300000000000000000e+01 nan
2.300000000000000000e+01 -6.200000000000000000e+01 nan
2.300000000000000000e+01 -6.100000000000000000e+01 nan
2.300000000000000000e+01 -6.000000000000000000e+01 1.450736674973602258e-01
2.300000000000000000e+01 -5.900000000000000000e+01 3.693278795910895917e-01
2.300000000000000000e+01 -5.800000000000000000e+01 3.597198782366299863e-01
2.300000000000000000e+01 -5.700000000000000000e+01 2.629654137953112425e-01
2.300000000000000000e+01 -5.600000000000000000e+01 1.383976677505889263e-01
2.300000000000000000e+01 -5.500000000000000000e+01 1.885816038040523113e-01
2.300000000000000000e+01 -5.400000000000000000e+01 2.221735591905599772e-01
2.300000000000000000e+01 -5.300000000000000000e+01 nan
2.300000000000000000e+01 -5.200000000000000000e+01 nan
2.300000000000000000e+01 -5.100000000000000000e+01 nan
2.300000000000000000e+01 -5.000000000000000000e+01 nan
2.300000000000000000e+01 -4.900000000000000000e+01 nan
2.300000000000000000e+01 -4.800000000000000000e+01 nan
2.300000000000000000e+01 -4.700000000000000000e+01 nan
2.300000000000000000e+01 -4.600000000000000000e+01 nan
2.300000000000000000e+01 -4.500000000000000000e+01 nan
2.300000000000000000e+01 -4.400000000000000000e+01 nan
2.300000000000000000e+01 -4.300000000000000000e+01 nan
2.300000000000000000e+01 -4.200000000000000000e+01 nan
2.300000000000000000e+01 -4.100000000000000000e+01 nan
2.300000000000000000e+01 -4.000000000000000000e+01 nan
2.300000000000000000e+01 -3.900000000000000000e+01 nan
2.300000000000000000e+01 -3.800000000000000000e+01 nan
2.300000000000000000e+01 -3.700000000000000000e+01 nan
2.300000000000000000e+01 -3.600000000000000000e+01 nan
2.300000000000000000e+01 -3.500000000000000000e+01 nan
2.300000000000000000e+01 -3.400000000000000000e+01 nan
2.300000000000000000e+01 -3.300000000000000000e+01 nan
2.300000000000000000e+01 -3.200000000000000000e+01 nan
2.300000000000000000e+01 -3.100000000000000000e+01 nan
2.300000000000000000e+01 -3.000000000000000000e+01 nan
2.300000000000000000e+01 -2.900000000000000000e+01 nan
2.400000000000000000e+01 -7.200000000000000000e+01 nan
2.400000000000000000e+01 -7.100000000000000000e+01 nan
2.400000000000000000e+01 -7.000000000000000000e+01 nan
2.400000000000000000e+01 -6.900000000000000000e+01 nan
2.400000000000000000e+01 -6.800000000000000000e+01 nan
2.400000000000000000e+01 -6.700000000000000000e+01 nan
2.400000000000000000e+01 -6.600000000000000000e+01 nan
2.400000000000000000e+01 -6.500000000000000000e+01 nan
2.400000000000000000e+01 -6.400000000000000000e+01 nan
2.400000000000000000e+01 -6.300000000000000000e+01 nan
2.400000000000000000e+01 -6.200000000000000000e+01 nan
2.400000000000000000e+01 -6.100000000000000000e+01 nan
2.400000000000000000e+01 -6.000000000000000000e+01 1.450736674973602258e-01
2.400000000000000000e+01 -5.900000000000000000e+01 3.693278795910895917e-01
2.400000000000000000e+01 -5.800000000000000000e+01 3.597198782366299863e-01
2.400000000000000000e+01 -5.700000000000000000e+01 2.629654137953112425e-01
2.400000000000000000e+01 -5.600000000000000000e+01 1.383976677505889263e-01
2.400000000000000000e+01 -5.500000000000000000e+01 1.966663482738940927e-01
2.400000000000000000e+01 -5.400000000000000000e+01 2.733964989389052747e-01
2.400000000000000000e+01 -5.300000000000000000e+01 2.807186241107956781e-01
2.400000000000000000e+01 -5.200000000000000000e+01 2.771143759214482749e-01
2.400000000000000000e+01 -5.100000000000000000e+01 5.704334256007402848e-01
2.400000000000000000e+01 -5.000000000000000000e+01 5.486938772400172804e-01
2.400000000000000000e+01 -4.900000000000000000e+01 6.187872877253924875e-01
2.400000000000000000e+01 -4.800000000000000000e+01 6.855224005796691777e-01
2.400000000000000000e+01 -4.700000000000000000e+01 6.339097967600956229e-01
2.400000000000000000e+01 -4.600000000000000000e+01 7.765994159585706269e-01
2.400000000000000000e+01 -4.500000000000000000e+01 7.768176981273564596e-01
2.400000000000000000e+01 -4.400000000000000000e+01 5.994952241678098703e-01
2.400000000000000000e+01 -4.300000000000000000e+01 7.264389495230260119e-01
2.400000000000000000e+01 -4.200000000000000000e+01 8.754264904155802940e-01
2.400000000000000000e+01 -4.100000000000000000e+01 9.724575694310634288e-01
2.400000000000000000e+01 -4.000000000000000000e+01 9.650200043982947173e-01
2.400000000000000000e+01 -3.900000000000000000e+01 1.000902066358898335e+00
2.400000000000000000e+01 -3.800000000000000000e+01 9.629023875187822101e-01
2.400000000000000000e+01 -3.700000000000000000e+01 8.425523614978936982e-01
2.400000000000000000e+01 -3.600000000000000000e+01 8.603188980618471371e-01
2.400000000000000000e+01 -3.500000000000000000e+01 8.584481552442951857e-01
2.400000000000000000e+01 -3.400000000000000000e+01 8.488234689965795665e-01
2.400000000000000000e+01 -3.300000000000000000e+01 nan
2.400000000000000000e+01 -3.200000000000000000e+01 nan
2.400000000000000000e+01 -3.100000000000000000e+01 nan
2.400000000000000000e+01 -3.000000000000000000e+01 nan
2.400000000000000000e+01 -2.900000000000000000e+01 nan
2.500000000000000000e+01 -7.200000000000000000e+01 nan
2.500000000000000000e+01 -7.100000000000000000e+01 nan
2.500000000000000000e+01 -7.000000000000000000e+01 nan
2.500000000000000000e+01 -6.900000000000000000e+01 nan
2.500000000000000000e+01 -6.800000000000000000e+01 nan
2.500000000000000000e+01 -6.700000000000000000e+01 nan
2.500000000000000000e+01 -6.600000000000000000e+01 nan
2.500000000000000000e+01 -6.500000000000000000e+01 nan
2.500000000000000000e+01 -6.400000000000000000e+01 nan
2.500000000000000000e+01 -6.300000000000000000e+01 nan
2.500000000000000000e+01 -6.200000000000000000e+01 nan
2.500000000000000000e+01 -6.100000000000000000e+01 nan
2.500000000000000000e+01 -6.000000000000000000e+01 nan
2.500000000000000000e+01 -5.900000000000000000e+01 nan
2.500000000000000000e+01 -5.800000000000000000e+01 nan
2.500000000000000000e+01 -5.700000000000000000e+01 nan
2.500000000000000000e+01 -5.600000000000000000e+01 nan
2.500000000000000000e+01 -5.500000000000000000e+01 nan
2.500000000000000000e+01 -5.400000000000000000e+01 2.847781600334017282e-01
2.500000000000000000e+01 -5.300000000000000000e+01 2.783613828126483836e-01
2.500000000000000000e+01 -5.200000000000000000e+01 2.771143759214482749e-01
2.500000000000000000e+01 -5.100000000000000000e+01 5.704334256007402848e-01
2.500000000000000000e+01 -5.000000000000000000e+01 5.486938772400172804e-01
2.500000000000000000e+01 -4.900000000000000000e+01 6.187872877253924875e-01
2.500000000000000000e+01 -4.800000000000000000e+01 6.855224005796691777e-01
2.500000000000000000e+01 -4.700000000000000000e+01 6.339097967600956229e-01
2.500000000000000000e+01 -4.600000000000000000e+01 7.765994159585706269e-01
2.500000000000000000e+01 -4.500000000000000000e+01 7.768176981273564596e-01
2.500000000000000000e+01 -4.400000000000000000e+01 5.994952241678098703e-01
2.500000000000000000e+01 -4.300000000000000000e+01 7.264389495230260119e-01
2.500000000000000000e+01 -4.200000000000000000e+01 8.754264904155802940e-01
2.500000000000000000e+01 -4.100000000000000000e+01 9.724575694310634288e-01
2.500000000000000000e+01 -4.000000000000000000e+01 9.650200043982947173e-01
2.500000000000000000e+01 -3.900000000000000000e+01 1.002168689651882438e+00
2.500000000000000000e+01 -3.800000000000000000e+01 9.537535670952802525e-01
2.500000000000000000e+01 -3.700000000000000000e+01 8.420952711245901501e-01
2.500000000000000000e+01 -3.600000000000000000e+01 8.558212141197940603e-01
2.500000000000000000e+01 -3.500000000000000000e+01 8.652080544663977024e-01
2.500000000000000000e+01 -3.400000000000000000e+01 1.049459221773294981e+00
2.500000000000000000e+01 -3.300000000000000000e+01 1.033499540733273658e+00
2.500000000000000000e+01 -3.200000000000000000e+01 8.906060578427827945e-01
2.500000000000000000e+01 -3.100000000000000000e+01 9.486499224481638182e-01
2.500000000000000000e+01 -3.000000000000000000e+01 1.032535315745546356e+00
2.500000000000000000e+01 -2.900000000000000000e+01 nan
2.600000000000000000e+01 -7.200000000000000000e+01 nan
2.600000000000000000e+01 -7.100000000000000000e+01 nan
2.600000000000000000e+01 -7.000000000000000000e+01 nan
2.600000000000000000e+01 -6.900000000000000000e+01 nan
2.600000000000000000e+01 -6.800000000000000000e+01 nan
2.600000000000000000e+01 -6.700000000000000000e+01 nan
2.600000000000000000e+01 -6.600000000000000000e+01 nan
2.600000000000000000e+01 -6.500000000000000000e+01 nan
2.600000000000000000e+01 -6.400000000000000000e+01 nan
2.600000000000000000e+01 -6.300000000000000000e+01 nan
2.600000000000000000e+01 -6.200000000000000000e+01 nan
2.600000000000000000e+01 -6.100000000000000000e+01 nan
2.600000000000000000e+01 -6.000000000000000000e+01 nan
2.600000000000000000e+01 -5.900000000000000000e+01 nan
2.600000000000000000e+01 -5.800000000000000000e+01 nan
2.600000000000000000e+01 -5.700000000000000000e+01 nan
2.600000000000000000e+01 -5.600000000000000000e+01 nan
2.600000000000000000e+01 -5.500000000000000000e+01 nan
2.600000000000000000e+01 -5.400000000000000000e+01 nan
2.600000000000000000e+01 -5.300000000000000000e+01 nan
2.600000000000000000e+01 -5.200000000000000000e+01 nan
2.600000000000000000e+01 -5.100000000000000000e+01 nan
2.600000000000000000e+01 -5.000000000000000000e+01 nan
2.600000000000000000e+01 -4.900000000000000000e+01 nan
2.600000000000000000e+01 -4.800000000000000000e+01 nan
2.600000000000000000e+01 -4.700000000000000000e+01 nan
2.600000000000000000e+01 -4.600000000000000000e+01 nan
2.600000000000000000e+01 -4.500000000000000000e+01 nan
2.600000000000000000e+01 -4.400000000000000000e+01 nan
2.600000000000000000e+01 -4.300000000000000000e+01 nan
2.600000000000000000e+01 -4.200000000000000000e+01 nan
2.600000000000000000e+01 -4.100000000000000000e+01 nan
2.600000000000000000e+01 -4.000000000000000000e+01 nan
2.600000000000000000e+01 -3.900000000000000000e+01 1.009535664633458119e+00
2.600000000000000000e+01 -3.800000000000000000e+01 8.436767702192786711e-01
2.600000000000000000e+01 -3.700000000000000000e+01 8.413414179219141920e-01
2.600000000000000000e+01 -3.600000000000000000e+01 8.552510765768759349e-01
2.600000000000000000e+01 -3.500000000000000000e+01 8.702466899737497652e-01
2.600000000000000000e+01 -3.400000000000000000e+01 1.054931080356529494e+00
2.600000000000000000e+01 -3.300000000000000000e+01 1.035840345566455767e+00
2.600000000000000000e+01 -3.200000000000000000e+01 8.906060578427827945e-01
2.600000000000000000e+01 -3.100000000000000000e+01 9.486499224481638182e-01
2.600000000000000000e+01 -3.000000000000000000e+01 1.032535315745546356e+00
2.600000000000000000e+01 -2.900000000000000000e+01 nan
