Longitude[deg], Latitude[deg], Dust optical depth
-1.560000000000000000e+02 1.100000000000000000e+01 nan
-1.560000000000000000e+02 1.200000000000000000e+01 nan
-1.560000000000000000e+02 1.300000000000000000e+01 nan
-1.560000000000000000e+02 1.400000000000000000e+01 nan
-1.560000000000000000e+02 1.500000000000000000e+01 nan
-1.560000000000000000e+02 1.600000000000000000e+01 nan
-1.560000000000000000e+02 1.700000000000000000e+01 5.825040349108189908e+00
-1.560000000000000000e+02 1.800000000000000000e+01 5.913950716510071537e+00
-1.560000000000000000e+02 1.900000000000000000e+01 5.995643733355104033e+00
-1.560000000000000000e+02 2.000000000000000000e+01 5.927031487195911552e+00
-1.560000000000000000e+02 2.100000000000000000e+01 5.860452447222908923e+00
-1.560000000000000000e+02 2.200000000000000000e+01 nan
-1.550000000000000000e+02 1.100000000000000000e+01 6.031165965325378409e+00
-1.550000000000000000e+02 1.200000000000000000e+01 6.009081777750361120e+00
-1.550000000000000000e+02 1.300000000000000000e+01 5.971055694394686419e+00
-1.550000000000000000e+02 1.400000000000000000e+01 6.014445614283912889e+00
-1.550000000000000000e+02 1.500000000000000000e+01 5.921829668977597549e+00
-1.550000000000000000e+02 1.600000000000000000e+01 5.764455221705723886e+00
-1.550000000000000000e+02 1.700000000000000000e+01 5.797776367303529632e+00
-1.550000000000000000e+02 1.800000000000000000e+01 5.883796881044058402e+00
-1.550000000000000000e+02 1.900000000000000000e+01 5.935698557343335402e+00
-1.550000000000000000e+02 2.000000000000000000e+01 5.905103229897278538e+00
-1.550000000000000000e+02 2.100000000000000000e+01 5.847643016337802813e+00
-1.550000000000000000e+02 2.200000000000000000e+01 nan
-1.540000000000000000e+02 1.100000000000000000e+01 5.956101655433260866e+00
-1.540000000000000000e+02 1.200000000000000000e+01 5.999035801869466944e+00
-1.540000000000000000e+02 1.300000000000000000e+01 5.977054927614035229e+00
-1.540000000000000000e+02 1.400000000000000000e+01 5.993845357506994098e+00
-1.540000000000000000e+02 1.500000000000000000e+01 5.947408467275844934e+00
-1.540000000000000000e+02 1.600000000000000000e+01 5.779016224028126203e+00
-1.540000000000000000e+02 1.700000000000000000e+01 5.802137892077865011e+00
-1.540000000000000000e+02 1.800000000000000000e+01 5.883710451878094716e+00
-1.540000000000000000e+02 1.900000000000000000e+01 5.920323422922162848e+00
-1.540000000000000000e+02 2.000000000000000000e+01 5.902330595946312819e+00
-1.540000000000000000e+02 2.100000000000000000e+01 5.847494094730696368e+00
-1.540000000000000000e+02 2.200000000000000000e+01 nan
-1.530000000000000000e+02 1.100000000000000000e+01 5.943196277491601620e+00
-1.530000000000000000e+02 1.200000000000000000e+01 5.976502765955344465e+00
-1.530000000000000000e+02 1.300000000000000000e+01 6.015458817029101013e+00
-1.530000000000000000e+02 1.400000000000000000e+01 6.054411249981225041e+00
-1.530000000000000000e+02 1.500000000000000000e+01 5.995967232937612579e+00
-1.530000000000000000e+02 1.600000000000000000e+01 5.814675045045992974e+00
-1.530000000000000000e+02 1.700000000000000000e+01 5.834774030400879496e+00
-1.530000000000000000e+02 1.800000000000000000e+01 5.926798252796726452e+00
-1.530000000000000000e+02 1.900000000000000000e+01 5.943876759177011415e+00
-1.530000000000000000e+02 2.000000000000000000e+01 5.928984083035039987e+00
-1.530000000000000000e+02 2.100000000000000000e+01 5.911285920880240852e+00
-1.530000000000000000e+02 2.200000000000000000e+01 nan
-1.520000000000000000e+02 1.100000000000000000e+01 5.912484521879663113e+00
-1.520000000000000000e+02 1.200000000000000000e+01 5.971559045774162300e+00
-1.520000000000000000e+02 1.300000000000000000e+01 6.049740060088477200e+00
-1.520000000000000000e+02 1.400000000000000000e+01 6.114224864565934503e+00
-1.520000000000000000e+02 1.500000000000000000e+01 6.045594973309361464e+00
-1.520000000000000000e+02 1.600000000000000000e+01 5.860318770097565633e+00
-1.520000000000000000e+02 1.700000000000000000e+01 5.884891179601686062e+00
-1.520000000000000000e+02 1.800000000000000000e+01 5.974330768441237893e+00
-1.520000000000000000e+02 1.900000000000000000e+01 5.998144996266050910e+00
-1.520000000000000000e+02 2.000000000000000000e+01 5.980377381072389475e+00
-1.520000000000000000e+02 2.100000000000000000e+01 5.972595268545832781e+00
-1.520000000000000000e+02 2.200000000000000000e+01 nan
-1.510000000000000000e+02 1.100000000000000000e+01 nan
-1.510000000000000000e+02 1.200000000000000000e+01 5.995825103826151192e+00
-1.510000000000000000e+02 1.300000000000000000e+01 6.054079159234749596e+00
-1.510000000000000000e+02 1.400000000000000000e+01 6.118959935709771258e+00
-1.510000000000000000e+02 1.500000000000000000e+01 6.082369592822390203e+00
-1.510000000000000000e+02 1.600000000000000000e+01 5.904675880549183020e+00
-1.510000000000000000e+02 1.700000000000000000e+01 5.958895856156209092e+00
-1.510000000000000000e+02 1.800000000000000000e+01 6.055180577294728472e+00
-1.510000000000000000e+02 1.900000000000000000e+01 6.086095208415362556e+00
-1.510000000000000000e+02 2.000000000000000000e+01 6.095597681719710614e+00
-1.510000000000000000e+02 2.100000000000000000e+01 nan
-1.510000000000000000e+02 2.200000000000000000e+01 nan
