Longitude[deg], Latitude[deg], Dust optical depth
4.300000000000000000e+01 -2.600000000000000000e+01 nan
4.300000000000000000e+01 -2.500000000000000000e+01 nan
4.300000000000000000e+01 -2.400000000000000000e+01 nan
4.300000000000000000e+01 -2.300000000000000000e+01 7.865130842815856838e+00
4.300000000000000000e+01 -2.200000000000000000e+01 7.857934635474336460e+00
4.300000000000000000e+01 -2.100000000000000000e+01 7.542464499504563769e+00
4.300000000000000000e+01 -2.000000000000000000e+01 7.407211338564948733e+00
4.300000000000000000e+01 -1.900000000000000000e+01 7.377259266934915516e+00
4.300000000000000000e+01 -1.800000000000000000e+01 7.377272191052232309e+00
4.300000000000000000e+01 -1.700000000000000000e+01 7.400573211424362974e+00
4.300000000000000000e+01 -1.600000000000000000e+01 7.612227980435924302e+00
4.300000000000000000e+01 -1.500000000000000000e+01 7.887403746559704665e+00
4.300000000000000000e+01 -1.400000000000000000e+01 8.162045481462158136e+00
4.300000000000000000e+01 -1.300000000000000000e+01 8.413583862813108993e+00
4.300000000000000000e+01 -1.200000000000000000e+01 8.490521275608088558e+00
4.300000000000000000e+01 -1.100000000000000000e+01 nan
4.300000000000000000e+01 -1.000000000000000000e+01 nan
4.400000000000000000e+01 -2.600000000000000000e+01 7.683194365707436191e+00
4.400000000000000000e+01 -2.500000000000000000e+01 7.905008940014381480e+00
4.400000000000000000e+01 -2.400000000000000000e+01 8.258678720412691021e+00
4.400000000000000000e+01 -2.300000000000000000e+01 8.102138418251037422e+00
4.400000000000000000e+01 -2.200000000000000000e+01 7.830347358965171978e+00
4.400000000000000000e+01 -2.100000000000000000e+01 7.672196324053150995e+00
4.400000000000000000e+01 -2.000000000000000000e+01 7.457522621691235365e+00
4.400000000000000000e+01 -1.900000000000000000e+01 7.410182114604848991e+00
4.400000000000000000e+01 -1.800000000000000000e+01 7.419394117589408033e+00
4.400000000000000000e+01 -1.700000000000000000e+01 7.502040523251522153e+00
4.400000000000000000e+01 -1.600000000000000000e+01 7.610894407726184419e+00
4.400000000000000000e+01 -1.500000000000000000e+01 7.880087283559456424e+00
4.400000000000000000e+01 -1.400000000000000000e+01 8.150653567761317220e+00
4.400000000000000000e+01 -1.300000000000000000e+01 8.429086045062014421e+00
4.400000000000000000e+01 -1.200000000000000000e+01 8.506168577850090173e+00
4.400000000000000000e+01 -1.100000000000000000e+01 nan
4.400000000000000000e+01 -1.000000000000000000e+01 nan
4.500000000000000000e+01 -2.600000000000000000e+01 7.687388447294050131e+00
4.500000000000000000e+01 -2.500000000000000000e+01 7.907213171382502459e+00
4.500000000000000000e+01 -2.400000000000000000e+01 8.234821687338609308e+00
4.500000000000000000e+01 -2.300000000000000000e+01 8.099517025202279896e+00
4.500000000000000000e+01 -2.200000000000000000e+01 7.815006913956456636e+00
4.500000000000000000e+01 -2.100000000000000000e+01 7.646547643661107507e+00
4.500000000000000000e+01 -2.000000000000000000e+01 7.479083137224948885e+00
4.500000000000000000e+01 -1.900000000000000000e+01 7.425567784521837744e+00
4.500000000000000000e+01 -1.800000000000000000e+01 7.456811961581363057e+00
4.500000000000000000e+01 -1.700000000000000000e+01 7.527629246592812073e+00
4.500000000000000000e+01 -1.600000000000000000e+01 7.607699187061710333e+00
4.500000000000000000e+01 -1.500000000000000000e+01 7.865627675125772100e+00
4.500000000000000000e+01 -1.400000000000000000e+01 8.138353263347427813e+00
4.500000000000000000e+01 -1.300000000000000000e+01 8.434304825181303755e+00
4.500000000000000000e+01 -1.200000000000000000e+01 8.519864087872342395e+00
4.500000000000000000e+01 -1.100000000000000000e+01 nan
4.500000000000000000e+01 -1.000000000000000000e+01 nan
4.600000000000000000e+01 -2.600000000000000000e+01 7.708505422334519075e+00
4.600000000000000000e+01 -2.500000000000000000e+01 7.920970672857572836e+00
4.600000000000000000e+01 -2.400000000000000000e+01 8.074646611096316207e+00
4.600000000000000000e+01 -2.300000000000000000e+01 8.091862833309980019e+00
4.600000000000000000e+01 -2.200000000000000000e+01 7.790411230090423800e+00
4.600000000000000000e+01 -2.100000000000000000e+01 7.525361845518506065e+00
4.600000000000000000e+01 -2.000000000000000000e+01 7.445803817839743211e+00
4.600000000000000000e+01 -1.900000000000000000e+01 7.605907650319505997e+00
4.600000000000000000e+01 -1.800000000000000000e+01 7.605923552279326039e+00
4.600000000000000000e+01 -1.700000000000000000e+01 7.532509547607933342e+00
4.600000000000000000e+01 -1.600000000000000000e+01 7.573524482074560638e+00
4.600000000000000000e+01 -1.500000000000000000e+01 7.829629570638142688e+00
4.600000000000000000e+01 -1.400000000000000000e+01 8.116763626970316281e+00
4.600000000000000000e+01 -1.300000000000000000e+01 8.413703958382791726e+00
4.600000000000000000e+01 -1.200000000000000000e+01 8.542243642522167946e+00
4.600000000000000000e+01 -1.100000000000000000e+01 nan
4.600000000000000000e+01 -1.000000000000000000e+01 nan
