Longitude[deg], Latitude[deg], Dust optical depth
-2.700000000000000000e+01 -3.200000000000000000e+01 7.356172397243422978e+00
-2.700000000000000000e+01 -3.100000000000000000e+01 7.309391432993274762e+00
-2.700000000000000000e+01 -3.000000000000000000e+01 7.167474576034085665e+00
-2.700000000000000000e+01 -2.900000000000000000e+01 6.971215111880474602e+00
-2.700000000000000000e+01 -2.800000000000000000e+01 6.893122523434856319e+00
-2.700000000000000000e+01 -2.700000000000000000e+01 6.888170588059558064e+00
-2.700000000000000000e+01 -2.600000000000000000e+01 6.859570255171856701e+00
-2.700000000000000000e+01 -2.500000000000000000e+01 6.827777411768357396e+00
-2.700000000000000000e+01 -2.400000000000000000e+01 6.839864023312613561e+00
-2.700000000000000000e+01 -2.300000000000000000e+01 6.850501266095506914e+00
-2.700000000000000000e+01 -2.200000000000000000e+01 6.787024861374887585e+00
-2.700000000000000000e+01 -2.100000000000000000e+01 6.992331515210636894e+00
-2.700000000000000000e+01 -2.000000000000000000e+01 7.024030112530276426e+00
-2.700000000000000000e+01 -1.900000000000000000e+01 6.909385603775390017e+00
-2.700000000000000000e+01 -1.800000000000000000e+01 6.774581873753638739e+00
-2.700000000000000000e+01 -1.700000000000000000e+01 6.780177154634517755e+00
-2.700000000000000000e+01 -1.600000000000000000e+01 nan
-2.600000000000000000e+01 -3.200000000000000000e+01 7.283044204536818889e+00
-2.600000000000000000e+01 -3.100000000000000000e+01 7.180452737599210877e+00
-2.600000000000000000e+01 -3.000000000000000000e+01 7.113737634453544345e+00
-2.600000000000000000e+01 -2.900000000000000000e+01 6.923997520151107921e+00
-2.600000000000000000e+01 -2.800000000000000000e+01 6.835523910554750060e+00
-2.600000000000000000e+01 -2.700000000000000000e+01 6.780563760287596331e+00
-2.600000000000000000e+01 -2.600000000000000000e+01 6.798135713143616421e+00
-2.600000000000000000e+01 -2.500000000000000000e+01 6.799458422390944889e+00
-2.600000000000000000e+01 -2.400000000000000000e+01 6.746543540103607128e+00
-2.600000000000000000e+01 -2.300000000000000000e+01 6.743360145070088407e+00
-2.600000000000000000e+01 -2.200000000000000000e+01 6.743717477698282003e+00
-2.600000000000000000e+01 -2.100000000000000000e+01 6.945760810745997382e+00
-2.600000000000000000e+01 -2.000000000000000000e+01 6.962112183718294212e+00
-2.600000000000000000e+01 -1.900000000000000000e+01 6.775319668285282759e+00
-2.600000000000000000e+01 -1.800000000000000000e+01 6.760465586896450496e+00
-2.600000000000000000e+01 -1.700000000000000000e+01 6.798284977657185202e+00
-2.600000000000000000e+01 -1.600000000000000000e+01 nan
-2.500000000000000000e+01 -3.200000000000000000e+01 7.241109623144655671e+00
-2.500000000000000000e+01 -3.100000000000000000e+01 7.158382881687769483e+00
-2.500000000000000000e+01 -3.000000000000000000e+01 7.087355621482289258e+00
-2.500000000000000000e+01 -2.900000000000000000e+01 6.906422298753432720e+00
-2.500000000000000000e+01 -2.800000000000000000e+01 6.805713599756487042e+00
-2.500000000000000000e+01 -2.700000000000000000e+01 6.739987749885099078e+00
-2.500000000000000000e+01 -2.600000000000000000e+01 6.777915005487605171e+00
-2.500000000000000000e+01 -2.500000000000000000e+01 6.781046206650685804e+00
-2.500000000000000000e+01 -2.400000000000000000e+01 6.712455917937296235e+00
-2.500000000000000000e+01 -2.300000000000000000e+01 6.697594600305817103e+00
-2.500000000000000000e+01 -2.200000000000000000e+01 6.701618778844787627e+00
-2.500000000000000000e+01 -2.100000000000000000e+01 6.921501672496757962e+00
-2.500000000000000000e+01 -2.000000000000000000e+01 6.909304444722565108e+00
-2.500000000000000000e+01 -1.900000000000000000e+01 6.710806352996680602e+00
-2.500000000000000000e+01 -1.800000000000000000e+01 6.735983923673842355e+00
-2.500000000000000000e+01 -1.700000000000000000e+01 6.828373828457711348e+00
-2.500000000000000000e+01 -1.600000000000000000e+01 nan
-2.400000000000000000e+01 -3.200000000000000000e+01 nan
-2.400000000000000000e+01 -3.100000000000000000e+01 7.007655272069731822e+00
-2.400000000000000000e+01 -3.000000000000000000e+01 6.997065856077109736e+00
-2.400000000000000000e+01 -2.900000000000000000e+01 6.845528340177240878e+00
-2.400000000000000000e+01 -2.800000000000000000e+01 6.739560599181875666e+00
-2.400000000000000000e+01 -2.700000000000000000e+01 6.691590109689752985e+00
-2.400000000000000000e+01 -2.600000000000000000e+01 6.883080145570776409e+00
-2.400000000000000000e+01 -2.500000000000000000e+01 6.893240913140508574e+00
-2.400000000000000000e+01 -2.400000000000000000e+01 6.698165185542171329e+00
-2.400000000000000000e+01 -2.300000000000000000e+01 6.669634988186324165e+00
-2.400000000000000000e+01 -2.200000000000000000e+01 6.669634988186324165e+00
-2.400000000000000000e+01 -2.100000000000000000e+01 6.686035517693468044e+00
-2.400000000000000000e+01 -2.000000000000000000e+01 nan
-2.400000000000000000e+01 -1.900000000000000000e+01 nan
-2.400000000000000000e+01 -1.800000000000000000e+01 nan
-2.400000000000000000e+01 -1.700000000000000000e+01 nan
-2.400000000000000000e+01 -1.600000000000000000e+01 nan
