Longitude[deg], Latitude[deg], Dust optical depth
1.480000000000000000e+02 3.300000000000000000e+01 nan
1.480000000000000000e+02 3.400000000000000000e+01 nan
1.480000000000000000e+02 3.500000000000000000e+01 nan
1.480000000000000000e+02 3.600000000000000000e+01 nan
1.480000000000000000e+02 3.700000000000000000e+01 nan
1.480000000000000000e+02 3.800000000000000000e+01 nan
1.480000000000000000e+02 3.900000000000000000e+01 nan
1.480000000000000000e+02 4.000000000000000000e+01 nan
1.480000000000000000e+02 4.100000000000000000e+01 nan
1.480000000000000000e+02 4.200000000000000000e+01 nan
1.480000000000000000e+02 4.300000000000000000e+01 nan
1.480000000000000000e+02 4.400000000000000000e+01 nan
1.480000000000000000e+02 4.500000000000000000e+01 nan
1.480000000000000000e+02 4.600000000000000000e+01 nan
1.480000000000000000e+02 4.700000000000000000e+01 nan
1.480000000000000000e+02 4.800000000000000000e+01 nan
1.480000000000000000e+02 4.900000000000000000e+01 nan
1.480000000000000000e+02 5.000000000000000000e+01 nan
1.480000000000000000e+02 5.100000000000000000e+01 nan
1.480000000000000000e+02 5.200000000000000000e+01 nan
1.490000000000000000e+02 3.300000000000000000e+01 nan
1.490000000000000000e+02 3.400000000000000000e+01 nan
1.490000000000000000e+02 3.500000000000000000e+01 nan
1.490000000000000000e+02 3.600000000000000000e+01 nan
1.490000000000000000e+02 3.700000000000000000e+01 nan
1.490000000000000000e+02 3.800000000000000000e+01 nan
1.490000000000000000e+02 3.900000000000000000e+01 nan
1.490000000000000000e+02 4.000000000000000000e+01 nan
1.490000000000000000e+02 4.100000000000000000e+01 nan
1.490000000000000000e+02 4.200000000000000000e+01 nan
1.490000000000000000e+02 4.300000000000000000e+01 nan
1.490000000000000000e+02 4.400000000000000000e+01 nan
1.490000000000000000e+02 4.500000000000000000e+01 nan
1.490000000000000000e+02 4.600000000000000000e+01 nan
1.490000000000000000e+02 4.700000000000000000e+01 nan
1.490000000000000000e+02 4.800000000000000000e+01 nan
1.490000000000000000e+02 4.900000000000000000e+01 nan
1.490000000000000000e+02 5.000000000000000000e+01 nan
1.490000000000000000e+02 5.100000000000000000e+01 nan
1.490000000000000000e+02 5.200000000000000000e+01 nan
1.500000000000000000e+02 3.300000000000000000e+01 nan
1.500000000000000000e+02 3.400000000000000000e+01 nan
1.500000000000000000e+02 3.500000000000000000e+01 nan
1.500000000000000000e+02 3.600000000000000000e+01 nan
1.500000000000000000e+02 3.700000000000000000e+01 nan
1.500000000000000000e+02 3.800000000000000000e+01 3.660244594803196416e-01
1.500000000000000000e+02 3.900000000000000000e+01 1.610420673147538451e-01
1.500000000000000000e+02 4.000000000000000000e+01 1.585162161362815014e-01
1.500000000000000000e+02 4.100000000000000000e+01 nan
1.500000000000000000e+02 4.200000000000000000e+01 nan
1.500000000000000000e+02 4.300000000000000000e+01 nan
1.500000000000000000e+02 4.400000000000000000e+01 nan
1.500000000000000000e+02 4.500000000000000000e+01 nan
1.500000000000000000e+02 4.600000000000000000e+01 nan
1.500000000000000000e+02 4.700000000000000000e+01 nan
1.500000000000000000e+02 4.800000000000000000e+01 nan
1.500000000000000000e+02 4.900000000000000000e+01 nan
1.500000000000000000e+02 5.000000000000000000e+01 nan
1.500000000000000000e+02 5.100000000000000000e+01 nan
1.500000000000000000e+02 5.200000000000000000e+01 nan
1.510000000000000000e+02 3.300000000000000000e+01 9.558578285739561808e-01
1.510000000000000000e+02 3.400000000000000000e+01 8.849543594510282940e-01
1.510000000000000000e+02 3.500000000000000000e+01 8.215815690377267222e-01
1.510000000000000000e+02 3.600000000000000000e+01 7.198872846224343425e-01
1.510000000000000000e+02 3.700000000000000000e+01 6.194379730706351950e-01
1.510000000000000000e+02 3.800000000000000000e+01 4.104527198598448834e-01
1.510000000000000000e+02 3.900000000000000000e+01 1.610420673147538451e-01
1.510000000000000000e+02 4.000000000000000000e+01 1.471283187475665444e-01
1.510000000000000000e+02 4.100000000000000000e+01 nan
1.510000000000000000e+02 4.200000000000000000e+01 nan
1.510000000000000000e+02 4.300000000000000000e+01 nan
1.510000000000000000e+02 4.400000000000000000e+01 nan
1.510000000000000000e+02 4.500000000000000000e+01 nan
1.510000000000000000e+02 4.600000000000000000e+01 nan
1.510000000000000000e+02 4.700000000000000000e+01 nan
1.510000000000000000e+02 4.800000000000000000e+01 nan
1.510000000000000000e+02 4.900000000000000000e+01 nan
1.510000000000000000e+02 5.000000000000000000e+01 nan
1.510000000000000000e+02 5.100000000000000000e+01 nan
1.510000000000000000e+02 5.200000000000000000e+01 nan
1.520000000000000000e+02 3.300000000000000000e+01 9.488940224238285870e-01
1.520000000000000000e+02 3.400000000000000000e+01 8.752972758331668546e-01
1.520000000000000000e+02 3.500000000000000000e+01 7.967404648202275341e-01
1.520000000000000000e+02 3.600000000000000000e+01 7.100075339960376652e-01
1.520000000000000000e+02 3.700000000000000000e+01 5.838514446874074615e-01
1.520000000000000000e+02 3.800000000000000000e+01 3.256439628956913079e-01
1.520000000000000000e+02 3.900000000000000000e+01 1.449382302046285931e-01
1.520000000000000000e+02 4.000000000000000000e+01 1.414447541748818371e-01
1.520000000000000000e+02 4.100000000000000000e+01 nan
1.520000000000000000e+02 4.200000000000000000e+01 nan
1.520000000000000000e+02 4.300000000000000000e+01 nan
1.520000000000000000e+02 4.400000000000000000e+01 nan
1.520000000000000000e+02 4.500000000000000000e+01 nan
1.520000000000000000e+02 4.600000000000000000e+01 nan
1.520000000000000000e+02 4.700000000000000000e+01 nan
1.520000000000000000e+02 4.800000000000000000e+01 nan
1.520000000000000000e+02 4.900000000000000000e+01 nan
1.520000000000000000e+02 5.000000000000000000e+01 nan
1.520000000000000000e+02 5.100000000000000000e+01 nan
1.520000000000000000e+02 5.200000000000000000e+01 nan
1.530000000000000000e+02 3.300000000000000000e+01 9.489223752124728017e-01
1.530000000000000000e+02 3.400000000000000000e+01 8.701915986063287756e-01
1.530000000000000000e+02 3.500000000000000000e+01 7.650296238065407151e-01
1.530000000000000000e+02 3.600000000000000000e+01 6.701305255067818711e-01
1.530000000000000000e+02 3.700000000000000000e+01 4.544369004454291150e-01
1.530000000000000000e+02 3.800000000000000000e+01 1.914409206102983541e-01
1.530000000000000000e+02 3.900000000000000000e+01 1.284659840860288005e-01
1.530000000000000000e+02 4.000000000000000000e+01 1.413695788533335940e-01
1.530000000000000000e+02 4.100000000000000000e+01 nan
1.530000000000000000e+02 4.200000000000000000e+01 nan
1.530000000000000000e+02 4.300000000000000000e+01 nan
1.530000000000000000e+02 4.400000000000000000e+01 nan
1.530000000000000000e+02 4.500000000000000000e+01 nan
1.530000000000000000e+02 4.600000000000000000e+01 nan
1.530000000000000000e+02 4.700000000000000000e+01 nan
1.530000000000000000e+02 4.800000000000000000e+01 nan
1.530000000000000000e+02 4.900000000000000000e+01 nan
1.530000000000000000e+02 5.000000000000000000e+01 nan
1.530000000000000000e+02 5.100000000000000000e+01 nan
1.530000000000000000e+02 5.200000000000000000e+01 nan
1.540000000000000000e+02 3.300000000000000000e+01 9.567922498038790025e-01
1.540000000000000000e+02 3.400000000000000000e+01 8.753070875018506003e-01
1.540000000000000000e+02 3.500000000000000000e+01 7.711426463989764502e-01
1.540000000000000000e+02 3.600000000000000000e+01 6.654045039076557089e-01
1.540000000000000000e+02 3.700000000000000000e+01 3.670957758676278160e-01
1.540000000000000000e+02 3.800000000000000000e+01 1.413509673113788612e-01
1.540000000000000000e+02 3.900000000000000000e+01 9.936683985054541035e-02
1.540000000000000000e+02 4.000000000000000000e+01 1.311278657602539255e-01
1.540000000000000000e+02 4.100000000000000000e+01 nan
1.540000000000000000e+02 4.200000000000000000e+01 nan
1.540000000000000000e+02 4.300000000000000000e+01 nan
1.540000000000000000e+02 4.400000000000000000e+01 nan
1.540000000000000000e+02 4.500000000000000000e+01 nan
1.540000000000000000e+02 4.600000000000000000e+01 nan
1.540000000000000000e+02 4.700000000000000000e+01 nan
1.540000000000000000e+02 4.800000000000000000e+01 nan
1.540000000000000000e+02 4.900000000000000000e+01 nan
1.540000000000000000e+02 5.000000000000000000e+01 nan
1.540000000000000000e+02 5.100000000000000000e+01 nan
1.540000000000000000e+02 5.200000000000000000e+01 nan
1.550000000000000000e+02 3.300000000000000000e+01 9.648530853097373461e-01
1.550000000000000000e+02 3.400000000000000000e+01 8.917335345068473362e-01
1.550000000000000000e+02 3.500000000000000000e+01 7.924616273077331741e-01
1.550000000000000000e+02 3.600000000000000000e+01 6.847650453736016107e-01
1.550000000000000000e+02 3.700000000000000000e+01 3.492191746361403282e-01
1.550000000000000000e+02 3.800000000000000000e+01 1.320717741617427610e-01
1.550000000000000000e+02 3.900000000000000000e+01 8.073785503494937399e-02
1.550000000000000000e+02 4.000000000000000000e+01 1.185439849622311054e-01
1.550000000000000000e+02 4.100000000000000000e+01 nan
1.550000000000000000e+02 4.200000000000000000e+01 nan
1.550000000000000000e+02 4.300000000000000000e+01 nan
1.550000000000000000e+02 4.400000000000000000e+01 nan
1.550000000000000000e+02 4.500000000000000000e+01 nan
1.550000000000000000e+02 4.600000000000000000e+01 nan
1.550000000000000000e+02 4.700000000000000000e+01 nan
1.550000000000000000e+02 4.800000000000000000e+01 nan
1.550000000000000000e+02 4.900000000000000000e+01 nan
1.550000000000000000e+02 5.000000000000000000e+01 nan
1.550000000000000000e+02 5.100000000000000000e+01 nan
1.550000000000000000e+02 5.200000000000000000e+01 nan
1.560000000000000000e+02 3.300000000000000000e+01 nan
1.560000000000000000e+02 3.400000000000000000e+01 nan
1.560000000000000000e+02 3.500000000000000000e+01 nan
1.560000000000000000e+02 3.600000000000000000e+01 nan
1.560000000000000000e+02 3.700000000000000000e+01 nan
1.560000000000000000e+02 3.800000000000000000e+01 nan
1.560000000000000000e+02 3.900000000000000000e+01 nan
1.560000000000000000e+02 4.000000000000000000e+01 nan
1.560000000000000000e+02 4.100000000000000000e+01 nan
1.560000000000000000e+02 4.200000000000000000e+01 nan
1.560000000000000000e+02 4.300000000000000000e+01 nan
1.560000000000000000e+02 4.400000000000000000e+01 nan
1.560000000000000000e+02 4.500000000000000000e+01 nan
1.560000000000000000e+02 4.600000000000000000e+01 nan
1.560000000000000000e+02 4.700000000000000000e+01 nan
1.560000000000000000e+02 4.800000000000000000e+01 nan
1.560000000000000000e+02 4.900000000000000000e+01 nan
1.560000000000000000e+02 5.000000000000000000e+01 nan
1.560000000000000000e+02 5.100000000000000000e+01 nan
1.560000000000000000e+02 5.200000000000000000e+01 nan
