Longitude[deg], Latitude[deg], Dust optical depth
7.900000000000000000e+01 2.700000000000000000e+01 nan
7.900000000000000000e+01 2.800000000000000000e+01 nan
7.900000000000000000e+01 2.900000000000000000e+01 nan
7.900000000000000000e+01 3.000000000000000000e+01 nan
7.900000000000000000e+01 3.100000000000000000e+01 nan
7.900000000000000000e+01 3.200000000000000000e+01 nan
7.900000000000000000e+01 3.300000000000000000e+01 nan
7.900000000000000000e+01 3.400000000000000000e+01 nan
7.900000000000000000e+01 3.500000000000000000e+01 nan
7.900000000000000000e+01 3.600000000000000000e+01 nan
7.900000000000000000e+01 3.700000000000000000e+01 nan
7.900000000000000000e+01 3.800000000000000000e+01 nan
7.900000000000000000e+01 3.900000000000000000e+01 nan
7.900000000000000000e+01 4.000000000000000000e+01 nan
7.900000000000000000e+01 4.100000000000000000e+01 nan
7.900000000000000000e+01 4.200000000000000000e+01 nan
7.900000000000000000e+01 4.300000000000000000e+01 nan
7.900000000000000000e+01 4.400000000000000000e+01 nan
7.900000000000000000e+01 4.500000000000000000e+01 nan
7.900000000000000000e+01 4.600000000000000000e+01 nan
7.900000000000000000e+01 4.700000000000000000e+01 nan
8.000000000000000000e+01 2.700000000000000000e+01 nan
8.000000000000000000e+01 2.800000000000000000e+01 nan
8.000000000000000000e+01 2.900000000000000000e+01 nan
8.000000000000000000e+01 3.000000000000000000e+01 nan
8.000000000000000000e+01 3.100000000000000000e+01 nan
8.000000000000000000e+01 3.200000000000000000e+01 nan
8.000000000000000000e+01 3.300000000000000000e+01 nan
8.000000000000000000e+01 3.400000000000000000e+01 nan
8.000000000000000000e+01 3.500000000000000000e+01 nan
8.000000000000000000e+01 3.600000000000000000e+01 nan
8.000000000000000000e+01 3.700000000000000000e+01 nan
8.000000000000000000e+01 3.800000000000000000e+01 nan
8.000000000000000000e+01 3.900000000000000000e+01 nan
8.000000000000000000e+01 4.000000000000000000e+01 nan
8.000000000000000000e+01 4.100000000000000000e+01 nan
8.000000000000000000e+01 4.200000000000000000e+01 2.576344947666674989e-01
8.000000000000000000e+01 4.300000000000000000e+01 2.420847253519568532e-01
8.000000000000000000e+01 4.400000000000000000e+01 2.466062738750485761e-01
8.000000000000000000e+01 4.500000000000000000e+01 nan
8.000000000000000000e+01 4.600000000000000000e+01 nan
8.000000000000000000e+01 4.700000000000000000e+01 nan
8.100000000000000000e+01 2.700000000000000000e+01 nan
8.100000000000000000e+01 2.800000000000000000e+01 nan
8.100000000000000000e+01 2.900000000000000000e+01 nan
8.100000000000000000e+01 3.000000000000000000e+01 nan
8.100000000000000000e+01 3.100000000000000000e+01 nan
8.100000000000000000e+01 3.200000000000000000e+01 nan
8.100000000000000000e+01 3.300000000000000000e+01 nan
8.100000000000000000e+01 3.400000000000000000e+01 nan
8.100000000000000000e+01 3.500000000000000000e+01 nan
8.100000000000000000e+01 3.600000000000000000e+01 nan
8.100000000000000000e+01 3.700000000000000000e+01 3.695630695573522417e-01
8.100000000000000000e+01 3.800000000000000000e+01 3.886393316642173801e-01
8.100000000000000000e+01 3.900000000000000000e+01 3.487863524015319960e-01
8.100000000000000000e+01 4.000000000000000000e+01 2.832614202019800853e-01
8.100000000000000000e+01 4.100000000000000000e+01 2.775336108895664067e-01
8.100000000000000000e+01 4.200000000000000000e+01 2.720656932377232273e-01
8.100000000000000000e+01 4.300000000000000000e+01 2.605759633591394064e-01
8.100000000000000000e+01 4.400000000000000000e+01 2.592215703500113655e-01
8.100000000000000000e+01 4.500000000000000000e+01 nan
8.100000000000000000e+01 4.600000000000000000e+01 nan
8.100000000000000000e+01 4.700000000000000000e+01 nan
8.200000000000000000e+01 2.700000000000000000e+01 nan
8.200000000000000000e+01 2.800000000000000000e+01 nan
8.200000000000000000e+01 2.900000000000000000e+01 nan
8.200000000000000000e+01 3.000000000000000000e+01 7.512636883429160140e-01
8.200000000000000000e+01 3.100000000000000000e+01 6.776638745329596203e-01
8.200000000000000000e+01 3.200000000000000000e+01 6.074669283008046206e-01
8.200000000000000000e+01 3.300000000000000000e+01 6.445461066867174127e-01
8.200000000000000000e+01 3.400000000000000000e+01 6.695484338864547968e-01
8.200000000000000000e+01 3.500000000000000000e+01 5.943131205722533839e-01
8.200000000000000000e+01 3.600000000000000000e+01 4.761185210043147320e-01
8.200000000000000000e+01 3.700000000000000000e+01 3.706275742591446654e-01
8.200000000000000000e+01 3.800000000000000000e+01 3.711479070332539543e-01
8.200000000000000000e+01 3.900000000000000000e+01 3.458709081031711707e-01
8.200000000000000000e+01 4.000000000000000000e+01 2.783517991919005063e-01
8.200000000000000000e+01 4.100000000000000000e+01 2.719629506874069458e-01
8.200000000000000000e+01 4.200000000000000000e+01 2.694534695428753013e-01
8.200000000000000000e+01 4.300000000000000000e+01 2.549650438769768268e-01
8.200000000000000000e+01 4.400000000000000000e+01 2.587147701627067198e-01
8.200000000000000000e+01 4.500000000000000000e+01 nan
8.200000000000000000e+01 4.600000000000000000e+01 nan
8.200000000000000000e+01 4.700000000000000000e+01 nan
8.300000000000000000e+01 2.700000000000000000e+01 nan
8.300000000000000000e+01 2.800000000000000000e+01 8.894714947589978937e-01
8.300000000000000000e+01 2.900000000000000000e+01 8.137962077173258590e-01
8.300000000000000000e+01 3.000000000000000000e+01 7.546385454887531985e-01
8.300000000000000000e+01 3.100000000000000000e+01 6.752594252344202852e-01
8.300000000000000000e+01 3.200000000000000000e+01 5.866831266710320625e-01
8.300000000000000000e+01 3.300000000000000000e+01 6.426201374688667034e-01
8.300000000000000000e+01 3.400000000000000000e+01 6.454181538474028645e-01
8.300000000000000000e+01 3.500000000000000000e+01 5.588771974923860686e-01
8.300000000000000000e+01 3.600000000000000000e+01 4.485873377583864952e-01
8.300000000000000000e+01 3.700000000000000000e+01 3.627156759443348477e-01
8.300000000000000000e+01 3.800000000000000000e+01 3.574763093556977966e-01
8.300000000000000000e+01 3.900000000000000000e+01 3.413140586715778246e-01
8.300000000000000000e+01 4.000000000000000000e+01 2.839709397615520770e-01
8.300000000000000000e+01 4.100000000000000000e+01 2.756599726841217346e-01
8.300000000000000000e+01 4.200000000000000000e+01 2.700239632520535782e-01
8.300000000000000000e+01 4.300000000000000000e+01 2.471718437364246734e-01
8.300000000000000000e+01 4.400000000000000000e+01 2.481391487342324842e-01
8.300000000000000000e+01 4.500000000000000000e+01 nan
8.300000000000000000e+01 4.600000000000000000e+01 nan
8.300000000000000000e+01 4.700000000000000000e+01 nan
8.400000000000000000e+01 2.700000000000000000e+01 9.684126732666350490e-01
8.400000000000000000e+01 2.800000000000000000e+01 8.794993284800939337e-01
8.400000000000000000e+01 2.900000000000000000e+01 8.189784112999313193e-01
8.400000000000000000e+01 3.000000000000000000e+01 7.492823254437170899e-01
8.400000000000000000e+01 3.100000000000000000e+01 6.503653440599700408e-01
8.400000000000000000e+01 3.200000000000000000e+01 5.786723780458318256e-01
8.400000000000000000e+01 3.300000000000000000e+01 6.322398660511842072e-01
8.400000000000000000e+01 3.400000000000000000e+01 6.152343268258343434e-01
8.400000000000000000e+01 3.500000000000000000e+01 4.951434775150685974e-01
8.400000000000000000e+01 3.600000000000000000e+01 4.262403071131238286e-01
8.400000000000000000e+01 3.700000000000000000e+01 3.501101704525316216e-01
8.400000000000000000e+01 3.800000000000000000e+01 3.460293234632125792e-01
8.400000000000000000e+01 3.900000000000000000e+01 3.422116102729911846e-01
8.400000000000000000e+01 4.000000000000000000e+01 2.986576223681954856e-01
8.400000000000000000e+01 4.100000000000000000e+01 2.986576223681954856e-01
8.400000000000000000e+01 4.200000000000000000e+01 2.790319924394371043e-01
8.400000000000000000e+01 4.300000000000000000e+01 2.389972601870771485e-01
8.400000000000000000e+01 4.400000000000000000e+01 1.892738466866575597e-01
8.400000000000000000e+01 4.500000000000000000e+01 nan
8.400000000000000000e+01 4.600000000000000000e+01 nan
8.400000000000000000e+01 4.700000000000000000e+01 nan
8.500000000000000000e+01 2.700000000000000000e+01 nan
8.500000000000000000e+01 2.800000000000000000e+01 8.795283342055278952e-01
8.500000000000000000e+01 2.900000000000000000e+01 8.224011170852271180e-01
8.500000000000000000e+01 3.000000000000000000e+01 7.256151206457054359e-01
8.500000000000000000e+01 3.100000000000000000e+01 6.483994169155316012e-01
8.500000000000000000e+01 3.200000000000000000e+01 5.935193160034210047e-01
8.500000000000000000e+01 3.300000000000000000e+01 6.287254977336174111e-01
8.500000000000000000e+01 3.400000000000000000e+01 6.035370595891661472e-01
8.500000000000000000e+01 3.500000000000000000e+01 4.907601941242299426e-01
8.500000000000000000e+01 3.600000000000000000e+01 4.252813468034933320e-01
8.500000000000000000e+01 3.700000000000000000e+01 3.491257912139716924e-01
8.500000000000000000e+01 3.800000000000000000e+01 3.455952461687062938e-01
8.500000000000000000e+01 3.900000000000000000e+01 3.273034277193277441e-01
8.500000000000000000e+01 4.000000000000000000e+01 2.932178988206162185e-01
8.500000000000000000e+01 4.100000000000000000e+01 3.113012380432065296e-01
8.500000000000000000e+01 4.200000000000000000e+01 2.707942016023909271e-01
8.500000000000000000e+01 4.300000000000000000e+01 2.061811913878427993e-01
8.500000000000000000e+01 4.400000000000000000e+01 1.726752910642041228e-01
8.500000000000000000e+01 4.500000000000000000e+01 nan
8.500000000000000000e+01 4.600000000000000000e+01 nan
8.500000000000000000e+01 4.700000000000000000e+01 nan
8.600000000000000000e+01 2.700000000000000000e+01 nan
8.600000000000000000e+01 2.800000000000000000e+01 8.908717919212136849e-01
8.600000000000000000e+01 2.900000000000000000e+01 8.133065525856484346e-01
8.600000000000000000e+01 3.000000000000000000e+01 7.133214186092019515e-01
8.600000000000000000e+01 3.100000000000000000e+01 6.568186976224966722e-01
8.600000000000000000e+01 3.200000000000000000e+01 5.973359669558758744e-01
8.600000000000000000e+01 3.300000000000000000e+01 6.205029171930802612e-01
8.600000000000000000e+01 3.400000000000000000e+01 6.203553122097612560e-01
8.600000000000000000e+01 3.500000000000000000e+01 4.930305780617662559e-01
8.600000000000000000e+01 3.600000000000000000e+01 4.190413701308953742e-01
8.600000000000000000e+01 3.700000000000000000e+01 3.440141628587558564e-01
8.600000000000000000e+01 3.800000000000000000e+01 3.434791555089131143e-01
8.600000000000000000e+01 3.900000000000000000e+01 3.114156428797179021e-01
8.600000000000000000e+01 4.000000000000000000e+01 2.684224835638366335e-01
8.600000000000000000e+01 4.100000000000000000e+01 3.016956012088898298e-01
8.600000000000000000e+01 4.200000000000000000e+01 2.393262175037395856e-01
8.600000000000000000e+01 4.300000000000000000e+01 1.828127815784033050e-01
8.600000000000000000e+01 4.400000000000000000e+01 1.817752534312781221e-01
8.600000000000000000e+01 4.500000000000000000e+01 nan
8.600000000000000000e+01 4.600000000000000000e+01 nan
8.600000000000000000e+01 4.700000000000000000e+01 nan
8.700000000000000000e+01 2.700000000000000000e+01 nan
8.700000000000000000e+01 2.800000000000000000e+01 8.989699127390647915e-01
8.700000000000000000e+01 2.900000000000000000e+01 8.049632799639472314e-01
8.700000000000000000e+01 3.000000000000000000e+01 7.046759418833616895e-01
8.700000000000000000e+01 3.100000000000000000e+01 6.567012414371034001e-01
8.700000000000000000e+01 3.200000000000000000e+01 5.769587288368995814e-01
8.700000000000000000e+01 3.300000000000000000e+01 6.064260366365364918e-01
8.700000000000000000e+01 3.400000000000000000e+01 6.531531915360493379e-01
8.700000000000000000e+01 3.500000000000000000e+01 5.025596446787746752e-01
8.700000000000000000e+01 3.600000000000000000e+01 4.214086637811109703e-01
8.700000000000000000e+01 3.700000000000000000e+01 3.437690232293992287e-01
8.700000000000000000e+01 3.800000000000000000e+01 3.227754077465390115e-01
8.700000000000000000e+01 3.900000000000000000e+01 2.906929635359204456e-01
8.700000000000000000e+01 4.000000000000000000e+01 2.582570515299257852e-01
8.700000000000000000e+01 4.100000000000000000e+01 2.982079662862428537e-01
8.700000000000000000e+01 4.200000000000000000e+01 2.267203191357782255e-01
8.700000000000000000e+01 4.300000000000000000e+01 1.709271299862272220e-01
8.700000000000000000e+01 4.400000000000000000e+01 nan
8.700000000000000000e+01 4.500000000000000000e+01 nan
8.700000000000000000e+01 4.600000000000000000e+01 nan
8.700000000000000000e+01 4.700000000000000000e+01 nan
