Longitude[deg], Latitude[deg], Dust optical depth
-1.600000000000000000e+01 -4.000000000000000000e+01 1.175871465012118922e+00
-1.600000000000000000e+01 -3.900000000000000000e+01 1.222280719840666441e+00
-1.600000000000000000e+01 -3.800000000000000000e+01 1.047822422185894720e+00
-1.600000000000000000e+01 -3.700000000000000000e+01 8.417592614635599491e-01
-1.600000000000000000e+01 -3.600000000000000000e+01 8.566078087482984493e-01
-1.600000000000000000e+01 -3.500000000000000000e+01 8.729879122912032052e-01
-1.600000000000000000e+01 -3.400000000000000000e+01 9.225253683234529989e-01
-1.600000000000000000e+01 -3.300000000000000000e+01 9.628669044887347983e-01
-1.600000000000000000e+01 -3.200000000000000000e+01 nan
-1.600000000000000000e+01 -3.100000000000000000e+01 nan
-1.600000000000000000e+01 -3.000000000000000000e+01 nan
-1.600000000000000000e+01 -2.900000000000000000e+01 nan
-1.600000000000000000e+01 -2.800000000000000000e+01 nan
-1.600000000000000000e+01 -2.700000000000000000e+01 nan
-1.600000000000000000e+01 -2.600000000000000000e+01 nan
-1.600000000000000000e+01 -2.500000000000000000e+01 1.042610405270119722e+00
-1.600000000000000000e+01 -2.400000000000000000e+01 1.020288907936003575e+00
-1.600000000000000000e+01 -2.300000000000000000e+01 1.179130163927058828e+00
-1.600000000000000000e+01 -2.200000000000000000e+01 1.180104499750745273e+00
-1.600000000000000000e+01 -2.100000000000000000e+01 1.206281408158757840e+00
-1.600000000000000000e+01 -2.000000000000000000e+01 1.179502479398679693e+00
-1.600000000000000000e+01 -1.900000000000000000e+01 1.019196969643034745e+00
-1.600000000000000000e+01 -1.800000000000000000e+01 1.055525612964594462e+00
-1.600000000000000000e+01 -1.700000000000000000e+01 1.010228419861622928e+00
-1.600000000000000000e+01 -1.600000000000000000e+01 9.374391903912200341e-01
-1.600000000000000000e+01 -1.500000000000000000e+01 1.040939155515466119e+00
-1.600000000000000000e+01 -1.400000000000000000e+01 1.103405990952541771e+00
-1.600000000000000000e+01 -1.300000000000000000e+01 nan
-1.500000000000000000e+01 -4.000000000000000000e+01 1.173445647742088704e+00
-1.500000000000000000e+01 -3.900000000000000000e+01 1.209173581044520551e+00
-1.500000000000000000e+01 -3.800000000000000000e+01 9.995570246189259267e-01
-1.500000000000000000e+01 -3.700000000000000000e+01 8.667133357880475453e-01
-1.500000000000000000e+01 -3.600000000000000000e+01 8.467236943614903089e-01
-1.500000000000000000e+01 -3.500000000000000000e+01 8.821497920138179349e-01
-1.500000000000000000e+01 -3.400000000000000000e+01 9.539316551527263766e-01
-1.500000000000000000e+01 -3.300000000000000000e+01 1.049685830373015438e+00
-1.500000000000000000e+01 -3.200000000000000000e+01 1.068188009684549078e+00
-1.500000000000000000e+01 -3.100000000000000000e+01 1.039950279777156705e+00
-1.500000000000000000e+01 -3.000000000000000000e+01 1.131602349704874166e+00
-1.500000000000000000e+01 -2.900000000000000000e+01 1.193143065471856223e+00
-1.500000000000000000e+01 -2.800000000000000000e+01 1.120546130733323098e+00
-1.500000000000000000e+01 -2.700000000000000000e+01 1.077814380447660092e+00
-1.500000000000000000e+01 -2.600000000000000000e+01 1.152784913198120709e+00
-1.500000000000000000e+01 -2.500000000000000000e+01 1.181055621755501939e+00
-1.500000000000000000e+01 -2.400000000000000000e+01 1.206235950198777829e+00
-1.500000000000000000e+01 -2.300000000000000000e+01 1.191381918211720459e+00
-1.500000000000000000e+01 -2.200000000000000000e+01 1.188655229588702733e+00
-1.500000000000000000e+01 -2.100000000000000000e+01 1.216802132095919919e+00
-1.500000000000000000e+01 -2.000000000000000000e+01 1.253450131409298063e+00
-1.500000000000000000e+01 -1.900000000000000000e+01 1.202985743456287393e+00
-1.500000000000000000e+01 -1.800000000000000000e+01 1.087152143402451809e+00
-1.500000000000000000e+01 -1.700000000000000000e+01 1.069084982551883112e+00
-1.500000000000000000e+01 -1.600000000000000000e+01 9.558654394034665769e-01
-1.500000000000000000e+01 -1.500000000000000000e+01 1.035456141492917537e+00
-1.500000000000000000e+01 -1.400000000000000000e+01 1.091686337341184032e+00
-1.500000000000000000e+01 -1.300000000000000000e+01 nan
-1.400000000000000000e+01 -4.000000000000000000e+01 1.170646894159081297e+00
-1.400000000000000000e+01 -3.900000000000000000e+01 1.201275506122684522e+00
-1.400000000000000000e+01 -3.800000000000000000e+01 9.916377127152925519e-01
-1.400000000000000000e+01 -3.700000000000000000e+01 8.776504876157431578e-01
-1.400000000000000000e+01 -3.600000000000000000e+01 8.454923865202105260e-01
-1.400000000000000000e+01 -3.500000000000000000e+01 8.872767967052854754e-01
-1.400000000000000000e+01 -3.400000000000000000e+01 9.549676000406254195e-01
-1.400000000000000000e+01 -3.300000000000000000e+01 1.051678670888756884e+00
-1.400000000000000000e+01 -3.200000000000000000e+01 1.068484421005245100e+00
-1.400000000000000000e+01 -3.100000000000000000e+01 1.039950279777156705e+00
-1.400000000000000000e+01 -3.000000000000000000e+01 1.131602349704874166e+00
-1.400000000000000000e+01 -2.900000000000000000e+01 1.193143065471856223e+00
-1.400000000000000000e+01 -2.800000000000000000e+01 1.120546130733323098e+00
-1.400000000000000000e+01 -2.700000000000000000e+01 1.077814380447660092e+00
-1.400000000000000000e+01 -2.600000000000000000e+01 1.152550992877044989e+00
-1.400000000000000000e+01 -2.500000000000000000e+01 1.183830126839423347e+00
-1.400000000000000000e+01 -2.400000000000000000e+01 1.210369978793885082e+00
-1.400000000000000000e+01 -2.300000000000000000e+01 1.192905391566429385e+00
-1.400000000000000000e+01 -2.200000000000000000e+01 1.189142095898723550e+00
-1.400000000000000000e+01 -2.100000000000000000e+01 1.218217581520269377e+00
-1.400000000000000000e+01 -2.000000000000000000e+01 1.274188365500054321e+00
-1.400000000000000000e+01 -1.900000000000000000e+01 1.238851755065462079e+00
-1.400000000000000000e+01 -1.800000000000000000e+01 1.112304824853685536e+00
-1.400000000000000000e+01 -1.700000000000000000e+01 1.089469776243000343e+00
-1.400000000000000000e+01 -1.600000000000000000e+01 9.676908641990757953e-01
-1.400000000000000000e+01 -1.500000000000000000e+01 1.033828083194122893e+00
-1.400000000000000000e+01 -1.400000000000000000e+01 1.089568748836311940e+00
-1.400000000000000000e+01 -1.300000000000000000e+01 nan
