Longitude[deg], Latitude[deg], Dust optical depth
1.140000000000000000e+02 -1.200000000000000000e+01 1.154037518709340349e+00
1.140000000000000000e+02 -1.100000000000000000e+01 1.110897520622074142e+00
1.140000000000000000e+02 -1.000000000000000000e+01 8.367293812154988908e-01
1.140000000000000000e+02 -9.000000000000000000e+00 8.383172507025272724e-01
1.140000000000000000e+02 -8.000000000000000000e+00 8.310250301754484870e-01
1.140000000000000000e+02 -7.000000000000000000e+00 8.010711651926131216e-01
1.140000000000000000e+02 -6.000000000000000000e+00 8.266741580753629304e-01
1.140000000000000000e+02 -5.000000000000000000e+00 8.431473824724913246e-01
1.140000000000000000e+02 -4.000000000000000000e+00 9.030598254235250311e-01
1.140000000000000000e+02 -3.000000000000000000e+00 9.779974271244216144e-01
1.140000000000000000e+02 -2.000000000000000000e+00 1.019338379469466815e+00
1.140000000000000000e+02 -1.000000000000000000e+00 9.960558456816666073e-01
1.140000000000000000e+02 0.000000000000000000e+00 1.075325304860669684e+00
1.140000000000000000e+02 1.000000000000000000e+00 1.104875851328911418e+00
1.140000000000000000e+02 2.000000000000000000e+00 1.046688419403906556e+00
1.140000000000000000e+02 3.000000000000000000e+00 1.006804360559586220e+00
1.150000000000000000e+02 -1.200000000000000000e+01 1.190042186963181869e+00
1.150000000000000000e+02 -1.100000000000000000e+01 1.118728669192814884e+00
1.150000000000000000e+02 -1.000000000000000000e+01 8.637756913103132872e-01
1.150000000000000000e+02 -9.000000000000000000e+00 8.767506531076860732e-01
1.150000000000000000e+02 -8.000000000000000000e+00 9.442797658230361879e-01
1.150000000000000000e+02 -7.000000000000000000e+00 9.656908482355421874e-01
1.150000000000000000e+02 -6.000000000000000000e+00 9.353944841056852644e-01
1.150000000000000000e+02 -5.000000000000000000e+00 9.248448075622411890e-01
1.150000000000000000e+02 -4.000000000000000000e+00 9.396791141135212300e-01
1.150000000000000000e+02 -3.000000000000000000e+00 1.023193471841287394e+00
1.150000000000000000e+02 -2.000000000000000000e+00 1.084724544999829510e+00
1.150000000000000000e+02 -1.000000000000000000e+00 9.847001375208135343e-01
1.150000000000000000e+02 0.000000000000000000e+00 9.727945665220215643e-01
1.150000000000000000e+02 1.000000000000000000e+00 1.075541707358233401e+00
1.150000000000000000e+02 2.000000000000000000e+00 1.059332010899786347e+00
1.150000000000000000e+02 3.000000000000000000e+00 9.789828513648316521e-01
1.160000000000000000e+02 -1.200000000000000000e+01 1.205603853528993463e+00
1.160000000000000000e+02 -1.100000000000000000e+01 1.120260967531387486e+00
1.160000000000000000e+02 -1.000000000000000000e+01 8.795122957340837377e-01
1.160000000000000000e+02 -9.000000000000000000e+00 8.923937824690627574e-01
1.160000000000000000e+02 -8.000000000000000000e+00 9.853005626873199141e-01
1.160000000000000000e+02 -7.000000000000000000e+00 1.011881774636802955e+00
1.160000000000000000e+02 -6.000000000000000000e+00 1.018807075549013508e+00
1.160000000000000000e+02 -5.000000000000000000e+00 1.007008868726946949e+00
1.160000000000000000e+02 -4.000000000000000000e+00 9.710060568985799945e-01
1.160000000000000000e+02 -3.000000000000000000e+00 1.044608517079161913e+00
1.160000000000000000e+02 -2.000000000000000000e+00 1.130253501116255999e+00
1.160000000000000000e+02 -1.000000000000000000e+00 9.793037635401462548e-01
1.160000000000000000e+02 0.000000000000000000e+00 9.321537539636497449e-01
1.160000000000000000e+02 1.000000000000000000e+00 1.022043227957630140e+00
1.160000000000000000e+02 2.000000000000000000e+00 1.064753024370630019e+00
1.160000000000000000e+02 3.000000000000000000e+00 9.212518258698040308e-01
1.170000000000000000e+02 -1.200000000000000000e+01 1.266527584318076549e+00
1.170000000000000000e+02 -1.100000000000000000e+01 1.132920741277827714e+00
1.170000000000000000e+02 -1.000000000000000000e+01 1.076951606692613028e+00
1.170000000000000000e+02 -9.000000000000000000e+00 8.213989720805677797e-01
1.170000000000000000e+02 -8.000000000000000000e+00 1.052208231538190653e+00
1.170000000000000000e+02 -7.000000000000000000e+00 1.060722198682103601e+00
1.170000000000000000e+02 -6.000000000000000000e+00 1.033190879808337348e+00
1.170000000000000000e+02 -5.000000000000000000e+00 nan
1.170000000000000000e+02 -4.000000000000000000e+00 nan
1.170000000000000000e+02 -3.000000000000000000e+00 nan
1.170000000000000000e+02 -2.000000000000000000e+00 nan
1.170000000000000000e+02 -1.000000000000000000e+00 nan
1.170000000000000000e+02 0.000000000000000000e+00 nan
1.170000000000000000e+02 1.000000000000000000e+00 nan
1.170000000000000000e+02 2.000000000000000000e+00 nan
1.170000000000000000e+02 3.000000000000000000e+00 nan
