Longitude[deg], Latitude[deg], Dust optical depth
8.400000000000000000e+01 -3.600000000000000000e+01 1.918676194598050389e+00
8.400000000000000000e+01 -3.500000000000000000e+01 1.682342599284915918e+00
8.400000000000000000e+01 -3.400000000000000000e+01 1.600464531868832418e+00
8.400000000000000000e+01 -3.300000000000000000e+01 1.618847994876477792e+00
8.400000000000000000e+01 -3.200000000000000000e+01 1.611699767235097669e+00
8.400000000000000000e+01 -3.100000000000000000e+01 1.522931290563880991e+00
8.400000000000000000e+01 -3.000000000000000000e+01 1.438196172394390349e+00
8.400000000000000000e+01 -2.900000000000000000e+01 1.371574873293993857e+00
8.400000000000000000e+01 -2.800000000000000000e+01 1.506381619587286114e+00
8.400000000000000000e+01 -2.700000000000000000e+01 1.561828893772494453e+00
8.400000000000000000e+01 -2.600000000000000000e+01 1.519482109944924275e+00
8.400000000000000000e+01 -2.500000000000000000e+01 1.435606698350302191e+00
8.400000000000000000e+01 -2.400000000000000000e+01 1.331389479258089592e+00
8.400000000000000000e+01 -2.300000000000000000e+01 1.149779541400756333e+00
8.400000000000000000e+01 -2.200000000000000000e+01 1.048721090337970674e+00
8.400000000000000000e+01 -2.100000000000000000e+01 1.168177794147906345e+00
8.400000000000000000e+01 -2.000000000000000000e+01 1.164734380719522511e+00
8.400000000000000000e+01 -1.900000000000000000e+01 1.123933853000898431e+00
8.400000000000000000e+01 -1.800000000000000000e+01 9.983861628172076008e-01
8.400000000000000000e+01 -1.700000000000000000e+01 8.537819946814202421e-01
8.400000000000000000e+01 -1.600000000000000000e+01 8.192038298463105717e-01
8.400000000000000000e+01 -1.500000000000000000e+01 7.921230778652831317e-01
8.400000000000000000e+01 -1.400000000000000000e+01 8.635908674790380157e-01
8.400000000000000000e+01 -1.300000000000000000e+01 8.796778768816426730e-01
8.400000000000000000e+01 -1.200000000000000000e+01 9.350939401735754997e-01
8.400000000000000000e+01 -1.100000000000000000e+01 9.163798633361762702e-01
8.400000000000000000e+01 -1.000000000000000000e+01 8.964254726533501527e-01
8.400000000000000000e+01 -9.000000000000000000e+00 nan
8.500000000000000000e+01 -3.600000000000000000e+01 1.918676194598050389e+00
8.500000000000000000e+01 -3.500000000000000000e+01 1.682342599284915918e+00
8.500000000000000000e+01 -3.400000000000000000e+01 1.600464531868832418e+00
8.500000000000000000e+01 -3.300000000000000000e+01 1.618847994876477792e+00
8.500000000000000000e+01 -3.200000000000000000e+01 1.611699767235097669e+00
8.500000000000000000e+01 -3.100000000000000000e+01 1.522931290563880991e+00
8.500000000000000000e+01 -3.000000000000000000e+01 1.438196172394390349e+00
8.500000000000000000e+01 -2.900000000000000000e+01 1.371574873293993857e+00
8.500000000000000000e+01 -2.800000000000000000e+01 1.506381619587286114e+00
8.500000000000000000e+01 -2.700000000000000000e+01 1.561828893772494453e+00
8.500000000000000000e+01 -2.600000000000000000e+01 1.519482109944924275e+00
8.500000000000000000e+01 -2.500000000000000000e+01 1.435606698350302191e+00
8.500000000000000000e+01 -2.400000000000000000e+01 1.331389479258089592e+00
8.500000000000000000e+01 -2.300000000000000000e+01 1.149779541400756333e+00
8.500000000000000000e+01 -2.200000000000000000e+01 1.048721090337970674e+00
8.500000000000000000e+01 -2.100000000000000000e+01 1.168177794147906345e+00
8.500000000000000000e+01 -2.000000000000000000e+01 1.164734380719522511e+00
8.500000000000000000e+01 -1.900000000000000000e+01 1.123933853000898431e+00
8.500000000000000000e+01 -1.800000000000000000e+01 9.983861628172076008e-01
8.500000000000000000e+01 -1.700000000000000000e+01 8.537819946814202421e-01
8.500000000000000000e+01 -1.600000000000000000e+01 8.192038298463105717e-01
8.500000000000000000e+01 -1.500000000000000000e+01 7.921230778652831317e-01
8.500000000000000000e+01 -1.400000000000000000e+01 8.635908674790380157e-01
8.500000000000000000e+01 -1.300000000000000000e+01 8.796778768816426730e-01
8.500000000000000000e+01 -1.200000000000000000e+01 9.350939401735754997e-01
8.500000000000000000e+01 -1.100000000000000000e+01 9.163798633361762702e-01
8.500000000000000000e+01 -1.000000000000000000e+01 8.964254726533501527e-01
8.500000000000000000e+01 -9.000000000000000000e+00 nan
