Longitude[deg], Latitude[deg], Dust optical depth
1.380000000000000000e+02 -1.300000000000000000e+01 nan
1.380000000000000000e+02 -1.200000000000000000e+01 nan
1.380000000000000000e+02 -1.100000000000000000e+01 nan
1.380000000000000000e+02 -1.000000000000000000e+01 nan
1.380000000000000000e+02 -9.000000000000000000e+00 nan
1.380000000000000000e+02 -8.000000000000000000e+00 nan
1.380000000000000000e+02 -7.000000000000000000e+00 nan
1.380000000000000000e+02 -6.000000000000000000e+00 nan
1.380000000000000000e+02 -5.000000000000000000e+00 nan
1.380000000000000000e+02 -4.000000000000000000e+00 nan
1.380000000000000000e+02 -3.000000000000000000e+00 nan
1.380000000000000000e+02 -2.000000000000000000e+00 nan
1.380000000000000000e+02 -1.000000000000000000e+00 5.989900346277281962e+00
1.380000000000000000e+02 0.000000000000000000e+00 5.975490688183924703e+00
1.380000000000000000e+02 1.000000000000000000e+00 5.872872198881579742e+00
1.380000000000000000e+02 2.000000000000000000e+00 5.963071465543019478e+00
1.380000000000000000e+02 3.000000000000000000e+00 5.933927727236974370e+00
1.380000000000000000e+02 4.000000000000000000e+00 5.951358176254630372e+00
1.380000000000000000e+02 5.000000000000000000e+00 5.966669099615192096e+00
1.380000000000000000e+02 6.000000000000000000e+00 5.848023938233177788e+00
1.380000000000000000e+02 7.000000000000000000e+00 5.736552535181091983e+00
1.390000000000000000e+02 -1.300000000000000000e+01 7.315775488546339744e+00
1.390000000000000000e+02 -1.200000000000000000e+01 6.876906386122992210e+00
1.390000000000000000e+02 -1.100000000000000000e+01 6.679023290523395495e+00
1.390000000000000000e+02 -1.000000000000000000e+01 6.519394789351868447e+00
1.390000000000000000e+02 -9.000000000000000000e+00 6.278507173238748962e+00
1.390000000000000000e+02 -8.000000000000000000e+00 6.204008913653182411e+00
1.390000000000000000e+02 -7.000000000000000000e+00 6.098953064888694264e+00
1.390000000000000000e+02 -6.000000000000000000e+00 6.029191938498847492e+00
1.390000000000000000e+02 -5.000000000000000000e+00 6.014929730042120504e+00
1.390000000000000000e+02 -4.000000000000000000e+00 6.045415624982097391e+00
1.390000000000000000e+02 -3.000000000000000000e+00 6.185319117024707936e+00
1.390000000000000000e+02 -2.000000000000000000e+00 6.135048445735010958e+00
1.390000000000000000e+02 -1.000000000000000000e+00 5.988487207944547919e+00
1.390000000000000000e+02 0.000000000000000000e+00 5.952118645707463962e+00
1.390000000000000000e+02 1.000000000000000000e+00 5.910170125871459845e+00
1.390000000000000000e+02 2.000000000000000000e+00 5.967516107855673546e+00
1.390000000000000000e+02 3.000000000000000000e+00 5.966907083104160847e+00
1.390000000000000000e+02 4.000000000000000000e+00 5.892602946854474055e+00
1.390000000000000000e+02 5.000000000000000000e+00 5.886614023994799716e+00
1.390000000000000000e+02 6.000000000000000000e+00 5.863422969807090546e+00
1.390000000000000000e+02 7.000000000000000000e+00 5.780381732030282826e+00
1.400000000000000000e+02 -1.300000000000000000e+01 7.317959027483246004e+00
1.400000000000000000e+02 -1.200000000000000000e+01 6.794569445319297962e+00
1.400000000000000000e+02 -1.100000000000000000e+01 6.553145365579808868e+00
1.400000000000000000e+02 -1.000000000000000000e+01 6.471731147021621666e+00
1.400000000000000000e+02 -9.000000000000000000e+00 6.288448496624413409e+00
1.400000000000000000e+02 -8.000000000000000000e+00 6.189760488098497326e+00
1.400000000000000000e+02 -7.000000000000000000e+00 6.069887909454548591e+00
1.400000000000000000e+02 -6.000000000000000000e+00 6.000648247353307596e+00
1.400000000000000000e+02 -5.000000000000000000e+00 5.978530618475257796e+00
1.400000000000000000e+02 -4.000000000000000000e+00 5.978476178368854477e+00
1.400000000000000000e+02 -3.000000000000000000e+00 6.061495439601554125e+00
1.400000000000000000e+02 -2.000000000000000000e+00 6.067039339011472521e+00
1.400000000000000000e+02 -1.000000000000000000e+00 5.947723710676919850e+00
1.400000000000000000e+02 0.000000000000000000e+00 5.881288373617731935e+00
1.400000000000000000e+02 1.000000000000000000e+00 5.810391191336473860e+00
1.400000000000000000e+02 2.000000000000000000e+00 5.812544869168031703e+00
1.400000000000000000e+02 3.000000000000000000e+00 5.826279257064143735e+00
1.400000000000000000e+02 4.000000000000000000e+00 5.712870358847821350e+00
1.400000000000000000e+02 5.000000000000000000e+00 5.729191111918226831e+00
1.400000000000000000e+02 6.000000000000000000e+00 5.815045224817764868e+00
1.400000000000000000e+02 7.000000000000000000e+00 5.836948361632839699e+00
1.410000000000000000e+02 -1.300000000000000000e+01 7.209318197032315467e+00
1.410000000000000000e+02 -1.200000000000000000e+01 6.638152485727720098e+00
1.410000000000000000e+02 -1.100000000000000000e+01 6.469931278739819547e+00
1.410000000000000000e+02 -1.000000000000000000e+01 6.395874643888116218e+00
1.410000000000000000e+02 -9.000000000000000000e+00 6.277806623228944005e+00
1.410000000000000000e+02 -8.000000000000000000e+00 6.183008725559283825e+00
1.410000000000000000e+02 -7.000000000000000000e+00 6.064782540418480750e+00
1.410000000000000000e+02 -6.000000000000000000e+00 5.977133561261916306e+00
1.410000000000000000e+02 -5.000000000000000000e+00 5.907987146790941502e+00
1.410000000000000000e+02 -4.000000000000000000e+00 5.897030789228446146e+00
1.410000000000000000e+02 -3.000000000000000000e+00 5.944871574601922504e+00
1.410000000000000000e+02 -2.000000000000000000e+00 5.945469575266839612e+00
1.410000000000000000e+02 -1.000000000000000000e+00 5.907291229389768361e+00
1.410000000000000000e+02 0.000000000000000000e+00 5.812083012383353342e+00
1.410000000000000000e+02 1.000000000000000000e+00 5.655237470770694941e+00
1.410000000000000000e+02 2.000000000000000000e+00 5.611701193725451731e+00
1.410000000000000000e+02 3.000000000000000000e+00 5.552966059029335710e+00
1.410000000000000000e+02 4.000000000000000000e+00 5.520571157319138500e+00
1.410000000000000000e+02 5.000000000000000000e+00 5.589102335182214887e+00
1.410000000000000000e+02 6.000000000000000000e+00 5.722458003579849795e+00
1.410000000000000000e+02 7.000000000000000000e+00 5.793617258175983054e+00
1.420000000000000000e+02 -1.300000000000000000e+01 6.961001073073207479e+00
1.420000000000000000e+02 -1.200000000000000000e+01 6.441941012096780383e+00
1.420000000000000000e+02 -1.100000000000000000e+01 6.363233492574938310e+00
1.420000000000000000e+02 -1.000000000000000000e+01 6.328784189405133986e+00
1.420000000000000000e+02 -9.000000000000000000e+00 6.255506738440478109e+00
1.420000000000000000e+02 -8.000000000000000000e+00 6.183094412500458326e+00
1.420000000000000000e+02 -7.000000000000000000e+00 6.126806866024914200e+00
1.420000000000000000e+02 -6.000000000000000000e+00 5.972418833350047862e+00
1.420000000000000000e+02 -5.000000000000000000e+00 5.767382036584728588e+00
1.420000000000000000e+02 -4.000000000000000000e+00 5.830219405871567062e+00
1.420000000000000000e+02 -3.000000000000000000e+00 5.909935968643712734e+00
1.420000000000000000e+02 -2.000000000000000000e+00 5.816543372859326766e+00
1.420000000000000000e+02 -1.000000000000000000e+00 5.861674732876706706e+00
1.420000000000000000e+02 0.000000000000000000e+00 5.801330950701115263e+00
1.420000000000000000e+02 1.000000000000000000e+00 5.542731558730249475e+00
1.420000000000000000e+02 2.000000000000000000e+00 5.405029092229842291e+00
1.420000000000000000e+02 3.000000000000000000e+00 5.344312867075485585e+00
1.420000000000000000e+02 4.000000000000000000e+00 5.272286294988032473e+00
1.420000000000000000e+02 5.000000000000000000e+00 5.540443190620770508e+00
1.420000000000000000e+02 6.000000000000000000e+00 5.641905377175673308e+00
1.420000000000000000e+02 7.000000000000000000e+00 nan
