Longitude[deg], Latitude[deg], Dust optical depth
-5.700000000000000000e+01 -1.200000000000000000e+01 nan
-5.700000000000000000e+01 -1.100000000000000000e+01 nan
-5.700000000000000000e+01 -1.000000000000000000e+01 nan
-5.700000000000000000e+01 -9.000000000000000000e+00 nan
-5.700000000000000000e+01 -8.000000000000000000e+00 nan
-5.700000000000000000e+01 -7.000000000000000000e+00 nan
-5.700000000000000000e+01 -6.000000000000000000e+00 nan
-5.700000000000000000e+01 -5.000000000000000000e+00 nan
-5.700000000000000000e+01 -4.000000000000000000e+00 nan
-5.700000000000000000e+01 -3.000000000000000000e+00 nan
-5.700000000000000000e+01 -2.000000000000000000e+00 nan
-5.700000000000000000e+01 -1.000000000000000000e+00 nan
-5.700000000000000000e+01 0.000000000000000000e+00 nan
-5.700000000000000000e+01 1.000000000000000000e+00 nan
-5.700000000000000000e+01 2.000000000000000000e+00 4.798950975224038018e+00
-5.700000000000000000e+01 3.000000000000000000e+00 4.831103156512483565e+00
-5.700000000000000000e+01 4.000000000000000000e+00 4.824468221782824529e+00
-5.700000000000000000e+01 5.000000000000000000e+00 4.785179685116240478e+00
-5.700000000000000000e+01 6.000000000000000000e+00 4.686464464989876788e+00
-5.700000000000000000e+01 7.000000000000000000e+00 4.692463593995523041e+00
-5.700000000000000000e+01 8.000000000000000000e+00 4.776867849427829604e+00
-5.700000000000000000e+01 9.000000000000000000e+00 nan
-5.600000000000000000e+01 -1.200000000000000000e+01 nan
-5.600000000000000000e+01 -1.100000000000000000e+01 nan
-5.600000000000000000e+01 -1.000000000000000000e+01 4.876821477563973772e+00
-5.600000000000000000e+01 -9.000000000000000000e+00 4.760206782681544624e+00
-5.600000000000000000e+01 -8.000000000000000000e+00 4.633102420590682335e+00
-5.600000000000000000e+01 -7.000000000000000000e+00 4.751655037684995087e+00
-5.600000000000000000e+01 -6.000000000000000000e+00 4.907962553582271070e+00
-5.600000000000000000e+01 -5.000000000000000000e+00 4.887586949069188336e+00
-5.600000000000000000e+01 -4.000000000000000000e+00 4.853255766294079621e+00
-5.600000000000000000e+01 -3.000000000000000000e+00 4.971316953406149430e+00
-5.600000000000000000e+01 -2.000000000000000000e+00 5.005544840419332786e+00
-5.600000000000000000e+01 -1.000000000000000000e+00 5.047183515188794267e+00
-5.600000000000000000e+01 0.000000000000000000e+00 4.986718897648620086e+00
-5.600000000000000000e+01 1.000000000000000000e+00 4.877856508191016793e+00
-5.600000000000000000e+01 2.000000000000000000e+00 4.787302058751356171e+00
-5.600000000000000000e+01 3.000000000000000000e+00 4.804608047983146335e+00
-5.600000000000000000e+01 4.000000000000000000e+00 4.819461709320167486e+00
-5.600000000000000000e+01 5.000000000000000000e+00 4.742256573201669489e+00
-5.600000000000000000e+01 6.000000000000000000e+00 4.632368650069868643e+00
-5.600000000000000000e+01 7.000000000000000000e+00 4.678473296110378321e+00
-5.600000000000000000e+01 8.000000000000000000e+00 4.805992426992824029e+00
-5.600000000000000000e+01 9.000000000000000000e+00 4.936863313171395262e+00
-5.500000000000000000e+01 -1.200000000000000000e+01 4.918676057273085434e+00
-5.500000000000000000e+01 -1.100000000000000000e+01 4.930853518936708646e+00
-5.500000000000000000e+01 -1.000000000000000000e+01 4.828317941222653786e+00
-5.500000000000000000e+01 -9.000000000000000000e+00 4.725769673183861208e+00
-5.500000000000000000e+01 -8.000000000000000000e+00 4.709128312995670917e+00
-5.500000000000000000e+01 -7.000000000000000000e+00 4.784964185847799811e+00
-5.500000000000000000e+01 -6.000000000000000000e+00 4.899354025265403756e+00
-5.500000000000000000e+01 -5.000000000000000000e+00 4.914503854640963176e+00
-5.500000000000000000e+01 -4.000000000000000000e+00 4.905059755002560529e+00
-5.500000000000000000e+01 -3.000000000000000000e+00 4.955310662233518570e+00
-5.500000000000000000e+01 -2.000000000000000000e+00 4.948185714533218871e+00
-5.500000000000000000e+01 -1.000000000000000000e+00 4.978645568518318854e+00
-5.500000000000000000e+01 0.000000000000000000e+00 4.982970330735030373e+00
-5.500000000000000000e+01 1.000000000000000000e+00 4.877293937019113734e+00
-5.500000000000000000e+01 2.000000000000000000e+00 4.792908770814564789e+00
-5.500000000000000000e+01 3.000000000000000000e+00 4.815283310169479414e+00
-5.500000000000000000e+01 4.000000000000000000e+00 4.832623522544408523e+00
-5.500000000000000000e+01 5.000000000000000000e+00 4.735179244042508451e+00
-5.500000000000000000e+01 6.000000000000000000e+00 4.641332606518147053e+00
-5.500000000000000000e+01 7.000000000000000000e+00 4.673942615364567565e+00
-5.500000000000000000e+01 8.000000000000000000e+00 4.804256940189707947e+00
-5.500000000000000000e+01 9.000000000000000000e+00 4.936897539017102154e+00
-5.400000000000000000e+01 -1.200000000000000000e+01 4.896864488765077184e+00
-5.400000000000000000e+01 -1.100000000000000000e+01 4.918901367676319580e+00
-5.400000000000000000e+01 -1.000000000000000000e+01 4.839109851480010605e+00
-5.400000000000000000e+01 -9.000000000000000000e+00 4.733119295830170437e+00
-5.400000000000000000e+01 -8.000000000000000000e+00 4.723790739520308257e+00
-5.400000000000000000e+01 -7.000000000000000000e+00 4.820836600578946474e+00
-5.400000000000000000e+01 -6.000000000000000000e+00 4.889011252765069315e+00
-5.400000000000000000e+01 -5.000000000000000000e+00 4.922662415259829949e+00
-5.400000000000000000e+01 -4.000000000000000000e+00 4.918599430101838088e+00
-5.400000000000000000e+01 -3.000000000000000000e+00 4.863053347365157819e+00
-5.400000000000000000e+01 -2.000000000000000000e+00 4.849025797504522117e+00
-5.400000000000000000e+01 -1.000000000000000000e+00 4.891167997802719825e+00
-5.400000000000000000e+01 0.000000000000000000e+00 4.926467529965680825e+00
-5.400000000000000000e+01 1.000000000000000000e+00 4.854023067435975669e+00
-5.400000000000000000e+01 2.000000000000000000e+00 4.797639381783025847e+00
-5.400000000000000000e+01 3.000000000000000000e+00 4.858619934912868032e+00
-5.400000000000000000e+01 4.000000000000000000e+00 4.864661631286439913e+00
-5.400000000000000000e+01 5.000000000000000000e+00 4.782416543886410132e+00
-5.400000000000000000e+01 6.000000000000000000e+00 4.700061124639543841e+00
-5.400000000000000000e+01 7.000000000000000000e+00 4.698502219422710624e+00
-5.400000000000000000e+01 8.000000000000000000e+00 4.800876612536023380e+00
-5.400000000000000000e+01 9.000000000000000000e+00 4.920853503677564689e+00
-5.300000000000000000e+01 -1.200000000000000000e+01 4.866241459569696559e+00
-5.300000000000000000e+01 -1.100000000000000000e+01 4.902218725304852143e+00
-5.300000000000000000e+01 -1.000000000000000000e+01 4.854984232537227662e+00
-5.300000000000000000e+01 -9.000000000000000000e+00 4.745714610627690178e+00
-5.300000000000000000e+01 -8.000000000000000000e+00 4.739952774606240204e+00
-5.300000000000000000e+01 -7.000000000000000000e+00 4.826928015762998569e+00
-5.300000000000000000e+01 -6.000000000000000000e+00 4.870668007166647051e+00
-5.300000000000000000e+01 -5.000000000000000000e+00 4.918868454096200438e+00
-5.300000000000000000e+01 -4.000000000000000000e+00 4.897411102982746733e+00
-5.300000000000000000e+01 -3.000000000000000000e+00 4.744632035180996965e+00
-5.300000000000000000e+01 -2.000000000000000000e+00 4.732677709209249350e+00
-5.300000000000000000e+01 -1.000000000000000000e+00 4.809219335564571374e+00
-5.300000000000000000e+01 0.000000000000000000e+00 4.830571009316577680e+00
-5.300000000000000000e+01 1.000000000000000000e+00 4.813913644226238020e+00
-5.300000000000000000e+01 2.000000000000000000e+00 4.796075061930271666e+00
-5.300000000000000000e+01 3.000000000000000000e+00 4.891491316956615876e+00
-5.300000000000000000e+01 4.000000000000000000e+00 4.902403229255244632e+00
-5.300000000000000000e+01 5.000000000000000000e+00 4.852590898612772818e+00
-5.300000000000000000e+01 6.000000000000000000e+00 4.807194481244026818e+00
-5.300000000000000000e+01 7.000000000000000000e+00 4.752217466525158862e+00
-5.300000000000000000e+01 8.000000000000000000e+00 4.807138490254256880e+00
-5.300000000000000000e+01 9.000000000000000000e+00 nan
