Longitude[deg], Latitude[deg], Dust optical depth
1.160000000000000000e+02 9.000000000000000000e+00 nan
1.160000000000000000e+02 1.000000000000000000e+01 nan
1.160000000000000000e+02 1.100000000000000000e+01 nan
1.160000000000000000e+02 1.200000000000000000e+01 nan
1.160000000000000000e+02 1.300000000000000000e+01 nan
1.160000000000000000e+02 1.400000000000000000e+01 nan
1.160000000000000000e+02 1.500000000000000000e+01 nan
1.160000000000000000e+02 1.600000000000000000e+01 nan
1.160000000000000000e+02 1.700000000000000000e+01 nan
1.160000000000000000e+02 1.800000000000000000e+01 nan
1.160000000000000000e+02 1.900000000000000000e+01 nan
1.160000000000000000e+02 2.000000000000000000e+01 nan
1.160000000000000000e+02 2.100000000000000000e+01 nan
1.160000000000000000e+02 2.200000000000000000e+01 nan
1.160000000000000000e+02 2.300000000000000000e+01 nan
1.160000000000000000e+02 2.400000000000000000e+01 8.886355978807369826e-01
1.160000000000000000e+02 2.500000000000000000e+01 8.471504071383084700e-01
1.160000000000000000e+02 2.600000000000000000e+01 8.456570924588654448e-01
1.160000000000000000e+02 2.700000000000000000e+01 8.223858548354860964e-01
1.160000000000000000e+02 2.800000000000000000e+01 8.224154911543730684e-01
1.160000000000000000e+02 2.900000000000000000e+01 8.412168147086463987e-01
1.170000000000000000e+02 9.000000000000000000e+00 nan
1.170000000000000000e+02 1.000000000000000000e+01 nan
1.170000000000000000e+02 1.100000000000000000e+01 nan
1.170000000000000000e+02 1.200000000000000000e+01 nan
1.170000000000000000e+02 1.300000000000000000e+01 1.127964491301759908e+00
1.170000000000000000e+02 1.400000000000000000e+01 1.165499633123997070e+00
1.170000000000000000e+02 1.500000000000000000e+01 1.173153371963097991e+00
1.170000000000000000e+02 1.600000000000000000e+01 1.152606673816733318e+00
1.170000000000000000e+02 1.700000000000000000e+01 1.103923999020220315e+00
1.170000000000000000e+02 1.800000000000000000e+01 1.064558461232680386e+00
1.170000000000000000e+02 1.900000000000000000e+01 1.031141337565349092e+00
1.170000000000000000e+02 2.000000000000000000e+01 9.788078401266161466e-01
1.170000000000000000e+02 2.100000000000000000e+01 9.322149524045558744e-01
1.170000000000000000e+02 2.200000000000000000e+01 9.471353342825521437e-01
1.170000000000000000e+02 2.300000000000000000e+01 9.412673317512678661e-01
1.170000000000000000e+02 2.400000000000000000e+01 9.083581381057621584e-01
1.170000000000000000e+02 2.500000000000000000e+01 8.584367054391899288e-01
1.170000000000000000e+02 2.600000000000000000e+01 8.419017890609122867e-01
1.170000000000000000e+02 2.700000000000000000e+01 8.146974731104837941e-01
1.170000000000000000e+02 2.800000000000000000e+01 8.172044926995860603e-01
1.170000000000000000e+02 2.900000000000000000e+01 8.397977535210590094e-01
1.180000000000000000e+02 9.000000000000000000e+00 1.512930683738602067e+00
1.180000000000000000e+02 1.000000000000000000e+01 1.458575604947099924e+00
1.180000000000000000e+02 1.100000000000000000e+01 1.368941556388500125e+00
1.180000000000000000e+02 1.200000000000000000e+01 1.224646244119890426e+00
1.180000000000000000e+02 1.300000000000000000e+01 1.135246261888746444e+00
1.180000000000000000e+02 1.400000000000000000e+01 1.128441159854799203e+00
1.180000000000000000e+02 1.500000000000000000e+01 1.144533633198477007e+00
1.180000000000000000e+02 1.600000000000000000e+01 1.134195776841120384e+00
1.180000000000000000e+02 1.700000000000000000e+01 1.128080125699812530e+00
1.180000000000000000e+02 1.800000000000000000e+01 1.066206135782378661e+00
1.180000000000000000e+02 1.900000000000000000e+01 1.019652392158625798e+00
1.180000000000000000e+02 2.000000000000000000e+01 9.620486251185510485e-01
1.180000000000000000e+02 2.100000000000000000e+01 9.353090825003306241e-01
1.180000000000000000e+02 2.200000000000000000e+01 9.412673317512678661e-01
1.180000000000000000e+02 2.300000000000000000e+01 9.183130531522287754e-01
1.180000000000000000e+02 2.400000000000000000e+01 8.937180285507754229e-01
1.180000000000000000e+02 2.500000000000000000e+01 8.536474418088151328e-01
1.180000000000000000e+02 2.600000000000000000e+01 8.412422720470211779e-01
1.180000000000000000e+02 2.700000000000000000e+01 8.159158479423824772e-01
1.180000000000000000e+02 2.800000000000000000e+01 8.188594575824030830e-01
1.180000000000000000e+02 2.900000000000000000e+01 8.385859956785819413e-01
1.190000000000000000e+02 9.000000000000000000e+00 1.517208983817668777e+00
1.190000000000000000e+02 1.000000000000000000e+01 1.461497273006334474e+00
1.190000000000000000e+02 1.100000000000000000e+01 1.365071115531032886e+00
1.190000000000000000e+02 1.200000000000000000e+01 1.220548880633217870e+00
1.190000000000000000e+02 1.300000000000000000e+01 1.128627667570098581e+00
1.190000000000000000e+02 1.400000000000000000e+01 1.116697033700339237e+00
1.190000000000000000e+02 1.500000000000000000e+01 1.136533794127496444e+00
1.190000000000000000e+02 1.600000000000000000e+01 1.126936374312205169e+00
1.190000000000000000e+02 1.700000000000000000e+01 1.084146557298406366e+00
1.190000000000000000e+02 1.800000000000000000e+01 1.053512373238780775e+00
1.190000000000000000e+02 1.900000000000000000e+01 1.001207056495293513e+00
1.190000000000000000e+02 2.000000000000000000e+01 9.440552649251787720e-01
1.190000000000000000e+02 2.100000000000000000e+01 9.173306578089331920e-01
1.190000000000000000e+02 2.200000000000000000e+01 9.206371063090134088e-01
1.190000000000000000e+02 2.300000000000000000e+01 9.072930658206886934e-01
1.190000000000000000e+02 2.400000000000000000e+01 8.809267759365845274e-01
1.190000000000000000e+02 2.500000000000000000e+01 8.540051359307889722e-01
1.190000000000000000e+02 2.600000000000000000e+01 8.414740461177567799e-01
1.190000000000000000e+02 2.700000000000000000e+01 8.156198384357429276e-01
1.190000000000000000e+02 2.800000000000000000e+01 8.231350817312105272e-01
1.190000000000000000e+02 2.900000000000000000e+01 8.405373216342922893e-01
1.200000000000000000e+02 9.000000000000000000e+00 1.519720469746155711e+00
1.200000000000000000e+02 1.000000000000000000e+01 1.464402009980356523e+00
1.200000000000000000e+02 1.100000000000000000e+01 1.362520732879804797e+00
1.200000000000000000e+02 1.200000000000000000e+01 1.215009944755627735e+00
1.200000000000000000e+02 1.300000000000000000e+01 1.113348811211250178e+00
1.200000000000000000e+02 1.400000000000000000e+01 1.109035521515144396e+00
1.200000000000000000e+02 1.500000000000000000e+01 1.135787675131261221e+00
1.200000000000000000e+02 1.600000000000000000e+01 1.117450170966847622e+00
1.200000000000000000e+02 1.700000000000000000e+01 1.058324691098810888e+00
1.200000000000000000e+02 1.800000000000000000e+01 9.945039673132117786e-01
1.200000000000000000e+02 1.900000000000000000e+01 9.844392790227481926e-01
1.200000000000000000e+02 2.000000000000000000e+01 9.369602186712427949e-01
1.200000000000000000e+02 2.100000000000000000e+01 8.990315115625415743e-01
1.200000000000000000e+02 2.200000000000000000e+01 9.054302013620770806e-01
1.200000000000000000e+02 2.300000000000000000e+01 9.117014644598990802e-01
1.200000000000000000e+02 2.400000000000000000e+01 8.959986859063696629e-01
1.200000000000000000e+02 2.500000000000000000e+01 8.744014920807051672e-01
1.200000000000000000e+02 2.600000000000000000e+01 8.439895420041141350e-01
1.200000000000000000e+02 2.700000000000000000e+01 8.092492783509226406e-01
1.200000000000000000e+02 2.800000000000000000e+01 8.233521318405332412e-01
1.200000000000000000e+02 2.900000000000000000e+01 8.446681064368608549e-01
1.210000000000000000e+02 9.000000000000000000e+00 nan
1.210000000000000000e+02 1.000000000000000000e+01 nan
1.210000000000000000e+02 1.100000000000000000e+01 nan
1.210000000000000000e+02 1.200000000000000000e+01 nan
1.210000000000000000e+02 1.300000000000000000e+01 nan
1.210000000000000000e+02 1.400000000000000000e+01 nan
1.210000000000000000e+02 1.500000000000000000e+01 nan
1.210000000000000000e+02 1.600000000000000000e+01 nan
1.210000000000000000e+02 1.700000000000000000e+01 nan
1.210000000000000000e+02 1.800000000000000000e+01 nan
1.210000000000000000e+02 1.900000000000000000e+01 nan
1.210000000000000000e+02 2.000000000000000000e+01 nan
1.210000000000000000e+02 2.100000000000000000e+01 nan
1.210000000000000000e+02 2.200000000000000000e+01 nan
1.210000000000000000e+02 2.300000000000000000e+01 nan
1.210000000000000000e+02 2.400000000000000000e+01 nan
1.210000000000000000e+02 2.500000000000000000e+01 nan
1.210000000000000000e+02 2.600000000000000000e+01 nan
1.210000000000000000e+02 2.700000000000000000e+01 nan
1.210000000000000000e+02 2.800000000000000000e+01 nan
1.210000000000000000e+02 2.900000000000000000e+01 nan
