Longitude[deg], Latitude[deg], Dust optical depth
7.200000000000000000e+01 -1.300000000000000000e+01 nan
7.200000000000000000e+01 -1.200000000000000000e+01 nan
7.200000000000000000e+01 -1.100000000000000000e+01 nan
7.200000000000000000e+01 -1.000000000000000000e+01 nan
7.200000000000000000e+01 -9.000000000000000000e+00 nan
7.200000000000000000e+01 -8.000000000000000000e+00 nan
7.200000000000000000e+01 -7.000000000000000000e+00 nan
7.200000000000000000e+01 -6.000000000000000000e+00 nan
7.200000000000000000e+01 -5.000000000000000000e+00 nan
7.200000000000000000e+01 -4.000000000000000000e+00 nan
7.200000000000000000e+01 -3.000000000000000000e+00 nan
7.200000000000000000e+01 -2.000000000000000000e+00 nan
7.200000000000000000e+01 -1.000000000000000000e+00 nan
7.200000000000000000e+01 0.000000000000000000e+00 nan
7.200000000000000000e+01 1.000000000000000000e+00 6.561912525020435538e+00
7.200000000000000000e+01 2.000000000000000000e+00 6.488963909604672509e+00
7.200000000000000000e+01 3.000000000000000000e+00 6.335465507968266685e+00
7.200000000000000000e+01 4.000000000000000000e+00 6.131252628845496488e+00
7.200000000000000000e+01 5.000000000000000000e+00 5.940329989512338926e+00
7.200000000000000000e+01 6.000000000000000000e+00 5.764925701464711061e+00
7.200000000000000000e+01 7.000000000000000000e+00 5.637835242923425305e+00
7.200000000000000000e+01 8.000000000000000000e+00 nan
7.300000000000000000e+01 -1.300000000000000000e+01 nan
7.300000000000000000e+01 -1.200000000000000000e+01 nan
7.300000000000000000e+01 -1.100000000000000000e+01 7.077132437127720443e+00
7.300000000000000000e+01 -1.000000000000000000e+01 6.857038033937101318e+00
7.300000000000000000e+01 -9.000000000000000000e+00 6.864369272351762419e+00
7.300000000000000000e+01 -8.000000000000000000e+00 6.724669830271902349e+00
7.300000000000000000e+01 -7.000000000000000000e+00 6.526731089142233877e+00
7.300000000000000000e+01 -6.000000000000000000e+00 6.394409105530170834e+00
7.300000000000000000e+01 -5.000000000000000000e+00 6.364250874234577360e+00
7.300000000000000000e+01 -4.000000000000000000e+00 6.467409762211839386e+00
7.300000000000000000e+01 -3.000000000000000000e+00 6.516522394751470770e+00
7.300000000000000000e+01 -2.000000000000000000e+00 6.422633929135896480e+00
7.300000000000000000e+01 -1.000000000000000000e+00 6.501258420019409456e+00
7.300000000000000000e+01 0.000000000000000000e+00 6.617152790659328154e+00
7.300000000000000000e+01 1.000000000000000000e+00 6.535331470689776268e+00
7.300000000000000000e+01 2.000000000000000000e+00 6.471922238880790879e+00
7.300000000000000000e+01 3.000000000000000000e+00 6.402619077901199773e+00
7.300000000000000000e+01 4.000000000000000000e+00 6.147162739581494506e+00
7.300000000000000000e+01 5.000000000000000000e+00 5.927009005913038919e+00
7.300000000000000000e+01 6.000000000000000000e+00 5.739996313646480885e+00
7.300000000000000000e+01 7.000000000000000000e+00 5.606785696525979468e+00
7.300000000000000000e+01 8.000000000000000000e+00 nan
7.400000000000000000e+01 -1.300000000000000000e+01 6.989779046873035639e+00
7.400000000000000000e+01 -1.200000000000000000e+01 7.034066075143854846e+00
7.400000000000000000e+01 -1.100000000000000000e+01 6.983170318081038275e+00
7.400000000000000000e+01 -1.000000000000000000e+01 6.835662966945196040e+00
7.400000000000000000e+01 -9.000000000000000000e+00 6.818483068114570500e+00
7.400000000000000000e+01 -8.000000000000000000e+00 6.684078099093023972e+00
7.400000000000000000e+01 -7.000000000000000000e+00 6.451759021021394425e+00
7.400000000000000000e+01 -6.000000000000000000e+00 6.407836450648720650e+00
7.400000000000000000e+01 -5.000000000000000000e+00 6.410074942718466673e+00
7.400000000000000000e+01 -4.000000000000000000e+00 6.515851135429929997e+00
7.400000000000000000e+01 -3.000000000000000000e+00 6.579738353989073474e+00
7.400000000000000000e+01 -2.000000000000000000e+00 6.550191660671128346e+00
7.400000000000000000e+01 -1.000000000000000000e+00 6.514893690032542040e+00
7.400000000000000000e+01 0.000000000000000000e+00 6.581290032277226310e+00
7.400000000000000000e+01 1.000000000000000000e+00 6.506267055265387178e+00
7.400000000000000000e+01 2.000000000000000000e+00 6.475598848300422539e+00
7.400000000000000000e+01 3.000000000000000000e+00 6.429611482759238328e+00
7.400000000000000000e+01 4.000000000000000000e+00 6.167461080760834768e+00
7.400000000000000000e+01 5.000000000000000000e+00 5.941416548068450432e+00
7.400000000000000000e+01 6.000000000000000000e+00 5.761587067310394161e+00
7.400000000000000000e+01 7.000000000000000000e+00 5.631189458587036789e+00
7.400000000000000000e+01 8.000000000000000000e+00 5.364072914790664726e+00
7.500000000000000000e+01 -1.300000000000000000e+01 6.973286395800170290e+00
7.500000000000000000e+01 -1.200000000000000000e+01 7.019254234813070426e+00
7.500000000000000000e+01 -1.100000000000000000e+01 6.988158372337625934e+00
7.500000000000000000e+01 -1.000000000000000000e+01 6.839542970980993175e+00
7.500000000000000000e+01 -9.000000000000000000e+00 6.769052987682361966e+00
7.500000000000000000e+01 -8.000000000000000000e+00 6.604128247156834775e+00
7.500000000000000000e+01 -7.000000000000000000e+00 6.416462300513035011e+00
7.500000000000000000e+01 -6.000000000000000000e+00 6.398054709918009841e+00
7.500000000000000000e+01 -5.000000000000000000e+00 6.446185097374130812e+00
7.500000000000000000e+01 -4.000000000000000000e+00 6.552662758130704646e+00
7.500000000000000000e+01 -3.000000000000000000e+00 6.654213278287135935e+00
7.500000000000000000e+01 -2.000000000000000000e+00 6.646090562678937275e+00
7.500000000000000000e+01 -1.000000000000000000e+00 6.551017532624337392e+00
7.500000000000000000e+01 0.000000000000000000e+00 6.490842504442601246e+00
7.500000000000000000e+01 1.000000000000000000e+00 6.451846322040386994e+00
7.500000000000000000e+01 2.000000000000000000e+00 6.471301137758774580e+00
7.500000000000000000e+01 3.000000000000000000e+00 6.441637290725677367e+00
7.500000000000000000e+01 4.000000000000000000e+00 6.217003382651586030e+00
7.500000000000000000e+01 5.000000000000000000e+00 5.989768023704837852e+00
7.500000000000000000e+01 6.000000000000000000e+00 5.803080726493009323e+00
7.500000000000000000e+01 7.000000000000000000e+00 5.647842559853017974e+00
7.500000000000000000e+01 8.000000000000000000e+00 5.400622576933105989e+00
7.600000000000000000e+01 -1.300000000000000000e+01 6.962086803666069912e+00
7.600000000000000000e+01 -1.200000000000000000e+01 6.998772065380432394e+00
7.600000000000000000e+01 -1.100000000000000000e+01 7.001739345937513903e+00
7.600000000000000000e+01 -1.000000000000000000e+01 6.862008479997388832e+00
7.600000000000000000e+01 -9.000000000000000000e+00 6.708711022086018438e+00
7.600000000000000000e+01 -8.000000000000000000e+00 6.554564453865287632e+00
7.600000000000000000e+01 -7.000000000000000000e+00 6.388178936224670146e+00
7.600000000000000000e+01 -6.000000000000000000e+00 6.382726280293495869e+00
7.600000000000000000e+01 -5.000000000000000000e+00 6.471529452520369929e+00
7.600000000000000000e+01 -4.000000000000000000e+00 6.594416103342247482e+00
7.600000000000000000e+01 -3.000000000000000000e+00 6.673246399858241418e+00
7.600000000000000000e+01 -2.000000000000000000e+00 6.690131083172044413e+00
7.600000000000000000e+01 -1.000000000000000000e+00 6.591381398578343820e+00
7.600000000000000000e+01 0.000000000000000000e+00 6.456570352785250932e+00
7.600000000000000000e+01 1.000000000000000000e+00 6.422002630845131677e+00
7.600000000000000000e+01 2.000000000000000000e+00 6.446041740257456354e+00
7.600000000000000000e+01 3.000000000000000000e+00 6.441419765361036553e+00
7.600000000000000000e+01 4.000000000000000000e+00 6.254077006779549919e+00
7.600000000000000000e+01 5.000000000000000000e+00 6.055638109565618876e+00
7.600000000000000000e+01 6.000000000000000000e+00 5.801777215578757918e+00
7.600000000000000000e+01 7.000000000000000000e+00 5.637086881352516343e+00
7.600000000000000000e+01 8.000000000000000000e+00 nan
