Longitude[deg], Latitude[deg], Dust optical depth
1.040000000000000000e+02 -3.100000000000000000e+01 7.660152261686631547e+00
1.040000000000000000e+02 -3.000000000000000000e+01 7.518144703968757447e+00
1.040000000000000000e+02 -2.900000000000000000e+01 7.449786051135124154e+00
1.040000000000000000e+02 -2.800000000000000000e+01 7.121257832146275391e+00
1.040000000000000000e+02 -2.700000000000000000e+01 7.176267831878711867e+00
1.040000000000000000e+02 -2.600000000000000000e+01 7.234345470196723582e+00
1.040000000000000000e+02 -2.500000000000000000e+01 7.219451202498939679e+00
1.040000000000000000e+02 -2.400000000000000000e+01 6.885615312087002060e+00
1.040000000000000000e+02 -2.300000000000000000e+01 6.584919033386030129e+00
1.040000000000000000e+02 -2.200000000000000000e+01 6.551956965330464122e+00
1.040000000000000000e+02 -2.100000000000000000e+01 6.484195841620647549e+00
1.040000000000000000e+02 -2.000000000000000000e+01 6.324880091565318274e+00
1.040000000000000000e+02 -1.900000000000000000e+01 6.277753790526067412e+00
1.040000000000000000e+02 -1.800000000000000000e+01 6.238895793518604016e+00
1.040000000000000000e+02 -1.700000000000000000e+01 6.239599543201492793e+00
1.040000000000000000e+02 -1.600000000000000000e+01 6.167338374646894827e+00
1.040000000000000000e+02 -1.500000000000000000e+01 nan
1.050000000000000000e+02 -3.100000000000000000e+01 7.505294456717486185e+00
1.050000000000000000e+02 -3.000000000000000000e+01 7.466519074595209027e+00
1.050000000000000000e+02 -2.900000000000000000e+01 7.373573216486330573e+00
1.050000000000000000e+02 -2.800000000000000000e+01 7.090679104845905023e+00
1.050000000000000000e+02 -2.700000000000000000e+01 7.052022202846942811e+00
1.050000000000000000e+02 -2.600000000000000000e+01 7.134483978128010051e+00
1.050000000000000000e+02 -2.500000000000000000e+01 7.072029190523793751e+00
1.050000000000000000e+02 -2.400000000000000000e+01 6.687143535273139427e+00
1.050000000000000000e+02 -2.300000000000000000e+01 6.463268098605714940e+00
1.050000000000000000e+02 -2.200000000000000000e+01 6.445077745701641270e+00
1.050000000000000000e+02 -2.100000000000000000e+01 6.349022511970427551e+00
1.050000000000000000e+02 -2.000000000000000000e+01 6.291212028882274154e+00
1.050000000000000000e+02 -1.900000000000000000e+01 6.201423826946365736e+00
1.050000000000000000e+02 -1.800000000000000000e+01 6.163743889506916318e+00
1.050000000000000000e+02 -1.700000000000000000e+01 6.101752415250587092e+00
1.050000000000000000e+02 -1.600000000000000000e+01 6.098151382681622934e+00
1.050000000000000000e+02 -1.500000000000000000e+01 nan
1.060000000000000000e+02 -3.100000000000000000e+01 7.464972728830415072e+00
1.060000000000000000e+02 -3.000000000000000000e+01 7.436477946885285739e+00
1.060000000000000000e+02 -2.900000000000000000e+01 7.351163194861701555e+00
1.060000000000000000e+02 -2.800000000000000000e+01 7.080970444785899431e+00
1.060000000000000000e+02 -2.700000000000000000e+01 6.967502141210043298e+00
1.060000000000000000e+02 -2.600000000000000000e+01 7.089120158480154643e+00
1.060000000000000000e+02 -2.500000000000000000e+01 6.999137526021946165e+00
1.060000000000000000e+02 -2.400000000000000000e+01 6.576943466544982186e+00
1.060000000000000000e+02 -2.300000000000000000e+01 6.397443798598336784e+00
1.060000000000000000e+02 -2.200000000000000000e+01 6.358939019405965176e+00
1.060000000000000000e+02 -2.100000000000000000e+01 6.333876348795269173e+00
1.060000000000000000e+02 -2.000000000000000000e+01 6.261506678932664549e+00
1.060000000000000000e+02 -1.900000000000000000e+01 6.092497590819768938e+00
1.060000000000000000e+02 -1.800000000000000000e+01 6.008045196117192788e+00
1.060000000000000000e+02 -1.700000000000000000e+01 6.010026376964278327e+00
1.060000000000000000e+02 -1.600000000000000000e+01 5.928867325475324357e+00
1.060000000000000000e+02 -1.500000000000000000e+01 nan
1.070000000000000000e+02 -3.100000000000000000e+01 7.403513549501110624e+00
1.070000000000000000e+02 -3.000000000000000000e+01 7.385484483282953150e+00
1.070000000000000000e+02 -2.900000000000000000e+01 7.337280940509384841e+00
1.070000000000000000e+02 -2.800000000000000000e+01 7.081551172511932890e+00
1.070000000000000000e+02 -2.700000000000000000e+01 6.847174151163481604e+00
1.070000000000000000e+02 -2.600000000000000000e+01 6.884069965515476675e+00
1.070000000000000000e+02 -2.500000000000000000e+01 6.822111860947731365e+00
1.070000000000000000e+02 -2.400000000000000000e+01 6.491361308003948949e+00
1.070000000000000000e+02 -2.300000000000000000e+01 6.280920007754450474e+00
1.070000000000000000e+02 -2.200000000000000000e+01 6.312279160197705075e+00
1.070000000000000000e+02 -2.100000000000000000e+01 6.312279160197705075e+00
1.070000000000000000e+02 -2.000000000000000000e+01 6.180496648170886509e+00
1.070000000000000000e+02 -1.900000000000000000e+01 5.930914039276685479e+00
1.070000000000000000e+02 -1.800000000000000000e+01 5.899101319988916181e+00
1.070000000000000000e+02 -1.700000000000000000e+01 5.925651867247972326e+00
1.070000000000000000e+02 -1.600000000000000000e+01 nan
1.070000000000000000e+02 -1.500000000000000000e+01 nan
