Longitude[deg], Latitude[deg], Dust optical depth
1.420000000000000000e+02 -4.800000000000000000e+01 4.951775973901259675e+00
1.420000000000000000e+02 -4.700000000000000000e+01 5.190355818166557000e+00
1.420000000000000000e+02 -4.600000000000000000e+01 5.671827659519137477e+00
1.420000000000000000e+02 -4.500000000000000000e+01 5.710957525924233558e+00
1.420000000000000000e+02 -4.400000000000000000e+01 5.675518593030725256e+00
1.420000000000000000e+02 -4.300000000000000000e+01 nan
1.420000000000000000e+02 -4.200000000000000000e+01 nan
1.420000000000000000e+02 -4.100000000000000000e+01 nan
1.420000000000000000e+02 -4.000000000000000000e+01 nan
1.420000000000000000e+02 -3.900000000000000000e+01 nan
1.420000000000000000e+02 -3.800000000000000000e+01 nan
1.420000000000000000e+02 -3.700000000000000000e+01 nan
1.420000000000000000e+02 -3.600000000000000000e+01 nan
1.420000000000000000e+02 -3.500000000000000000e+01 nan
1.420000000000000000e+02 -3.400000000000000000e+01 nan
1.420000000000000000e+02 -3.300000000000000000e+01 nan
1.420000000000000000e+02 -3.200000000000000000e+01 nan
1.420000000000000000e+02 -3.100000000000000000e+01 nan
1.420000000000000000e+02 -3.000000000000000000e+01 nan
1.420000000000000000e+02 -2.900000000000000000e+01 nan
1.420000000000000000e+02 -2.800000000000000000e+01 nan
1.420000000000000000e+02 -2.700000000000000000e+01 nan
1.420000000000000000e+02 -2.600000000000000000e+01 nan
1.420000000000000000e+02 -2.500000000000000000e+01 nan
1.420000000000000000e+02 -2.400000000000000000e+01 nan
1.420000000000000000e+02 -2.300000000000000000e+01 nan
1.420000000000000000e+02 -2.200000000000000000e+01 nan
1.420000000000000000e+02 -2.100000000000000000e+01 nan
1.430000000000000000e+02 -4.800000000000000000e+01 4.987098086717901779e+00
1.430000000000000000e+02 -4.700000000000000000e+01 5.214291867942568715e+00
1.430000000000000000e+02 -4.600000000000000000e+01 5.665412376117645366e+00
1.430000000000000000e+02 -4.500000000000000000e+01 5.685463015255137975e+00
1.430000000000000000e+02 -4.400000000000000000e+01 5.457821269880795967e+00
1.430000000000000000e+02 -4.300000000000000000e+01 5.341994299068772989e+00
1.430000000000000000e+02 -4.200000000000000000e+01 5.367751633202332506e+00
1.430000000000000000e+02 -4.100000000000000000e+01 5.401697197595321853e+00
1.430000000000000000e+02 -4.000000000000000000e+01 5.659869346869055740e+00
1.430000000000000000e+02 -3.900000000000000000e+01 6.230999485663249793e+00
1.430000000000000000e+02 -3.800000000000000000e+01 6.314752933473318564e+00
1.430000000000000000e+02 -3.700000000000000000e+01 6.283456674079157089e+00
1.430000000000000000e+02 -3.600000000000000000e+01 6.054102734217008397e+00
1.430000000000000000e+02 -3.500000000000000000e+01 5.943224643975422161e+00
1.430000000000000000e+02 -3.400000000000000000e+01 6.150655112211459219e+00
1.430000000000000000e+02 -3.300000000000000000e+01 6.360928237963458187e+00
1.430000000000000000e+02 -3.200000000000000000e+01 6.237819116357168348e+00
1.430000000000000000e+02 -3.100000000000000000e+01 5.771663121019684262e+00
1.430000000000000000e+02 -3.000000000000000000e+01 5.513162201538470697e+00
1.430000000000000000e+02 -2.900000000000000000e+01 5.543273918356793395e+00
1.430000000000000000e+02 -2.800000000000000000e+01 5.696073474447135965e+00
1.430000000000000000e+02 -2.700000000000000000e+01 5.740491852473231127e+00
1.430000000000000000e+02 -2.600000000000000000e+01 5.776730625246686124e+00
1.430000000000000000e+02 -2.500000000000000000e+01 5.808925656696021456e+00
1.430000000000000000e+02 -2.400000000000000000e+01 5.727753447446462864e+00
1.430000000000000000e+02 -2.300000000000000000e+01 5.638393659047784112e+00
1.430000000000000000e+02 -2.200000000000000000e+01 5.595519172709304101e+00
1.430000000000000000e+02 -2.100000000000000000e+01 nan
1.440000000000000000e+02 -4.800000000000000000e+01 5.155233003911988021e+00
1.440000000000000000e+02 -4.700000000000000000e+01 5.423633000764312762e+00
1.440000000000000000e+02 -4.600000000000000000e+01 5.664435924940224076e+00
1.440000000000000000e+02 -4.500000000000000000e+01 5.679864024923952925e+00
1.440000000000000000e+02 -4.400000000000000000e+01 5.455652674800664848e+00
1.440000000000000000e+02 -4.300000000000000000e+01 5.342613277875824629e+00
1.440000000000000000e+02 -4.200000000000000000e+01 5.367751633202332506e+00
1.440000000000000000e+02 -4.100000000000000000e+01 5.401697197595321853e+00
1.440000000000000000e+02 -4.000000000000000000e+01 5.659869346869055740e+00
1.440000000000000000e+02 -3.900000000000000000e+01 6.230999485663249793e+00
1.440000000000000000e+02 -3.800000000000000000e+01 6.314752933473318564e+00
1.440000000000000000e+02 -3.700000000000000000e+01 6.283456674079157089e+00
1.440000000000000000e+02 -3.600000000000000000e+01 6.054102734217008397e+00
1.440000000000000000e+02 -3.500000000000000000e+01 5.943224643975422161e+00
1.440000000000000000e+02 -3.400000000000000000e+01 6.150655112211459219e+00
1.440000000000000000e+02 -3.300000000000000000e+01 6.360928237963458187e+00
1.440000000000000000e+02 -3.200000000000000000e+01 6.237819116357168348e+00
1.440000000000000000e+02 -3.100000000000000000e+01 5.771663121019684262e+00
1.440000000000000000e+02 -3.000000000000000000e+01 5.513162201538470697e+00
1.440000000000000000e+02 -2.900000000000000000e+01 5.543273918356793395e+00
1.440000000000000000e+02 -2.800000000000000000e+01 5.696073474447135965e+00
1.440000000000000000e+02 -2.700000000000000000e+01 5.740491852473231127e+00
1.440000000000000000e+02 -2.600000000000000000e+01 5.776730625246686124e+00
1.440000000000000000e+02 -2.500000000000000000e+01 5.808925656696021456e+00
1.440000000000000000e+02 -2.400000000000000000e+01 5.727753447446462864e+00
1.440000000000000000e+02 -2.300000000000000000e+01 5.638393659047784112e+00
1.440000000000000000e+02 -2.200000000000000000e+01 5.595519172709304101e+00
1.440000000000000000e+02 -2.100000000000000000e+01 nan
