Longitude[deg], Latitude[deg], Dust optical depth
-8.200000000000000000e+01 -7.300000000000000000e+01 nan
-8.200000000000000000e+01 -7.200000000000000000e+01 nan
-8.200000000000000000e+01 -7.100000000000000000e+01 nan
-8.200000000000000000e+01 -7.000000000000000000e+01 nan
-8.200000000000000000e+01 -6.900000000000000000e+01 nan
-8.200000000000000000e+01 -6.800000000000000000e+01 nan
-8.200000000000000000e+01 -6.700000000000000000e+01 nan
-8.200000000000000000e+01 -6.600000000000000000e+01 nan
-8.200000000000000000e+01 -6.500000000000000000e+01 nan
-8.200000000000000000e+01 -6.400000000000000000e+01 nan
-8.200000000000000000e+01 -6.300000000000000000e+01 nan
-8.200000000000000000e+01 -6.200000000000000000e+01 nan
-8.200000000000000000e+01 -6.100000000000000000e+01 nan
-8.200000000000000000e+01 -6.000000000000000000e+01 nan
-8.200000000000000000e+01 -5.900000000000000000e+01 nan
-8.200000000000000000e+01 -5.800000000000000000e+01 nan
-8.200000000000000000e+01 -5.700000000000000000e+01 nan
-8.200000000000000000e+01 -5.600000000000000000e+01 nan
-8.200000000000000000e+01 -5.500000000000000000e+01 nan
-8.200000000000000000e+01 -5.400000000000000000e+01 nan
-8.200000000000000000e+01 -5.300000000000000000e+01 nan
-8.200000000000000000e+01 -5.200000000000000000e+01 nan
-8.200000000000000000e+01 -5.100000000000000000e+01 nan
-8.200000000000000000e+01 -5.000000000000000000e+01 nan
-8.200000000000000000e+01 -4.900000000000000000e+01 nan
-8.200000000000000000e+01 -4.800000000000000000e+01 nan
-8.200000000000000000e+01 -4.700000000000000000e+01 nan
-8.200000000000000000e+01 -4.600000000000000000e+01 nan
-8.200000000000000000e+01 -4.500000000000000000e+01 nan
-8.200000000000000000e+01 -4.400000000000000000e+01 nan
-8.200000000000000000e+01 -4.300000000000000000e+01 nan
-8.200000000000000000e+01 -4.200000000000000000e+01 nan
-8.200000000000000000e+01 -4.100000000000000000e+01 nan
-8.200000000000000000e+01 -4.000000000000000000e+01 nan
-8.200000000000000000e+01 -3.900000000000000000e+01 nan
-8.200000000000000000e+01 -3.800000000000000000e+01 nan
-8.200000000000000000e+01 -3.700000000000000000e+01 nan
-8.200000000000000000e+01 -3.600000000000000000e+01 nan
-8.200000000000000000e+01 -3.500000000000000000e+01 nan
-8.200000000000000000e+01 -3.400000000000000000e+01 nan
-8.200000000000000000e+01 -3.300000000000000000e+01 nan
-8.200000000000000000e+01 -3.200000000000000000e+01 nan
-8.200000000000000000e+01 -3.100000000000000000e+01 nan
-8.200000000000000000e+01 -3.000000000000000000e+01 nan
-8.200000000000000000e+01 -2.900000000000000000e+01 nan
-8.100000000000000000e+01 -7.300000000000000000e+01 nan
-8.100000000000000000e+01 -7.200000000000000000e+01 nan
-8.100000000000000000e+01 -7.100000000000000000e+01 nan
-8.100000000000000000e+01 -7.000000000000000000e+01 nan
-8.100000000000000000e+01 -6.900000000000000000e+01 nan
-8.100000000000000000e+01 -6.800000000000000000e+01 nan
-8.100000000000000000e+01 -6.700000000000000000e+01 nan
-8.100000000000000000e+01 -6.600000000000000000e+01 nan
-8.100000000000000000e+01 -6.500000000000000000e+01 nan
-8.100000000000000000e+01 -6.400000000000000000e+01 nan
-8.100000000000000000e+01 -6.300000000000000000e+01 nan
-8.100000000000000000e+01 -6.200000000000000000e+01 nan
-8.100000000000000000e+01 -6.100000000000000000e+01 nan
-8.100000000000000000e+01 -6.000000000000000000e+01 nan
-8.100000000000000000e+01 -5.900000000000000000e+01 nan
-8.100000000000000000e+01 -5.800000000000000000e+01 nan
-8.100000000000000000e+01 -5.700000000000000000e+01 nan
-8.100000000000000000e+01 -5.600000000000000000e+01 nan
-8.100000000000000000e+01 -5.500000000000000000e+01 nan
-8.100000000000000000e+01 -5.400000000000000000e+01 nan
-8.100000000000000000e+01 -5.300000000000000000e+01 nan
-8.100000000000000000e+01 -5.200000000000000000e+01 nan
-8.100000000000000000e+01 -5.100000000000000000e+01 nan
-8.100000000000000000e+01 -5.000000000000000000e+01 nan
-8.100000000000000000e+01 -4.900000000000000000e+01 nan
-8.100000000000000000e+01 -4.800000000000000000e+01 nan
-8.100000000000000000e+01 -4.700000000000000000e+01 nan
-8.100000000000000000e+01 -4.600000000000000000e+01 nan
-8.100000000000000000e+01 -4.500000000000000000e+01 nan
-8.100000000000000000e+01 -4.400000000000000000e+01 nan
-8.100000000000000000e+01 -4.300000000000000000e+01 nan
-8.100000000000000000e+01 -4.200000000000000000e+01 nan
-8.100000000000000000e+01 -4.100000000000000000e+01 nan
-8.100000000000000000e+01 -4.000000000000000000e+01 nan
-8.100000000000000000e+01 -3.900000000000000000e+01 nan
-8.100000000000000000e+01 -3.800000000000000000e+01 nan
-8.100000000000000000e+01 -3.700000000000000000e+01 nan
-8.100000000000000000e+01 -3.600000000000000000e+01 nan
-8.100000000000000000e+01 -3.500000000000000000e+01 nan
-8.100000000000000000e+01 -3.400000000000000000e+01 nan
-8.100000000000000000e+01 -3.300000000000000000e+01 nan
-8.100000000000000000e+01 -3.200000000000000000e+01 nan
-8.100000000000000000e+01 -3.100000000000000000e+01 nan
-8.100000000000000000e+01 -3.000000000000000000e+01 nan
-8.100000000000000000e+01 -2.900000000000000000e+01 nan
-8.000000000000000000e+01 -7.300000000000000000e+01 nan
-8.000000000000000000e+01 -7.200000000000000000e+01 nan
-8.000000000000000000e+01 -7.100000000000000000e+01 nan
-8.000000000000000000e+01 -7.000000000000000000e+01 nan
-8.000000000000000000e+01 -6.900000000000000000e+01 nan
-8.000000000000000000e+01 -6.800000000000000000e+01 nan
-8.000000000000000000e+01 -6.700000000000000000e+01 nan
-8.000000000000000000e+01 -6.600000000000000000e+01 nan
-8.000000000000000000e+01 -6.500000000000000000e+01 nan
-8.000000000000000000e+01 -6.400000000000000000e+01 nan
-8.000000000000000000e+01 -6.300000000000000000e+01 nan
-8.000000000000000000e+01 -6.200000000000000000e+01 nan
-8.000000000000000000e+01 -6.100000000000000000e+01 nan
-8.000000000000000000e+01 -6.000000000000000000e+01 nan
-8.000000000000000000e+01 -5.900000000000000000e+01 nan
-8.000000000000000000e+01 -5.800000000000000000e+01 nan
-8.000000000000000000e+01 -5.700000000000000000e+01 nan
-8.000000000000000000e+01 -5.600000000000000000e+01 nan
-8.000000000000000000e+01 -5.500000000000000000e+01 nan
-8.000000000000000000e+01 -5.400000000000000000e+01 nan
-8.000000000000000000e+01 -5.300000000000000000e+01 nan
-8.000000000000000000e+01 -5.200000000000000000e+01 nan
-8.000000000000000000e+01 -5.100000000000000000e+01 nan
-8.000000000000000000e+01 -5.000000000000000000e+01 nan
-8.000000000000000000e+01 -4.900000000000000000e+01 nan
-8.000000000000000000e+01 -4.800000000000000000e+01 nan
-8.000000000000000000e+01 -4.700000000000000000e+01 nan
-8.000000000000000000e+01 -4.600000000000000000e+01 nan
-8.000000000000000000e+01 -4.500000000000000000e+01 nan
-8.000000000000000000e+01 -4.400000000000000000e+01 nan
-8.000000000000000000e+01 -4.300000000000000000e+01 nan
-8.000000000000000000e+01 -4.200000000000000000e+01 nan
-8.000000000000000000e+01 -4.100000000000000000e+01 nan
-8.000000000000000000e+01 -4.000000000000000000e+01 nan
-8.000000000000000000e+01 -3.900000000000000000e+01 nan
-8.000000000000000000e+01 -3.800000000000000000e+01 nan
-8.000000000000000000e+01 -3.700000000000000000e+01 nan
-8.000000000000000000e+01 -3.600000000000000000e+01 nan
-8.000000000000000000e+01 -3.500000000000000000e+01 nan
-8.000000000000000000e+01 -3.400000000000000000e+01 nan
-8.000000000000000000e+01 -3.300000000000000000e+01 nan
-8.000000000000000000e+01 -3.200000000000000000e+01 nan
-8.000000000000000000e+01 -3.100000000000000000e+01 nan
-8.000000000000000000e+01 -3.000000000000000000e+01 nan
-8.000000000000000000e+01 -2.900000000000000000e+01 nan
-7.900000000000000000e+01 -7.300000000000000000e+01 nan
-7.900000000000000000e+01 -7.200000000000000000e+01 nan
-7.900000000000000000e+01 -7.100000000000000000e+01 nan
-7.900000000000000000e+01 -7.000000000000000000e+01 nan
-7.900000000000000000e+01 -6.900000000000000000e+01 nan
-7.900000000000000000e+01 -6.800000000000000000e+01 nan
-7.900000000000000000e+01 -6.700000000000000000e+01 nan
-7.900000000000000000e+01 -6.600000000000000000e+01 nan
-7.900000000000000000e+01 -6.500000000000000000e+01 nan
-7.900000000000000000e+01 -6.400000000000000000e+01 nan
-7.900000000000000000e+01 -6.300000000000000000e+01 nan
-7.900000000000000000e+01 -6.200000000000000000e+01 nan
-7.900000000000000000e+01 -6.100000000000000000e+01 nan
-7.900000000000000000e+01 -6.000000000000000000e+01 nan
-7.900000000000000000e+01 -5.900000000000000000e+01 nan
-7.900000000000000000e+01 -5.800000000000000000e+01 nan
-7.900000000000000000e+01 -5.700000000000000000e+01 nan
-7.900000000000000000e+01 -5.600000000000000000e+01 nan
-7.900000000000000000e+01 -5.500000000000000000e+01 nan
-7.900000000000000000e+01 -5.400000000000000000e+01 nan
-7.900000000000000000e+01 -5.300000000000000000e+01 nan
-7.900000000000000000e+01 -5.200000000000000000e+01 nan
-7.900000000000000000e+01 -5.100000000000000000e+01 nan
-7.900000000000000000e+01 -5.000000000000000000e+01 nan
-7.900000000000000000e+01 -4.900000000000000000e+01 nan
-7.900000000000000000e+01 -4.800000000000000000e+01 nan
-7.900000000000000000e+01 -4.700000000000000000e+01 nan
-7.900000000000000000e+01 -4.600000000000000000e+01 nan
-7.900000000000000000e+01 -4.500000000000000000e+01 nan
-7.900000000000000000e+01 -4.400000000000000000e+01 nan
-7.900000000000000000e+01 -4.300000000000000000e+01 nan
-7.900000000000000000e+01 -4.200000000000000000e+01 nan
-7.900000000000000000e+01 -4.100000000000000000e+01 nan
-7.900000000000000000e+01 -4.000000000000000000e+01 nan
-7.900000000000000000e+01 -3.900000000000000000e+01 nan
-7.900000000000000000e+01 -3.800000000000000000e+01 nan
-7.900000000000000000e+01 -3.700000000000000000e+01 nan
-7.900000000000000000e+01 -3.600000000000000000e+01 nan
-7.900000000000000000e+01 -3.500000000000000000e+01 nan
-7.900000000000000000e+01 -3.400000000000000000e+01 nan
-7.900000000000000000e+01 -3.300000000000000000e+01 nan
-7.900000000000000000e+01 -3.200000000000000000e+01 nan
-7.900000000000000000e+01 -3.100000000000000000e+01 nan
-7.900000000000000000e+01 -3.000000000000000000e+01 nan
-7.900000000000000000e+01 -2.900000000000000000e+01 nan
-7.800000000000000000e+01 -7.300000000000000000e+01 nan
-7.800000000000000000e+01 -7.200000000000000000e+01 nan
-7.800000000000000000e+01 -7.100000000000000000e+01 nan
-7.800000000000000000e+01 -7.000000000000000000e+01 nan
-7.800000000000000000e+01 -6.900000000000000000e+01 nan
-7.800000000000000000e+01 -6.800000000000000000e+01 nan
-7.800000000000000000e+01 -6.700000000000000000e+01 nan
-7.800000000000000000e+01 -6.600000000000000000e+01 nan
-7.800000000000000000e+01 -6.500000000000000000e+01 nan
-7.800000000000000000e+01 -6.400000000000000000e+01 nan
-7.800000000000000000e+01 -6.300000000000000000e+01 nan
-7.800000000000000000e+01 -6.200000000000000000e+01 nan
-7.800000000000000000e+01 -6.100000000000000000e+01 nan
-7.800000000000000000e+01 -6.000000000000000000e+01 nan
-7.800000000000000000e+01 -5.900000000000000000e+01 nan
-7.800000000000000000e+01 -5.800000000000000000e+01 nan
-7.800000000000000000e+01 -5.700000000000000000e+01 nan
-7.800000000000000000e+01 -5.600000000000000000e+01 nan
-7.800000000000000000e+01 -5.500000000000000000e+01 nan
-7.800000000000000000e+01 -5.400000000000000000e+01 nan
-7.800000000000000000e+01 -5.300000000000000000e+01 nan
-7.800000000000000000e+01 -5.200000000000000000e+01 nan
-7.800000000000000000e+01 -5.100000000000000000e+01 nan
-7.800000000000000000e+01 -5.000000000000000000e+01 nan
-7.800000000000000000e+01 -4.900000000000000000e+01 nan
-7.800000000000000000e+01 -4.800000000000000000e+01 nan
-7.800000000000000000e+01 -4.700000000000000000e+01 nan
-7.800000000000000000e+01 -4.600000000000000000e+01 nan
-7.800000000000000000e+01 -4.500000000000000000e+01 nan
-7.800000000000000000e+01 -4.400000000000000000e+01 nan
-7.800000000000000000e+01 -4.300000000000000000e+01 nan
-7.800000000000000000e+01 -4.200000000000000000e+01 nan
-7.800000000000000000e+01 -4.100000000000000000e+01 nan
-7.800000000000000000e+01 -4.000000000000000000e+01 nan
-7.800000000000000000e+01 -3.900000000000000000e+01 nan
-7.800000000000000000e+01 -3.800000000000000000e+01 nan
-7.800000000000000000e+01 -3.700000000000000000e+01 nan
-7.800000000000000000e+01 -3.600000000000000000e+01 nan
-7.800000000000000000e+01 -3.500000000000000000e+01 nan
-7.800000000000000000e+01 -3.400000000000000000e+01 nan
-7.800000000000000000e+01 -3.300000000000000000e+01 nan
-7.800000000000000000e+01 -3.200000000000000000e+01 nan
-7.800000000000000000e+01 -3.100000000000000000e+01 nan
-7.800000000000000000e+01 -3.000000000000000000e+01 nan
-7.800000000000000000e+01 -2.900000000000000000e+01 nan
-7.700000000000000000e+01 -7.300000000000000000e+01 nan
-7.700000000000000000e+01 -7.200000000000000000e+01 nan
-7.700000000000000000e+01 -7.100000000000000000e+01 nan
-7.700000000000000000e+01 -7.000000000000000000e+01 nan
-7.700000000000000000e+01 -6.900000000000000000e+01 nan
-7.700000000000000000e+01 -6.800000000000000000e+01 nan
-7.700000000000000000e+01 -6.700000000000000000e+01 nan
-7.700000000000000000e+01 -6.600000000000000000e+01 nan
-7.700000000000000000e+01 -6.500000000000000000e+01 nan
-7.700000000000000000e+01 -6.400000000000000000e+01 nan
-7.700000000000000000e+01 -6.300000000000000000e+01 nan
-7.700000000000000000e+01 -6.200000000000000000e+01 nan
-7.700000000000000000e+01 -6.100000000000000000e+01 nan
-7.700000000000000000e+01 -6.000000000000000000e+01 nan
-7.700000000000000000e+01 -5.900000000000000000e+01 nan
-7.700000000000000000e+01 -5.800000000000000000e+01 nan
-7.700000000000000000e+01 -5.700000000000000000e+01 nan
-7.700000000000000000e+01 -5.600000000000000000e+01 nan
-7.700000000000000000e+01 -5.500000000000000000e+01 nan
-7.700000000000000000e+01 -5.400000000000000000e+01 nan
-7.700000000000000000e+01 -5.300000000000000000e+01 nan
-7.700000000000000000e+01 -5.200000000000000000e+01 nan
-7.700000000000000000e+01 -5.100000000000000000e+01 nan
-7.700000000000000000e+01 -5.000000000000000000e+01 nan
-7.700000000000000000e+01 -4.900000000000000000e+01 nan
-7.700000000000000000e+01 -4.800000000000000000e+01 nan
-7.700000000000000000e+01 -4.700000000000000000e+01 nan
-7.700000000000000000e+01 -4.600000000000000000e+01 nan
-7.700000000000000000e+01 -4.500000000000000000e+01 nan
-7.700000000000000000e+01 -4.400000000000000000e+01 nan
-7.700000000000000000e+01 -4.300000000000000000e+01 nan
-7.700000000000000000e+01 -4.200000000000000000e+01 nan
-7.700000000000000000e+01 -4.100000000000000000e+01 nan
-7.700000000000000000e+01 -4.000000000000000000e+01 nan
-7.700000000000000000e+01 -3.900000000000000000e+01 nan
-7.700000000000000000e+01 -3.800000000000000000e+01 nan
-7.700000000000000000e+01 -3.700000000000000000e+01 nan
-7.700000000000000000e+01 -3.600000000000000000e+01 nan
-7.700000000000000000e+01 -3.500000000000000000e+01 nan
-7.700000000000000000e+01 -3.400000000000000000e+01 nan
-7.700000000000000000e+01 -3.300000000000000000e+01 nan
-7.700000000000000000e+01 -3.200000000000000000e+01 nan
-7.700000000000000000e+01 -3.100000000000000000e+01 nan
-7.700000000000000000e+01 -3.000000000000000000e+01 nan
-7.700000000000000000e+01 -2.900000000000000000e+01 nan
-7.600000000000000000e+01 -7.300000000000000000e+01 nan
-7.600000000000000000e+01 -7.200000000000000000e+01 nan
-7.600000000000000000e+01 -7.100000000000000000e+01 nan
-7.600000000000000000e+01 -7.000000000000000000e+01 nan
-7.600000000000000000e+01 -6.900000000000000000e+01 nan
-7.600000000000000000e+01 -6.800000000000000000e+01 nan
-7.600000000000000000e+01 -6.700000000000000000e+01 nan
-7.600000000000000000e+01 -6.600000000000000000e+01 nan
-7.600000000000000000e+01 -6.500000000000000000e+01 nan
-7.600000000000000000e+01 -6.400000000000000000e+01 nan
-7.600000000000000000e+01 -6.300000000000000000e+01 nan
-7.600000000000000000e+01 -6.200000000000000000e+01 nan
-7.600000000000000000e+01 -6.100000000000000000e+01 nan
-7.600000000000000000e+01 -6.000000000000000000e+01 1.821010307183384080e+00
-7.600000000000000000e+01 -5.900000000000000000e+01 1.783786774562627242e+00
-7.600000000000000000e+01 -5.800000000000000000e+01 1.772768773136942366e+00
-7.600000000000000000e+01 -5.700000000000000000e+01 1.767478200662142784e+00
-7.600000000000000000e+01 -5.600000000000000000e+01 1.786585300339094129e+00
-7.600000000000000000e+01 -5.500000000000000000e+01 1.855891103358480398e+00
-7.600000000000000000e+01 -5.400000000000000000e+01 1.833813193992978929e+00
-7.600000000000000000e+01 -5.300000000000000000e+01 2.029017866672539139e+00
-7.600000000000000000e+01 -5.200000000000000000e+01 nan
-7.600000000000000000e+01 -5.100000000000000000e+01 nan
-7.600000000000000000e+01 -5.000000000000000000e+01 nan
-7.600000000000000000e+01 -4.900000000000000000e+01 nan
-7.600000000000000000e+01 -4.800000000000000000e+01 nan
-7.600000000000000000e+01 -4.700000000000000000e+01 nan
-7.600000000000000000e+01 -4.600000000000000000e+01 nan
-7.600000000000000000e+01 -4.500000000000000000e+01 nan
-7.600000000000000000e+01 -4.400000000000000000e+01 nan
-7.600000000000000000e+01 -4.300000000000000000e+01 nan
-7.600000000000000000e+01 -4.200000000000000000e+01 nan
-7.600000000000000000e+01 -4.100000000000000000e+01 nan
-7.600000000000000000e+01 -4.000000000000000000e+01 nan
-7.600000000000000000e+01 -3.900000000000000000e+01 nan
-7.600000000000000000e+01 -3.800000000000000000e+01 nan
-7.600000000000000000e+01 -3.700000000000000000e+01 nan
-7.600000000000000000e+01 -3.600000000000000000e+01 nan
-7.600000000000000000e+01 -3.500000000000000000e+01 nan
-7.600000000000000000e+01 -3.400000000000000000e+01 nan
-7.600000000000000000e+01 -3.300000000000000000e+01 nan
-7.600000000000000000e+01 -3.200000000000000000e+01 nan
-7.600000000000000000e+01 -3.100000000000000000e+01 nan
-7.600000000000000000e+01 -3.000000000000000000e+01 nan
-7.600000000000000000e+01 -2.900000000000000000e+01 nan
-7.500000000000000000e+01 -7.300000000000000000e+01 nan
-7.500000000000000000e+01 -7.200000000000000000e+01 nan
-7.500000000000000000e+01 -7.100000000000000000e+01 nan
-7.500000000000000000e+01 -7.000000000000000000e+01 nan
-7.500000000000000000e+01 -6.900000000000000000e+01 nan
-7.500000000000000000e+01 -6.800000000000000000e+01 nan
-7.500000000000000000e+01 -6.700000000000000000e+01 nan
-7.500000000000000000e+01 -6.600000000000000000e+01 nan
-7.500000000000000000e+01 -6.500000000000000000e+01 nan
-7.500000000000000000e+01 -6.400000000000000000e+01 nan
-7.500000000000000000e+01 -6.300000000000000000e+01 nan
-7.500000000000000000e+01 -6.200000000000000000e+01 nan
-7.500000000000000000e+01 -6.100000000000000000e+01 nan
-7.500000000000000000e+01 -6.000000000000000000e+01 1.821097834689784367e+00
-7.500000000000000000e+01 -5.900000000000000000e+01 1.783820997016188903e+00
-7.500000000000000000e+01 -5.800000000000000000e+01 1.772768773136942366e+00
-7.500000000000000000e+01 -5.700000000000000000e+01 1.767478200662142784e+00
-7.500000000000000000e+01 -5.600000000000000000e+01 1.786585300339094129e+00
-7.500000000000000000e+01 -5.500000000000000000e+01 1.854665574719457366e+00
-7.500000000000000000e+01 -5.400000000000000000e+01 1.899183708770974199e+00
-7.500000000000000000e+01 -5.300000000000000000e+01 1.858233490698479207e+00
-7.500000000000000000e+01 -5.200000000000000000e+01 1.770624976277306084e+00
-7.500000000000000000e+01 -5.100000000000000000e+01 1.764299531455923331e+00
-7.500000000000000000e+01 -5.000000000000000000e+01 1.585215564084313078e+00
-7.500000000000000000e+01 -4.900000000000000000e+01 1.469610174513156009e+00
-7.500000000000000000e+01 -4.800000000000000000e+01 1.362808465704283600e+00
-7.500000000000000000e+01 -4.700000000000000000e+01 1.197072746267750398e+00
-7.500000000000000000e+01 -4.600000000000000000e+01 1.070878163931042737e+00
-7.500000000000000000e+01 -4.500000000000000000e+01 1.045237972909737634e+00
-7.500000000000000000e+01 -4.400000000000000000e+01 9.615778586962925312e-01
-7.500000000000000000e+01 -4.300000000000000000e+01 9.106198397791990251e-01
-7.500000000000000000e+01 -4.200000000000000000e+01 8.786834964125338487e-01
-7.500000000000000000e+01 -4.100000000000000000e+01 8.872666409019536182e-01
-7.500000000000000000e+01 -4.000000000000000000e+01 8.763536108735623387e-01
-7.500000000000000000e+01 -3.900000000000000000e+01 nan
-7.500000000000000000e+01 -3.800000000000000000e+01 nan
-7.500000000000000000e+01 -3.700000000000000000e+01 nan
-7.500000000000000000e+01 -3.600000000000000000e+01 nan
-7.500000000000000000e+01 -3.500000000000000000e+01 nan
-7.500000000000000000e+01 -3.400000000000000000e+01 nan
-7.500000000000000000e+01 -3.300000000000000000e+01 nan
-7.500000000000000000e+01 -3.200000000000000000e+01 nan
-7.500000000000000000e+01 -3.100000000000000000e+01 nan
-7.500000000000000000e+01 -3.000000000000000000e+01 nan
-7.500000000000000000e+01 -2.900000000000000000e+01 nan
-7.400000000000000000e+01 -7.300000000000000000e+01 nan
-7.400000000000000000e+01 -7.200000000000000000e+01 nan
-7.400000000000000000e+01 -7.100000000000000000e+01 nan
-7.400000000000000000e+01 -7.000000000000000000e+01 nan
-7.400000000000000000e+01 -6.900000000000000000e+01 nan
-7.400000000000000000e+01 -6.800000000000000000e+01 nan
-7.400000000000000000e+01 -6.700000000000000000e+01 nan
-7.400000000000000000e+01 -6.600000000000000000e+01 nan
-7.400000000000000000e+01 -6.500000000000000000e+01 nan
-7.400000000000000000e+01 -6.400000000000000000e+01 nan
-7.400000000000000000e+01 -6.300000000000000000e+01 nan
-7.400000000000000000e+01 -6.200000000000000000e+01 nan
-7.400000000000000000e+01 -6.100000000000000000e+01 nan
-7.400000000000000000e+01 -6.000000000000000000e+01 nan
-7.400000000000000000e+01 -5.900000000000000000e+01 nan
-7.400000000000000000e+01 -5.800000000000000000e+01 nan
-7.400000000000000000e+01 -5.700000000000000000e+01 nan
-7.400000000000000000e+01 -5.600000000000000000e+01 nan
-7.400000000000000000e+01 -5.500000000000000000e+01 1.786871565837123477e+00
-7.400000000000000000e+01 -5.400000000000000000e+01 1.904408291275547782e+00
-7.400000000000000000e+01 -5.300000000000000000e+01 1.849997323959781559e+00
-7.400000000000000000e+01 -5.200000000000000000e+01 1.770624976277306084e+00
-7.400000000000000000e+01 -5.100000000000000000e+01 1.764299531455923331e+00
-7.400000000000000000e+01 -5.000000000000000000e+01 1.585215564084313078e+00
-7.400000000000000000e+01 -4.900000000000000000e+01 1.469610174513156009e+00
-7.400000000000000000e+01 -4.800000000000000000e+01 1.362808465704283600e+00
-7.400000000000000000e+01 -4.700000000000000000e+01 1.197072746267750398e+00
-7.400000000000000000e+01 -4.600000000000000000e+01 1.070878163931042737e+00
-7.400000000000000000e+01 -4.500000000000000000e+01 1.045237972909737634e+00
-7.400000000000000000e+01 -4.400000000000000000e+01 9.615778586962925312e-01
-7.400000000000000000e+01 -4.300000000000000000e+01 9.126694874649111666e-01
-7.400000000000000000e+01 -4.200000000000000000e+01 8.920658161556686006e-01
-7.400000000000000000e+01 -4.100000000000000000e+01 8.827095194452548865e-01
-7.400000000000000000e+01 -4.000000000000000000e+01 8.906201782419018720e-01
-7.400000000000000000e+01 -3.900000000000000000e+01 9.502260602262910805e-01
-7.400000000000000000e+01 -3.800000000000000000e+01 9.807187827292780380e-01
-7.400000000000000000e+01 -3.700000000000000000e+01 9.657745851686988514e-01
-7.400000000000000000e+01 -3.600000000000000000e+01 9.184609439458103486e-01
-7.400000000000000000e+01 -3.500000000000000000e+01 9.681966450596611873e-01
-7.400000000000000000e+01 -3.400000000000000000e+01 1.258200385572981306e+00
-7.400000000000000000e+01 -3.300000000000000000e+01 1.571070233883946177e+00
-7.400000000000000000e+01 -3.200000000000000000e+01 1.747153963293266887e+00
-7.400000000000000000e+01 -3.100000000000000000e+01 1.487891716840870293e+00
-7.400000000000000000e+01 -3.000000000000000000e+01 1.179793830143841094e+00
-7.400000000000000000e+01 -2.900000000000000000e+01 nan
-7.300000000000000000e+01 -7.300000000000000000e+01 nan
-7.300000000000000000e+01 -7.200000000000000000e+01 nan
-7.300000000000000000e+01 -7.100000000000000000e+01 nan
-7.300000000000000000e+01 -7.000000000000000000e+01 nan
-7.300000000000000000e+01 -6.900000000000000000e+01 nan
-7.300000000000000000e+01 -6.800000000000000000e+01 nan
-7.300000000000000000e+01 -6.700000000000000000e+01 nan
-7.300000000000000000e+01 -6.600000000000000000e+01 nan
-7.300000000000000000e+01 -6.500000000000000000e+01 nan
-7.300000000000000000e+01 -6.400000000000000000e+01 nan
-7.300000000000000000e+01 -6.300000000000000000e+01 nan
-7.300000000000000000e+01 -6.200000000000000000e+01 nan
-7.300000000000000000e+01 -6.100000000000000000e+01 nan
-7.300000000000000000e+01 -6.000000000000000000e+01 nan
-7.300000000000000000e+01 -5.900000000000000000e+01 nan
-7.300000000000000000e+01 -5.800000000000000000e+01 nan
-7.300000000000000000e+01 -5.700000000000000000e+01 nan
-7.300000000000000000e+01 -5.600000000000000000e+01 nan
-7.300000000000000000e+01 -5.500000000000000000e+01 nan
-7.300000000000000000e+01 -5.400000000000000000e+01 nan
-7.300000000000000000e+01 -5.300000000000000000e+01 nan
-7.300000000000000000e+01 -5.200000000000000000e+01 nan
-7.300000000000000000e+01 -5.100000000000000000e+01 nan
-7.300000000000000000e+01 -5.000000000000000000e+01 nan
-7.300000000000000000e+01 -4.900000000000000000e+01 nan
-7.300000000000000000e+01 -4.800000000000000000e+01 nan
-7.300000000000000000e+01 -4.700000000000000000e+01 nan
-7.300000000000000000e+01 -4.600000000000000000e+01 nan
-7.300000000000000000e+01 -4.500000000000000000e+01 nan
-7.300000000000000000e+01 -4.400000000000000000e+01 nan
-7.300000000000000000e+01 -4.300000000000000000e+01 9.698803404575878639e-01
-7.300000000000000000e+01 -4.200000000000000000e+01 9.503185952543392601e-01
-7.300000000000000000e+01 -4.100000000000000000e+01 8.811021923589252847e-01
-7.300000000000000000e+01 -4.000000000000000000e+01 8.919529843690700011e-01
-7.300000000000000000e+01 -3.900000000000000000e+01 9.502260602262910805e-01
-7.300000000000000000e+01 -3.800000000000000000e+01 9.807187827292780380e-01
-7.300000000000000000e+01 -3.700000000000000000e+01 9.657745851686988514e-01
-7.300000000000000000e+01 -3.600000000000000000e+01 9.184609439458103486e-01
-7.300000000000000000e+01 -3.500000000000000000e+01 9.681966450596611873e-01
-7.300000000000000000e+01 -3.400000000000000000e+01 1.258200385572981306e+00
-7.300000000000000000e+01 -3.300000000000000000e+01 1.571070233883946177e+00
-7.300000000000000000e+01 -3.200000000000000000e+01 1.747153963293266887e+00
-7.300000000000000000e+01 -3.100000000000000000e+01 1.487891716840870293e+00
-7.300000000000000000e+01 -3.000000000000000000e+01 1.179793830143841094e+00
-7.300000000000000000e+01 -2.900000000000000000e+01 nan
