Longitude[deg], Latitude[deg], Dust optical depth
-1.220000000000000000e+02 -8.000000000000000000e+00 nan
-1.220000000000000000e+02 -7.000000000000000000e+00 nan
-1.220000000000000000e+02 -6.000000000000000000e+00 nan
-1.220000000000000000e+02 -5.000000000000000000e+00 nan
-1.220000000000000000e+02 -4.000000000000000000e+00 nan
-1.220000000000000000e+02 -3.000000000000000000e+00 nan
-1.220000000000000000e+02 -2.000000000000000000e+00 nan
-1.220000000000000000e+02 -1.000000000000000000e+00 nan
-1.220000000000000000e+02 0.000000000000000000e+00 nan
-1.220000000000000000e+02 1.000000000000000000e+00 nan
-1.220000000000000000e+02 2.000000000000000000e+00 nan
-1.220000000000000000e+02 3.000000000000000000e+00 nan
-1.220000000000000000e+02 4.000000000000000000e+00 nan
-1.220000000000000000e+02 5.000000000000000000e+00 nan
-1.220000000000000000e+02 6.000000000000000000e+00 nan
-1.220000000000000000e+02 7.000000000000000000e+00 nan
-1.220000000000000000e+02 8.000000000000000000e+00 6.309616150920934530e+00
-1.220000000000000000e+02 9.000000000000000000e+00 6.520994958068261127e+00
-1.220000000000000000e+02 1.000000000000000000e+01 6.380605762456573515e+00
-1.220000000000000000e+02 1.100000000000000000e+01 6.156503557148946371e+00
-1.220000000000000000e+02 1.200000000000000000e+01 6.144122825579403369e+00
-1.220000000000000000e+02 1.300000000000000000e+01 nan
-1.210000000000000000e+02 -8.000000000000000000e+00 nan
-1.210000000000000000e+02 -7.000000000000000000e+00 nan
-1.210000000000000000e+02 -6.000000000000000000e+00 nan
-1.210000000000000000e+02 -5.000000000000000000e+00 nan
-1.210000000000000000e+02 -4.000000000000000000e+00 nan
-1.210000000000000000e+02 -3.000000000000000000e+00 nan
-1.210000000000000000e+02 -2.000000000000000000e+00 nan
-1.210000000000000000e+02 -1.000000000000000000e+00 nan
-1.210000000000000000e+02 0.000000000000000000e+00 5.824421623454015595e+00
-1.210000000000000000e+02 1.000000000000000000e+00 5.762631791776965606e+00
-1.210000000000000000e+02 2.000000000000000000e+00 5.787696240447949947e+00
-1.210000000000000000e+02 3.000000000000000000e+00 5.767981766098175811e+00
-1.210000000000000000e+02 4.000000000000000000e+00 5.808409389427700020e+00
-1.210000000000000000e+02 5.000000000000000000e+00 5.836530207973261497e+00
-1.210000000000000000e+02 6.000000000000000000e+00 5.935771887121782164e+00
-1.210000000000000000e+02 7.000000000000000000e+00 6.125914299574299449e+00
-1.210000000000000000e+02 8.000000000000000000e+00 6.277426476465007177e+00
-1.210000000000000000e+02 9.000000000000000000e+00 6.480899304605705957e+00
-1.210000000000000000e+02 1.000000000000000000e+01 6.408474120533717233e+00
-1.210000000000000000e+02 1.100000000000000000e+01 6.146780295683466733e+00
-1.210000000000000000e+02 1.200000000000000000e+01 6.116157659698257198e+00
-1.210000000000000000e+02 1.300000000000000000e+01 6.276211972058240995e+00
-1.200000000000000000e+02 -8.000000000000000000e+00 nan
-1.200000000000000000e+02 -7.000000000000000000e+00 nan
-1.200000000000000000e+02 -6.000000000000000000e+00 nan
-1.200000000000000000e+02 -5.000000000000000000e+00 nan
-1.200000000000000000e+02 -4.000000000000000000e+00 nan
-1.200000000000000000e+02 -3.000000000000000000e+00 nan
-1.200000000000000000e+02 -2.000000000000000000e+00 nan
-1.200000000000000000e+02 -1.000000000000000000e+00 nan
-1.200000000000000000e+02 0.000000000000000000e+00 5.826776437720545765e+00
-1.200000000000000000e+02 1.000000000000000000e+00 5.795449860057402702e+00
-1.200000000000000000e+02 2.000000000000000000e+00 5.840508513275343816e+00
-1.200000000000000000e+02 3.000000000000000000e+00 5.793899331127726704e+00
-1.200000000000000000e+02 4.000000000000000000e+00 5.832771870348067544e+00
-1.200000000000000000e+02 5.000000000000000000e+00 5.858479798540998651e+00
-1.200000000000000000e+02 6.000000000000000000e+00 5.921858797108860983e+00
-1.200000000000000000e+02 7.000000000000000000e+00 6.065195370096496674e+00
-1.200000000000000000e+02 8.000000000000000000e+00 6.164129115756121102e+00
-1.200000000000000000e+02 9.000000000000000000e+00 6.425265012414639543e+00
-1.200000000000000000e+02 1.000000000000000000e+01 6.364856162984689369e+00
-1.200000000000000000e+02 1.100000000000000000e+01 6.107729763095648856e+00
-1.200000000000000000e+02 1.200000000000000000e+01 6.060895775361393234e+00
-1.200000000000000000e+02 1.300000000000000000e+01 6.192057682581918243e+00
-1.190000000000000000e+02 -8.000000000000000000e+00 nan
-1.190000000000000000e+02 -7.000000000000000000e+00 nan
-1.190000000000000000e+02 -6.000000000000000000e+00 nan
-1.190000000000000000e+02 -5.000000000000000000e+00 nan
-1.190000000000000000e+02 -4.000000000000000000e+00 nan
-1.190000000000000000e+02 -3.000000000000000000e+00 nan
-1.190000000000000000e+02 -2.000000000000000000e+00 nan
-1.190000000000000000e+02 -1.000000000000000000e+00 nan
-1.190000000000000000e+02 0.000000000000000000e+00 5.838829238239489960e+00
-1.190000000000000000e+02 1.000000000000000000e+00 5.848562892364380872e+00
-1.190000000000000000e+02 2.000000000000000000e+00 5.895588519938803174e+00
-1.190000000000000000e+02 3.000000000000000000e+00 5.833121149316584209e+00
-1.190000000000000000e+02 4.000000000000000000e+00 5.854341174104298773e+00
-1.190000000000000000e+02 5.000000000000000000e+00 5.895062680395501964e+00
-1.190000000000000000e+02 6.000000000000000000e+00 5.932085532471834455e+00
-1.190000000000000000e+02 7.000000000000000000e+00 6.015256260017362244e+00
-1.190000000000000000e+02 8.000000000000000000e+00 6.126260413608647148e+00
-1.190000000000000000e+02 9.000000000000000000e+00 6.326453977385010141e+00
-1.190000000000000000e+02 1.000000000000000000e+01 6.310098072499198629e+00
-1.190000000000000000e+02 1.100000000000000000e+01 6.059760870945301470e+00
-1.190000000000000000e+02 1.200000000000000000e+01 5.992734421840981263e+00
-1.190000000000000000e+02 1.300000000000000000e+01 6.088351163852241399e+00
-1.180000000000000000e+02 -8.000000000000000000e+00 nan
-1.180000000000000000e+02 -7.000000000000000000e+00 nan
-1.180000000000000000e+02 -6.000000000000000000e+00 nan
-1.180000000000000000e+02 -5.000000000000000000e+00 nan
-1.180000000000000000e+02 -4.000000000000000000e+00 nan
-1.180000000000000000e+02 -3.000000000000000000e+00 nan
-1.180000000000000000e+02 -2.000000000000000000e+00 nan
-1.180000000000000000e+02 -1.000000000000000000e+00 nan
-1.180000000000000000e+02 0.000000000000000000e+00 nan
-1.180000000000000000e+02 1.000000000000000000e+00 6.027622268117683646e+00
-1.180000000000000000e+02 2.000000000000000000e+00 5.933564500141092601e+00
-1.180000000000000000e+02 3.000000000000000000e+00 5.844260360728548598e+00
-1.180000000000000000e+02 4.000000000000000000e+00 5.861956808458193890e+00
-1.180000000000000000e+02 5.000000000000000000e+00 5.911368364300136236e+00
-1.180000000000000000e+02 6.000000000000000000e+00 5.968849294277100093e+00
-1.180000000000000000e+02 7.000000000000000000e+00 6.037867863988682693e+00
-1.180000000000000000e+02 8.000000000000000000e+00 6.144646157074024728e+00
-1.180000000000000000e+02 9.000000000000000000e+00 6.303874283578793758e+00
-1.180000000000000000e+02 1.000000000000000000e+01 6.319892058417777569e+00
-1.180000000000000000e+02 1.100000000000000000e+01 6.040843483612676756e+00
-1.180000000000000000e+02 1.200000000000000000e+01 5.940958256166509521e+00
-1.180000000000000000e+02 1.300000000000000000e+01 nan
