Longitude[deg], Latitude[deg], Dust optical depth
-5.000000000000000000e+01 -4.200000000000000000e+01 2.830675460192002557e+00
-5.000000000000000000e+01 -4.100000000000000000e+01 2.785908971162259995e+00
-5.000000000000000000e+01 -4.000000000000000000e+01 2.644493835149872574e+00
-5.000000000000000000e+01 -3.900000000000000000e+01 2.516897952805765115e+00
-5.000000000000000000e+01 -3.800000000000000000e+01 2.276998307692227996e+00
-5.000000000000000000e+01 -3.700000000000000000e+01 2.242027252077598565e+00
-5.000000000000000000e+01 -3.600000000000000000e+01 2.272643700491363994e+00
-5.000000000000000000e+01 -3.500000000000000000e+01 2.457890628702498415e+00
-5.000000000000000000e+01 -3.400000000000000000e+01 2.766750174206837443e+00
-5.000000000000000000e+01 -3.300000000000000000e+01 2.855231499372008930e+00
-5.000000000000000000e+01 -3.200000000000000000e+01 3.034573333154024777e+00
-5.000000000000000000e+01 -3.100000000000000000e+01 3.095501551650965411e+00
-5.000000000000000000e+01 -3.000000000000000000e+01 3.328327094968962285e+00
-5.000000000000000000e+01 -2.900000000000000000e+01 3.462209052144848531e+00
-5.000000000000000000e+01 -2.800000000000000000e+01 3.551349997923917812e+00
-5.000000000000000000e+01 -2.700000000000000000e+01 3.208813679309869382e+00
-5.000000000000000000e+01 -2.600000000000000000e+01 3.131123665622853380e+00
-5.000000000000000000e+01 -2.500000000000000000e+01 3.209664324396381829e+00
-5.000000000000000000e+01 -2.400000000000000000e+01 3.521733056085246005e+00
-5.000000000000000000e+01 -2.300000000000000000e+01 3.575845301256724618e+00
-5.000000000000000000e+01 -2.200000000000000000e+01 3.524480641559029515e+00
-5.000000000000000000e+01 -2.100000000000000000e+01 3.468123654870400863e+00
-5.000000000000000000e+01 -2.000000000000000000e+01 3.268080716153761500e+00
-5.000000000000000000e+01 -1.900000000000000000e+01 3.544770251667685113e+00
-5.000000000000000000e+01 -1.800000000000000000e+01 3.718190253795255806e+00
-5.000000000000000000e+01 -1.700000000000000000e+01 3.776273043856585687e+00
-5.000000000000000000e+01 -1.600000000000000000e+01 nan
-5.000000000000000000e+01 -1.500000000000000000e+01 nan
-4.900000000000000000e+01 -4.200000000000000000e+01 2.830675460192002557e+00
-4.900000000000000000e+01 -4.100000000000000000e+01 2.785908971162259995e+00
-4.900000000000000000e+01 -4.000000000000000000e+01 2.644493835149872574e+00
-4.900000000000000000e+01 -3.900000000000000000e+01 2.516897952805765115e+00
-4.900000000000000000e+01 -3.800000000000000000e+01 2.276998307692227996e+00
-4.900000000000000000e+01 -3.700000000000000000e+01 2.242027252077598565e+00
-4.900000000000000000e+01 -3.600000000000000000e+01 2.272643700491363994e+00
-4.900000000000000000e+01 -3.500000000000000000e+01 2.457890628702498415e+00
-4.900000000000000000e+01 -3.400000000000000000e+01 2.766750174206837443e+00
-4.900000000000000000e+01 -3.300000000000000000e+01 2.855231499372008930e+00
-4.900000000000000000e+01 -3.200000000000000000e+01 3.034573333154024777e+00
-4.900000000000000000e+01 -3.100000000000000000e+01 3.095501551650965411e+00
-4.900000000000000000e+01 -3.000000000000000000e+01 3.328327094968962285e+00
-4.900000000000000000e+01 -2.900000000000000000e+01 3.462209052144848531e+00
-4.900000000000000000e+01 -2.800000000000000000e+01 3.551349997923917812e+00
-4.900000000000000000e+01 -2.700000000000000000e+01 3.208813679309869382e+00
-4.900000000000000000e+01 -2.600000000000000000e+01 3.131123665622853380e+00
-4.900000000000000000e+01 -2.500000000000000000e+01 3.209664324396381829e+00
-4.900000000000000000e+01 -2.400000000000000000e+01 3.521733056085246005e+00
-4.900000000000000000e+01 -2.300000000000000000e+01 3.575845301256724618e+00
-4.900000000000000000e+01 -2.200000000000000000e+01 3.524480641559029515e+00
-4.900000000000000000e+01 -2.100000000000000000e+01 3.468123654870400863e+00
-4.900000000000000000e+01 -2.000000000000000000e+01 3.268080716153761500e+00
-4.900000000000000000e+01 -1.900000000000000000e+01 3.544770251667685113e+00
-4.900000000000000000e+01 -1.800000000000000000e+01 3.718190253795255806e+00
-4.900000000000000000e+01 -1.700000000000000000e+01 3.776273043856585687e+00
-4.900000000000000000e+01 -1.600000000000000000e+01 nan
-4.900000000000000000e+01 -1.500000000000000000e+01 nan
