Longitude[deg], Latitude[deg], Dust optical depth
3.000000000000000000e+00 -1.800000000000000000e+01 nan
3.000000000000000000e+00 -1.700000000000000000e+01 nan
3.000000000000000000e+00 -1.600000000000000000e+01 nan
3.000000000000000000e+00 -1.500000000000000000e+01 nan
3.000000000000000000e+00 -1.400000000000000000e+01 nan
3.000000000000000000e+00 -1.300000000000000000e+01 nan
3.000000000000000000e+00 -1.200000000000000000e+01 nan
3.000000000000000000e+00 -1.100000000000000000e+01 nan
3.000000000000000000e+00 -1.000000000000000000e+01 nan
3.000000000000000000e+00 -9.000000000000000000e+00 nan
3.000000000000000000e+00 -8.000000000000000000e+00 nan
3.000000000000000000e+00 -7.000000000000000000e+00 nan
3.000000000000000000e+00 -6.000000000000000000e+00 nan
3.000000000000000000e+00 -5.000000000000000000e+00 nan
3.000000000000000000e+00 -4.000000000000000000e+00 nan
3.000000000000000000e+00 -3.000000000000000000e+00 nan
3.000000000000000000e+00 -2.000000000000000000e+00 5.127966533175190911e+00
3.000000000000000000e+00 -1.000000000000000000e+00 5.145849349613184742e+00
3.000000000000000000e+00 0.000000000000000000e+00 5.216325317424143293e+00
3.000000000000000000e+00 1.000000000000000000e+00 5.169194054196092125e+00
3.000000000000000000e+00 2.000000000000000000e+00 5.104376016446432018e+00
4.000000000000000000e+00 -1.800000000000000000e+01 nan
4.000000000000000000e+00 -1.700000000000000000e+01 nan
4.000000000000000000e+00 -1.600000000000000000e+01 nan
4.000000000000000000e+00 -1.500000000000000000e+01 nan
4.000000000000000000e+00 -1.400000000000000000e+01 5.866008352310088547e+00
4.000000000000000000e+00 -1.300000000000000000e+01 5.841336344194345109e+00
4.000000000000000000e+00 -1.200000000000000000e+01 5.860890151204852572e+00
4.000000000000000000e+00 -1.100000000000000000e+01 5.870644948535507446e+00
4.000000000000000000e+00 -1.000000000000000000e+01 5.755718802244972565e+00
4.000000000000000000e+00 -9.000000000000000000e+00 5.624740146332517732e+00
4.000000000000000000e+00 -8.000000000000000000e+00 5.670280213273715120e+00
4.000000000000000000e+00 -7.000000000000000000e+00 5.706716800503723874e+00
4.000000000000000000e+00 -6.000000000000000000e+00 5.665356005207518919e+00
4.000000000000000000e+00 -5.000000000000000000e+00 5.583870217429156568e+00
4.000000000000000000e+00 -4.000000000000000000e+00 5.487042872875093735e+00
4.000000000000000000e+00 -3.000000000000000000e+00 5.366624138708281144e+00
4.000000000000000000e+00 -2.000000000000000000e+00 5.259268167191293308e+00
4.000000000000000000e+00 -1.000000000000000000e+00 5.208677403914435011e+00
4.000000000000000000e+00 0.000000000000000000e+00 5.226995101088932394e+00
4.000000000000000000e+00 1.000000000000000000e+00 5.186897640022394285e+00
4.000000000000000000e+00 2.000000000000000000e+00 5.130188870093912001e+00
5.000000000000000000e+00 -1.800000000000000000e+01 5.922553422917885335e+00
5.000000000000000000e+00 -1.700000000000000000e+01 6.001720447311171824e+00
5.000000000000000000e+00 -1.600000000000000000e+01 6.004213322708933376e+00
5.000000000000000000e+00 -1.500000000000000000e+01 5.969321359517787862e+00
5.000000000000000000e+00 -1.400000000000000000e+01 5.841028594189840994e+00
5.000000000000000000e+00 -1.300000000000000000e+01 5.800379145281591597e+00
5.000000000000000000e+00 -1.200000000000000000e+01 5.885855184929816630e+00
5.000000000000000000e+00 -1.100000000000000000e+01 5.913519584534864926e+00
5.000000000000000000e+00 -1.000000000000000000e+01 5.762148614938670477e+00
5.000000000000000000e+00 -9.000000000000000000e+00 5.624078654123567667e+00
5.000000000000000000e+00 -8.000000000000000000e+00 5.683324909536321634e+00
5.000000000000000000e+00 -7.000000000000000000e+00 5.727743984685439216e+00
5.000000000000000000e+00 -6.000000000000000000e+00 5.702916047162234214e+00
5.000000000000000000e+00 -5.000000000000000000e+00 5.608252493121747229e+00
5.000000000000000000e+00 -4.000000000000000000e+00 5.515711222771768618e+00
5.000000000000000000e+00 -3.000000000000000000e+00 5.402492062678414086e+00
5.000000000000000000e+00 -2.000000000000000000e+00 5.323355543870222029e+00
5.000000000000000000e+00 -1.000000000000000000e+00 5.226593768464603329e+00
5.000000000000000000e+00 0.000000000000000000e+00 5.236152416270209109e+00
5.000000000000000000e+00 1.000000000000000000e+00 5.209337541383435521e+00
5.000000000000000000e+00 2.000000000000000000e+00 5.142024274317803290e+00
6.000000000000000000e+00 -1.800000000000000000e+01 5.906801434266800044e+00
6.000000000000000000e+00 -1.700000000000000000e+01 5.991818751248106700e+00
6.000000000000000000e+00 -1.600000000000000000e+01 6.003791919935348886e+00
6.000000000000000000e+00 -1.500000000000000000e+01 5.950770791804258053e+00
6.000000000000000000e+00 -1.400000000000000000e+01 5.806837765092192960e+00
6.000000000000000000e+00 -1.300000000000000000e+01 5.781734859909473556e+00
6.000000000000000000e+00 -1.200000000000000000e+01 5.885855184929816630e+00
6.000000000000000000e+00 -1.100000000000000000e+01 5.926626355883318098e+00
6.000000000000000000e+00 -1.000000000000000000e+01 5.767116720283132381e+00
6.000000000000000000e+00 -9.000000000000000000e+00 5.628211389974069334e+00
6.000000000000000000e+00 -8.000000000000000000e+00 5.685698148662695850e+00
6.000000000000000000e+00 -7.000000000000000000e+00 5.732202052040042517e+00
6.000000000000000000e+00 -6.000000000000000000e+00 5.716813785306583462e+00
6.000000000000000000e+00 -5.000000000000000000e+00 5.673098786144532113e+00
6.000000000000000000e+00 -4.000000000000000000e+00 5.549719312211842670e+00
6.000000000000000000e+00 -3.000000000000000000e+00 5.439834575776735015e+00
6.000000000000000000e+00 -2.000000000000000000e+00 5.346628523212661577e+00
6.000000000000000000e+00 -1.000000000000000000e+00 5.239394926149546272e+00
6.000000000000000000e+00 0.000000000000000000e+00 5.237407058811974103e+00
6.000000000000000000e+00 1.000000000000000000e+00 5.254027013275953450e+00
6.000000000000000000e+00 2.000000000000000000e+00 5.185682085939805397e+00
7.000000000000000000e+00 -1.800000000000000000e+01 5.886489123819854008e+00
7.000000000000000000e+00 -1.700000000000000000e+01 5.980901823272073869e+00
7.000000000000000000e+00 -1.600000000000000000e+01 6.004036477737173527e+00
7.000000000000000000e+00 -1.500000000000000000e+01 5.927620564770445633e+00
7.000000000000000000e+00 -1.400000000000000000e+01 5.779092076080378781e+00
7.000000000000000000e+00 -1.300000000000000000e+01 5.771823140550373488e+00
7.000000000000000000e+00 -1.200000000000000000e+01 5.877527983630727704e+00
7.000000000000000000e+00 -1.100000000000000000e+01 5.924108982332553452e+00
7.000000000000000000e+00 -1.000000000000000000e+01 5.768671742701851457e+00
7.000000000000000000e+00 -9.000000000000000000e+00 5.637748210465442611e+00
7.000000000000000000e+00 -8.000000000000000000e+00 5.679850964247731504e+00
7.000000000000000000e+00 -7.000000000000000000e+00 5.720788388857429574e+00
7.000000000000000000e+00 -6.000000000000000000e+00 5.718591671055402337e+00
7.000000000000000000e+00 -5.000000000000000000e+00 5.708671590280311570e+00
7.000000000000000000e+00 -4.000000000000000000e+00 5.560219342905350359e+00
7.000000000000000000e+00 -3.000000000000000000e+00 5.455798802689809435e+00
7.000000000000000000e+00 -2.000000000000000000e+00 5.350893962989201391e+00
7.000000000000000000e+00 -1.000000000000000000e+00 5.245207661299621904e+00
7.000000000000000000e+00 0.000000000000000000e+00 5.226502907741439330e+00
7.000000000000000000e+00 1.000000000000000000e+00 5.261461966855392802e+00
7.000000000000000000e+00 2.000000000000000000e+00 5.245751837954578001e+00
8.000000000000000000e+00 -1.800000000000000000e+01 nan
8.000000000000000000e+00 -1.700000000000000000e+01 nan
8.000000000000000000e+00 -1.600000000000000000e+01 nan
8.000000000000000000e+00 -1.500000000000000000e+01 nan
8.000000000000000000e+00 -1.400000000000000000e+01 nan
8.000000000000000000e+00 -1.300000000000000000e+01 nan
8.000000000000000000e+00 -1.200000000000000000e+01 nan
8.000000000000000000e+00 -1.100000000000000000e+01 nan
8.000000000000000000e+00 -1.000000000000000000e+01 nan
8.000000000000000000e+00 -9.000000000000000000e+00 nan
8.000000000000000000e+00 -8.000000000000000000e+00 nan
8.000000000000000000e+00 -7.000000000000000000e+00 nan
8.000000000000000000e+00 -6.000000000000000000e+00 nan
8.000000000000000000e+00 -5.000000000000000000e+00 nan
8.000000000000000000e+00 -4.000000000000000000e+00 nan
8.000000000000000000e+00 -3.000000000000000000e+00 nan
8.000000000000000000e+00 -2.000000000000000000e+00 nan
8.000000000000000000e+00 -1.000000000000000000e+00 nan
8.000000000000000000e+00 0.000000000000000000e+00 nan
8.000000000000000000e+00 1.000000000000000000e+00 nan
8.000000000000000000e+00 2.000000000000000000e+00 nan
