Longitude[deg], Latitude[deg], Dust optical depth
-1.580000000000000000e+02 -3.100000000000000000e+01 nan
-1.580000000000000000e+02 -3.000000000000000000e+01 nan
-1.580000000000000000e+02 -2.900000000000000000e+01 nan
-1.580000000000000000e+02 -2.800000000000000000e+01 nan
-1.580000000000000000e+02 -2.700000000000000000e+01 nan
-1.580000000000000000e+02 -2.600000000000000000e+01 nan
-1.580000000000000000e+02 -2.500000000000000000e+01 nan
-1.580000000000000000e+02 -2.400000000000000000e+01 nan
-1.580000000000000000e+02 -2.300000000000000000e+01 nan
-1.580000000000000000e+02 -2.200000000000000000e+01 nan
-1.580000000000000000e+02 -2.100000000000000000e+01 nan
-1.580000000000000000e+02 -2.000000000000000000e+01 nan
-1.580000000000000000e+02 -1.900000000000000000e+01 6.178156254561057104e+00
-1.580000000000000000e+02 -1.800000000000000000e+01 6.142682071290555434e+00
-1.580000000000000000e+02 -1.700000000000000000e+01 6.213790599902027978e+00
-1.580000000000000000e+02 -1.600000000000000000e+01 6.339573065806387575e+00
-1.580000000000000000e+02 -1.500000000000000000e+01 nan
-1.570000000000000000e+02 -3.100000000000000000e+01 6.611901765295365330e+00
-1.570000000000000000e+02 -3.000000000000000000e+01 6.666070028582110396e+00
-1.570000000000000000e+02 -2.900000000000000000e+01 6.648139739399779202e+00
-1.570000000000000000e+02 -2.800000000000000000e+01 6.647768237004573422e+00
-1.570000000000000000e+02 -2.700000000000000000e+01 6.668371618040755067e+00
-1.570000000000000000e+02 -2.600000000000000000e+01 6.585439553733359652e+00
-1.570000000000000000e+02 -2.500000000000000000e+01 6.594342665927334757e+00
-1.570000000000000000e+02 -2.400000000000000000e+01 6.574967739205021644e+00
-1.570000000000000000e+02 -2.300000000000000000e+01 6.386592247464194294e+00
-1.570000000000000000e+02 -2.200000000000000000e+01 6.270568699308269878e+00
-1.570000000000000000e+02 -2.100000000000000000e+01 6.233233248678901717e+00
-1.570000000000000000e+02 -2.000000000000000000e+01 6.217575339258566203e+00
-1.570000000000000000e+02 -1.900000000000000000e+01 6.090929940478106985e+00
-1.570000000000000000e+02 -1.800000000000000000e+01 6.051135427433608882e+00
-1.570000000000000000e+02 -1.700000000000000000e+01 6.092854417168942049e+00
-1.570000000000000000e+02 -1.600000000000000000e+01 6.174039621837986935e+00
-1.570000000000000000e+02 -1.500000000000000000e+01 nan
-1.560000000000000000e+02 -3.100000000000000000e+01 6.705852273766600646e+00
-1.560000000000000000e+02 -3.000000000000000000e+01 6.689333380194497636e+00
-1.560000000000000000e+02 -2.900000000000000000e+01 6.599304954460314399e+00
-1.560000000000000000e+02 -2.800000000000000000e+01 6.598460346139177979e+00
-1.560000000000000000e+02 -2.700000000000000000e+01 6.583866259429242973e+00
-1.560000000000000000e+02 -2.600000000000000000e+01 6.524495736670637314e+00
-1.560000000000000000e+02 -2.500000000000000000e+01 6.522078070698754004e+00
-1.560000000000000000e+02 -2.400000000000000000e+01 6.401921983439741837e+00
-1.560000000000000000e+02 -2.300000000000000000e+01 6.315647559267374866e+00
-1.560000000000000000e+02 -2.200000000000000000e+01 6.228049916852067547e+00
-1.560000000000000000e+02 -2.100000000000000000e+01 6.199920837860593892e+00
-1.560000000000000000e+02 -2.000000000000000000e+01 6.118480071343153526e+00
-1.560000000000000000e+02 -1.900000000000000000e+01 6.050782816382045404e+00
-1.560000000000000000e+02 -1.800000000000000000e+01 6.022766541837278886e+00
-1.560000000000000000e+02 -1.700000000000000000e+01 6.000178465285389784e+00
-1.560000000000000000e+02 -1.600000000000000000e+01 6.065519123652845401e+00
-1.560000000000000000e+02 -1.500000000000000000e+01 nan
-1.550000000000000000e+02 -3.100000000000000000e+01 6.737913344562167062e+00
-1.550000000000000000e+02 -3.000000000000000000e+01 6.714644109409663386e+00
-1.550000000000000000e+02 -2.900000000000000000e+01 6.536837211446395735e+00
-1.550000000000000000e+02 -2.800000000000000000e+01 6.518198142219923774e+00
-1.550000000000000000e+02 -2.700000000000000000e+01 6.489603700002982478e+00
-1.550000000000000000e+02 -2.600000000000000000e+01 6.433210435454290277e+00
-1.550000000000000000e+02 -2.500000000000000000e+01 6.377587376064096425e+00
-1.550000000000000000e+02 -2.400000000000000000e+01 6.319865847934051928e+00
-1.550000000000000000e+02 -2.300000000000000000e+01 6.256410192189683528e+00
-1.550000000000000000e+02 -2.200000000000000000e+01 6.181031269255726990e+00
-1.550000000000000000e+02 -2.100000000000000000e+01 6.171031217394323143e+00
-1.550000000000000000e+02 -2.000000000000000000e+01 6.005591225639917319e+00
-1.550000000000000000e+02 -1.900000000000000000e+01 6.009619155938800361e+00
-1.550000000000000000e+02 -1.800000000000000000e+01 5.990900512548765988e+00
-1.550000000000000000e+02 -1.700000000000000000e+01 5.938078222291939490e+00
-1.550000000000000000e+02 -1.600000000000000000e+01 6.016748599854499169e+00
-1.550000000000000000e+02 -1.500000000000000000e+01 nan
