Longitude[deg], Latitude[deg], Dust optical depth
-8.200000000000000000e+01 3.000000000000000000e+01 nan
-8.200000000000000000e+01 3.100000000000000000e+01 nan
-8.200000000000000000e+01 3.200000000000000000e+01 nan
-8.200000000000000000e+01 3.300000000000000000e+01 nan
-8.200000000000000000e+01 3.400000000000000000e+01 nan
-8.200000000000000000e+01 3.500000000000000000e+01 nan
-8.200000000000000000e+01 3.600000000000000000e+01 nan
-8.200000000000000000e+01 3.700000000000000000e+01 nan
-8.200000000000000000e+01 3.800000000000000000e+01 nan
-8.200000000000000000e+01 3.900000000000000000e+01 nan
-8.200000000000000000e+01 4.000000000000000000e+01 nan
-8.200000000000000000e+01 4.100000000000000000e+01 nan
-8.200000000000000000e+01 4.200000000000000000e+01 nan
-8.200000000000000000e+01 4.300000000000000000e+01 nan
-8.200000000000000000e+01 4.400000000000000000e+01 nan
-8.200000000000000000e+01 4.500000000000000000e+01 4.557391632741726872e-01
-8.200000000000000000e+01 4.600000000000000000e+01 5.116628766424125008e-01
-8.200000000000000000e+01 4.700000000000000000e+01 4.529925823925963768e-01
-8.200000000000000000e+01 4.800000000000000000e+01 3.855287136891449307e-01
-8.200000000000000000e+01 4.900000000000000000e+01 nan
-8.100000000000000000e+01 3.000000000000000000e+01 nan
-8.100000000000000000e+01 3.100000000000000000e+01 nan
-8.100000000000000000e+01 3.200000000000000000e+01 nan
-8.100000000000000000e+01 3.300000000000000000e+01 nan
-8.100000000000000000e+01 3.400000000000000000e+01 nan
-8.100000000000000000e+01 3.500000000000000000e+01 nan
-8.100000000000000000e+01 3.600000000000000000e+01 nan
-8.100000000000000000e+01 3.700000000000000000e+01 nan
-8.100000000000000000e+01 3.800000000000000000e+01 nan
-8.100000000000000000e+01 3.900000000000000000e+01 nan
-8.100000000000000000e+01 4.000000000000000000e+01 8.578329034189217106e-01
-8.100000000000000000e+01 4.100000000000000000e+01 8.403398931784049619e-01
-8.100000000000000000e+01 4.200000000000000000e+01 8.034222354111186792e-01
-8.100000000000000000e+01 4.300000000000000000e+01 6.920509540042462104e-01
-8.100000000000000000e+01 4.400000000000000000e+01 5.539283886123766987e-01
-8.100000000000000000e+01 4.500000000000000000e+01 4.565838250141654453e-01
-8.100000000000000000e+01 4.600000000000000000e+01 4.620533390571757715e-01
-8.100000000000000000e+01 4.700000000000000000e+01 4.792491512753352390e-01
-8.100000000000000000e+01 4.800000000000000000e+01 4.364388519617568574e-01
-8.100000000000000000e+01 4.900000000000000000e+01 nan
-8.000000000000000000e+01 3.000000000000000000e+01 nan
-8.000000000000000000e+01 3.100000000000000000e+01 nan
-8.000000000000000000e+01 3.200000000000000000e+01 nan
-8.000000000000000000e+01 3.300000000000000000e+01 nan
-8.000000000000000000e+01 3.400000000000000000e+01 4.356024188040540923e-01
-8.000000000000000000e+01 3.500000000000000000e+01 4.993769427697917762e-01
-8.000000000000000000e+01 3.600000000000000000e+01 4.629983725448965082e-01
-8.000000000000000000e+01 3.700000000000000000e+01 5.022346324534056050e-01
-8.000000000000000000e+01 3.800000000000000000e+01 7.572622367542839461e-01
-8.000000000000000000e+01 3.900000000000000000e+01 8.710739174126482798e-01
-8.000000000000000000e+01 4.000000000000000000e+01 8.573781790869198227e-01
-8.000000000000000000e+01 4.100000000000000000e+01 8.561855914421483416e-01
-8.000000000000000000e+01 4.200000000000000000e+01 8.166723150583309332e-01
-8.000000000000000000e+01 4.300000000000000000e+01 6.906218212913334265e-01
-8.000000000000000000e+01 4.400000000000000000e+01 5.545491123888176555e-01
-8.000000000000000000e+01 4.500000000000000000e+01 4.564539667733285011e-01
-8.000000000000000000e+01 4.600000000000000000e+01 4.407312374913489039e-01
-8.000000000000000000e+01 4.700000000000000000e+01 4.685930705386969763e-01
-8.000000000000000000e+01 4.800000000000000000e+01 4.494194873880202890e-01
-8.000000000000000000e+01 4.900000000000000000e+01 nan
-7.900000000000000000e+01 3.000000000000000000e+01 6.452768799780658204e-01
-7.900000000000000000e+01 3.100000000000000000e+01 6.123328924428668163e-01
-7.900000000000000000e+01 3.200000000000000000e+01 5.509933269863146466e-01
-7.900000000000000000e+01 3.300000000000000000e+01 5.029105629869261573e-01
-7.900000000000000000e+01 3.400000000000000000e+01 4.636468481175314849e-01
-7.900000000000000000e+01 3.500000000000000000e+01 4.826337947185316835e-01
-7.900000000000000000e+01 3.600000000000000000e+01 4.495104629762001203e-01
-7.900000000000000000e+01 3.700000000000000000e+01 4.732926046102637341e-01
-7.900000000000000000e+01 3.800000000000000000e+01 6.961034372050544095e-01
-7.900000000000000000e+01 3.900000000000000000e+01 8.417601178202798184e-01
-7.900000000000000000e+01 4.000000000000000000e+01 8.518489993810925975e-01
-7.900000000000000000e+01 4.100000000000000000e+01 8.582267764006261679e-01
-7.900000000000000000e+01 4.200000000000000000e+01 8.170044990310567634e-01
-7.900000000000000000e+01 4.300000000000000000e+01 6.651153756669424544e-01
-7.900000000000000000e+01 4.400000000000000000e+01 5.303238085950277014e-01
-7.900000000000000000e+01 4.500000000000000000e+01 4.640190689910590471e-01
-7.900000000000000000e+01 4.600000000000000000e+01 4.319025027596379851e-01
-7.900000000000000000e+01 4.700000000000000000e+01 4.295965358921754462e-01
-7.900000000000000000e+01 4.800000000000000000e+01 4.223218913011825837e-01
-7.900000000000000000e+01 4.900000000000000000e+01 nan
-7.800000000000000000e+01 3.000000000000000000e+01 6.427311172085710123e-01
-7.800000000000000000e+01 3.100000000000000000e+01 5.971434529560214477e-01
-7.800000000000000000e+01 3.200000000000000000e+01 5.389403920642206192e-01
-7.800000000000000000e+01 3.300000000000000000e+01 4.972139713435955732e-01
-7.800000000000000000e+01 3.400000000000000000e+01 4.722077663076719722e-01
-7.800000000000000000e+01 3.500000000000000000e+01 4.843508609673390364e-01
-7.800000000000000000e+01 3.600000000000000000e+01 4.491267177373345354e-01
-7.800000000000000000e+01 3.700000000000000000e+01 4.765342443202575384e-01
-7.800000000000000000e+01 3.800000000000000000e+01 6.652969476723428199e-01
-7.800000000000000000e+01 3.900000000000000000e+01 8.052451231845745294e-01
-7.800000000000000000e+01 4.000000000000000000e+01 8.433389994235303000e-01
-7.800000000000000000e+01 4.100000000000000000e+01 8.427028621459768942e-01
-7.800000000000000000e+01 4.200000000000000000e+01 7.736047240989230023e-01
-7.800000000000000000e+01 4.300000000000000000e+01 5.996708482681178953e-01
-7.800000000000000000e+01 4.400000000000000000e+01 4.938775215412294362e-01
-7.800000000000000000e+01 4.500000000000000000e+01 4.518132088234076416e-01
-7.800000000000000000e+01 4.600000000000000000e+01 4.160886732156637846e-01
-7.800000000000000000e+01 4.700000000000000000e+01 4.147526384661709975e-01
-7.800000000000000000e+01 4.800000000000000000e+01 4.241284730468680153e-01
-7.800000000000000000e+01 4.900000000000000000e+01 nan
-7.700000000000000000e+01 3.000000000000000000e+01 5.909397389660469013e-01
-7.700000000000000000e+01 3.100000000000000000e+01 5.592898294484823785e-01
-7.700000000000000000e+01 3.200000000000000000e+01 5.099003634135983454e-01
-7.700000000000000000e+01 3.300000000000000000e+01 4.898309365264427728e-01
-7.700000000000000000e+01 3.400000000000000000e+01 4.831841702831825569e-01
-7.700000000000000000e+01 3.500000000000000000e+01 5.038983683562575644e-01
-7.700000000000000000e+01 3.600000000000000000e+01 4.558184434624434900e-01
-7.700000000000000000e+01 3.700000000000000000e+01 4.843651672927993257e-01
-7.700000000000000000e+01 3.800000000000000000e+01 6.537496817392134396e-01
-7.700000000000000000e+01 3.900000000000000000e+01 7.568100861727873330e-01
-7.700000000000000000e+01 4.000000000000000000e+01 8.145301400901839850e-01
-7.700000000000000000e+01 4.100000000000000000e+01 8.150431011339376308e-01
-7.700000000000000000e+01 4.200000000000000000e+01 7.187451839682037491e-01
-7.700000000000000000e+01 4.300000000000000000e+01 5.376992780266974803e-01
-7.700000000000000000e+01 4.400000000000000000e+01 4.585310484459490521e-01
-7.700000000000000000e+01 4.500000000000000000e+01 4.124276198227480039e-01
-7.700000000000000000e+01 4.600000000000000000e+01 3.611594095932889603e-01
-7.700000000000000000e+01 4.700000000000000000e+01 3.783884217159084185e-01
-7.700000000000000000e+01 4.800000000000000000e+01 nan
-7.700000000000000000e+01 4.900000000000000000e+01 nan
-7.600000000000000000e+01 3.000000000000000000e+01 5.400492352455172895e-01
-7.600000000000000000e+01 3.100000000000000000e+01 5.273829133585314910e-01
-7.600000000000000000e+01 3.200000000000000000e+01 5.039135788377869796e-01
-7.600000000000000000e+01 3.300000000000000000e+01 4.924811645634483703e-01
-7.600000000000000000e+01 3.400000000000000000e+01 5.036991029927156971e-01
-7.600000000000000000e+01 3.500000000000000000e+01 5.230895648082172222e-01
-7.600000000000000000e+01 3.600000000000000000e+01 4.819918188529078162e-01
-7.600000000000000000e+01 3.700000000000000000e+01 4.946534926103374197e-01
-7.600000000000000000e+01 3.800000000000000000e+01 6.658899279484982170e-01
-7.600000000000000000e+01 3.900000000000000000e+01 7.073805471873224615e-01
-7.600000000000000000e+01 4.000000000000000000e+01 7.825211856094451690e-01
-7.600000000000000000e+01 4.100000000000000000e+01 7.991582561770387283e-01
-7.600000000000000000e+01 4.200000000000000000e+01 6.773321114182950797e-01
-7.600000000000000000e+01 4.300000000000000000e+01 4.936812556744455960e-01
-7.600000000000000000e+01 4.400000000000000000e+01 4.219608735019210743e-01
-7.600000000000000000e+01 4.500000000000000000e+01 3.678726560779473354e-01
-7.600000000000000000e+01 4.600000000000000000e+01 3.392050001361395228e-01
-7.600000000000000000e+01 4.700000000000000000e+01 3.613526285107600544e-01
-7.600000000000000000e+01 4.800000000000000000e+01 nan
-7.600000000000000000e+01 4.900000000000000000e+01 nan
-7.500000000000000000e+01 3.000000000000000000e+01 5.205356383203482151e-01
-7.500000000000000000e+01 3.100000000000000000e+01 5.078481746520810969e-01
-7.500000000000000000e+01 3.200000000000000000e+01 4.886436206632446266e-01
-7.500000000000000000e+01 3.300000000000000000e+01 4.924587665881116627e-01
-7.500000000000000000e+01 3.400000000000000000e+01 5.229158862440783651e-01
-7.500000000000000000e+01 3.500000000000000000e+01 5.567715129918890948e-01
-7.500000000000000000e+01 3.600000000000000000e+01 5.163198008053592192e-01
-7.500000000000000000e+01 3.700000000000000000e+01 5.601115723975206295e-01
-7.500000000000000000e+01 3.800000000000000000e+01 7.059545766648160914e-01
-7.500000000000000000e+01 3.900000000000000000e+01 7.087591021903403288e-01
-7.500000000000000000e+01 4.000000000000000000e+01 7.662390757973472910e-01
-7.500000000000000000e+01 4.100000000000000000e+01 7.917462928486169726e-01
-7.500000000000000000e+01 4.200000000000000000e+01 6.483363053844773960e-01
-7.500000000000000000e+01 4.300000000000000000e+01 4.698802580353494962e-01
-7.500000000000000000e+01 4.400000000000000000e+01 3.915863718987135922e-01
-7.500000000000000000e+01 4.500000000000000000e+01 3.571389601817109849e-01
-7.500000000000000000e+01 4.600000000000000000e+01 3.292170625993576794e-01
-7.500000000000000000e+01 4.700000000000000000e+01 nan
-7.500000000000000000e+01 4.800000000000000000e+01 nan
-7.500000000000000000e+01 4.900000000000000000e+01 nan
