Longitude[deg], Latitude[deg], Dust optical depth
-1.440000000000000000e+02 3.400000000000000000e+01 nan
-1.440000000000000000e+02 3.500000000000000000e+01 nan
-1.440000000000000000e+02 3.600000000000000000e+01 nan
-1.440000000000000000e+02 3.700000000000000000e+01 nan
-1.440000000000000000e+02 3.800000000000000000e+01 nan
-1.440000000000000000e+02 3.900000000000000000e+01 nan
-1.440000000000000000e+02 4.000000000000000000e+01 nan
-1.440000000000000000e+02 4.100000000000000000e+01 nan
-1.440000000000000000e+02 4.200000000000000000e+01 nan
-1.440000000000000000e+02 4.300000000000000000e+01 nan
-1.440000000000000000e+02 4.400000000000000000e+01 nan
-1.440000000000000000e+02 4.500000000000000000e+01 nan
-1.440000000000000000e+02 4.600000000000000000e+01 nan
-1.440000000000000000e+02 4.700000000000000000e+01 nan
-1.440000000000000000e+02 4.800000000000000000e+01 nan
-1.440000000000000000e+02 4.900000000000000000e+01 nan
-1.440000000000000000e+02 5.000000000000000000e+01 nan
-1.430000000000000000e+02 3.400000000000000000e+01 nan
-1.430000000000000000e+02 3.500000000000000000e+01 nan
-1.430000000000000000e+02 3.600000000000000000e+01 nan
-1.430000000000000000e+02 3.700000000000000000e+01 nan
-1.430000000000000000e+02 3.800000000000000000e+01 nan
-1.430000000000000000e+02 3.900000000000000000e+01 nan
-1.430000000000000000e+02 4.000000000000000000e+01 nan
-1.430000000000000000e+02 4.100000000000000000e+01 nan
-1.430000000000000000e+02 4.200000000000000000e+01 nan
-1.430000000000000000e+02 4.300000000000000000e+01 9.674434491623823407e-01
-1.430000000000000000e+02 4.400000000000000000e+01 9.362890093611353493e-01
-1.430000000000000000e+02 4.500000000000000000e+01 9.172241183180114277e-01
-1.430000000000000000e+02 4.600000000000000000e+01 9.190648187248531276e-01
-1.430000000000000000e+02 4.700000000000000000e+01 nan
-1.430000000000000000e+02 4.800000000000000000e+01 nan
-1.430000000000000000e+02 4.900000000000000000e+01 nan
-1.430000000000000000e+02 5.000000000000000000e+01 nan
-1.420000000000000000e+02 3.400000000000000000e+01 nan
-1.420000000000000000e+02 3.500000000000000000e+01 nan
-1.420000000000000000e+02 3.600000000000000000e+01 7.859232970933375251e-01
-1.420000000000000000e+02 3.700000000000000000e+01 7.086514912605352823e-01
-1.420000000000000000e+02 3.800000000000000000e+01 7.379224992429485042e-01
-1.420000000000000000e+02 3.900000000000000000e+01 8.243091528686832259e-01
-1.420000000000000000e+02 4.000000000000000000e+01 8.343529251590808826e-01
-1.420000000000000000e+02 4.100000000000000000e+01 8.760435845145596589e-01
-1.420000000000000000e+02 4.200000000000000000e+01 9.478795837141466007e-01
-1.420000000000000000e+02 4.300000000000000000e+01 9.605322179075020950e-01
-1.420000000000000000e+02 4.400000000000000000e+01 9.396663008487661228e-01
-1.420000000000000000e+02 4.500000000000000000e+01 9.194738474570954834e-01
-1.420000000000000000e+02 4.600000000000000000e+01 9.063312217589966080e-01
-1.420000000000000000e+02 4.700000000000000000e+01 7.219834177992241475e-01
-1.420000000000000000e+02 4.800000000000000000e+01 nan
-1.420000000000000000e+02 4.900000000000000000e+01 nan
-1.420000000000000000e+02 5.000000000000000000e+01 nan
-1.410000000000000000e+02 3.400000000000000000e+01 7.988822016085731503e-01
-1.410000000000000000e+02 3.500000000000000000e+01 8.162446600949109232e-01
-1.410000000000000000e+02 3.600000000000000000e+01 7.859232970933375251e-01
-1.410000000000000000e+02 3.700000000000000000e+01 7.136972649601878160e-01
-1.410000000000000000e+02 3.800000000000000000e+01 7.154603052988742773e-01
-1.410000000000000000e+02 3.900000000000000000e+01 8.103338897337384328e-01
-1.410000000000000000e+02 4.000000000000000000e+01 8.417580535364618255e-01
-1.410000000000000000e+02 4.100000000000000000e+01 8.792295112761335796e-01
-1.410000000000000000e+02 4.200000000000000000e+01 9.445471339881438277e-01
-1.410000000000000000e+02 4.300000000000000000e+01 9.627755413280455477e-01
-1.410000000000000000e+02 4.400000000000000000e+01 9.583718141103616528e-01
-1.410000000000000000e+02 4.500000000000000000e+01 9.133321599162589344e-01
-1.410000000000000000e+02 4.600000000000000000e+01 8.584991537102645287e-01
-1.410000000000000000e+02 4.700000000000000000e+01 7.220478028064515330e-01
-1.410000000000000000e+02 4.800000000000000000e+01 nan
-1.410000000000000000e+02 4.900000000000000000e+01 nan
-1.410000000000000000e+02 5.000000000000000000e+01 nan
-1.400000000000000000e+02 3.400000000000000000e+01 7.443899427054130324e-01
-1.400000000000000000e+02 3.500000000000000000e+01 7.875778051972467386e-01
-1.400000000000000000e+02 3.600000000000000000e+01 7.615341194534096525e-01
-1.400000000000000000e+02 3.700000000000000000e+01 6.882293010578769410e-01
-1.400000000000000000e+02 3.800000000000000000e+01 6.729672073190618997e-01
-1.400000000000000000e+02 3.900000000000000000e+01 7.526105914508997019e-01
-1.400000000000000000e+02 4.000000000000000000e+01 8.251163711656369637e-01
-1.400000000000000000e+02 4.100000000000000000e+01 8.953451905514305809e-01
-1.400000000000000000e+02 4.200000000000000000e+01 9.397868131149705873e-01
-1.400000000000000000e+02 4.300000000000000000e+01 9.647971117005118558e-01
-1.400000000000000000e+02 4.400000000000000000e+01 9.630778798317300993e-01
-1.400000000000000000e+02 4.500000000000000000e+01 9.026440073196471126e-01
-1.400000000000000000e+02 4.600000000000000000e+01 8.504073650719251587e-01
-1.400000000000000000e+02 4.700000000000000000e+01 7.384817622971443507e-01
-1.400000000000000000e+02 4.800000000000000000e+01 nan
-1.400000000000000000e+02 4.900000000000000000e+01 nan
-1.400000000000000000e+02 5.000000000000000000e+01 nan
-1.390000000000000000e+02 3.400000000000000000e+01 6.718288031565868845e-01
-1.390000000000000000e+02 3.500000000000000000e+01 7.441482330910287324e-01
-1.390000000000000000e+02 3.600000000000000000e+01 7.322379147015322109e-01
-1.390000000000000000e+02 3.700000000000000000e+01 6.649708551348899599e-01
-1.390000000000000000e+02 3.800000000000000000e+01 6.391616556749128986e-01
-1.390000000000000000e+02 3.900000000000000000e+01 7.044651884198305236e-01
-1.390000000000000000e+02 4.000000000000000000e+01 7.920999379518247618e-01
-1.390000000000000000e+02 4.100000000000000000e+01 8.893973636170775521e-01
-1.390000000000000000e+02 4.200000000000000000e+01 9.365852347453927917e-01
-1.390000000000000000e+02 4.300000000000000000e+01 9.555726441279259742e-01
-1.390000000000000000e+02 4.400000000000000000e+01 9.446793199625166393e-01
-1.390000000000000000e+02 4.500000000000000000e+01 8.875766019948648777e-01
-1.390000000000000000e+02 4.600000000000000000e+01 8.431319483394886793e-01
-1.390000000000000000e+02 4.700000000000000000e+01 nan
-1.390000000000000000e+02 4.800000000000000000e+01 nan
-1.390000000000000000e+02 4.900000000000000000e+01 nan
-1.390000000000000000e+02 5.000000000000000000e+01 nan
-1.380000000000000000e+02 3.400000000000000000e+01 6.308772994906673981e-01
-1.380000000000000000e+02 3.500000000000000000e+01 7.216599886381720452e-01
-1.380000000000000000e+02 3.600000000000000000e+01 7.245065201465560323e-01
-1.380000000000000000e+02 3.700000000000000000e+01 6.591157903886591951e-01
-1.380000000000000000e+02 3.800000000000000000e+01 6.306910688585998237e-01
-1.380000000000000000e+02 3.900000000000000000e+01 6.868059165851145842e-01
-1.380000000000000000e+02 4.000000000000000000e+01 7.767762943708694801e-01
-1.380000000000000000e+02 4.100000000000000000e+01 8.562612192231069397e-01
-1.380000000000000000e+02 4.200000000000000000e+01 9.040750166788243947e-01
-1.380000000000000000e+02 4.300000000000000000e+01 9.259115123542823733e-01
-1.380000000000000000e+02 4.400000000000000000e+01 9.030045891094234944e-01
-1.380000000000000000e+02 4.500000000000000000e+01 8.570510926360329629e-01
-1.380000000000000000e+02 4.600000000000000000e+01 7.963638648181695645e-01
-1.380000000000000000e+02 4.700000000000000000e+01 nan
-1.380000000000000000e+02 4.800000000000000000e+01 nan
-1.380000000000000000e+02 4.900000000000000000e+01 nan
-1.380000000000000000e+02 5.000000000000000000e+01 nan
-1.370000000000000000e+02 3.400000000000000000e+01 nan
-1.370000000000000000e+02 3.500000000000000000e+01 7.093193834051330082e-01
-1.370000000000000000e+02 3.600000000000000000e+01 7.196815590429884724e-01
-1.370000000000000000e+02 3.700000000000000000e+01 6.564659476329131049e-01
-1.370000000000000000e+02 3.800000000000000000e+01 6.278790510182354900e-01
-1.370000000000000000e+02 3.900000000000000000e+01 6.896048259940839031e-01
-1.370000000000000000e+02 4.000000000000000000e+01 7.615843451940572661e-01
-1.370000000000000000e+02 4.100000000000000000e+01 8.224889661677201591e-01
-1.370000000000000000e+02 4.200000000000000000e+01 8.694471543957026372e-01
-1.370000000000000000e+02 4.300000000000000000e+01 8.901211917873687041e-01
-1.370000000000000000e+02 4.400000000000000000e+01 8.809546455112297059e-01
-1.370000000000000000e+02 4.500000000000000000e+01 8.310405601006973786e-01
-1.370000000000000000e+02 4.600000000000000000e+01 7.767169991164254439e-01
-1.370000000000000000e+02 4.700000000000000000e+01 nan
-1.370000000000000000e+02 4.800000000000000000e+01 nan
-1.370000000000000000e+02 4.900000000000000000e+01 nan
-1.370000000000000000e+02 5.000000000000000000e+01 nan
-1.360000000000000000e+02 3.400000000000000000e+01 nan
-1.360000000000000000e+02 3.500000000000000000e+01 nan
-1.360000000000000000e+02 3.600000000000000000e+01 nan
-1.360000000000000000e+02 3.700000000000000000e+01 nan
-1.360000000000000000e+02 3.800000000000000000e+01 nan
-1.360000000000000000e+02 3.900000000000000000e+01 nan
-1.360000000000000000e+02 4.000000000000000000e+01 nan
-1.360000000000000000e+02 4.100000000000000000e+01 nan
-1.360000000000000000e+02 4.200000000000000000e+01 nan
-1.360000000000000000e+02 4.300000000000000000e+01 nan
-1.360000000000000000e+02 4.400000000000000000e+01 nan
-1.360000000000000000e+02 4.500000000000000000e+01 nan
-1.360000000000000000e+02 4.600000000000000000e+01 nan
-1.360000000000000000e+02 4.700000000000000000e+01 nan
-1.360000000000000000e+02 4.800000000000000000e+01 nan
-1.360000000000000000e+02 4.900000000000000000e+01 nan
-1.360000000000000000e+02 5.000000000000000000e+01 nan
