Longitude[deg], Latitude[deg], Dust optical depth
8.500000000000000000e+01 -7.000000000000000000e+00 nan
8.500000000000000000e+01 -6.000000000000000000e+00 1.473208105785516864e+00
8.500000000000000000e+01 -5.000000000000000000e+00 1.483512431104672569e+00
8.500000000000000000e+01 -4.000000000000000000e+00 1.524066370083252853e+00
8.500000000000000000e+01 -3.000000000000000000e+00 1.366671341571955134e+00
8.500000000000000000e+01 -2.000000000000000000e+00 1.487270321146076268e+00
8.500000000000000000e+01 -1.000000000000000000e+00 1.586960062736908705e+00
8.500000000000000000e+01 0.000000000000000000e+00 1.518215435086522236e+00
8.500000000000000000e+01 1.000000000000000000e+00 1.406388127831781798e+00
8.500000000000000000e+01 2.000000000000000000e+00 1.422187472991054413e+00
8.500000000000000000e+01 3.000000000000000000e+00 1.552429433039707263e+00
8.500000000000000000e+01 4.000000000000000000e+00 1.548461354233584775e+00
8.500000000000000000e+01 5.000000000000000000e+00 1.528131201119006244e+00
8.500000000000000000e+01 6.000000000000000000e+00 1.506152271434373580e+00
8.500000000000000000e+01 7.000000000000000000e+00 1.524780350544872931e+00
8.500000000000000000e+01 8.000000000000000000e+00 1.532211855111210275e+00
8.600000000000000000e+01 -7.000000000000000000e+00 1.702053312817420228e+00
8.600000000000000000e+01 -6.000000000000000000e+00 1.502291344432721942e+00
8.600000000000000000e+01 -5.000000000000000000e+00 1.438685240911575569e+00
8.600000000000000000e+01 -4.000000000000000000e+00 1.518324108532010497e+00
8.600000000000000000e+01 -3.000000000000000000e+00 1.444028170021509627e+00
8.600000000000000000e+01 -2.000000000000000000e+00 1.472598310882155204e+00
8.600000000000000000e+01 -1.000000000000000000e+00 1.590047984731326913e+00
8.600000000000000000e+01 0.000000000000000000e+00 1.486041592982295878e+00
8.600000000000000000e+01 1.000000000000000000e+00 1.451662450970521379e+00
8.600000000000000000e+01 2.000000000000000000e+00 1.447728982614060245e+00
8.600000000000000000e+01 3.000000000000000000e+00 1.539505661351853405e+00
8.600000000000000000e+01 4.000000000000000000e+00 1.563771621374791421e+00
8.600000000000000000e+01 5.000000000000000000e+00 1.536146342274206988e+00
8.600000000000000000e+01 6.000000000000000000e+00 1.524841424819911362e+00
8.600000000000000000e+01 7.000000000000000000e+00 1.531465731326156154e+00
8.600000000000000000e+01 8.000000000000000000e+00 1.532839048335059351e+00
8.700000000000000000e+01 -7.000000000000000000e+00 1.700821940182784653e+00
8.700000000000000000e+01 -6.000000000000000000e+00 1.501351340655388444e+00
8.700000000000000000e+01 -5.000000000000000000e+00 1.437567731595545295e+00
8.700000000000000000e+01 -4.000000000000000000e+00 1.521706044411827108e+00
8.700000000000000000e+01 -3.000000000000000000e+00 1.470574632833029360e+00
8.700000000000000000e+01 -2.000000000000000000e+00 1.464751189440728796e+00
8.700000000000000000e+01 -1.000000000000000000e+00 1.585863907426168229e+00
8.700000000000000000e+01 0.000000000000000000e+00 1.471884288651110984e+00
8.700000000000000000e+01 1.000000000000000000e+00 1.460837254669849150e+00
8.700000000000000000e+01 2.000000000000000000e+00 1.463198011189122072e+00
8.700000000000000000e+01 3.000000000000000000e+00 1.524810636191891389e+00
8.700000000000000000e+01 4.000000000000000000e+00 1.569498431034435093e+00
8.700000000000000000e+01 5.000000000000000000e+00 1.545913860389541483e+00
8.700000000000000000e+01 6.000000000000000000e+00 1.535625845487850638e+00
8.700000000000000000e+01 7.000000000000000000e+00 1.533453798817636216e+00
8.700000000000000000e+01 8.000000000000000000e+00 1.533238665986147664e+00
8.800000000000000000e+01 -7.000000000000000000e+00 1.687960582226481154e+00
8.800000000000000000e+01 -6.000000000000000000e+00 1.486140902089471139e+00
8.800000000000000000e+01 -5.000000000000000000e+00 1.451459665483197492e+00
8.800000000000000000e+01 -4.000000000000000000e+00 1.551908595770620902e+00
8.800000000000000000e+01 -3.000000000000000000e+00 1.511960168624369549e+00
8.800000000000000000e+01 -2.000000000000000000e+00 1.433317948430164579e+00
8.800000000000000000e+01 -1.000000000000000000e+00 1.490387248710617341e+00
8.800000000000000000e+01 0.000000000000000000e+00 1.420054952534331338e+00
8.800000000000000000e+01 1.000000000000000000e+00 1.473728801306904090e+00
8.800000000000000000e+01 2.000000000000000000e+00 1.488177757208883456e+00
8.800000000000000000e+01 3.000000000000000000e+00 nan
8.800000000000000000e+01 4.000000000000000000e+00 nan
8.800000000000000000e+01 5.000000000000000000e+00 nan
8.800000000000000000e+01 6.000000000000000000e+00 nan
8.800000000000000000e+01 7.000000000000000000e+00 nan
8.800000000000000000e+01 8.000000000000000000e+00 nan
