Longitude[deg], Latitude[deg], Dust optical depth
7.400000000000000000e+01 -2.800000000000000000e+01 7.895854990197187284e+00
7.400000000000000000e+01 -2.700000000000000000e+01 7.947644067480007735e+00
7.400000000000000000e+01 -2.600000000000000000e+01 8.011442765355278439e+00
7.400000000000000000e+01 -2.500000000000000000e+01 7.909464461084147580e+00
7.400000000000000000e+01 -2.400000000000000000e+01 7.741615778864193942e+00
7.400000000000000000e+01 -2.300000000000000000e+01 7.525257289012444950e+00
7.400000000000000000e+01 -2.200000000000000000e+01 7.423321867189133449e+00
7.400000000000000000e+01 -2.100000000000000000e+01 7.113229983729079997e+00
7.400000000000000000e+01 -2.000000000000000000e+01 6.823185938859730904e+00
7.400000000000000000e+01 -1.900000000000000000e+01 6.759153804330487070e+00
7.400000000000000000e+01 -1.800000000000000000e+01 6.827955687695438591e+00
7.400000000000000000e+01 -1.700000000000000000e+01 6.899136996704886116e+00
7.400000000000000000e+01 -1.600000000000000000e+01 6.907909544145725889e+00
7.400000000000000000e+01 -1.500000000000000000e+01 6.835504295440404832e+00
7.400000000000000000e+01 -1.400000000000000000e+01 6.872912433995621129e+00
7.400000000000000000e+01 -1.300000000000000000e+01 7.054326100939226407e+00
7.400000000000000000e+01 -1.200000000000000000e+01 nan
7.500000000000000000e+01 -2.800000000000000000e+01 7.812459752244541811e+00
7.500000000000000000e+01 -2.700000000000000000e+01 7.840666385833492846e+00
7.500000000000000000e+01 -2.600000000000000000e+01 7.864462683899451356e+00
7.500000000000000000e+01 -2.500000000000000000e+01 7.820738669834506496e+00
7.500000000000000000e+01 -2.400000000000000000e+01 7.563530384001487583e+00
7.500000000000000000e+01 -2.300000000000000000e+01 7.323095228326287121e+00
7.500000000000000000e+01 -2.200000000000000000e+01 7.239420821621111557e+00
7.500000000000000000e+01 -2.100000000000000000e+01 7.073372375253808464e+00
7.500000000000000000e+01 -2.000000000000000000e+01 6.854811820339993034e+00
7.500000000000000000e+01 -1.900000000000000000e+01 6.776622037192537640e+00
7.500000000000000000e+01 -1.800000000000000000e+01 6.807731794072293674e+00
7.500000000000000000e+01 -1.700000000000000000e+01 6.891335611881533652e+00
7.500000000000000000e+01 -1.600000000000000000e+01 6.915402456963525957e+00
7.500000000000000000e+01 -1.500000000000000000e+01 6.861927893147744761e+00
7.500000000000000000e+01 -1.400000000000000000e+01 6.879141998173063932e+00
7.500000000000000000e+01 -1.300000000000000000e+01 7.035254449465953464e+00
7.500000000000000000e+01 -1.200000000000000000e+01 nan
7.600000000000000000e+01 -2.800000000000000000e+01 7.779236266239689890e+00
7.600000000000000000e+01 -2.700000000000000000e+01 7.811881955853121617e+00
7.600000000000000000e+01 -2.600000000000000000e+01 7.827484012646749534e+00
7.600000000000000000e+01 -2.500000000000000000e+01 7.779884206490224940e+00
7.600000000000000000e+01 -2.400000000000000000e+01 7.514676063542681916e+00
7.600000000000000000e+01 -2.300000000000000000e+01 7.250299514333330642e+00
7.600000000000000000e+01 -2.200000000000000000e+01 7.158669876520474595e+00
7.600000000000000000e+01 -2.100000000000000000e+01 7.034096917295593165e+00
7.600000000000000000e+01 -2.000000000000000000e+01 6.882006633135833162e+00
7.600000000000000000e+01 -1.900000000000000000e+01 6.789844356098504896e+00
7.600000000000000000e+01 -1.800000000000000000e+01 6.799157415809240490e+00
7.600000000000000000e+01 -1.700000000000000000e+01 6.883966632569869404e+00
7.600000000000000000e+01 -1.600000000000000000e+01 6.922060954387452725e+00
7.600000000000000000e+01 -1.500000000000000000e+01 6.895019800658065634e+00
7.600000000000000000e+01 -1.400000000000000000e+01 6.890196829919655208e+00
7.600000000000000000e+01 -1.300000000000000000e+01 7.012732315658626092e+00
7.600000000000000000e+01 -1.200000000000000000e+01 nan
7.700000000000000000e+01 -2.800000000000000000e+01 nan
7.700000000000000000e+01 -2.700000000000000000e+01 nan
7.700000000000000000e+01 -2.600000000000000000e+01 7.527201370565026473e+00
7.700000000000000000e+01 -2.500000000000000000e+01 7.498908782508876492e+00
7.700000000000000000e+01 -2.400000000000000000e+01 nan
7.700000000000000000e+01 -2.300000000000000000e+01 nan
7.700000000000000000e+01 -2.200000000000000000e+01 nan
7.700000000000000000e+01 -2.100000000000000000e+01 nan
7.700000000000000000e+01 -2.000000000000000000e+01 nan
7.700000000000000000e+01 -1.900000000000000000e+01 nan
7.700000000000000000e+01 -1.800000000000000000e+01 nan
7.700000000000000000e+01 -1.700000000000000000e+01 nan
7.700000000000000000e+01 -1.600000000000000000e+01 nan
7.700000000000000000e+01 -1.500000000000000000e+01 nan
7.700000000000000000e+01 -1.400000000000000000e+01 nan
7.700000000000000000e+01 -1.300000000000000000e+01 nan
7.700000000000000000e+01 -1.200000000000000000e+01 nan
