Longitude[deg], Latitude[deg], Dust optical depth
-4.300000000000000000e+01 -2.000000000000000000e+00 nan
-4.300000000000000000e+01 -1.000000000000000000e+00 nan
-4.300000000000000000e+01 0.000000000000000000e+00 nan
-4.300000000000000000e+01 1.000000000000000000e+00 nan
-4.300000000000000000e+01 2.000000000000000000e+00 nan
-4.300000000000000000e+01 3.000000000000000000e+00 nan
-4.300000000000000000e+01 4.000000000000000000e+00 1.498898182308814553e+00
-4.300000000000000000e+01 5.000000000000000000e+00 1.389649335407907138e+00
-4.300000000000000000e+01 6.000000000000000000e+00 1.337841037165251823e+00
-4.300000000000000000e+01 7.000000000000000000e+00 1.650251986698569207e+00
-4.300000000000000000e+01 8.000000000000000000e+00 1.580092540547757496e+00
-4.300000000000000000e+01 9.000000000000000000e+00 1.327726468757516765e+00
-4.300000000000000000e+01 1.000000000000000000e+01 1.324236580829458498e+00
-4.300000000000000000e+01 1.100000000000000000e+01 1.443102628543182941e+00
-4.300000000000000000e+01 1.200000000000000000e+01 1.495825315089833962e+00
-4.300000000000000000e+01 1.300000000000000000e+01 1.502979016715826344e+00
-4.200000000000000000e+01 -2.000000000000000000e+00 1.661856292006016478e+00
-4.200000000000000000e+01 -1.000000000000000000e+00 1.539824028834964054e+00
-4.200000000000000000e+01 0.000000000000000000e+00 1.524993241063347771e+00
-4.200000000000000000e+01 1.000000000000000000e+00 1.635781058643302366e+00
-4.200000000000000000e+01 2.000000000000000000e+00 1.493199009956428958e+00
-4.200000000000000000e+01 3.000000000000000000e+00 1.451982090758649147e+00
-4.200000000000000000e+01 4.000000000000000000e+00 1.457469039668713995e+00
-4.200000000000000000e+01 5.000000000000000000e+00 1.318855844384396292e+00
-4.200000000000000000e+01 6.000000000000000000e+00 1.312240691878162391e+00
-4.200000000000000000e+01 7.000000000000000000e+00 1.353665006178173869e+00
-4.200000000000000000e+01 8.000000000000000000e+00 1.350307050757292515e+00
-4.200000000000000000e+01 9.000000000000000000e+00 1.290296152019543285e+00
-4.200000000000000000e+01 1.000000000000000000e+01 1.359891378089542524e+00
-4.200000000000000000e+01 1.100000000000000000e+01 1.489943543849704177e+00
-4.200000000000000000e+01 1.200000000000000000e+01 1.499517371430395318e+00
-4.200000000000000000e+01 1.300000000000000000e+01 1.508661903186675035e+00
-4.100000000000000000e+01 -2.000000000000000000e+00 1.660411575071728763e+00
-4.100000000000000000e+01 -1.000000000000000000e+00 1.543422227953137105e+00
-4.100000000000000000e+01 0.000000000000000000e+00 1.525222501575313805e+00
-4.100000000000000000e+01 1.000000000000000000e+00 1.624752255147444036e+00
-4.100000000000000000e+01 2.000000000000000000e+00 1.474730518726866224e+00
-4.100000000000000000e+01 3.000000000000000000e+00 1.450833066500129220e+00
-4.100000000000000000e+01 4.000000000000000000e+00 1.459210899439600251e+00
-4.100000000000000000e+01 5.000000000000000000e+00 1.322122883222033085e+00
-4.100000000000000000e+01 6.000000000000000000e+00 1.314343575814960641e+00
-4.100000000000000000e+01 7.000000000000000000e+00 1.326178516876790336e+00
-4.100000000000000000e+01 8.000000000000000000e+00 1.323128901403412216e+00
-4.100000000000000000e+01 9.000000000000000000e+00 1.285259590859597845e+00
-4.100000000000000000e+01 1.000000000000000000e+01 1.435100054920201762e+00
-4.100000000000000000e+01 1.100000000000000000e+01 1.526742924458037720e+00
-4.100000000000000000e+01 1.200000000000000000e+01 1.520805968740840397e+00
-4.100000000000000000e+01 1.300000000000000000e+01 1.529832020821291660e+00
-4.000000000000000000e+01 -2.000000000000000000e+00 1.659273424858598078e+00
-4.000000000000000000e+01 -1.000000000000000000e+00 1.547371372786289667e+00
-4.000000000000000000e+01 0.000000000000000000e+00 1.525398775908271443e+00
-4.000000000000000000e+01 1.000000000000000000e+00 1.437393319238070122e+00
-4.000000000000000000e+01 2.000000000000000000e+00 1.383142104607858469e+00
-4.000000000000000000e+01 3.000000000000000000e+00 1.310965290195735600e+00
-4.000000000000000000e+01 4.000000000000000000e+00 1.465581486947983958e+00
-4.000000000000000000e+01 5.000000000000000000e+00 1.348550924345248481e+00
-4.000000000000000000e+01 6.000000000000000000e+00 1.326259606382364398e+00
-4.000000000000000000e+01 7.000000000000000000e+00 1.325831620574337899e+00
-4.000000000000000000e+01 8.000000000000000000e+00 1.321830460332859225e+00
-4.000000000000000000e+01 9.000000000000000000e+00 1.283050070842266521e+00
-4.000000000000000000e+01 1.000000000000000000e+01 1.413221724118587375e+00
-4.000000000000000000e+01 1.100000000000000000e+01 1.563697435329615582e+00
-4.000000000000000000e+01 1.200000000000000000e+01 1.550284717303565429e+00
-4.000000000000000000e+01 1.300000000000000000e+01 nan
