Longitude[deg], Latitude[deg], Dust optical depth
1.650000000000000000e+02 5.000000000000000000e+00 nan
1.650000000000000000e+02 6.000000000000000000e+00 nan
1.650000000000000000e+02 7.000000000000000000e+00 nan
1.650000000000000000e+02 8.000000000000000000e+00 nan
1.650000000000000000e+02 9.000000000000000000e+00 nan
1.650000000000000000e+02 1.000000000000000000e+01 nan
1.650000000000000000e+02 1.100000000000000000e+01 nan
1.650000000000000000e+02 1.200000000000000000e+01 nan
1.650000000000000000e+02 1.300000000000000000e+01 nan
1.650000000000000000e+02 1.400000000000000000e+01 nan
1.650000000000000000e+02 1.500000000000000000e+01 nan
1.650000000000000000e+02 1.600000000000000000e+01 nan
1.650000000000000000e+02 1.700000000000000000e+01 nan
1.650000000000000000e+02 1.800000000000000000e+01 nan
1.650000000000000000e+02 1.900000000000000000e+01 nan
1.650000000000000000e+02 2.000000000000000000e+01 nan
1.650000000000000000e+02 2.100000000000000000e+01 nan
1.650000000000000000e+02 2.200000000000000000e+01 nan
1.650000000000000000e+02 2.300000000000000000e+01 nan
1.650000000000000000e+02 2.400000000000000000e+01 nan
1.650000000000000000e+02 2.500000000000000000e+01 nan
1.650000000000000000e+02 2.600000000000000000e+01 nan
1.650000000000000000e+02 2.700000000000000000e+01 nan
1.650000000000000000e+02 2.800000000000000000e+01 nan
1.650000000000000000e+02 2.900000000000000000e+01 nan
1.650000000000000000e+02 3.000000000000000000e+01 nan
1.650000000000000000e+02 3.100000000000000000e+01 nan
1.660000000000000000e+02 5.000000000000000000e+00 nan
1.660000000000000000e+02 6.000000000000000000e+00 nan
1.660000000000000000e+02 7.000000000000000000e+00 nan
1.660000000000000000e+02 8.000000000000000000e+00 nan
1.660000000000000000e+02 9.000000000000000000e+00 nan
1.660000000000000000e+02 1.000000000000000000e+01 nan
1.660000000000000000e+02 1.100000000000000000e+01 nan
1.660000000000000000e+02 1.200000000000000000e+01 nan
1.660000000000000000e+02 1.300000000000000000e+01 nan
1.660000000000000000e+02 1.400000000000000000e+01 nan
1.660000000000000000e+02 1.500000000000000000e+01 nan
1.660000000000000000e+02 1.600000000000000000e+01 nan
1.660000000000000000e+02 1.700000000000000000e+01 nan
1.660000000000000000e+02 1.800000000000000000e+01 nan
1.660000000000000000e+02 1.900000000000000000e+01 nan
1.660000000000000000e+02 2.000000000000000000e+01 nan
1.660000000000000000e+02 2.100000000000000000e+01 nan
1.660000000000000000e+02 2.200000000000000000e+01 nan
1.660000000000000000e+02 2.300000000000000000e+01 5.381969850531672428e+00
1.660000000000000000e+02 2.400000000000000000e+01 5.378231315615138897e+00
1.660000000000000000e+02 2.500000000000000000e+01 nan
1.660000000000000000e+02 2.600000000000000000e+01 nan
1.660000000000000000e+02 2.700000000000000000e+01 nan
1.660000000000000000e+02 2.800000000000000000e+01 nan
1.660000000000000000e+02 2.900000000000000000e+01 nan
1.660000000000000000e+02 3.000000000000000000e+01 nan
1.660000000000000000e+02 3.100000000000000000e+01 nan
1.670000000000000000e+02 5.000000000000000000e+00 nan
1.670000000000000000e+02 6.000000000000000000e+00 nan
1.670000000000000000e+02 7.000000000000000000e+00 nan
1.670000000000000000e+02 8.000000000000000000e+00 nan
1.670000000000000000e+02 9.000000000000000000e+00 nan
1.670000000000000000e+02 1.000000000000000000e+01 nan
1.670000000000000000e+02 1.100000000000000000e+01 nan
1.670000000000000000e+02 1.200000000000000000e+01 nan
1.670000000000000000e+02 1.300000000000000000e+01 nan
1.670000000000000000e+02 1.400000000000000000e+01 nan
1.670000000000000000e+02 1.500000000000000000e+01 nan
1.670000000000000000e+02 1.600000000000000000e+01 nan
1.670000000000000000e+02 1.700000000000000000e+01 5.228078184453764266e+00
1.670000000000000000e+02 1.800000000000000000e+01 5.136987038632437219e+00
1.670000000000000000e+02 1.900000000000000000e+01 5.289691012293463501e+00
1.670000000000000000e+02 2.000000000000000000e+01 5.463835108594213175e+00
1.670000000000000000e+02 2.100000000000000000e+01 5.380312153569463796e+00
1.670000000000000000e+02 2.200000000000000000e+01 5.310192549014284502e+00
1.670000000000000000e+02 2.300000000000000000e+01 5.409771522201726413e+00
1.670000000000000000e+02 2.400000000000000000e+01 5.443576711815182989e+00
1.670000000000000000e+02 2.500000000000000000e+01 nan
1.670000000000000000e+02 2.600000000000000000e+01 nan
1.670000000000000000e+02 2.700000000000000000e+01 nan
1.670000000000000000e+02 2.800000000000000000e+01 nan
1.670000000000000000e+02 2.900000000000000000e+01 nan
1.670000000000000000e+02 3.000000000000000000e+01 nan
1.670000000000000000e+02 3.100000000000000000e+01 nan
1.680000000000000000e+02 5.000000000000000000e+00 nan
1.680000000000000000e+02 6.000000000000000000e+00 nan
1.680000000000000000e+02 7.000000000000000000e+00 nan
1.680000000000000000e+02 8.000000000000000000e+00 nan
1.680000000000000000e+02 9.000000000000000000e+00 nan
1.680000000000000000e+02 1.000000000000000000e+01 nan
1.680000000000000000e+02 1.100000000000000000e+01 5.602248688878944449e+00
1.680000000000000000e+02 1.200000000000000000e+01 5.631698563759729659e+00
1.680000000000000000e+02 1.300000000000000000e+01 5.625591471160047874e+00
1.680000000000000000e+02 1.400000000000000000e+01 5.542310767627550483e+00
1.680000000000000000e+02 1.500000000000000000e+01 5.421220073647023519e+00
1.680000000000000000e+02 1.600000000000000000e+01 5.407036147238406087e+00
1.680000000000000000e+02 1.700000000000000000e+01 5.227877569983958139e+00
1.680000000000000000e+02 1.800000000000000000e+01 5.053902784917164048e+00
1.680000000000000000e+02 1.900000000000000000e+01 5.242904857124803364e+00
1.680000000000000000e+02 2.000000000000000000e+01 5.451689350401859535e+00
1.680000000000000000e+02 2.100000000000000000e+01 5.332708379420163070e+00
1.680000000000000000e+02 2.200000000000000000e+01 5.235591259410139919e+00
1.680000000000000000e+02 2.300000000000000000e+01 5.357864537931924076e+00
1.680000000000000000e+02 2.400000000000000000e+01 5.475152136284370030e+00
1.680000000000000000e+02 2.500000000000000000e+01 nan
1.680000000000000000e+02 2.600000000000000000e+01 nan
1.680000000000000000e+02 2.700000000000000000e+01 nan
1.680000000000000000e+02 2.800000000000000000e+01 nan
1.680000000000000000e+02 2.900000000000000000e+01 nan
1.680000000000000000e+02 3.000000000000000000e+01 nan
1.680000000000000000e+02 3.100000000000000000e+01 nan
1.690000000000000000e+02 5.000000000000000000e+00 6.016154428958764733e+00
1.690000000000000000e+02 6.000000000000000000e+00 5.868049883078563234e+00
1.690000000000000000e+02 7.000000000000000000e+00 5.776405057871697224e+00
1.690000000000000000e+02 8.000000000000000000e+00 5.760523853092104574e+00
1.690000000000000000e+02 9.000000000000000000e+00 5.770949671846818951e+00
1.690000000000000000e+02 1.000000000000000000e+01 5.744231599111427222e+00
1.690000000000000000e+02 1.100000000000000000e+01 5.676948528698854801e+00
1.690000000000000000e+02 1.200000000000000000e+01 5.651055777681457393e+00
1.690000000000000000e+02 1.300000000000000000e+01 5.620049793880925293e+00
1.690000000000000000e+02 1.400000000000000000e+01 5.550052289759104696e+00
1.690000000000000000e+02 1.500000000000000000e+01 5.428953243143755714e+00
1.690000000000000000e+02 1.600000000000000000e+01 5.427480251768040276e+00
1.690000000000000000e+02 1.700000000000000000e+01 5.363267638064146858e+00
1.690000000000000000e+02 1.800000000000000000e+01 5.152475722940841329e+00
1.690000000000000000e+02 1.900000000000000000e+01 5.299879708284896296e+00
1.690000000000000000e+02 2.000000000000000000e+01 5.474869753779691095e+00
1.690000000000000000e+02 2.100000000000000000e+01 5.293736308748364650e+00
1.690000000000000000e+02 2.200000000000000000e+01 5.139727757702536870e+00
1.690000000000000000e+02 2.300000000000000000e+01 5.220980545661959127e+00
1.690000000000000000e+02 2.400000000000000000e+01 5.412512533274608906e+00
1.690000000000000000e+02 2.500000000000000000e+01 nan
1.690000000000000000e+02 2.600000000000000000e+01 nan
1.690000000000000000e+02 2.700000000000000000e+01 nan
1.690000000000000000e+02 2.800000000000000000e+01 nan
1.690000000000000000e+02 2.900000000000000000e+01 nan
1.690000000000000000e+02 3.000000000000000000e+01 nan
1.690000000000000000e+02 3.100000000000000000e+01 nan
1.700000000000000000e+02 5.000000000000000000e+00 6.081606666696527164e+00
1.700000000000000000e+02 6.000000000000000000e+00 5.874024956450870860e+00
1.700000000000000000e+02 7.000000000000000000e+00 5.774841886055289919e+00
1.700000000000000000e+02 8.000000000000000000e+00 5.760822258239103100e+00
1.700000000000000000e+02 9.000000000000000000e+00 5.767101724794704509e+00
1.700000000000000000e+02 1.000000000000000000e+01 5.739891906858510140e+00
1.700000000000000000e+02 1.100000000000000000e+01 5.701752035117226391e+00
1.700000000000000000e+02 1.200000000000000000e+01 5.676420157575925884e+00
1.700000000000000000e+02 1.300000000000000000e+01 5.616882248157722302e+00
1.700000000000000000e+02 1.400000000000000000e+01 5.577862281860726412e+00
1.700000000000000000e+02 1.500000000000000000e+01 5.513112888674284839e+00
1.700000000000000000e+02 1.600000000000000000e+01 5.469117549291691027e+00
1.700000000000000000e+02 1.700000000000000000e+01 5.463897007982692955e+00
1.700000000000000000e+02 1.800000000000000000e+01 5.386777603265475278e+00
1.700000000000000000e+02 1.900000000000000000e+01 5.507767788104451334e+00
1.700000000000000000e+02 2.000000000000000000e+01 5.658247196147728530e+00
1.700000000000000000e+02 2.100000000000000000e+01 5.455416130112420880e+00
1.700000000000000000e+02 2.200000000000000000e+01 5.216319039835994431e+00
1.700000000000000000e+02 2.300000000000000000e+01 5.219583515327991030e+00
1.700000000000000000e+02 2.400000000000000000e+01 5.358450665733744955e+00
1.700000000000000000e+02 2.500000000000000000e+01 nan
1.700000000000000000e+02 2.600000000000000000e+01 nan
1.700000000000000000e+02 2.700000000000000000e+01 nan
1.700000000000000000e+02 2.800000000000000000e+01 nan
1.700000000000000000e+02 2.900000000000000000e+01 nan
1.700000000000000000e+02 3.000000000000000000e+01 nan
1.700000000000000000e+02 3.100000000000000000e+01 nan
1.710000000000000000e+02 5.000000000000000000e+00 6.119763516739333831e+00
1.710000000000000000e+02 6.000000000000000000e+00 5.916885391644483683e+00
1.710000000000000000e+02 7.000000000000000000e+00 5.788553694973405328e+00
1.710000000000000000e+02 8.000000000000000000e+00 5.783660796539118465e+00
1.710000000000000000e+02 9.000000000000000000e+00 5.808922119930968186e+00
1.710000000000000000e+02 1.000000000000000000e+01 5.786036644153339736e+00
1.710000000000000000e+02 1.100000000000000000e+01 5.757467499070734185e+00
1.710000000000000000e+02 1.200000000000000000e+01 5.691091140256810732e+00
1.710000000000000000e+02 1.300000000000000000e+01 5.617515624888365977e+00
1.710000000000000000e+02 1.400000000000000000e+01 5.631977926034502424e+00
1.710000000000000000e+02 1.500000000000000000e+01 5.605171179044168284e+00
1.710000000000000000e+02 1.600000000000000000e+01 5.542714855215101544e+00
1.710000000000000000e+02 1.700000000000000000e+01 5.495096522602945122e+00
1.710000000000000000e+02 1.800000000000000000e+01 5.493841333823423767e+00
1.710000000000000000e+02 1.900000000000000000e+01 5.682224197177744074e+00
1.710000000000000000e+02 2.000000000000000000e+01 5.829611400846349767e+00
1.710000000000000000e+02 2.100000000000000000e+01 5.724904421976796165e+00
1.710000000000000000e+02 2.200000000000000000e+01 5.413714610651356729e+00
1.710000000000000000e+02 2.300000000000000000e+01 5.313548625253384117e+00
1.710000000000000000e+02 2.400000000000000000e+01 5.384135438584774391e+00
1.710000000000000000e+02 2.500000000000000000e+01 nan
1.710000000000000000e+02 2.600000000000000000e+01 nan
1.710000000000000000e+02 2.700000000000000000e+01 nan
1.710000000000000000e+02 2.800000000000000000e+01 nan
1.710000000000000000e+02 2.900000000000000000e+01 nan
1.710000000000000000e+02 3.000000000000000000e+01 nan
1.710000000000000000e+02 3.100000000000000000e+01 nan
1.720000000000000000e+02 5.000000000000000000e+00 6.173168080517360323e+00
1.720000000000000000e+02 6.000000000000000000e+00 5.962027049419928559e+00
1.720000000000000000e+02 7.000000000000000000e+00 5.817218608265348756e+00
1.720000000000000000e+02 8.000000000000000000e+00 5.806046959245786176e+00
1.720000000000000000e+02 9.000000000000000000e+00 5.852889263863172431e+00
1.720000000000000000e+02 1.000000000000000000e+01 5.864673304292836953e+00
1.720000000000000000e+02 1.100000000000000000e+01 5.823096737859936312e+00
1.720000000000000000e+02 1.200000000000000000e+01 5.699329854833895759e+00
1.720000000000000000e+02 1.300000000000000000e+01 5.630778886185255239e+00
1.720000000000000000e+02 1.400000000000000000e+01 5.649298315684009530e+00
1.720000000000000000e+02 1.500000000000000000e+01 5.631977926034502424e+00
1.720000000000000000e+02 1.600000000000000000e+01 5.586197253134625562e+00
1.720000000000000000e+02 1.700000000000000000e+01 5.518462624809690631e+00
1.720000000000000000e+02 1.800000000000000000e+01 5.543425664634457739e+00
1.720000000000000000e+02 1.900000000000000000e+01 5.748357887156718249e+00
1.720000000000000000e+02 2.000000000000000000e+01 5.898899181424488880e+00
1.720000000000000000e+02 2.100000000000000000e+01 5.837705361992258979e+00
1.720000000000000000e+02 2.200000000000000000e+01 5.547387565892724304e+00
1.720000000000000000e+02 2.300000000000000000e+01 5.385148173807348115e+00
1.720000000000000000e+02 2.400000000000000000e+01 5.409325969336399531e+00
1.720000000000000000e+02 2.500000000000000000e+01 nan
1.720000000000000000e+02 2.600000000000000000e+01 nan
1.720000000000000000e+02 2.700000000000000000e+01 nan
1.720000000000000000e+02 2.800000000000000000e+01 nan
1.720000000000000000e+02 2.900000000000000000e+01 nan
1.720000000000000000e+02 3.000000000000000000e+01 nan
1.720000000000000000e+02 3.100000000000000000e+01 nan
1.730000000000000000e+02 5.000000000000000000e+00 6.261520933086904606e+00
1.730000000000000000e+02 6.000000000000000000e+00 6.004913781579985788e+00
1.730000000000000000e+02 7.000000000000000000e+00 5.843581118751401071e+00
1.730000000000000000e+02 8.000000000000000000e+00 5.818966967650809785e+00
1.730000000000000000e+02 9.000000000000000000e+00 5.881986056698512044e+00
1.730000000000000000e+02 1.000000000000000000e+01 5.888596962868080986e+00
1.730000000000000000e+02 1.100000000000000000e+01 5.853244147803241759e+00
1.730000000000000000e+02 1.200000000000000000e+01 5.737995165981224943e+00
1.730000000000000000e+02 1.300000000000000000e+01 5.670789922289865004e+00
1.730000000000000000e+02 1.400000000000000000e+01 nan
1.730000000000000000e+02 1.500000000000000000e+01 nan
1.730000000000000000e+02 1.600000000000000000e+01 nan
1.730000000000000000e+02 1.700000000000000000e+01 nan
1.730000000000000000e+02 1.800000000000000000e+01 nan
1.730000000000000000e+02 1.900000000000000000e+01 nan
1.730000000000000000e+02 2.000000000000000000e+01 nan
1.730000000000000000e+02 2.100000000000000000e+01 nan
1.730000000000000000e+02 2.200000000000000000e+01 nan
1.730000000000000000e+02 2.300000000000000000e+01 nan
1.730000000000000000e+02 2.400000000000000000e+01 nan
1.730000000000000000e+02 2.500000000000000000e+01 nan
1.730000000000000000e+02 2.600000000000000000e+01 nan
1.730000000000000000e+02 2.700000000000000000e+01 nan
1.730000000000000000e+02 2.800000000000000000e+01 nan
1.730000000000000000e+02 2.900000000000000000e+01 nan
1.730000000000000000e+02 3.000000000000000000e+01 nan
1.730000000000000000e+02 3.100000000000000000e+01 nan
