Longitude[deg], Latitude[deg], Dust optical depth
-4.700000000000000000e+01 -3.600000000000000000e+01 8.638952282890450807e-01
-4.700000000000000000e+01 -3.500000000000000000e+01 8.661752206969215440e-01
-4.700000000000000000e+01 -3.400000000000000000e+01 9.929383998349337048e-01
-4.700000000000000000e+01 -3.300000000000000000e+01 7.895305880051247671e-01
-4.700000000000000000e+01 -3.200000000000000000e+01 7.647527416818542534e-01
-4.700000000000000000e+01 -3.100000000000000000e+01 7.798222544800592626e-01
-4.700000000000000000e+01 -3.000000000000000000e+01 1.004066177317890052e+00
-4.700000000000000000e+01 -2.900000000000000000e+01 1.001016315584943417e+00
-4.700000000000000000e+01 -2.800000000000000000e+01 1.013366837783754582e+00
-4.700000000000000000e+01 -2.700000000000000000e+01 1.073717808974749444e+00
-4.700000000000000000e+01 -2.600000000000000000e+01 1.070758876943554316e+00
-4.700000000000000000e+01 -2.500000000000000000e+01 1.093139377619792185e+00
-4.700000000000000000e+01 -2.400000000000000000e+01 9.210332663521169083e-01
-4.700000000000000000e+01 -2.300000000000000000e+01 9.148319213990395715e-01
-4.700000000000000000e+01 -2.200000000000000000e+01 1.060806746207360929e+00
-4.700000000000000000e+01 -2.100000000000000000e+01 1.089606793949709607e+00
-4.700000000000000000e+01 -2.000000000000000000e+01 1.172945365502644277e+00
-4.700000000000000000e+01 -1.900000000000000000e+01 1.244555095945148127e+00
-4.700000000000000000e+01 -1.800000000000000000e+01 1.312344015458444257e+00
-4.700000000000000000e+01 -1.700000000000000000e+01 1.420680210958471301e+00
-4.700000000000000000e+01 -1.600000000000000000e+01 1.499841488929111399e+00
-4.700000000000000000e+01 -1.500000000000000000e+01 1.476215459753499770e+00
-4.700000000000000000e+01 -1.400000000000000000e+01 1.494152123482945127e+00
-4.700000000000000000e+01 -1.300000000000000000e+01 1.580509326556794880e+00
-4.700000000000000000e+01 -1.200000000000000000e+01 1.510049962530827017e+00
-4.700000000000000000e+01 -1.100000000000000000e+01 1.423415713102753166e+00
-4.700000000000000000e+01 -1.000000000000000000e+01 nan
-4.600000000000000000e+01 -3.600000000000000000e+01 8.638952282890450807e-01
-4.600000000000000000e+01 -3.500000000000000000e+01 8.661752206969215440e-01
-4.600000000000000000e+01 -3.400000000000000000e+01 9.929383998349337048e-01
-4.600000000000000000e+01 -3.300000000000000000e+01 7.895305880051247671e-01
-4.600000000000000000e+01 -3.200000000000000000e+01 7.647527416818542534e-01
-4.600000000000000000e+01 -3.100000000000000000e+01 7.798222544800592626e-01
-4.600000000000000000e+01 -3.000000000000000000e+01 1.004066177317890052e+00
-4.600000000000000000e+01 -2.900000000000000000e+01 1.001016315584943417e+00
-4.600000000000000000e+01 -2.800000000000000000e+01 1.013366837783754582e+00
-4.600000000000000000e+01 -2.700000000000000000e+01 1.073717808974749444e+00
-4.600000000000000000e+01 -2.600000000000000000e+01 1.070758876943554316e+00
-4.600000000000000000e+01 -2.500000000000000000e+01 1.093139377619792185e+00
-4.600000000000000000e+01 -2.400000000000000000e+01 9.210332663521169083e-01
-4.600000000000000000e+01 -2.300000000000000000e+01 9.148319213990395715e-01
-4.600000000000000000e+01 -2.200000000000000000e+01 1.060806746207360929e+00
-4.600000000000000000e+01 -2.100000000000000000e+01 1.089606793949709607e+00
-4.600000000000000000e+01 -2.000000000000000000e+01 1.172945365502644277e+00
-4.600000000000000000e+01 -1.900000000000000000e+01 1.244555095945148127e+00
-4.600000000000000000e+01 -1.800000000000000000e+01 1.312344015458444257e+00
-4.600000000000000000e+01 -1.700000000000000000e+01 1.420680210958471301e+00
-4.600000000000000000e+01 -1.600000000000000000e+01 1.499841488929111399e+00
-4.600000000000000000e+01 -1.500000000000000000e+01 1.476215459753499770e+00
-4.600000000000000000e+01 -1.400000000000000000e+01 1.494152123482945127e+00
-4.600000000000000000e+01 -1.300000000000000000e+01 1.580509326556794880e+00
-4.600000000000000000e+01 -1.200000000000000000e+01 1.510049962530827017e+00
-4.600000000000000000e+01 -1.100000000000000000e+01 1.423415713102753166e+00
-4.600000000000000000e+01 -1.000000000000000000e+01 nan
