Longitude[deg], Latitude[deg], Dust optical depth
-7.700000000000000000e+01 -5.000000000000000000e+00 nan
-7.700000000000000000e+01 -4.000000000000000000e+00 nan
-7.700000000000000000e+01 -3.000000000000000000e+00 6.848750600315285375e-01
-7.700000000000000000e+01 -2.000000000000000000e+00 4.890154624481022339e-01
-7.700000000000000000e+01 -1.000000000000000000e+00 4.941497889513075670e-01
-7.700000000000000000e+01 0.000000000000000000e+00 4.763485728719454859e-01
-7.700000000000000000e+01 1.000000000000000000e+00 4.626008407982193926e-01
-7.700000000000000000e+01 2.000000000000000000e+00 5.606814985499786186e-01
-7.700000000000000000e+01 3.000000000000000000e+00 4.539615001618219070e-01
-7.700000000000000000e+01 4.000000000000000000e+00 5.167562445861949572e-01
-7.700000000000000000e+01 5.000000000000000000e+00 6.481762300000900590e-01
-7.700000000000000000e+01 6.000000000000000000e+00 6.913717192436856784e-01
-7.700000000000000000e+01 7.000000000000000000e+00 1.077002892143748003e+00
-7.700000000000000000e+01 8.000000000000000000e+00 1.110483451140731104e+00
-7.700000000000000000e+01 9.000000000000000000e+00 1.076290652559315220e+00
-7.700000000000000000e+01 1.000000000000000000e+01 1.070991456114587459e+00
-7.700000000000000000e+01 1.100000000000000000e+01 nan
-7.600000000000000000e+01 -5.000000000000000000e+00 7.708698692131390473e-01
-7.600000000000000000e+01 -4.000000000000000000e+00 7.078866676851096607e-01
-7.600000000000000000e+01 -3.000000000000000000e+00 6.077258234058946496e-01
-7.600000000000000000e+01 -2.000000000000000000e+00 5.059219568488694252e-01
-7.600000000000000000e+01 -1.000000000000000000e+00 6.912429245299688274e-01
-7.600000000000000000e+01 0.000000000000000000e+00 6.928524428942627322e-01
-7.600000000000000000e+01 1.000000000000000000e+00 5.933342537124047800e-01
-7.600000000000000000e+01 2.000000000000000000e+00 6.264042761799990533e-01
-7.600000000000000000e+01 3.000000000000000000e+00 4.966180445750806860e-01
-7.600000000000000000e+01 4.000000000000000000e+00 4.486443973450925937e-01
-7.600000000000000000e+01 5.000000000000000000e+00 6.450128509548918032e-01
-7.600000000000000000e+01 6.000000000000000000e+00 6.762348940720529500e-01
-7.600000000000000000e+01 7.000000000000000000e+00 1.004811433203229853e+00
-7.600000000000000000e+01 8.000000000000000000e+00 1.101414357647809927e+00
-7.600000000000000000e+01 9.000000000000000000e+00 1.080599641941244915e+00
-7.600000000000000000e+01 1.000000000000000000e+01 1.072311998014460199e+00
-7.600000000000000000e+01 1.100000000000000000e+01 9.756547849891002988e-01
-7.500000000000000000e+01 -5.000000000000000000e+00 7.467907424515568549e-01
-7.500000000000000000e+01 -4.000000000000000000e+00 6.750297939872711428e-01
-7.500000000000000000e+01 -3.000000000000000000e+00 5.881515049977659171e-01
-7.500000000000000000e+01 -2.000000000000000000e+00 5.188443007795473516e-01
-7.500000000000000000e+01 -1.000000000000000000e+00 7.329298016615319877e-01
-7.500000000000000000e+01 0.000000000000000000e+00 7.135636060026540051e-01
-7.500000000000000000e+01 1.000000000000000000e+00 6.330260877333174774e-01
-7.500000000000000000e+01 2.000000000000000000e+00 6.323405540840913996e-01
-7.500000000000000000e+01 3.000000000000000000e+00 5.081007504772535599e-01
-7.500000000000000000e+01 4.000000000000000000e+00 4.124832917304661062e-01
-7.500000000000000000e+01 5.000000000000000000e+00 6.329757400624334007e-01
-7.500000000000000000e+01 6.000000000000000000e+00 6.756532223588920250e-01
-7.500000000000000000e+01 7.000000000000000000e+00 7.897017770500188716e-01
-7.500000000000000000e+01 8.000000000000000000e+00 1.095234764633448821e+00
-7.500000000000000000e+01 9.000000000000000000e+00 1.084490770554646488e+00
-7.500000000000000000e+01 1.000000000000000000e+01 1.073165231666101560e+00
-7.500000000000000000e+01 1.100000000000000000e+01 9.618460976831709752e-01
-7.400000000000000000e+01 -5.000000000000000000e+00 6.269187348930190806e-01
-7.400000000000000000e+01 -4.000000000000000000e+00 5.565889848417204799e-01
-7.400000000000000000e+01 -3.000000000000000000e+00 4.104756616347063902e-01
-7.400000000000000000e+01 -2.000000000000000000e+00 5.711362733359723887e-01
-7.400000000000000000e+01 -1.000000000000000000e+00 8.339458826049850337e-01
-7.400000000000000000e+01 0.000000000000000000e+00 7.745326484607469864e-01
-7.400000000000000000e+01 1.000000000000000000e+00 5.643498744462064343e-01
-7.400000000000000000e+01 2.000000000000000000e+00 6.457559451205556744e-01
-7.400000000000000000e+01 3.000000000000000000e+00 5.215352498333173381e-01
-7.400000000000000000e+01 4.000000000000000000e+00 4.124588557704707004e-01
-7.400000000000000000e+01 5.000000000000000000e+00 4.250661628736568387e-01
-7.400000000000000000e+01 6.000000000000000000e+00 7.026845667984344956e-01
-7.400000000000000000e+01 7.000000000000000000e+00 7.360784144294352238e-01
-7.400000000000000000e+01 8.000000000000000000e+00 nan
-7.400000000000000000e+01 9.000000000000000000e+00 nan
-7.400000000000000000e+01 1.000000000000000000e+01 nan
-7.400000000000000000e+01 1.100000000000000000e+01 nan
