Longitude[deg], Latitude[deg], Dust optical depth
8.100000000000000000e+01 6.000000000000000000e+00 nan
8.100000000000000000e+01 7.000000000000000000e+00 nan
8.100000000000000000e+01 8.000000000000000000e+00 nan
8.100000000000000000e+01 9.000000000000000000e+00 nan
8.100000000000000000e+01 1.000000000000000000e+01 nan
8.100000000000000000e+01 1.100000000000000000e+01 nan
8.100000000000000000e+01 1.200000000000000000e+01 nan
8.100000000000000000e+01 1.300000000000000000e+01 nan
8.100000000000000000e+01 1.400000000000000000e+01 nan
8.100000000000000000e+01 1.500000000000000000e+01 nan
8.100000000000000000e+01 1.600000000000000000e+01 nan
8.100000000000000000e+01 1.700000000000000000e+01 nan
8.100000000000000000e+01 1.800000000000000000e+01 nan
8.100000000000000000e+01 1.900000000000000000e+01 1.443899708031706641e+00
8.100000000000000000e+01 2.000000000000000000e+01 1.447118017426299419e+00
8.100000000000000000e+01 2.100000000000000000e+01 1.434562030678264044e+00
8.100000000000000000e+01 2.200000000000000000e+01 1.410103332224613260e+00
8.100000000000000000e+01 2.300000000000000000e+01 1.391118558889729684e+00
8.100000000000000000e+01 2.400000000000000000e+01 1.394343588588754512e+00
8.100000000000000000e+01 2.500000000000000000e+01 1.344624973554264358e+00
8.100000000000000000e+01 2.600000000000000000e+01 1.279287118360239228e+00
8.100000000000000000e+01 2.700000000000000000e+01 nan
8.200000000000000000e+01 6.000000000000000000e+00 nan
8.200000000000000000e+01 7.000000000000000000e+00 nan
8.200000000000000000e+01 8.000000000000000000e+00 nan
8.200000000000000000e+01 9.000000000000000000e+00 1.462739080124748181e+00
8.200000000000000000e+01 1.000000000000000000e+01 1.528177280785248060e+00
8.200000000000000000e+01 1.100000000000000000e+01 1.545321423876079514e+00
8.200000000000000000e+01 1.200000000000000000e+01 1.565206355222889423e+00
8.200000000000000000e+01 1.300000000000000000e+01 1.480100945651634747e+00
8.200000000000000000e+01 1.400000000000000000e+01 1.370982962691498663e+00
8.200000000000000000e+01 1.500000000000000000e+01 1.391181032033587561e+00
8.200000000000000000e+01 1.600000000000000000e+01 1.437583163920185925e+00
8.200000000000000000e+01 1.700000000000000000e+01 1.395405512391967751e+00
8.200000000000000000e+01 1.800000000000000000e+01 1.452745271888329581e+00
8.200000000000000000e+01 1.900000000000000000e+01 1.491603453390670131e+00
8.200000000000000000e+01 2.000000000000000000e+01 1.443843919169122580e+00
8.200000000000000000e+01 2.100000000000000000e+01 1.426973017267507915e+00
8.200000000000000000e+01 2.200000000000000000e+01 1.415588954173097713e+00
8.200000000000000000e+01 2.300000000000000000e+01 1.388836044505182610e+00
8.200000000000000000e+01 2.400000000000000000e+01 1.393054342382712640e+00
8.200000000000000000e+01 2.500000000000000000e+01 1.340089626600893924e+00
8.200000000000000000e+01 2.600000000000000000e+01 1.276751982645595751e+00
8.200000000000000000e+01 2.700000000000000000e+01 nan
8.300000000000000000e+01 6.000000000000000000e+00 1.475200582097532687e+00
8.300000000000000000e+01 7.000000000000000000e+00 1.470863012870377240e+00
8.300000000000000000e+01 8.000000000000000000e+00 1.467538608866894911e+00
8.300000000000000000e+01 9.000000000000000000e+00 1.443871721257699470e+00
8.300000000000000000e+01 1.000000000000000000e+01 1.472693628469038840e+00
8.300000000000000000e+01 1.100000000000000000e+01 1.522780072598882928e+00
8.300000000000000000e+01 1.200000000000000000e+01 1.544200615686752709e+00
8.300000000000000000e+01 1.300000000000000000e+01 1.482785905993598830e+00
8.300000000000000000e+01 1.400000000000000000e+01 1.375196565898581635e+00
8.300000000000000000e+01 1.500000000000000000e+01 1.378606199883932515e+00
8.300000000000000000e+01 1.600000000000000000e+01 1.414961634757706310e+00
8.300000000000000000e+01 1.700000000000000000e+01 1.419103070798932720e+00
8.300000000000000000e+01 1.800000000000000000e+01 1.458534271891008371e+00
8.300000000000000000e+01 1.900000000000000000e+01 1.480541515085683990e+00
8.300000000000000000e+01 2.000000000000000000e+01 1.434086899662789349e+00
8.300000000000000000e+01 2.100000000000000000e+01 1.412102344262574638e+00
8.300000000000000000e+01 2.200000000000000000e+01 1.399239380237696562e+00
8.300000000000000000e+01 2.300000000000000000e+01 1.361678965187147261e+00
8.300000000000000000e+01 2.400000000000000000e+01 1.346988406649301639e+00
8.300000000000000000e+01 2.500000000000000000e+01 1.322545360520878122e+00
8.300000000000000000e+01 2.600000000000000000e+01 1.256731634400567899e+00
8.300000000000000000e+01 2.700000000000000000e+01 nan
8.400000000000000000e+01 6.000000000000000000e+00 1.404616843251119018e+00
8.400000000000000000e+01 7.000000000000000000e+00 1.472725674898537784e+00
8.400000000000000000e+01 8.000000000000000000e+00 1.473711820411543805e+00
8.400000000000000000e+01 9.000000000000000000e+00 1.432264404343277286e+00
8.400000000000000000e+01 1.000000000000000000e+01 1.448238712272176487e+00
8.400000000000000000e+01 1.100000000000000000e+01 1.491968146087940816e+00
8.400000000000000000e+01 1.200000000000000000e+01 1.512027622099137991e+00
8.400000000000000000e+01 1.300000000000000000e+01 1.477828137978403067e+00
8.400000000000000000e+01 1.400000000000000000e+01 1.412091488692207353e+00
8.400000000000000000e+01 1.500000000000000000e+01 1.367044294116039893e+00
8.400000000000000000e+01 1.600000000000000000e+01 1.402341910755113608e+00
8.400000000000000000e+01 1.700000000000000000e+01 1.426611415480592893e+00
8.400000000000000000e+01 1.800000000000000000e+01 1.464391882590381888e+00
8.400000000000000000e+01 1.900000000000000000e+01 1.472810024017218167e+00
8.400000000000000000e+01 2.000000000000000000e+01 1.432520743689051246e+00
8.400000000000000000e+01 2.100000000000000000e+01 1.402921555155023148e+00
8.400000000000000000e+01 2.200000000000000000e+01 1.375047074124018165e+00
8.400000000000000000e+01 2.300000000000000000e+01 1.326664804362932992e+00
8.400000000000000000e+01 2.400000000000000000e+01 1.319365605864686097e+00
8.400000000000000000e+01 2.500000000000000000e+01 1.304903085122263606e+00
8.400000000000000000e+01 2.600000000000000000e+01 1.248286711559830620e+00
8.400000000000000000e+01 2.700000000000000000e+01 nan
8.500000000000000000e+01 6.000000000000000000e+00 1.403532085451365985e+00
8.500000000000000000e+01 7.000000000000000000e+00 1.475657867031813009e+00
8.500000000000000000e+01 8.000000000000000000e+00 1.477211821537599112e+00
8.500000000000000000e+01 9.000000000000000000e+00 1.412344973130713388e+00
8.500000000000000000e+01 1.000000000000000000e+01 1.384722600501606893e+00
8.500000000000000000e+01 1.100000000000000000e+01 1.443951222550629465e+00
8.500000000000000000e+01 1.200000000000000000e+01 1.493013354612153121e+00
8.500000000000000000e+01 1.300000000000000000e+01 1.469965588103998133e+00
8.500000000000000000e+01 1.400000000000000000e+01 1.424534936717466449e+00
8.500000000000000000e+01 1.500000000000000000e+01 1.360998864062729297e+00
8.500000000000000000e+01 1.600000000000000000e+01 1.398015051893314320e+00
8.500000000000000000e+01 1.700000000000000000e+01 1.425497285342706588e+00
8.500000000000000000e+01 1.800000000000000000e+01 1.447575670734198905e+00
8.500000000000000000e+01 1.900000000000000000e+01 1.481868062149712673e+00
8.500000000000000000e+01 2.000000000000000000e+01 1.433643563581155078e+00
8.500000000000000000e+01 2.100000000000000000e+01 1.402820232929099298e+00
8.500000000000000000e+01 2.200000000000000000e+01 1.376955090408583660e+00
8.500000000000000000e+01 2.300000000000000000e+01 1.330867926031822135e+00
8.500000000000000000e+01 2.400000000000000000e+01 1.307587109844040585e+00
8.500000000000000000e+01 2.500000000000000000e+01 1.294532183007825576e+00
8.500000000000000000e+01 2.600000000000000000e+01 1.248764441634036659e+00
8.500000000000000000e+01 2.700000000000000000e+01 nan
