Longitude[deg], Latitude[deg], Dust optical depth
-7.900000000000000000e+01 3.500000000000000000e+01 nan
-7.900000000000000000e+01 3.600000000000000000e+01 nan
-7.900000000000000000e+01 3.700000000000000000e+01 nan
-7.900000000000000000e+01 3.800000000000000000e+01 nan
-7.900000000000000000e+01 3.900000000000000000e+01 nan
-7.900000000000000000e+01 4.000000000000000000e+01 nan
-7.900000000000000000e+01 4.100000000000000000e+01 nan
-7.900000000000000000e+01 4.200000000000000000e+01 nan
-7.900000000000000000e+01 4.300000000000000000e+01 nan
-7.900000000000000000e+01 4.400000000000000000e+01 nan
-7.900000000000000000e+01 4.500000000000000000e+01 nan
-7.900000000000000000e+01 4.600000000000000000e+01 nan
-7.900000000000000000e+01 4.700000000000000000e+01 nan
-7.900000000000000000e+01 4.800000000000000000e+01 nan
-7.900000000000000000e+01 4.900000000000000000e+01 nan
-7.900000000000000000e+01 5.000000000000000000e+01 nan
-7.900000000000000000e+01 5.100000000000000000e+01 nan
-7.800000000000000000e+01 3.500000000000000000e+01 nan
-7.800000000000000000e+01 3.600000000000000000e+01 nan
-7.800000000000000000e+01 3.700000000000000000e+01 nan
-7.800000000000000000e+01 3.800000000000000000e+01 nan
-7.800000000000000000e+01 3.900000000000000000e+01 nan
-7.800000000000000000e+01 4.000000000000000000e+01 nan
-7.800000000000000000e+01 4.100000000000000000e+01 nan
-7.800000000000000000e+01 4.200000000000000000e+01 nan
-7.800000000000000000e+01 4.300000000000000000e+01 nan
-7.800000000000000000e+01 4.400000000000000000e+01 7.060328963768421895e-01
-7.800000000000000000e+01 4.500000000000000000e+01 7.828952194584137825e-01
-7.800000000000000000e+01 4.600000000000000000e+01 7.123550861974805581e-01
-7.800000000000000000e+01 4.700000000000000000e+01 nan
-7.800000000000000000e+01 4.800000000000000000e+01 nan
-7.800000000000000000e+01 4.900000000000000000e+01 nan
-7.800000000000000000e+01 5.000000000000000000e+01 nan
-7.800000000000000000e+01 5.100000000000000000e+01 nan
-7.700000000000000000e+01 3.500000000000000000e+01 nan
-7.700000000000000000e+01 3.600000000000000000e+01 nan
-7.700000000000000000e+01 3.700000000000000000e+01 6.524430919866075484e-01
-7.700000000000000000e+01 3.800000000000000000e+01 6.270603459445708294e-01
-7.700000000000000000e+01 3.900000000000000000e+01 5.771529992730618508e-01
-7.700000000000000000e+01 4.000000000000000000e+01 4.945527356005856578e-01
-7.700000000000000000e+01 4.100000000000000000e+01 5.011750176630068720e-01
-7.700000000000000000e+01 4.200000000000000000e+01 5.196863990801132704e-01
-7.700000000000000000e+01 4.300000000000000000e+01 5.362829700187103921e-01
-7.700000000000000000e+01 4.400000000000000000e+01 6.952738657261399169e-01
-7.700000000000000000e+01 4.500000000000000000e+01 7.919900672602564473e-01
-7.700000000000000000e+01 4.600000000000000000e+01 7.269272478976296359e-01
-7.700000000000000000e+01 4.700000000000000000e+01 6.264708963791270069e-01
-7.700000000000000000e+01 4.800000000000000000e+01 4.122660911922904070e-01
-7.700000000000000000e+01 4.900000000000000000e+01 nan
-7.700000000000000000e+01 5.000000000000000000e+01 nan
-7.700000000000000000e+01 5.100000000000000000e+01 nan
-7.600000000000000000e+01 3.500000000000000000e+01 nan
-7.600000000000000000e+01 3.600000000000000000e+01 6.695552911801100349e-01
-7.600000000000000000e+01 3.700000000000000000e+01 6.295919744509244076e-01
-7.600000000000000000e+01 3.800000000000000000e+01 6.254458041325174911e-01
-7.600000000000000000e+01 3.900000000000000000e+01 5.766557867363623080e-01
-7.600000000000000000e+01 4.000000000000000000e+01 4.897332575154354495e-01
-7.600000000000000000e+01 4.100000000000000000e+01 5.005758797024574269e-01
-7.600000000000000000e+01 4.200000000000000000e+01 5.084870164077464061e-01
-7.600000000000000000e+01 4.300000000000000000e+01 5.413635783302019888e-01
-7.600000000000000000e+01 4.400000000000000000e+01 7.373311094249479503e-01
-7.600000000000000000e+01 4.500000000000000000e+01 7.964428300304349229e-01
-7.600000000000000000e+01 4.600000000000000000e+01 7.375209361674571751e-01
-7.600000000000000000e+01 4.700000000000000000e+01 6.389086486813561061e-01
-7.600000000000000000e+01 4.800000000000000000e+01 3.901629274275643655e-01
-7.600000000000000000e+01 4.900000000000000000e+01 nan
-7.600000000000000000e+01 5.000000000000000000e+01 nan
-7.600000000000000000e+01 5.100000000000000000e+01 nan
-7.500000000000000000e+01 3.500000000000000000e+01 6.067495203103988599e-01
-7.500000000000000000e+01 3.600000000000000000e+01 6.266316283655962716e-01
-7.500000000000000000e+01 3.700000000000000000e+01 6.133674096055519165e-01
-7.500000000000000000e+01 3.800000000000000000e+01 6.186847587088256661e-01
-7.500000000000000000e+01 3.900000000000000000e+01 5.657443561147391664e-01
-7.500000000000000000e+01 4.000000000000000000e+01 4.786365170672739477e-01
-7.500000000000000000e+01 4.100000000000000000e+01 4.948283255271261893e-01
-7.500000000000000000e+01 4.200000000000000000e+01 5.183323134047993497e-01
-7.500000000000000000e+01 4.300000000000000000e+01 5.904110619183594588e-01
-7.500000000000000000e+01 4.400000000000000000e+01 7.892109767681383392e-01
-7.500000000000000000e+01 4.500000000000000000e+01 8.060984138770005414e-01
-7.500000000000000000e+01 4.600000000000000000e+01 7.308527642954228964e-01
-7.500000000000000000e+01 4.700000000000000000e+01 5.652171322649616192e-01
-7.500000000000000000e+01 4.800000000000000000e+01 4.340168063831809087e-01
-7.500000000000000000e+01 4.900000000000000000e+01 nan
-7.500000000000000000e+01 5.000000000000000000e+01 nan
-7.500000000000000000e+01 5.100000000000000000e+01 nan
-7.400000000000000000e+01 3.500000000000000000e+01 5.581763432357679244e-01
-7.400000000000000000e+01 3.600000000000000000e+01 5.448546589622990099e-01
-7.400000000000000000e+01 3.700000000000000000e+01 5.480578288571771317e-01
-7.400000000000000000e+01 3.800000000000000000e+01 5.769389810207392610e-01
-7.400000000000000000e+01 3.900000000000000000e+01 5.334764020019324704e-01
-7.400000000000000000e+01 4.000000000000000000e+01 4.670214779221652512e-01
-7.400000000000000000e+01 4.100000000000000000e+01 5.064574468090077275e-01
-7.400000000000000000e+01 4.200000000000000000e+01 5.864028883371118495e-01
-7.400000000000000000e+01 4.300000000000000000e+01 7.018573574019673078e-01
-7.400000000000000000e+01 4.400000000000000000e+01 8.141297757830083803e-01
-7.400000000000000000e+01 4.500000000000000000e+01 8.096348795433085943e-01
-7.400000000000000000e+01 4.600000000000000000e+01 6.751214227742040608e-01
-7.400000000000000000e+01 4.700000000000000000e+01 5.372682212385043732e-01
-7.400000000000000000e+01 4.800000000000000000e+01 4.313980256640242428e-01
-7.400000000000000000e+01 4.900000000000000000e+01 nan
-7.400000000000000000e+01 5.000000000000000000e+01 nan
-7.400000000000000000e+01 5.100000000000000000e+01 nan
-7.300000000000000000e+01 3.500000000000000000e+01 nan
-7.300000000000000000e+01 3.600000000000000000e+01 4.901724002668073621e-01
-7.300000000000000000e+01 3.700000000000000000e+01 4.871700943990210919e-01
-7.300000000000000000e+01 3.800000000000000000e+01 5.283025024736095476e-01
-7.300000000000000000e+01 3.900000000000000000e+01 5.231403970801945524e-01
-7.300000000000000000e+01 4.000000000000000000e+01 4.780081727227153965e-01
-7.300000000000000000e+01 4.100000000000000000e+01 5.532973927155097060e-01
-7.300000000000000000e+01 4.200000000000000000e+01 6.758122677430052905e-01
-7.300000000000000000e+01 4.300000000000000000e+01 7.644242432259191755e-01
-7.300000000000000000e+01 4.400000000000000000e+01 8.242108810497634774e-01
-7.300000000000000000e+01 4.500000000000000000e+01 8.021954029185772717e-01
-7.300000000000000000e+01 4.600000000000000000e+01 6.289526930653186465e-01
-7.300000000000000000e+01 4.700000000000000000e+01 4.606759926378295456e-01
-7.300000000000000000e+01 4.800000000000000000e+01 3.438369300639386728e-01
-7.300000000000000000e+01 4.900000000000000000e+01 nan
-7.300000000000000000e+01 5.000000000000000000e+01 nan
-7.300000000000000000e+01 5.100000000000000000e+01 nan
-7.200000000000000000e+01 3.500000000000000000e+01 nan
-7.200000000000000000e+01 3.600000000000000000e+01 4.752246662164967272e-01
-7.200000000000000000e+01 3.700000000000000000e+01 4.437801934561209083e-01
-7.200000000000000000e+01 3.800000000000000000e+01 4.890306255037336625e-01
-7.200000000000000000e+01 3.900000000000000000e+01 5.401241806444220250e-01
-7.200000000000000000e+01 4.000000000000000000e+01 4.956967797417243249e-01
-7.200000000000000000e+01 4.100000000000000000e+01 5.805544352466258662e-01
-7.200000000000000000e+01 4.200000000000000000e+01 7.068988661241687455e-01
-7.200000000000000000e+01 4.300000000000000000e+01 7.877035108965168009e-01
-7.200000000000000000e+01 4.400000000000000000e+01 8.464094526781790195e-01
-7.200000000000000000e+01 4.500000000000000000e+01 8.076228920037843428e-01
-7.200000000000000000e+01 4.600000000000000000e+01 5.974668616839114987e-01
-7.200000000000000000e+01 4.700000000000000000e+01 nan
-7.200000000000000000e+01 4.800000000000000000e+01 nan
-7.200000000000000000e+01 4.900000000000000000e+01 nan
-7.200000000000000000e+01 5.000000000000000000e+01 nan
-7.200000000000000000e+01 5.100000000000000000e+01 nan
