Longitude[deg], Latitude[deg], Dust optical depth
-6.100000000000000000e+01 8.000000000000000000e+00 nan
-6.100000000000000000e+01 9.000000000000000000e+00 nan
-6.100000000000000000e+01 1.000000000000000000e+01 nan
-6.100000000000000000e+01 1.100000000000000000e+01 nan
-6.100000000000000000e+01 1.200000000000000000e+01 nan
-6.100000000000000000e+01 1.300000000000000000e+01 nan
-6.100000000000000000e+01 1.400000000000000000e+01 nan
-6.100000000000000000e+01 1.500000000000000000e+01 nan
-6.100000000000000000e+01 1.600000000000000000e+01 nan
-6.100000000000000000e+01 1.700000000000000000e+01 nan
-6.100000000000000000e+01 1.800000000000000000e+01 nan
-6.100000000000000000e+01 1.900000000000000000e+01 nan
-6.100000000000000000e+01 2.000000000000000000e+01 nan
-6.100000000000000000e+01 2.100000000000000000e+01 nan
-6.100000000000000000e+01 2.200000000000000000e+01 nan
-6.100000000000000000e+01 2.300000000000000000e+01 nan
-6.100000000000000000e+01 2.400000000000000000e+01 nan
-6.100000000000000000e+01 2.500000000000000000e+01 nan
-6.100000000000000000e+01 2.600000000000000000e+01 nan
-6.100000000000000000e+01 2.700000000000000000e+01 nan
-6.100000000000000000e+01 2.800000000000000000e+01 nan
-6.100000000000000000e+01 2.900000000000000000e+01 nan
-6.100000000000000000e+01 3.000000000000000000e+01 nan
-6.100000000000000000e+01 3.100000000000000000e+01 nan
-6.100000000000000000e+01 3.200000000000000000e+01 nan
-6.100000000000000000e+01 3.300000000000000000e+01 nan
-6.100000000000000000e+01 3.400000000000000000e+01 nan
-6.000000000000000000e+01 8.000000000000000000e+00 nan
-6.000000000000000000e+01 9.000000000000000000e+00 nan
-6.000000000000000000e+01 1.000000000000000000e+01 nan
-6.000000000000000000e+01 1.100000000000000000e+01 nan
-6.000000000000000000e+01 1.200000000000000000e+01 nan
-6.000000000000000000e+01 1.300000000000000000e+01 nan
-6.000000000000000000e+01 1.400000000000000000e+01 nan
-6.000000000000000000e+01 1.500000000000000000e+01 nan
-6.000000000000000000e+01 1.600000000000000000e+01 nan
-6.000000000000000000e+01 1.700000000000000000e+01 nan
-6.000000000000000000e+01 1.800000000000000000e+01 nan
-6.000000000000000000e+01 1.900000000000000000e+01 nan
-6.000000000000000000e+01 2.000000000000000000e+01 nan
-6.000000000000000000e+01 2.100000000000000000e+01 nan
-6.000000000000000000e+01 2.200000000000000000e+01 nan
-6.000000000000000000e+01 2.300000000000000000e+01 nan
-6.000000000000000000e+01 2.400000000000000000e+01 nan
-6.000000000000000000e+01 2.500000000000000000e+01 nan
-6.000000000000000000e+01 2.600000000000000000e+01 5.826330900215454633e+00
-6.000000000000000000e+01 2.700000000000000000e+01 5.842521127508016221e+00
-6.000000000000000000e+01 2.800000000000000000e+01 5.803319231770093012e+00
-6.000000000000000000e+01 2.900000000000000000e+01 nan
-6.000000000000000000e+01 3.000000000000000000e+01 nan
-6.000000000000000000e+01 3.100000000000000000e+01 nan
-6.000000000000000000e+01 3.200000000000000000e+01 nan
-6.000000000000000000e+01 3.300000000000000000e+01 nan
-6.000000000000000000e+01 3.400000000000000000e+01 nan
-5.900000000000000000e+01 8.000000000000000000e+00 nan
-5.900000000000000000e+01 9.000000000000000000e+00 nan
-5.900000000000000000e+01 1.000000000000000000e+01 nan
-5.900000000000000000e+01 1.100000000000000000e+01 nan
-5.900000000000000000e+01 1.200000000000000000e+01 nan
-5.900000000000000000e+01 1.300000000000000000e+01 nan
-5.900000000000000000e+01 1.400000000000000000e+01 nan
-5.900000000000000000e+01 1.500000000000000000e+01 nan
-5.900000000000000000e+01 1.600000000000000000e+01 nan
-5.900000000000000000e+01 1.700000000000000000e+01 nan
-5.900000000000000000e+01 1.800000000000000000e+01 nan
-5.900000000000000000e+01 1.900000000000000000e+01 5.019364444608882536e+00
-5.900000000000000000e+01 2.000000000000000000e+01 5.118794043509004688e+00
-5.900000000000000000e+01 2.100000000000000000e+01 5.237332512748142044e+00
-5.900000000000000000e+01 2.200000000000000000e+01 5.247833086800656410e+00
-5.900000000000000000e+01 2.300000000000000000e+01 5.328447625737070759e+00
-5.900000000000000000e+01 2.400000000000000000e+01 5.357260876850002518e+00
-5.900000000000000000e+01 2.500000000000000000e+01 5.465345078663387035e+00
-5.900000000000000000e+01 2.600000000000000000e+01 5.749639539335761107e+00
-5.900000000000000000e+01 2.700000000000000000e+01 5.749686699117131816e+00
-5.900000000000000000e+01 2.800000000000000000e+01 5.599990245346022633e+00
-5.900000000000000000e+01 2.900000000000000000e+01 5.514870949658479127e+00
-5.900000000000000000e+01 3.000000000000000000e+01 nan
-5.900000000000000000e+01 3.100000000000000000e+01 nan
-5.900000000000000000e+01 3.200000000000000000e+01 nan
-5.900000000000000000e+01 3.300000000000000000e+01 nan
-5.900000000000000000e+01 3.400000000000000000e+01 nan
-5.800000000000000000e+01 8.000000000000000000e+00 nan
-5.800000000000000000e+01 9.000000000000000000e+00 nan
-5.800000000000000000e+01 1.000000000000000000e+01 nan
-5.800000000000000000e+01 1.100000000000000000e+01 nan
-5.800000000000000000e+01 1.200000000000000000e+01 5.019072644135781580e+00
-5.800000000000000000e+01 1.300000000000000000e+01 5.152130041499734858e+00
-5.800000000000000000e+01 1.400000000000000000e+01 5.063992437353966203e+00
-5.800000000000000000e+01 1.500000000000000000e+01 5.084802729628442819e+00
-5.800000000000000000e+01 1.600000000000000000e+01 5.230343371457807145e+00
-5.800000000000000000e+01 1.700000000000000000e+01 5.186516426650463529e+00
-5.800000000000000000e+01 1.800000000000000000e+01 5.131338813239751495e+00
-5.800000000000000000e+01 1.900000000000000000e+01 5.080731119898667991e+00
-5.800000000000000000e+01 2.000000000000000000e+01 5.081637943695790582e+00
-5.800000000000000000e+01 2.100000000000000000e+01 5.162115479508427640e+00
-5.800000000000000000e+01 2.200000000000000000e+01 5.212595730423843499e+00
-5.800000000000000000e+01 2.300000000000000000e+01 5.307984600526125973e+00
-5.800000000000000000e+01 2.400000000000000000e+01 5.381135972558690028e+00
-5.800000000000000000e+01 2.500000000000000000e+01 5.470281541802994418e+00
-5.800000000000000000e+01 2.600000000000000000e+01 5.714189009969223854e+00
-5.800000000000000000e+01 2.700000000000000000e+01 5.720637510049960461e+00
-5.800000000000000000e+01 2.800000000000000000e+01 5.609108939490780266e+00
-5.800000000000000000e+01 2.900000000000000000e+01 5.531714502466672734e+00
-5.800000000000000000e+01 3.000000000000000000e+01 nan
-5.800000000000000000e+01 3.100000000000000000e+01 nan
-5.800000000000000000e+01 3.200000000000000000e+01 nan
-5.800000000000000000e+01 3.300000000000000000e+01 nan
-5.800000000000000000e+01 3.400000000000000000e+01 nan
-5.700000000000000000e+01 8.000000000000000000e+00 4.830429845932405541e+00
-5.700000000000000000e+01 9.000000000000000000e+00 4.880653491544815203e+00
-5.700000000000000000e+01 1.000000000000000000e+01 4.915875187593931273e+00
-5.700000000000000000e+01 1.100000000000000000e+01 4.913395848532741361e+00
-5.700000000000000000e+01 1.200000000000000000e+01 5.005708196258114029e+00
-5.700000000000000000e+01 1.300000000000000000e+01 5.152130041499734858e+00
-5.700000000000000000e+01 1.400000000000000000e+01 5.084802729628442819e+00
-5.700000000000000000e+01 1.500000000000000000e+01 5.102875770021044310e+00
-5.700000000000000000e+01 1.600000000000000000e+01 5.263702736534222382e+00
-5.700000000000000000e+01 1.700000000000000000e+01 5.208482900085423140e+00
-5.700000000000000000e+01 1.800000000000000000e+01 5.140402745425318720e+00
-5.700000000000000000e+01 1.900000000000000000e+01 5.101178429476724396e+00
-5.700000000000000000e+01 2.000000000000000000e+01 5.082514144226687236e+00
-5.700000000000000000e+01 2.100000000000000000e+01 5.179932327778253409e+00
-5.700000000000000000e+01 2.200000000000000000e+01 5.260600024686794107e+00
-5.700000000000000000e+01 2.300000000000000000e+01 5.326319265426603167e+00
-5.700000000000000000e+01 2.400000000000000000e+01 5.407767243350090069e+00
-5.700000000000000000e+01 2.500000000000000000e+01 5.492723687508685337e+00
-5.700000000000000000e+01 2.600000000000000000e+01 5.692237555836831220e+00
-5.700000000000000000e+01 2.700000000000000000e+01 5.730534095214251167e+00
-5.700000000000000000e+01 2.800000000000000000e+01 5.660495370976601492e+00
-5.700000000000000000e+01 2.900000000000000000e+01 5.571696002104089551e+00
-5.700000000000000000e+01 3.000000000000000000e+01 nan
-5.700000000000000000e+01 3.100000000000000000e+01 nan
-5.700000000000000000e+01 3.200000000000000000e+01 nan
-5.700000000000000000e+01 3.300000000000000000e+01 nan
-5.700000000000000000e+01 3.400000000000000000e+01 nan
-5.600000000000000000e+01 8.000000000000000000e+00 4.833001162168526932e+00
-5.600000000000000000e+01 9.000000000000000000e+00 4.885747099117134340e+00
-5.600000000000000000e+01 1.000000000000000000e+01 4.907162808980179314e+00
-5.600000000000000000e+01 1.100000000000000000e+01 4.894131807949207769e+00
-5.600000000000000000e+01 1.200000000000000000e+01 4.979868024951669803e+00
-5.600000000000000000e+01 1.300000000000000000e+01 5.158247490786614264e+00
-5.600000000000000000e+01 1.400000000000000000e+01 5.129420487461108458e+00
-5.600000000000000000e+01 1.500000000000000000e+01 5.122547738987073274e+00
-5.600000000000000000e+01 1.600000000000000000e+01 5.293401139971424918e+00
-5.600000000000000000e+01 1.700000000000000000e+01 5.231251122112586138e+00
-5.600000000000000000e+01 1.800000000000000000e+01 5.138513492833122420e+00
-5.600000000000000000e+01 1.900000000000000000e+01 5.101816100259947362e+00
-5.600000000000000000e+01 2.000000000000000000e+01 5.123269085756022356e+00
-5.600000000000000000e+01 2.100000000000000000e+01 5.225394551190467141e+00
-5.600000000000000000e+01 2.200000000000000000e+01 5.299271900616896680e+00
-5.600000000000000000e+01 2.300000000000000000e+01 5.337393696948720567e+00
-5.600000000000000000e+01 2.400000000000000000e+01 5.350962818924480224e+00
-5.600000000000000000e+01 2.500000000000000000e+01 5.446678782769727611e+00
-5.600000000000000000e+01 2.600000000000000000e+01 5.589732640335706826e+00
-5.600000000000000000e+01 2.700000000000000000e+01 5.693464451176479812e+00
-5.600000000000000000e+01 2.800000000000000000e+01 5.669382457196411096e+00
-5.600000000000000000e+01 2.900000000000000000e+01 nan
-5.600000000000000000e+01 3.000000000000000000e+01 nan
-5.600000000000000000e+01 3.100000000000000000e+01 nan
-5.600000000000000000e+01 3.200000000000000000e+01 nan
-5.600000000000000000e+01 3.300000000000000000e+01 nan
-5.600000000000000000e+01 3.400000000000000000e+01 nan
-5.500000000000000000e+01 8.000000000000000000e+00 4.844426113754906282e+00
-5.500000000000000000e+01 9.000000000000000000e+00 4.899358503404926957e+00
-5.500000000000000000e+01 1.000000000000000000e+01 4.908671439326512953e+00
-5.500000000000000000e+01 1.100000000000000000e+01 4.883946667930104013e+00
-5.500000000000000000e+01 1.200000000000000000e+01 4.965550247228007308e+00
-5.500000000000000000e+01 1.300000000000000000e+01 5.145381580442317748e+00
-5.500000000000000000e+01 1.400000000000000000e+01 5.137348857015918036e+00
-5.500000000000000000e+01 1.500000000000000000e+01 5.132991010695218570e+00
-5.500000000000000000e+01 1.600000000000000000e+01 5.293840678569398328e+00
-5.500000000000000000e+01 1.700000000000000000e+01 5.250500251368491078e+00
-5.500000000000000000e+01 1.800000000000000000e+01 5.145480101972849774e+00
-5.500000000000000000e+01 1.900000000000000000e+01 5.101032522425806626e+00
-5.500000000000000000e+01 2.000000000000000000e+01 5.148834771012098521e+00
-5.500000000000000000e+01 2.100000000000000000e+01 5.246933447376733284e+00
-5.500000000000000000e+01 2.200000000000000000e+01 5.269353029202922478e+00
-5.500000000000000000e+01 2.300000000000000000e+01 5.317344703323274580e+00
-5.500000000000000000e+01 2.400000000000000000e+01 5.315729499322399576e+00
-5.500000000000000000e+01 2.500000000000000000e+01 5.374490312000773429e+00
-5.500000000000000000e+01 2.600000000000000000e+01 5.517110619491897516e+00
-5.500000000000000000e+01 2.700000000000000000e+01 nan
-5.500000000000000000e+01 2.800000000000000000e+01 nan
-5.500000000000000000e+01 2.900000000000000000e+01 nan
-5.500000000000000000e+01 3.000000000000000000e+01 nan
-5.500000000000000000e+01 3.100000000000000000e+01 nan
-5.500000000000000000e+01 3.200000000000000000e+01 nan
-5.500000000000000000e+01 3.300000000000000000e+01 nan
-5.500000000000000000e+01 3.400000000000000000e+01 nan
-5.400000000000000000e+01 8.000000000000000000e+00 4.820171863302589621e+00
-5.400000000000000000e+01 9.000000000000000000e+00 4.896553706733315359e+00
-5.400000000000000000e+01 1.000000000000000000e+01 4.910559950321801814e+00
-5.400000000000000000e+01 1.100000000000000000e+01 4.893792684012725047e+00
-5.400000000000000000e+01 1.200000000000000000e+01 4.965715841682520448e+00
-5.400000000000000000e+01 1.300000000000000000e+01 5.127326567047672867e+00
-5.400000000000000000e+01 1.400000000000000000e+01 5.128200072491623907e+00
-5.400000000000000000e+01 1.500000000000000000e+01 5.131883128174393960e+00
-5.400000000000000000e+01 1.600000000000000000e+01 5.288736255315323653e+00
-5.400000000000000000e+01 1.700000000000000000e+01 5.257520785651195183e+00
-5.400000000000000000e+01 1.800000000000000000e+01 5.171336241383471588e+00
-5.400000000000000000e+01 1.900000000000000000e+01 5.116052515742294027e+00
-5.400000000000000000e+01 2.000000000000000000e+01 5.152223286933713453e+00
-5.400000000000000000e+01 2.100000000000000000e+01 5.259853970684316593e+00
-5.400000000000000000e+01 2.200000000000000000e+01 5.244603552553936510e+00
-5.400000000000000000e+01 2.300000000000000000e+01 5.320905004233861924e+00
-5.400000000000000000e+01 2.400000000000000000e+01 5.348236979823501436e+00
-5.400000000000000000e+01 2.500000000000000000e+01 5.330851912382022384e+00
-5.400000000000000000e+01 2.600000000000000000e+01 5.446325528182543785e+00
-5.400000000000000000e+01 2.700000000000000000e+01 nan
-5.400000000000000000e+01 2.800000000000000000e+01 nan
-5.400000000000000000e+01 2.900000000000000000e+01 nan
-5.400000000000000000e+01 3.000000000000000000e+01 nan
-5.400000000000000000e+01 3.100000000000000000e+01 nan
-5.400000000000000000e+01 3.200000000000000000e+01 nan
-5.400000000000000000e+01 3.300000000000000000e+01 nan
-5.400000000000000000e+01 3.400000000000000000e+01 nan
-5.300000000000000000e+01 8.000000000000000000e+00 nan
-5.300000000000000000e+01 9.000000000000000000e+00 4.829973484674173534e+00
-5.300000000000000000e+01 1.000000000000000000e+01 4.866856379937252619e+00
-5.300000000000000000e+01 1.100000000000000000e+01 4.842037403681975327e+00
-5.300000000000000000e+01 1.200000000000000000e+01 nan
-5.300000000000000000e+01 1.300000000000000000e+01 nan
-5.300000000000000000e+01 1.400000000000000000e+01 nan
-5.300000000000000000e+01 1.500000000000000000e+01 nan
-5.300000000000000000e+01 1.600000000000000000e+01 nan
-5.300000000000000000e+01 1.700000000000000000e+01 nan
-5.300000000000000000e+01 1.800000000000000000e+01 nan
-5.300000000000000000e+01 1.900000000000000000e+01 nan
-5.300000000000000000e+01 2.000000000000000000e+01 nan
-5.300000000000000000e+01 2.100000000000000000e+01 nan
-5.300000000000000000e+01 2.200000000000000000e+01 nan
-5.300000000000000000e+01 2.300000000000000000e+01 nan
-5.300000000000000000e+01 2.400000000000000000e+01 nan
-5.300000000000000000e+01 2.500000000000000000e+01 nan
-5.300000000000000000e+01 2.600000000000000000e+01 nan
-5.300000000000000000e+01 2.700000000000000000e+01 nan
-5.300000000000000000e+01 2.800000000000000000e+01 nan
-5.300000000000000000e+01 2.900000000000000000e+01 nan
-5.300000000000000000e+01 3.000000000000000000e+01 nan
-5.300000000000000000e+01 3.100000000000000000e+01 nan
-5.300000000000000000e+01 3.200000000000000000e+01 nan
-5.300000000000000000e+01 3.300000000000000000e+01 nan
-5.300000000000000000e+01 3.400000000000000000e+01 nan
