Longitude[deg], Latitude[deg], Dust optical depth
-4.500000000000000000e+01 1.300000000000000000e+01 nan
-4.500000000000000000e+01 1.400000000000000000e+01 nan
-4.500000000000000000e+01 1.500000000000000000e+01 nan
-4.500000000000000000e+01 1.600000000000000000e+01 nan
-4.500000000000000000e+01 1.700000000000000000e+01 nan
-4.500000000000000000e+01 1.800000000000000000e+01 nan
-4.500000000000000000e+01 1.900000000000000000e+01 nan
-4.500000000000000000e+01 2.000000000000000000e+01 nan
-4.500000000000000000e+01 2.100000000000000000e+01 nan
-4.500000000000000000e+01 2.200000000000000000e+01 nan
-4.500000000000000000e+01 2.300000000000000000e+01 nan
-4.500000000000000000e+01 2.400000000000000000e+01 nan
-4.500000000000000000e+01 2.500000000000000000e+01 nan
-4.500000000000000000e+01 2.600000000000000000e+01 nan
-4.500000000000000000e+01 2.700000000000000000e+01 nan
-4.500000000000000000e+01 2.800000000000000000e+01 nan
-4.500000000000000000e+01 2.900000000000000000e+01 nan
-4.500000000000000000e+01 3.000000000000000000e+01 1.270019048978167753e+00
-4.500000000000000000e+01 3.100000000000000000e+01 1.218142523513459530e+00
-4.500000000000000000e+01 3.200000000000000000e+01 1.140049838933087534e+00
-4.500000000000000000e+01 3.300000000000000000e+01 1.121161901748836343e+00
-4.400000000000000000e+01 1.300000000000000000e+01 nan
-4.400000000000000000e+01 1.400000000000000000e+01 nan
-4.400000000000000000e+01 1.500000000000000000e+01 nan
-4.400000000000000000e+01 1.600000000000000000e+01 nan
-4.400000000000000000e+01 1.700000000000000000e+01 nan
-4.400000000000000000e+01 1.800000000000000000e+01 nan
-4.400000000000000000e+01 1.900000000000000000e+01 1.217927065485978178e+00
-4.400000000000000000e+01 2.000000000000000000e+01 1.182475755738351175e+00
-4.400000000000000000e+01 2.100000000000000000e+01 1.183271984191499815e+00
-4.400000000000000000e+01 2.200000000000000000e+01 1.145906245079683528e+00
-4.400000000000000000e+01 2.300000000000000000e+01 1.053827210117895596e+00
-4.400000000000000000e+01 2.400000000000000000e+01 1.043643023519386537e+00
-4.400000000000000000e+01 2.500000000000000000e+01 1.044140704434830980e+00
-4.400000000000000000e+01 2.600000000000000000e+01 1.026798587680110897e+00
-4.400000000000000000e+01 2.700000000000000000e+01 1.045221999414747582e+00
-4.400000000000000000e+01 2.800000000000000000e+01 1.106279623030752113e+00
-4.400000000000000000e+01 2.900000000000000000e+01 1.138380398861282172e+00
-4.400000000000000000e+01 3.000000000000000000e+01 1.214018423480222042e+00
-4.400000000000000000e+01 3.100000000000000000e+01 1.212695533961182237e+00
-4.400000000000000000e+01 3.200000000000000000e+01 1.161182108370220289e+00
-4.400000000000000000e+01 3.300000000000000000e+01 1.168740280761808359e+00
-4.300000000000000000e+01 1.300000000000000000e+01 1.688255716506424031e+00
-4.300000000000000000e+01 1.400000000000000000e+01 1.644182491718254591e+00
-4.300000000000000000e+01 1.500000000000000000e+01 1.517102625914857006e+00
-4.300000000000000000e+01 1.600000000000000000e+01 1.414049570177157822e+00
-4.300000000000000000e+01 1.700000000000000000e+01 1.407137503256260969e+00
-4.300000000000000000e+01 1.800000000000000000e+01 1.396337403958128220e+00
-4.300000000000000000e+01 1.900000000000000000e+01 1.294046702069885146e+00
-4.300000000000000000e+01 2.000000000000000000e+01 1.185241042999244376e+00
-4.300000000000000000e+01 2.100000000000000000e+01 1.148947197995231040e+00
-4.300000000000000000e+01 2.200000000000000000e+01 1.121924474145218342e+00
-4.300000000000000000e+01 2.300000000000000000e+01 1.061209640554139799e+00
-4.300000000000000000e+01 2.400000000000000000e+01 1.044835233843942168e+00
-4.300000000000000000e+01 2.500000000000000000e+01 1.046599977714096186e+00
-4.300000000000000000e+01 2.600000000000000000e+01 1.045963693703629849e+00
-4.300000000000000000e+01 2.700000000000000000e+01 1.106544777788191825e+00
-4.300000000000000000e+01 2.800000000000000000e+01 1.136754728179113272e+00
-4.300000000000000000e+01 2.900000000000000000e+01 1.171206381032640076e+00
-4.300000000000000000e+01 3.000000000000000000e+01 1.201892154914032895e+00
-4.300000000000000000e+01 3.100000000000000000e+01 1.207918364344293227e+00
-4.300000000000000000e+01 3.200000000000000000e+01 1.145842947544581492e+00
-4.300000000000000000e+01 3.300000000000000000e+01 1.151054123722218936e+00
-4.200000000000000000e+01 1.300000000000000000e+01 1.613139455919178067e+00
-4.200000000000000000e+01 1.400000000000000000e+01 1.565348133645362738e+00
-4.200000000000000000e+01 1.500000000000000000e+01 1.477214446499441003e+00
-4.200000000000000000e+01 1.600000000000000000e+01 1.401155708862039218e+00
-4.200000000000000000e+01 1.700000000000000000e+01 1.404185588553061415e+00
-4.200000000000000000e+01 1.800000000000000000e+01 1.393396633356814185e+00
-4.200000000000000000e+01 1.900000000000000000e+01 1.256833990737300066e+00
-4.200000000000000000e+01 2.000000000000000000e+01 1.161712573491361589e+00
-4.200000000000000000e+01 2.100000000000000000e+01 1.142421843302288353e+00
-4.200000000000000000e+01 2.200000000000000000e+01 1.120458899138116138e+00
-4.200000000000000000e+01 2.300000000000000000e+01 1.065438461647176593e+00
-4.200000000000000000e+01 2.400000000000000000e+01 1.056467070499574668e+00
-4.200000000000000000e+01 2.500000000000000000e+01 1.067364197137316006e+00
-4.200000000000000000e+01 2.600000000000000000e+01 1.109338950759879427e+00
-4.200000000000000000e+01 2.700000000000000000e+01 1.189987462063913926e+00
-4.200000000000000000e+01 2.800000000000000000e+01 1.246944007779034136e+00
-4.200000000000000000e+01 2.900000000000000000e+01 1.201816157148262620e+00
-4.200000000000000000e+01 3.000000000000000000e+01 1.196754369308920207e+00
-4.200000000000000000e+01 3.100000000000000000e+01 1.153439644170244138e+00
-4.200000000000000000e+01 3.200000000000000000e+01 1.112344815890079497e+00
-4.200000000000000000e+01 3.300000000000000000e+01 1.101664879832475297e+00
-4.100000000000000000e+01 1.300000000000000000e+01 1.555377646001086855e+00
-4.100000000000000000e+01 1.400000000000000000e+01 1.510275356783021161e+00
-4.100000000000000000e+01 1.500000000000000000e+01 1.439910629907175998e+00
-4.100000000000000000e+01 1.600000000000000000e+01 1.396147950600966414e+00
-4.100000000000000000e+01 1.700000000000000000e+01 1.405587284553546201e+00
-4.100000000000000000e+01 1.800000000000000000e+01 1.393379835035514214e+00
-4.100000000000000000e+01 1.900000000000000000e+01 1.246155709845968351e+00
-4.100000000000000000e+01 2.000000000000000000e+01 1.153432056542467166e+00
-4.100000000000000000e+01 2.100000000000000000e+01 1.143355611600680444e+00
-4.100000000000000000e+01 2.200000000000000000e+01 1.126893702831199606e+00
-4.100000000000000000e+01 2.300000000000000000e+01 1.073191702718839347e+00
-4.100000000000000000e+01 2.400000000000000000e+01 1.065196041346597733e+00
-4.100000000000000000e+01 2.500000000000000000e+01 1.097477974847767213e+00
-4.100000000000000000e+01 2.600000000000000000e+01 1.153651707279359950e+00
-4.100000000000000000e+01 2.700000000000000000e+01 1.223614882441200091e+00
-4.100000000000000000e+01 2.800000000000000000e+01 1.287694850360705967e+00
-4.100000000000000000e+01 2.900000000000000000e+01 1.252072454886028030e+00
-4.100000000000000000e+01 3.000000000000000000e+01 1.200719006648768961e+00
-4.100000000000000000e+01 3.100000000000000000e+01 1.142994188344627515e+00
-4.100000000000000000e+01 3.200000000000000000e+01 1.086464702285613093e+00
-4.100000000000000000e+01 3.300000000000000000e+01 1.092184574976860167e+00
-4.000000000000000000e+01 1.300000000000000000e+01 1.536440110208856291e+00
-4.000000000000000000e+01 1.400000000000000000e+01 1.518802267405789275e+00
-4.000000000000000000e+01 1.500000000000000000e+01 1.451493897026054691e+00
-4.000000000000000000e+01 1.600000000000000000e+01 1.408783983573295817e+00
-4.000000000000000000e+01 1.700000000000000000e+01 1.423585265036178660e+00
-4.000000000000000000e+01 1.800000000000000000e+01 1.422086362908651092e+00
-4.000000000000000000e+01 1.900000000000000000e+01 1.262769385450970061e+00
-4.000000000000000000e+01 2.000000000000000000e+01 1.163268053586903106e+00
-4.000000000000000000e+01 2.100000000000000000e+01 1.152119240618490803e+00
-4.000000000000000000e+01 2.200000000000000000e+01 1.176975790323903093e+00
-4.000000000000000000e+01 2.300000000000000000e+01 1.136577125207714367e+00
-4.000000000000000000e+01 2.400000000000000000e+01 1.116119414646649100e+00
-4.000000000000000000e+01 2.500000000000000000e+01 1.115795497925611501e+00
-4.000000000000000000e+01 2.600000000000000000e+01 nan
-4.000000000000000000e+01 2.700000000000000000e+01 nan
-4.000000000000000000e+01 2.800000000000000000e+01 nan
-4.000000000000000000e+01 2.900000000000000000e+01 nan
-4.000000000000000000e+01 3.000000000000000000e+01 nan
-4.000000000000000000e+01 3.100000000000000000e+01 nan
-4.000000000000000000e+01 3.200000000000000000e+01 nan
-4.000000000000000000e+01 3.300000000000000000e+01 nan
