Longitude[deg], Latitude[deg], Dust optical depth
-9.200000000000000000e+01 -3.100000000000000000e+01 5.038547820048792758e+00
-9.200000000000000000e+01 -3.000000000000000000e+01 5.023112556824773201e+00
-9.200000000000000000e+01 -2.900000000000000000e+01 5.135016985632319120e+00
-9.200000000000000000e+01 -2.800000000000000000e+01 5.301842849967012938e+00
-9.200000000000000000e+01 -2.700000000000000000e+01 5.298346174041451917e+00
-9.200000000000000000e+01 -2.600000000000000000e+01 5.408859275820941725e+00
-9.200000000000000000e+01 -2.500000000000000000e+01 5.741085367613543156e+00
-9.200000000000000000e+01 -2.400000000000000000e+01 5.916543892030741603e+00
-9.200000000000000000e+01 -2.300000000000000000e+01 6.097430501561593275e+00
-9.200000000000000000e+01 -2.200000000000000000e+01 6.125152035445617038e+00
-9.200000000000000000e+01 -2.100000000000000000e+01 6.324717165986244005e+00
-9.200000000000000000e+01 -2.000000000000000000e+01 6.352135343372233400e+00
-9.200000000000000000e+01 -1.900000000000000000e+01 6.549617160080027922e+00
-9.200000000000000000e+01 -1.800000000000000000e+01 nan
-9.200000000000000000e+01 -1.700000000000000000e+01 nan
-9.200000000000000000e+01 -1.600000000000000000e+01 nan
-9.200000000000000000e+01 -1.500000000000000000e+01 nan
-9.100000000000000000e+01 -3.100000000000000000e+01 5.038155852243956900e+00
-9.100000000000000000e+01 -3.000000000000000000e+01 4.963913808808406714e+00
-9.100000000000000000e+01 -2.900000000000000000e+01 4.982419389512616981e+00
-9.100000000000000000e+01 -2.800000000000000000e+01 5.271497758245585530e+00
-9.100000000000000000e+01 -2.700000000000000000e+01 5.291110061508136120e+00
-9.100000000000000000e+01 -2.600000000000000000e+01 5.391030668043649499e+00
-9.100000000000000000e+01 -2.500000000000000000e+01 5.649195321859437513e+00
-9.100000000000000000e+01 -2.400000000000000000e+01 5.876189680515545355e+00
-9.100000000000000000e+01 -2.300000000000000000e+01 5.896016973883866363e+00
-9.100000000000000000e+01 -2.200000000000000000e+01 6.084034716155025890e+00
-9.100000000000000000e+01 -2.100000000000000000e+01 6.225274882859403114e+00
-9.100000000000000000e+01 -2.000000000000000000e+01 6.238481890900662741e+00
-9.100000000000000000e+01 -1.900000000000000000e+01 6.203367900988976835e+00
-9.100000000000000000e+01 -1.800000000000000000e+01 nan
-9.100000000000000000e+01 -1.700000000000000000e+01 nan
-9.100000000000000000e+01 -1.600000000000000000e+01 nan
-9.100000000000000000e+01 -1.500000000000000000e+01 nan
-9.000000000000000000e+01 -3.100000000000000000e+01 5.035674003841693391e+00
-9.000000000000000000e+01 -3.000000000000000000e+01 4.948147253401032231e+00
-9.000000000000000000e+01 -2.900000000000000000e+01 4.964165789425395658e+00
-9.000000000000000000e+01 -2.800000000000000000e+01 5.260636237330450271e+00
-9.000000000000000000e+01 -2.700000000000000000e+01 5.296898302067138964e+00
-9.000000000000000000e+01 -2.600000000000000000e+01 5.362378229782396311e+00
-9.000000000000000000e+01 -2.500000000000000000e+01 5.602466854775566496e+00
-9.000000000000000000e+01 -2.400000000000000000e+01 5.856995260684447757e+00
-9.000000000000000000e+01 -2.300000000000000000e+01 5.880552694821581383e+00
-9.000000000000000000e+01 -2.200000000000000000e+01 6.049883131018448879e+00
-9.000000000000000000e+01 -2.100000000000000000e+01 6.062583519927970954e+00
-9.000000000000000000e+01 -2.000000000000000000e+01 6.156843390608753630e+00
-9.000000000000000000e+01 -1.900000000000000000e+01 6.180686860285089068e+00
-9.000000000000000000e+01 -1.800000000000000000e+01 6.209161436164616354e+00
-9.000000000000000000e+01 -1.700000000000000000e+01 nan
-9.000000000000000000e+01 -1.600000000000000000e+01 nan
-9.000000000000000000e+01 -1.500000000000000000e+01 nan
-8.900000000000000000e+01 -3.100000000000000000e+01 5.019811451059618790e+00
-8.900000000000000000e+01 -3.000000000000000000e+01 4.927135502820945590e+00
-8.900000000000000000e+01 -2.900000000000000000e+01 4.953729839221683307e+00
-8.900000000000000000e+01 -2.800000000000000000e+01 5.252909377811560532e+00
-8.900000000000000000e+01 -2.700000000000000000e+01 5.316184137209888583e+00
-8.900000000000000000e+01 -2.600000000000000000e+01 5.293418687645057297e+00
-8.900000000000000000e+01 -2.500000000000000000e+01 5.341547691671688192e+00
-8.900000000000000000e+01 -2.400000000000000000e+01 5.610956083748603440e+00
-8.900000000000000000e+01 -2.300000000000000000e+01 5.889529977983641196e+00
-8.900000000000000000e+01 -2.200000000000000000e+01 5.841103671908971506e+00
-8.900000000000000000e+01 -2.100000000000000000e+01 5.936451841822361963e+00
-8.900000000000000000e+01 -2.000000000000000000e+01 5.936732751440308320e+00
-8.900000000000000000e+01 -1.900000000000000000e+01 6.169647153270308770e+00
-8.900000000000000000e+01 -1.800000000000000000e+01 6.223620339018406611e+00
-8.900000000000000000e+01 -1.700000000000000000e+01 nan
-8.900000000000000000e+01 -1.600000000000000000e+01 nan
-8.900000000000000000e+01 -1.500000000000000000e+01 nan
