Longitude[deg], Latitude[deg], Dust optical depth
1.500000000000000000e+02 -7.000000000000000000e+00 nan
1.500000000000000000e+02 -6.000000000000000000e+00 nan
1.500000000000000000e+02 -5.000000000000000000e+00 nan
1.500000000000000000e+02 -4.000000000000000000e+00 nan
1.500000000000000000e+02 -3.000000000000000000e+00 nan
1.500000000000000000e+02 -2.000000000000000000e+00 nan
1.500000000000000000e+02 -1.000000000000000000e+00 nan
1.500000000000000000e+02 0.000000000000000000e+00 nan
1.500000000000000000e+02 1.000000000000000000e+00 1.902482222113555999e+00
1.500000000000000000e+02 2.000000000000000000e+00 1.758254419837872451e+00
1.500000000000000000e+02 3.000000000000000000e+00 1.764263128897717303e+00
1.500000000000000000e+02 4.000000000000000000e+00 1.769617983515362925e+00
1.500000000000000000e+02 5.000000000000000000e+00 1.769939872840639028e+00
1.500000000000000000e+02 6.000000000000000000e+00 1.652237622711658638e+00
1.500000000000000000e+02 7.000000000000000000e+00 1.499097817013617107e+00
1.500000000000000000e+02 8.000000000000000000e+00 1.498717581271597377e+00
1.510000000000000000e+02 -7.000000000000000000e+00 1.553811362460403078e+00
1.510000000000000000e+02 -6.000000000000000000e+00 1.699665840380587989e+00
1.510000000000000000e+02 -5.000000000000000000e+00 1.516451684593040916e+00
1.510000000000000000e+02 -4.000000000000000000e+00 1.467391582654372417e+00
1.510000000000000000e+02 -3.000000000000000000e+00 1.460067610418293693e+00
1.510000000000000000e+02 -2.000000000000000000e+00 1.649469725172621803e+00
1.510000000000000000e+02 -1.000000000000000000e+00 1.764706308662127965e+00
1.510000000000000000e+02 0.000000000000000000e+00 1.814573369474178799e+00
1.510000000000000000e+02 1.000000000000000000e+00 1.776411893274189691e+00
1.510000000000000000e+02 2.000000000000000000e+00 1.753116403934761980e+00
1.510000000000000000e+02 3.000000000000000000e+00 1.759692268917547153e+00
1.510000000000000000e+02 4.000000000000000000e+00 1.755282784988011935e+00
1.510000000000000000e+02 5.000000000000000000e+00 1.743555993814838612e+00
1.510000000000000000e+02 6.000000000000000000e+00 1.692591230265454660e+00
1.510000000000000000e+02 7.000000000000000000e+00 1.599614972523844214e+00
1.510000000000000000e+02 8.000000000000000000e+00 1.509920388006019243e+00
1.520000000000000000e+02 -7.000000000000000000e+00 1.605594102817456514e+00
1.520000000000000000e+02 -6.000000000000000000e+00 1.712745710793676990e+00
1.520000000000000000e+02 -5.000000000000000000e+00 1.525381118850768658e+00
1.520000000000000000e+02 -4.000000000000000000e+00 1.474434505960787289e+00
1.520000000000000000e+02 -3.000000000000000000e+00 1.465705995836307229e+00
1.520000000000000000e+02 -2.000000000000000000e+00 1.658015557602926293e+00
1.520000000000000000e+02 -1.000000000000000000e+00 1.775697015774239995e+00
1.520000000000000000e+02 0.000000000000000000e+00 1.807141808522675364e+00
1.520000000000000000e+02 1.000000000000000000e+00 1.771464184362529393e+00
1.520000000000000000e+02 2.000000000000000000e+00 1.744982709748603034e+00
1.520000000000000000e+02 3.000000000000000000e+00 1.755959638093357089e+00
1.520000000000000000e+02 4.000000000000000000e+00 1.751113259707312242e+00
1.520000000000000000e+02 5.000000000000000000e+00 1.734102016369655663e+00
1.520000000000000000e+02 6.000000000000000000e+00 1.715466463421330134e+00
1.520000000000000000e+02 7.000000000000000000e+00 1.599922456105313362e+00
1.520000000000000000e+02 8.000000000000000000e+00 1.500348782918709212e+00
1.530000000000000000e+02 -7.000000000000000000e+00 1.644819265188524726e+00
1.530000000000000000e+02 -6.000000000000000000e+00 1.719985084122143126e+00
1.530000000000000000e+02 -5.000000000000000000e+00 1.564953906324094923e+00
1.530000000000000000e+02 -4.000000000000000000e+00 1.487285384674322586e+00
1.530000000000000000e+02 -3.000000000000000000e+00 1.474331431936256820e+00
1.530000000000000000e+02 -2.000000000000000000e+00 1.669784754397752646e+00
1.530000000000000000e+02 -1.000000000000000000e+00 1.797561975000957712e+00
1.530000000000000000e+02 0.000000000000000000e+00 1.784741948311234561e+00
1.530000000000000000e+02 1.000000000000000000e+00 1.768163339597623063e+00
1.530000000000000000e+02 2.000000000000000000e+00 1.619175245972453991e+00
1.530000000000000000e+02 3.000000000000000000e+00 1.746755086831938364e+00
1.530000000000000000e+02 4.000000000000000000e+00 1.762903920626931908e+00
1.530000000000000000e+02 5.000000000000000000e+00 1.748898408267676841e+00
1.530000000000000000e+02 6.000000000000000000e+00 1.727081015859877278e+00
1.530000000000000000e+02 7.000000000000000000e+00 1.494909320688701193e+00
1.530000000000000000e+02 8.000000000000000000e+00 nan
