Longitude[deg], Latitude[deg], Dust optical depth
-2.100000000000000000e+01 -1.000000000000000000e+00 nan
-2.100000000000000000e+01 0.000000000000000000e+00 nan
-2.100000000000000000e+01 1.000000000000000000e+00 nan
-2.100000000000000000e+01 2.000000000000000000e+00 nan
-2.100000000000000000e+01 3.000000000000000000e+00 nan
-2.100000000000000000e+01 4.000000000000000000e+00 nan
-2.100000000000000000e+01 5.000000000000000000e+00 nan
-2.100000000000000000e+01 6.000000000000000000e+00 nan
-2.100000000000000000e+01 7.000000000000000000e+00 nan
-2.100000000000000000e+01 8.000000000000000000e+00 nan
-2.100000000000000000e+01 9.000000000000000000e+00 nan
-2.100000000000000000e+01 1.000000000000000000e+01 nan
-2.100000000000000000e+01 1.100000000000000000e+01 nan
-2.100000000000000000e+01 1.200000000000000000e+01 nan
-2.100000000000000000e+01 1.300000000000000000e+01 nan
-2.100000000000000000e+01 1.400000000000000000e+01 nan
-2.100000000000000000e+01 1.500000000000000000e+01 1.337823819018741700e+00
-2.100000000000000000e+01 1.600000000000000000e+01 1.285504400821741555e+00
-2.100000000000000000e+01 1.700000000000000000e+01 1.221563784535336206e+00
-2.100000000000000000e+01 1.800000000000000000e+01 1.183836948784251497e+00
-2.100000000000000000e+01 1.900000000000000000e+01 nan
-2.000000000000000000e+01 -1.000000000000000000e+00 nan
-2.000000000000000000e+01 0.000000000000000000e+00 nan
-2.000000000000000000e+01 1.000000000000000000e+00 nan
-2.000000000000000000e+01 2.000000000000000000e+00 nan
-2.000000000000000000e+01 3.000000000000000000e+00 nan
-2.000000000000000000e+01 4.000000000000000000e+00 nan
-2.000000000000000000e+01 5.000000000000000000e+00 2.023149357680655402e+00
-2.000000000000000000e+01 6.000000000000000000e+00 2.177391634306321766e+00
-2.000000000000000000e+01 7.000000000000000000e+00 2.087451790038822086e+00
-2.000000000000000000e+01 8.000000000000000000e+00 1.988787597455765388e+00
-2.000000000000000000e+01 9.000000000000000000e+00 1.882457230387984959e+00
-2.000000000000000000e+01 1.000000000000000000e+01 1.819558873162227419e+00
-2.000000000000000000e+01 1.100000000000000000e+01 1.941911504954417111e+00
-2.000000000000000000e+01 1.200000000000000000e+01 1.780718989570081678e+00
-2.000000000000000000e+01 1.300000000000000000e+01 1.654936131416977485e+00
-2.000000000000000000e+01 1.400000000000000000e+01 1.633860345410839798e+00
-2.000000000000000000e+01 1.500000000000000000e+01 1.447105426580810539e+00
-2.000000000000000000e+01 1.600000000000000000e+01 1.328608978040898725e+00
-2.000000000000000000e+01 1.700000000000000000e+01 1.304073932490323884e+00
-2.000000000000000000e+01 1.800000000000000000e+01 1.276086409579952674e+00
-2.000000000000000000e+01 1.900000000000000000e+01 1.328767163440526033e+00
-1.900000000000000000e+01 -1.000000000000000000e+00 3.189636819626853637e+00
-1.900000000000000000e+01 0.000000000000000000e+00 2.967173537101265079e+00
-1.900000000000000000e+01 1.000000000000000000e+00 2.753095105979013191e+00
-1.900000000000000000e+01 2.000000000000000000e+00 2.632479311298314695e+00
-1.900000000000000000e+01 3.000000000000000000e+00 2.528624749186681786e+00
-1.900000000000000000e+01 4.000000000000000000e+00 2.272052318968645679e+00
-1.900000000000000000e+01 5.000000000000000000e+00 2.000914033306755435e+00
-1.900000000000000000e+01 6.000000000000000000e+00 2.036964432993419116e+00
-1.900000000000000000e+01 7.000000000000000000e+00 1.983365497375846775e+00
-1.900000000000000000e+01 8.000000000000000000e+00 1.871162458338978540e+00
-1.900000000000000000e+01 9.000000000000000000e+00 1.784265972933921418e+00
-1.900000000000000000e+01 1.000000000000000000e+01 1.797647644719421844e+00
-1.900000000000000000e+01 1.100000000000000000e+01 1.940902612443992536e+00
-1.900000000000000000e+01 1.200000000000000000e+01 1.826844680261425324e+00
-1.900000000000000000e+01 1.300000000000000000e+01 1.726837909065826349e+00
-1.900000000000000000e+01 1.400000000000000000e+01 1.697325579110340099e+00
-1.900000000000000000e+01 1.500000000000000000e+01 1.495862594528597711e+00
-1.900000000000000000e+01 1.600000000000000000e+01 1.350071989013354568e+00
-1.900000000000000000e+01 1.700000000000000000e+01 1.335322470318971666e+00
-1.900000000000000000e+01 1.800000000000000000e+01 1.324443882217513746e+00
-1.900000000000000000e+01 1.900000000000000000e+01 1.352540518485558119e+00
-1.800000000000000000e+01 -1.000000000000000000e+00 3.364366117578502013e+00
-1.800000000000000000e+01 0.000000000000000000e+00 3.131388627619838605e+00
-1.800000000000000000e+01 1.000000000000000000e+00 2.869128439556335231e+00
-1.800000000000000000e+01 2.000000000000000000e+00 2.671981334192107926e+00
-1.800000000000000000e+01 3.000000000000000000e+00 2.465565958417488712e+00
-1.800000000000000000e+01 4.000000000000000000e+00 2.160911982334599912e+00
-1.800000000000000000e+01 5.000000000000000000e+00 1.988613947884219746e+00
-1.800000000000000000e+01 6.000000000000000000e+00 2.025645557932997498e+00
-1.800000000000000000e+01 7.000000000000000000e+00 1.952054856187817711e+00
-1.800000000000000000e+01 8.000000000000000000e+00 1.832704291808064045e+00
-1.800000000000000000e+01 9.000000000000000000e+00 1.752762966758512730e+00
-1.800000000000000000e+01 1.000000000000000000e+01 1.773742421297534566e+00
-1.800000000000000000e+01 1.100000000000000000e+01 1.951731886395994930e+00
-1.800000000000000000e+01 1.200000000000000000e+01 1.932322500234011198e+00
-1.800000000000000000e+01 1.300000000000000000e+01 1.829480602470725081e+00
-1.800000000000000000e+01 1.400000000000000000e+01 1.786506235359158090e+00
-1.800000000000000000e+01 1.500000000000000000e+01 1.647778045964252147e+00
-1.800000000000000000e+01 1.600000000000000000e+01 1.468989825797855975e+00
-1.800000000000000000e+01 1.700000000000000000e+01 1.374981639265077327e+00
-1.800000000000000000e+01 1.800000000000000000e+01 1.347893920370296206e+00
-1.800000000000000000e+01 1.900000000000000000e+01 1.464117744603509186e+00
-1.700000000000000000e+01 -1.000000000000000000e+00 3.461302061162174759e+00
-1.700000000000000000e+01 0.000000000000000000e+00 3.225233352972472378e+00
-1.700000000000000000e+01 1.000000000000000000e+00 2.971429093353294526e+00
-1.700000000000000000e+01 2.000000000000000000e+00 2.713163378880253607e+00
-1.700000000000000000e+01 3.000000000000000000e+00 2.415996364460200940e+00
-1.700000000000000000e+01 4.000000000000000000e+00 2.066846059627889254e+00
-1.700000000000000000e+01 5.000000000000000000e+00 1.981763404434334630e+00
-1.700000000000000000e+01 6.000000000000000000e+00 2.031981553783198002e+00
-1.700000000000000000e+01 7.000000000000000000e+00 1.960590171553703520e+00
-1.700000000000000000e+01 8.000000000000000000e+00 1.835434983357937089e+00
-1.700000000000000000e+01 9.000000000000000000e+00 1.751921229458695439e+00
-1.700000000000000000e+01 1.000000000000000000e+01 1.771397669191521196e+00
-1.700000000000000000e+01 1.100000000000000000e+01 1.992435274798563416e+00
-1.700000000000000000e+01 1.200000000000000000e+01 2.020721647495356432e+00
-1.700000000000000000e+01 1.300000000000000000e+01 1.890005513902767831e+00
-1.700000000000000000e+01 1.400000000000000000e+01 1.834032416962105394e+00
-1.700000000000000000e+01 1.500000000000000000e+01 1.813322907745121615e+00
-1.700000000000000000e+01 1.600000000000000000e+01 1.636407577413552694e+00
-1.700000000000000000e+01 1.700000000000000000e+01 1.447340349356016631e+00
-1.700000000000000000e+01 1.800000000000000000e+01 1.397245607818924595e+00
-1.700000000000000000e+01 1.900000000000000000e+01 1.397245607818924595e+00
-1.600000000000000000e+01 -1.000000000000000000e+00 3.453886344811312181e+00
-1.600000000000000000e+01 0.000000000000000000e+00 3.241739858411099018e+00
-1.600000000000000000e+01 1.000000000000000000e+00 2.888280863879804983e+00
-1.600000000000000000e+01 2.000000000000000000e+00 2.690623835132688768e+00
-1.600000000000000000e+01 3.000000000000000000e+00 2.587332856547804205e+00
-1.600000000000000000e+01 4.000000000000000000e+00 2.345583024175989184e+00
-1.600000000000000000e+01 5.000000000000000000e+00 nan
-1.600000000000000000e+01 6.000000000000000000e+00 nan
-1.600000000000000000e+01 7.000000000000000000e+00 nan
-1.600000000000000000e+01 8.000000000000000000e+00 nan
-1.600000000000000000e+01 9.000000000000000000e+00 nan
-1.600000000000000000e+01 1.000000000000000000e+01 nan
-1.600000000000000000e+01 1.100000000000000000e+01 nan
-1.600000000000000000e+01 1.200000000000000000e+01 nan
-1.600000000000000000e+01 1.300000000000000000e+01 nan
-1.600000000000000000e+01 1.400000000000000000e+01 nan
-1.600000000000000000e+01 1.500000000000000000e+01 nan
-1.600000000000000000e+01 1.600000000000000000e+01 nan
-1.600000000000000000e+01 1.700000000000000000e+01 nan
-1.600000000000000000e+01 1.800000000000000000e+01 nan
-1.600000000000000000e+01 1.900000000000000000e+01 nan
