Longitude[deg], Latitude[deg], Dust optical depth
1.750000000000000000e+02 -2.000000000000000000e+01 nan
1.750000000000000000e+02 -1.900000000000000000e+01 nan
1.750000000000000000e+02 -1.800000000000000000e+01 nan
1.750000000000000000e+02 -1.700000000000000000e+01 nan
1.750000000000000000e+02 -1.600000000000000000e+01 nan
1.750000000000000000e+02 -1.500000000000000000e+01 nan
1.750000000000000000e+02 -1.400000000000000000e+01 nan
1.750000000000000000e+02 -1.300000000000000000e+01 nan
1.750000000000000000e+02 -1.200000000000000000e+01 nan
1.750000000000000000e+02 -1.100000000000000000e+01 nan
1.750000000000000000e+02 -1.000000000000000000e+01 nan
1.750000000000000000e+02 -9.000000000000000000e+00 nan
1.750000000000000000e+02 -8.000000000000000000e+00 nan
1.750000000000000000e+02 -7.000000000000000000e+00 4.809338060880260279e+00
1.750000000000000000e+02 -6.000000000000000000e+00 4.802245137305568790e+00
1.750000000000000000e+02 -5.000000000000000000e+00 nan
1.750000000000000000e+02 -4.000000000000000000e+00 nan
1.760000000000000000e+02 -2.000000000000000000e+01 6.711135104212448077e+00
1.760000000000000000e+02 -1.900000000000000000e+01 6.142481736263309955e+00
1.760000000000000000e+02 -1.800000000000000000e+01 5.666066359066352476e+00
1.760000000000000000e+02 -1.700000000000000000e+01 5.457985410115055558e+00
1.760000000000000000e+02 -1.600000000000000000e+01 5.465570340075746714e+00
1.760000000000000000e+02 -1.500000000000000000e+01 5.534471716441689892e+00
1.760000000000000000e+02 -1.400000000000000000e+01 5.455414117362693105e+00
1.760000000000000000e+02 -1.300000000000000000e+01 5.186729075144801193e+00
1.760000000000000000e+02 -1.200000000000000000e+01 4.905204297441560612e+00
1.760000000000000000e+02 -1.100000000000000000e+01 4.723531017271901611e+00
1.760000000000000000e+02 -1.000000000000000000e+01 4.699015595777799703e+00
1.760000000000000000e+02 -9.000000000000000000e+00 4.933291652518898118e+00
1.760000000000000000e+02 -8.000000000000000000e+00 4.939867666490465936e+00
1.760000000000000000e+02 -7.000000000000000000e+00 4.912509356975814256e+00
1.760000000000000000e+02 -6.000000000000000000e+00 4.895690898676202885e+00
1.760000000000000000e+02 -5.000000000000000000e+00 4.859395794669281621e+00
1.760000000000000000e+02 -4.000000000000000000e+00 nan
1.770000000000000000e+02 -2.000000000000000000e+01 6.859774077972013551e+00
1.770000000000000000e+02 -1.900000000000000000e+01 6.513051873052933871e+00
1.770000000000000000e+02 -1.800000000000000000e+01 5.878121129508738996e+00
1.770000000000000000e+02 -1.700000000000000000e+01 5.584237120129497356e+00
1.770000000000000000e+02 -1.600000000000000000e+01 5.589655498510399667e+00
1.770000000000000000e+02 -1.500000000000000000e+01 5.652840426380529415e+00
1.770000000000000000e+02 -1.400000000000000000e+01 5.483674146945038075e+00
1.770000000000000000e+02 -1.300000000000000000e+01 5.226600322934748633e+00
1.770000000000000000e+02 -1.200000000000000000e+01 5.084163827507955702e+00
1.770000000000000000e+02 -1.100000000000000000e+01 4.794806525356095861e+00
1.770000000000000000e+02 -1.000000000000000000e+01 4.760182976396961863e+00
1.770000000000000000e+02 -9.000000000000000000e+00 4.948111639716580079e+00
1.770000000000000000e+02 -8.000000000000000000e+00 4.953388682580979641e+00
1.770000000000000000e+02 -7.000000000000000000e+00 4.915132792871391487e+00
1.770000000000000000e+02 -6.000000000000000000e+00 4.883741626718283158e+00
1.770000000000000000e+02 -5.000000000000000000e+00 4.859108569352411422e+00
1.770000000000000000e+02 -4.000000000000000000e+00 nan
1.780000000000000000e+02 -2.000000000000000000e+01 6.950416126571632880e+00
1.780000000000000000e+02 -1.900000000000000000e+01 6.704674541286213874e+00
1.780000000000000000e+02 -1.800000000000000000e+01 6.011271665402285080e+00
1.780000000000000000e+02 -1.700000000000000000e+01 5.635039044454872581e+00
1.780000000000000000e+02 -1.600000000000000000e+01 5.665132413414729839e+00
1.780000000000000000e+02 -1.500000000000000000e+01 5.743707048079103927e+00
1.780000000000000000e+02 -1.400000000000000000e+01 5.508133224382567583e+00
1.780000000000000000e+02 -1.300000000000000000e+01 5.273474445211083328e+00
1.780000000000000000e+02 -1.200000000000000000e+01 5.131545320878876382e+00
1.780000000000000000e+02 -1.100000000000000000e+01 4.877946316869751442e+00
1.780000000000000000e+02 -1.000000000000000000e+01 4.805805951586971325e+00
1.780000000000000000e+02 -9.000000000000000000e+00 5.002815578420377385e+00
1.780000000000000000e+02 -8.000000000000000000e+00 5.155552511462439647e+00
1.780000000000000000e+02 -7.000000000000000000e+00 4.915413881258801965e+00
1.780000000000000000e+02 -6.000000000000000000e+00 4.857159356747755119e+00
1.780000000000000000e+02 -5.000000000000000000e+00 4.857539671725596087e+00
1.780000000000000000e+02 -4.000000000000000000e+00 nan
