Longitude[deg], Latitude[deg], Dust optical depth
4.800000000000000000e+01 6.000000000000000000e+00 nan
4.800000000000000000e+01 7.000000000000000000e+00 nan
4.800000000000000000e+01 8.000000000000000000e+00 nan
4.800000000000000000e+01 9.000000000000000000e+00 nan
4.800000000000000000e+01 1.000000000000000000e+01 nan
4.800000000000000000e+01 1.100000000000000000e+01 nan
4.800000000000000000e+01 1.200000000000000000e+01 nan
4.800000000000000000e+01 1.300000000000000000e+01 nan
4.800000000000000000e+01 1.400000000000000000e+01 nan
4.800000000000000000e+01 1.500000000000000000e+01 nan
4.800000000000000000e+01 1.600000000000000000e+01 nan
4.800000000000000000e+01 1.700000000000000000e+01 nan
4.800000000000000000e+01 1.800000000000000000e+01 nan
4.800000000000000000e+01 1.900000000000000000e+01 nan
4.800000000000000000e+01 2.000000000000000000e+01 nan
4.800000000000000000e+01 2.100000000000000000e+01 nan
4.800000000000000000e+01 2.200000000000000000e+01 nan
4.800000000000000000e+01 2.300000000000000000e+01 nan
4.800000000000000000e+01 2.400000000000000000e+01 nan
4.800000000000000000e+01 2.500000000000000000e+01 nan
4.800000000000000000e+01 2.600000000000000000e+01 nan
4.900000000000000000e+01 6.000000000000000000e+00 nan
4.900000000000000000e+01 7.000000000000000000e+00 nan
4.900000000000000000e+01 8.000000000000000000e+00 nan
4.900000000000000000e+01 9.000000000000000000e+00 nan
4.900000000000000000e+01 1.000000000000000000e+01 nan
4.900000000000000000e+01 1.100000000000000000e+01 nan
4.900000000000000000e+01 1.200000000000000000e+01 nan
4.900000000000000000e+01 1.300000000000000000e+01 nan
4.900000000000000000e+01 1.400000000000000000e+01 nan
4.900000000000000000e+01 1.500000000000000000e+01 nan
4.900000000000000000e+01 1.600000000000000000e+01 nan
4.900000000000000000e+01 1.700000000000000000e+01 1.043462006452878787e+00
4.900000000000000000e+01 1.800000000000000000e+01 1.043462006452878787e+00
4.900000000000000000e+01 1.900000000000000000e+01 9.544252043617396097e-01
4.900000000000000000e+01 2.000000000000000000e+01 9.601792383021688915e-01
4.900000000000000000e+01 2.100000000000000000e+01 1.005874415510071618e+00
4.900000000000000000e+01 2.200000000000000000e+01 1.027135695367131341e+00
4.900000000000000000e+01 2.300000000000000000e+01 1.128073771784585677e+00
4.900000000000000000e+01 2.400000000000000000e+01 1.178735893843482430e+00
4.900000000000000000e+01 2.500000000000000000e+01 1.223944116190909925e+00
4.900000000000000000e+01 2.600000000000000000e+01 1.398323214584622276e+00
5.000000000000000000e+01 6.000000000000000000e+00 1.229437752022034536e+00
5.000000000000000000e+01 7.000000000000000000e+00 1.185893949235508282e+00
5.000000000000000000e+01 8.000000000000000000e+00 1.264084919710398269e+00
5.000000000000000000e+01 9.000000000000000000e+00 1.384967335614282424e+00
5.000000000000000000e+01 1.000000000000000000e+01 1.380886802485209008e+00
5.000000000000000000e+01 1.100000000000000000e+01 1.418591651749490756e+00
5.000000000000000000e+01 1.200000000000000000e+01 1.463636041745105754e+00
5.000000000000000000e+01 1.300000000000000000e+01 1.310900397747137847e+00
5.000000000000000000e+01 1.400000000000000000e+01 1.127693216956490385e+00
5.000000000000000000e+01 1.500000000000000000e+01 1.079634142320656576e+00
5.000000000000000000e+01 1.600000000000000000e+01 1.029806769621163465e+00
5.000000000000000000e+01 1.700000000000000000e+01 1.017973072685872893e+00
5.000000000000000000e+01 1.800000000000000000e+01 1.027641650285095354e+00
5.000000000000000000e+01 1.900000000000000000e+01 9.558856053645585771e-01
5.000000000000000000e+01 2.000000000000000000e+01 9.281381164410591467e-01
5.000000000000000000e+01 2.100000000000000000e+01 9.861333292520156890e-01
5.000000000000000000e+01 2.200000000000000000e+01 1.014401170518359319e+00
5.000000000000000000e+01 2.300000000000000000e+01 1.079088630028768314e+00
5.000000000000000000e+01 2.400000000000000000e+01 1.113873823551619235e+00
5.000000000000000000e+01 2.500000000000000000e+01 1.141771816889702196e+00
5.000000000000000000e+01 2.600000000000000000e+01 1.255001721883513888e+00
5.100000000000000000e+01 6.000000000000000000e+00 1.210691998397197544e+00
5.100000000000000000e+01 7.000000000000000000e+00 1.181763694964899747e+00
5.100000000000000000e+01 8.000000000000000000e+00 1.256229614958518814e+00
5.100000000000000000e+01 9.000000000000000000e+00 1.372379568420185603e+00
5.100000000000000000e+01 1.000000000000000000e+01 1.390684551644808753e+00
5.100000000000000000e+01 1.100000000000000000e+01 1.393723065428460473e+00
5.100000000000000000e+01 1.200000000000000000e+01 1.431800820032984367e+00
5.100000000000000000e+01 1.300000000000000000e+01 1.285756235029391847e+00
5.100000000000000000e+01 1.400000000000000000e+01 1.096933904109788527e+00
5.100000000000000000e+01 1.500000000000000000e+01 1.039698225005206034e+00
5.100000000000000000e+01 1.600000000000000000e+01 9.906519875353810844e-01
5.100000000000000000e+01 1.700000000000000000e+01 9.620179247259788013e-01
5.100000000000000000e+01 1.800000000000000000e+01 9.996193592053030930e-01
5.100000000000000000e+01 1.900000000000000000e+01 9.520907188285293588e-01
5.100000000000000000e+01 2.000000000000000000e+01 9.511619530273760503e-01
5.100000000000000000e+01 2.100000000000000000e+01 9.946391446468154651e-01
5.100000000000000000e+01 2.200000000000000000e+01 1.025742493508873476e+00
5.100000000000000000e+01 2.300000000000000000e+01 1.118767167195951373e+00
5.100000000000000000e+01 2.400000000000000000e+01 1.140831812817939550e+00
5.100000000000000000e+01 2.500000000000000000e+01 1.149728326178744764e+00
5.100000000000000000e+01 2.600000000000000000e+01 1.229866620932468013e+00
5.200000000000000000e+01 6.000000000000000000e+00 1.233256936301428519e+00
5.200000000000000000e+01 7.000000000000000000e+00 1.224006847086012817e+00
5.200000000000000000e+01 8.000000000000000000e+00 1.287182215346750924e+00
5.200000000000000000e+01 9.000000000000000000e+00 1.389618840171891190e+00
5.200000000000000000e+01 1.000000000000000000e+01 1.406580026513125192e+00
5.200000000000000000e+01 1.100000000000000000e+01 1.397749702518677140e+00
5.200000000000000000e+01 1.200000000000000000e+01 1.407639363941703081e+00
5.200000000000000000e+01 1.300000000000000000e+01 1.273195394373098477e+00
5.200000000000000000e+01 1.400000000000000000e+01 1.074435790807863444e+00
5.200000000000000000e+01 1.500000000000000000e+01 9.925375480524274430e-01
5.200000000000000000e+01 1.600000000000000000e+01 9.276923926629050410e-01
5.200000000000000000e+01 1.700000000000000000e+01 9.188071873733427708e-01
5.200000000000000000e+01 1.800000000000000000e+01 9.645510920976773095e-01
5.200000000000000000e+01 1.900000000000000000e+01 9.540634371088136945e-01
5.200000000000000000e+01 2.000000000000000000e+01 9.836282260162918512e-01
5.200000000000000000e+01 2.100000000000000000e+01 1.026612089774096015e+00
5.200000000000000000e+01 2.200000000000000000e+01 1.043698481613456686e+00
5.200000000000000000e+01 2.300000000000000000e+01 1.173830763572578650e+00
5.200000000000000000e+01 2.400000000000000000e+01 1.225234026124370601e+00
5.200000000000000000e+01 2.500000000000000000e+01 1.232139939665109152e+00
5.200000000000000000e+01 2.600000000000000000e+01 1.259909722024302514e+00
5.300000000000000000e+01 6.000000000000000000e+00 1.326777052267628765e+00
5.300000000000000000e+01 7.000000000000000000e+00 1.303149161072544526e+00
5.300000000000000000e+01 8.000000000000000000e+00 1.360603506255893436e+00
5.300000000000000000e+01 9.000000000000000000e+00 1.419554039447574967e+00
5.300000000000000000e+01 1.000000000000000000e+01 1.427133059196748821e+00
5.300000000000000000e+01 1.100000000000000000e+01 1.415717227396191769e+00
5.300000000000000000e+01 1.200000000000000000e+01 1.385583680533331030e+00
5.300000000000000000e+01 1.300000000000000000e+01 1.271067010603560421e+00
5.300000000000000000e+01 1.400000000000000000e+01 1.071221337919452177e+00
5.300000000000000000e+01 1.500000000000000000e+01 9.673469148493959446e-01
5.300000000000000000e+01 1.600000000000000000e+01 9.180363507578684912e-01
5.300000000000000000e+01 1.700000000000000000e+01 9.075328166145272268e-01
5.300000000000000000e+01 1.800000000000000000e+01 9.483857930660737345e-01
5.300000000000000000e+01 1.900000000000000000e+01 9.718178335142736435e-01
5.300000000000000000e+01 2.000000000000000000e+01 9.799419690933107718e-01
5.300000000000000000e+01 2.100000000000000000e+01 1.035552786099377398e+00
5.300000000000000000e+01 2.200000000000000000e+01 1.052156044107448452e+00
5.300000000000000000e+01 2.300000000000000000e+01 1.179257411893805285e+00
5.300000000000000000e+01 2.400000000000000000e+01 1.278065816583785264e+00
5.300000000000000000e+01 2.500000000000000000e+01 1.278065816583785264e+00
5.300000000000000000e+01 2.600000000000000000e+01 nan
