Longitude[deg], Latitude[deg], Dust optical depth
1.370000000000000000e+02 1.500000000000000000e+01 nan
1.370000000000000000e+02 1.600000000000000000e+01 nan
1.370000000000000000e+02 1.700000000000000000e+01 nan
1.370000000000000000e+02 1.800000000000000000e+01 nan
1.370000000000000000e+02 1.900000000000000000e+01 nan
1.370000000000000000e+02 2.000000000000000000e+01 nan
1.370000000000000000e+02 2.100000000000000000e+01 nan
1.370000000000000000e+02 2.200000000000000000e+01 nan
1.370000000000000000e+02 2.300000000000000000e+01 nan
1.370000000000000000e+02 2.400000000000000000e+01 nan
1.370000000000000000e+02 2.500000000000000000e+01 nan
1.370000000000000000e+02 2.600000000000000000e+01 nan
1.370000000000000000e+02 2.700000000000000000e+01 nan
1.370000000000000000e+02 2.800000000000000000e+01 nan
1.370000000000000000e+02 2.900000000000000000e+01 nan
1.370000000000000000e+02 3.000000000000000000e+01 nan
1.370000000000000000e+02 3.100000000000000000e+01 nan
1.370000000000000000e+02 3.200000000000000000e+01 nan
1.370000000000000000e+02 3.300000000000000000e+01 nan
1.370000000000000000e+02 3.400000000000000000e+01 nan
1.370000000000000000e+02 3.500000000000000000e+01 nan
1.370000000000000000e+02 3.600000000000000000e+01 nan
1.370000000000000000e+02 3.700000000000000000e+01 nan
1.370000000000000000e+02 3.800000000000000000e+01 nan
1.370000000000000000e+02 3.900000000000000000e+01 nan
1.380000000000000000e+02 1.500000000000000000e+01 nan
1.380000000000000000e+02 1.600000000000000000e+01 nan
1.380000000000000000e+02 1.700000000000000000e+01 nan
1.380000000000000000e+02 1.800000000000000000e+01 nan
1.380000000000000000e+02 1.900000000000000000e+01 nan
1.380000000000000000e+02 2.000000000000000000e+01 nan
1.380000000000000000e+02 2.100000000000000000e+01 nan
1.380000000000000000e+02 2.200000000000000000e+01 nan
1.380000000000000000e+02 2.300000000000000000e+01 nan
1.380000000000000000e+02 2.400000000000000000e+01 nan
1.380000000000000000e+02 2.500000000000000000e+01 nan
1.380000000000000000e+02 2.600000000000000000e+01 nan
1.380000000000000000e+02 2.700000000000000000e+01 nan
1.380000000000000000e+02 2.800000000000000000e+01 nan
1.380000000000000000e+02 2.900000000000000000e+01 nan
1.380000000000000000e+02 3.000000000000000000e+01 nan
1.380000000000000000e+02 3.100000000000000000e+01 nan
1.380000000000000000e+02 3.200000000000000000e+01 nan
1.380000000000000000e+02 3.300000000000000000e+01 nan
1.380000000000000000e+02 3.400000000000000000e+01 nan
1.380000000000000000e+02 3.500000000000000000e+01 nan
1.380000000000000000e+02 3.600000000000000000e+01 nan
1.380000000000000000e+02 3.700000000000000000e+01 nan
1.380000000000000000e+02 3.800000000000000000e+01 nan
1.380000000000000000e+02 3.900000000000000000e+01 nan
1.390000000000000000e+02 1.500000000000000000e+01 nan
1.390000000000000000e+02 1.600000000000000000e+01 nan
1.390000000000000000e+02 1.700000000000000000e+01 nan
1.390000000000000000e+02 1.800000000000000000e+01 nan
1.390000000000000000e+02 1.900000000000000000e+01 nan
1.390000000000000000e+02 2.000000000000000000e+01 nan
1.390000000000000000e+02 2.100000000000000000e+01 nan
1.390000000000000000e+02 2.200000000000000000e+01 nan
1.390000000000000000e+02 2.300000000000000000e+01 nan
1.390000000000000000e+02 2.400000000000000000e+01 nan
1.390000000000000000e+02 2.500000000000000000e+01 nan
1.390000000000000000e+02 2.600000000000000000e+01 nan
1.390000000000000000e+02 2.700000000000000000e+01 nan
1.390000000000000000e+02 2.800000000000000000e+01 nan
1.390000000000000000e+02 2.900000000000000000e+01 2.209893868233247627e+00
1.390000000000000000e+02 3.000000000000000000e+01 2.199099440744108236e+00
1.390000000000000000e+02 3.100000000000000000e+01 nan
1.390000000000000000e+02 3.200000000000000000e+01 nan
1.390000000000000000e+02 3.300000000000000000e+01 nan
1.390000000000000000e+02 3.400000000000000000e+01 nan
1.390000000000000000e+02 3.500000000000000000e+01 nan
1.390000000000000000e+02 3.600000000000000000e+01 nan
1.390000000000000000e+02 3.700000000000000000e+01 nan
1.390000000000000000e+02 3.800000000000000000e+01 nan
1.390000000000000000e+02 3.900000000000000000e+01 nan
1.400000000000000000e+02 1.500000000000000000e+01 nan
1.400000000000000000e+02 1.600000000000000000e+01 nan
1.400000000000000000e+02 1.700000000000000000e+01 nan
1.400000000000000000e+02 1.800000000000000000e+01 nan
1.400000000000000000e+02 1.900000000000000000e+01 nan
1.400000000000000000e+02 2.000000000000000000e+01 nan
1.400000000000000000e+02 2.100000000000000000e+01 nan
1.400000000000000000e+02 2.200000000000000000e+01 nan
1.400000000000000000e+02 2.300000000000000000e+01 nan
1.400000000000000000e+02 2.400000000000000000e+01 2.259335755462554829e+00
1.400000000000000000e+02 2.500000000000000000e+01 2.333244120782042685e+00
1.400000000000000000e+02 2.600000000000000000e+01 2.406409497474671699e+00
1.400000000000000000e+02 2.700000000000000000e+01 2.412662450662403035e+00
1.400000000000000000e+02 2.800000000000000000e+01 2.220247624776857442e+00
1.400000000000000000e+02 2.900000000000000000e+01 2.163770700419695547e+00
1.400000000000000000e+02 3.000000000000000000e+01 2.175414702922590315e+00
1.400000000000000000e+02 3.100000000000000000e+01 2.103681855913666965e+00
1.400000000000000000e+02 3.200000000000000000e+01 nan
1.400000000000000000e+02 3.300000000000000000e+01 nan
1.400000000000000000e+02 3.400000000000000000e+01 nan
1.400000000000000000e+02 3.500000000000000000e+01 nan
1.400000000000000000e+02 3.600000000000000000e+01 nan
1.400000000000000000e+02 3.700000000000000000e+01 nan
1.400000000000000000e+02 3.800000000000000000e+01 nan
1.400000000000000000e+02 3.900000000000000000e+01 nan
1.410000000000000000e+02 1.500000000000000000e+01 nan
1.410000000000000000e+02 1.600000000000000000e+01 nan
1.410000000000000000e+02 1.700000000000000000e+01 2.471366744794198933e+00
1.410000000000000000e+02 1.800000000000000000e+01 2.395245863569802847e+00
1.410000000000000000e+02 1.900000000000000000e+01 2.282032372066419512e+00
1.410000000000000000e+02 2.000000000000000000e+01 2.255022812025266443e+00
1.410000000000000000e+02 2.100000000000000000e+01 2.379860174196799072e+00
1.410000000000000000e+02 2.200000000000000000e+01 2.440989120747059982e+00
1.410000000000000000e+02 2.300000000000000000e+01 2.305731814531134738e+00
1.410000000000000000e+02 2.400000000000000000e+01 2.232824868341769076e+00
1.410000000000000000e+02 2.500000000000000000e+01 2.286514430246522789e+00
1.410000000000000000e+02 2.600000000000000000e+01 2.361565101694249602e+00
1.410000000000000000e+02 2.700000000000000000e+01 2.358746277341705611e+00
1.410000000000000000e+02 2.800000000000000000e+01 2.207787772669282944e+00
1.410000000000000000e+02 2.900000000000000000e+01 2.170606200526622676e+00
1.410000000000000000e+02 3.000000000000000000e+01 2.169034713054092567e+00
1.410000000000000000e+02 3.100000000000000000e+01 2.049737238927542116e+00
1.410000000000000000e+02 3.200000000000000000e+01 nan
1.410000000000000000e+02 3.300000000000000000e+01 nan
1.410000000000000000e+02 3.400000000000000000e+01 nan
1.410000000000000000e+02 3.500000000000000000e+01 nan
1.410000000000000000e+02 3.600000000000000000e+01 nan
1.410000000000000000e+02 3.700000000000000000e+01 nan
1.410000000000000000e+02 3.800000000000000000e+01 nan
1.410000000000000000e+02 3.900000000000000000e+01 nan
1.420000000000000000e+02 1.500000000000000000e+01 2.443019573854658066e+00
1.420000000000000000e+02 1.600000000000000000e+01 2.447292881850771984e+00
1.420000000000000000e+02 1.700000000000000000e+01 2.462545415980659236e+00
1.420000000000000000e+02 1.800000000000000000e+01 2.414580312882979918e+00
1.420000000000000000e+02 1.900000000000000000e+01 2.273930221883978309e+00
1.420000000000000000e+02 2.000000000000000000e+01 2.203874380402773614e+00
1.420000000000000000e+02 2.100000000000000000e+01 2.330715864219369937e+00
1.420000000000000000e+02 2.200000000000000000e+01 2.415688199272735925e+00
1.420000000000000000e+02 2.300000000000000000e+01 2.308334643742290027e+00
1.420000000000000000e+02 2.400000000000000000e+01 2.225058984347857649e+00
1.420000000000000000e+02 2.500000000000000000e+01 2.252047923394020934e+00
1.420000000000000000e+02 2.600000000000000000e+01 2.329527721521409855e+00
1.420000000000000000e+02 2.700000000000000000e+01 2.329287924246649322e+00
1.420000000000000000e+02 2.800000000000000000e+01 2.237794122599748192e+00
1.420000000000000000e+02 2.900000000000000000e+01 2.232576427338360148e+00
1.420000000000000000e+02 3.000000000000000000e+01 2.169209763409765568e+00
1.420000000000000000e+02 3.100000000000000000e+01 2.033972513586274289e+00
1.420000000000000000e+02 3.200000000000000000e+01 nan
1.420000000000000000e+02 3.300000000000000000e+01 nan
1.420000000000000000e+02 3.400000000000000000e+01 nan
1.420000000000000000e+02 3.500000000000000000e+01 nan
1.420000000000000000e+02 3.600000000000000000e+01 nan
1.420000000000000000e+02 3.700000000000000000e+01 nan
1.420000000000000000e+02 3.800000000000000000e+01 nan
1.420000000000000000e+02 3.900000000000000000e+01 nan
1.430000000000000000e+02 1.500000000000000000e+01 2.503687939503326465e+00
1.430000000000000000e+02 1.600000000000000000e+01 2.479832388465907034e+00
1.430000000000000000e+02 1.700000000000000000e+01 2.466143755631867052e+00
1.430000000000000000e+02 1.800000000000000000e+01 2.414678949627887317e+00
1.430000000000000000e+02 1.900000000000000000e+01 2.267910270964255126e+00
1.430000000000000000e+02 2.000000000000000000e+01 2.176443156263633938e+00
1.430000000000000000e+02 2.100000000000000000e+01 2.290506928978172319e+00
1.430000000000000000e+02 2.200000000000000000e+01 2.386154598063850329e+00
1.430000000000000000e+02 2.300000000000000000e+01 2.300872137640327608e+00
1.430000000000000000e+02 2.400000000000000000e+01 2.206020994430909710e+00
1.430000000000000000e+02 2.500000000000000000e+01 2.227354164668919001e+00
1.430000000000000000e+02 2.600000000000000000e+01 2.322575055810114808e+00
1.430000000000000000e+02 2.700000000000000000e+01 2.319840655293861964e+00
1.430000000000000000e+02 2.800000000000000000e+01 2.254560934885573964e+00
1.430000000000000000e+02 2.900000000000000000e+01 2.311507552682253053e+00
1.430000000000000000e+02 3.000000000000000000e+01 2.203189703367477659e+00
1.430000000000000000e+02 3.100000000000000000e+01 2.038423176963993111e+00
1.430000000000000000e+02 3.200000000000000000e+01 nan
1.430000000000000000e+02 3.300000000000000000e+01 nan
1.430000000000000000e+02 3.400000000000000000e+01 nan
1.430000000000000000e+02 3.500000000000000000e+01 nan
1.430000000000000000e+02 3.600000000000000000e+01 nan
1.430000000000000000e+02 3.700000000000000000e+01 nan
1.430000000000000000e+02 3.800000000000000000e+01 nan
1.430000000000000000e+02 3.900000000000000000e+01 nan
1.440000000000000000e+02 1.500000000000000000e+01 nan
1.440000000000000000e+02 1.600000000000000000e+01 2.526536691131897605e+00
1.440000000000000000e+02 1.700000000000000000e+01 2.478201437450385569e+00
1.440000000000000000e+02 1.800000000000000000e+01 2.404369222220585023e+00
1.440000000000000000e+02 1.900000000000000000e+01 2.269626521060306601e+00
1.440000000000000000e+02 2.000000000000000000e+01 2.196871635507255949e+00
1.440000000000000000e+02 2.100000000000000000e+01 2.336759520148718572e+00
1.440000000000000000e+02 2.200000000000000000e+01 2.384745146013912187e+00
1.440000000000000000e+02 2.300000000000000000e+01 2.306715161899874023e+00
1.440000000000000000e+02 2.400000000000000000e+01 2.228986459088139416e+00
1.440000000000000000e+02 2.500000000000000000e+01 2.233166751894597457e+00
1.440000000000000000e+02 2.600000000000000000e+01 2.297929274043541970e+00
1.440000000000000000e+02 2.700000000000000000e+01 2.301811956988569108e+00
1.440000000000000000e+02 2.800000000000000000e+01 2.256295090921288438e+00
1.440000000000000000e+02 2.900000000000000000e+01 2.341725380445426996e+00
1.440000000000000000e+02 3.000000000000000000e+01 2.240398346043427136e+00
1.440000000000000000e+02 3.100000000000000000e+01 2.045515810184515448e+00
1.440000000000000000e+02 3.200000000000000000e+01 1.884818972909322543e+00
1.440000000000000000e+02 3.300000000000000000e+01 nan
1.440000000000000000e+02 3.400000000000000000e+01 nan
1.440000000000000000e+02 3.500000000000000000e+01 nan
1.440000000000000000e+02 3.600000000000000000e+01 nan
1.440000000000000000e+02 3.700000000000000000e+01 nan
1.440000000000000000e+02 3.800000000000000000e+01 nan
1.440000000000000000e+02 3.900000000000000000e+01 nan
1.450000000000000000e+02 1.500000000000000000e+01 nan
1.450000000000000000e+02 1.600000000000000000e+01 2.536685322998620151e+00
1.450000000000000000e+02 1.700000000000000000e+01 2.484589754522116500e+00
1.450000000000000000e+02 1.800000000000000000e+01 2.402827382348089014e+00
1.450000000000000000e+02 1.900000000000000000e+01 2.279018570851520042e+00
1.450000000000000000e+02 2.000000000000000000e+01 2.227032975287935201e+00
1.450000000000000000e+02 2.100000000000000000e+01 2.380458535223735073e+00
1.450000000000000000e+02 2.200000000000000000e+01 2.400114484490802447e+00
1.450000000000000000e+02 2.300000000000000000e+01 2.324376891969319292e+00
1.450000000000000000e+02 2.400000000000000000e+01 2.307742590849264808e+00
1.450000000000000000e+02 2.500000000000000000e+01 2.260056975779652255e+00
1.450000000000000000e+02 2.600000000000000000e+01 2.254350668315988404e+00
1.450000000000000000e+02 2.700000000000000000e+01 2.300885565852353043e+00
1.450000000000000000e+02 2.800000000000000000e+01 2.286972367395171624e+00
1.450000000000000000e+02 2.900000000000000000e+01 2.354269036898874123e+00
1.450000000000000000e+02 3.000000000000000000e+01 2.274737489017782721e+00
1.450000000000000000e+02 3.100000000000000000e+01 2.064340690134206291e+00
1.450000000000000000e+02 3.200000000000000000e+01 nan
1.450000000000000000e+02 3.300000000000000000e+01 nan
1.450000000000000000e+02 3.400000000000000000e+01 nan
1.450000000000000000e+02 3.500000000000000000e+01 nan
1.450000000000000000e+02 3.600000000000000000e+01 nan
1.450000000000000000e+02 3.700000000000000000e+01 nan
1.450000000000000000e+02 3.800000000000000000e+01 nan
1.450000000000000000e+02 3.900000000000000000e+01 nan
