Longitude[deg], Latitude[deg], Dust optical depth
-4.900000000000000000e+01 3.000000000000000000e+01 nan
-4.900000000000000000e+01 3.100000000000000000e+01 nan
-4.900000000000000000e+01 3.200000000000000000e+01 nan
-4.900000000000000000e+01 3.300000000000000000e+01 nan
-4.900000000000000000e+01 3.400000000000000000e+01 nan
-4.900000000000000000e+01 3.500000000000000000e+01 nan
-4.900000000000000000e+01 3.600000000000000000e+01 nan
-4.900000000000000000e+01 3.700000000000000000e+01 nan
-4.900000000000000000e+01 3.800000000000000000e+01 nan
-4.900000000000000000e+01 3.900000000000000000e+01 nan
-4.900000000000000000e+01 4.000000000000000000e+01 nan
-4.900000000000000000e+01 4.100000000000000000e+01 nan
-4.900000000000000000e+01 4.200000000000000000e+01 nan
-4.900000000000000000e+01 4.300000000000000000e+01 nan
-4.900000000000000000e+01 4.400000000000000000e+01 nan
-4.900000000000000000e+01 4.500000000000000000e+01 nan
-4.900000000000000000e+01 4.600000000000000000e+01 nan
-4.900000000000000000e+01 4.700000000000000000e+01 nan
-4.900000000000000000e+01 4.800000000000000000e+01 nan
-4.900000000000000000e+01 4.900000000000000000e+01 nan
-4.900000000000000000e+01 5.000000000000000000e+01 nan
-4.800000000000000000e+01 3.000000000000000000e+01 nan
-4.800000000000000000e+01 3.100000000000000000e+01 nan
-4.800000000000000000e+01 3.200000000000000000e+01 nan
-4.800000000000000000e+01 3.300000000000000000e+01 nan
-4.800000000000000000e+01 3.400000000000000000e+01 nan
-4.800000000000000000e+01 3.500000000000000000e+01 nan
-4.800000000000000000e+01 3.600000000000000000e+01 nan
-4.800000000000000000e+01 3.700000000000000000e+01 nan
-4.800000000000000000e+01 3.800000000000000000e+01 nan
-4.800000000000000000e+01 3.900000000000000000e+01 nan
-4.800000000000000000e+01 4.000000000000000000e+01 nan
-4.800000000000000000e+01 4.100000000000000000e+01 nan
-4.800000000000000000e+01 4.200000000000000000e+01 5.483856669409734597e-01
-4.800000000000000000e+01 4.300000000000000000e+01 4.785525801838285687e-01
-4.800000000000000000e+01 4.400000000000000000e+01 nan
-4.800000000000000000e+01 4.500000000000000000e+01 nan
-4.800000000000000000e+01 4.600000000000000000e+01 nan
-4.800000000000000000e+01 4.700000000000000000e+01 nan
-4.800000000000000000e+01 4.800000000000000000e+01 nan
-4.800000000000000000e+01 4.900000000000000000e+01 nan
-4.800000000000000000e+01 5.000000000000000000e+01 nan
-4.700000000000000000e+01 3.000000000000000000e+01 nan
-4.700000000000000000e+01 3.100000000000000000e+01 nan
-4.700000000000000000e+01 3.200000000000000000e+01 nan
-4.700000000000000000e+01 3.300000000000000000e+01 nan
-4.700000000000000000e+01 3.400000000000000000e+01 nan
-4.700000000000000000e+01 3.500000000000000000e+01 9.345535702567472347e-01
-4.700000000000000000e+01 3.600000000000000000e+01 8.655325500192212473e-01
-4.700000000000000000e+01 3.700000000000000000e+01 7.735631442099591970e-01
-4.700000000000000000e+01 3.800000000000000000e+01 7.362014368100082695e-01
-4.700000000000000000e+01 3.900000000000000000e+01 6.802376429881079600e-01
-4.700000000000000000e+01 4.000000000000000000e+01 6.276456940490821035e-01
-4.700000000000000000e+01 4.100000000000000000e+01 6.032350685942403645e-01
-4.700000000000000000e+01 4.200000000000000000e+01 5.701238258745567888e-01
-4.700000000000000000e+01 4.300000000000000000e+01 4.906122665053209153e-01
-4.700000000000000000e+01 4.400000000000000000e+01 4.314159650907844479e-01
-4.700000000000000000e+01 4.500000000000000000e+01 nan
-4.700000000000000000e+01 4.600000000000000000e+01 nan
-4.700000000000000000e+01 4.700000000000000000e+01 nan
-4.700000000000000000e+01 4.800000000000000000e+01 nan
-4.700000000000000000e+01 4.900000000000000000e+01 nan
-4.700000000000000000e+01 5.000000000000000000e+01 nan
-4.600000000000000000e+01 3.000000000000000000e+01 nan
-4.600000000000000000e+01 3.100000000000000000e+01 1.081361508304620633e+00
-4.600000000000000000e+01 3.200000000000000000e+01 9.821814075550598933e-01
-4.600000000000000000e+01 3.300000000000000000e+01 8.967064107067844736e-01
-4.600000000000000000e+01 3.400000000000000000e+01 8.932881382785733404e-01
-4.600000000000000000e+01 3.500000000000000000e+01 8.927269053441500013e-01
-4.600000000000000000e+01 3.600000000000000000e+01 8.407493670509311734e-01
-4.600000000000000000e+01 3.700000000000000000e+01 7.572401967662070188e-01
-4.600000000000000000e+01 3.800000000000000000e+01 7.128885252269707706e-01
-4.600000000000000000e+01 3.900000000000000000e+01 6.687363331296465319e-01
-4.600000000000000000e+01 4.000000000000000000e+01 6.171552836134153175e-01
-4.600000000000000000e+01 4.100000000000000000e+01 6.032350685942403645e-01
-4.600000000000000000e+01 4.200000000000000000e+01 5.705519665572401644e-01
-4.600000000000000000e+01 4.300000000000000000e+01 4.986077505333019744e-01
-4.600000000000000000e+01 4.400000000000000000e+01 4.064874449322088412e-01
-4.600000000000000000e+01 4.500000000000000000e+01 nan
-4.600000000000000000e+01 4.600000000000000000e+01 nan
-4.600000000000000000e+01 4.700000000000000000e+01 nan
-4.600000000000000000e+01 4.800000000000000000e+01 nan
-4.600000000000000000e+01 4.900000000000000000e+01 nan
-4.600000000000000000e+01 5.000000000000000000e+01 nan
-4.500000000000000000e+01 3.000000000000000000e+01 1.070415345586404943e+00
-4.500000000000000000e+01 3.100000000000000000e+01 1.079743440443354574e+00
-4.500000000000000000e+01 3.200000000000000000e+01 1.000027489498676259e+00
-4.500000000000000000e+01 3.300000000000000000e+01 9.221836977419620718e-01
-4.500000000000000000e+01 3.400000000000000000e+01 8.892202753394180537e-01
-4.500000000000000000e+01 3.500000000000000000e+01 8.555872454589807941e-01
-4.500000000000000000e+01 3.600000000000000000e+01 8.164985989585253900e-01
-4.500000000000000000e+01 3.700000000000000000e+01 7.390798069026186523e-01
-4.500000000000000000e+01 3.800000000000000000e+01 6.810461912052468980e-01
-4.500000000000000000e+01 3.900000000000000000e+01 6.367376734362996116e-01
-4.500000000000000000e+01 4.000000000000000000e+01 6.106971728952682588e-01
-4.500000000000000000e+01 4.100000000000000000e+01 6.023184539146170247e-01
-4.500000000000000000e+01 4.200000000000000000e+01 5.719489647776142549e-01
-4.500000000000000000e+01 4.300000000000000000e+01 5.294879299257231331e-01
-4.500000000000000000e+01 4.400000000000000000e+01 4.471638752925764515e-01
-4.500000000000000000e+01 4.500000000000000000e+01 nan
-4.500000000000000000e+01 4.600000000000000000e+01 nan
-4.500000000000000000e+01 4.700000000000000000e+01 nan
-4.500000000000000000e+01 4.800000000000000000e+01 nan
-4.500000000000000000e+01 4.900000000000000000e+01 nan
-4.500000000000000000e+01 5.000000000000000000e+01 nan
-4.400000000000000000e+01 3.000000000000000000e+01 1.057231660581194665e+00
-4.400000000000000000e+01 3.100000000000000000e+01 1.080761111400494912e+00
-4.400000000000000000e+01 3.200000000000000000e+01 1.015046041992418324e+00
-4.400000000000000000e+01 3.300000000000000000e+01 9.400493379660477267e-01
-4.400000000000000000e+01 3.400000000000000000e+01 8.724552928316614553e-01
-4.400000000000000000e+01 3.500000000000000000e+01 8.155536701957225576e-01
-4.400000000000000000e+01 3.600000000000000000e+01 7.920587170498349927e-01
-4.400000000000000000e+01 3.700000000000000000e+01 6.952882337612178443e-01
-4.400000000000000000e+01 3.800000000000000000e+01 6.031433121179390344e-01
-4.400000000000000000e+01 3.900000000000000000e+01 5.948303008565468675e-01
-4.400000000000000000e+01 4.000000000000000000e+01 6.037742439536789574e-01
-4.400000000000000000e+01 4.100000000000000000e+01 6.039034253828676757e-01
-4.400000000000000000e+01 4.200000000000000000e+01 5.870327526897697323e-01
-4.400000000000000000e+01 4.300000000000000000e+01 5.643390712883331606e-01
-4.400000000000000000e+01 4.400000000000000000e+01 4.690813821513698523e-01
-4.400000000000000000e+01 4.500000000000000000e+01 nan
-4.400000000000000000e+01 4.600000000000000000e+01 nan
-4.400000000000000000e+01 4.700000000000000000e+01 nan
-4.400000000000000000e+01 4.800000000000000000e+01 nan
-4.400000000000000000e+01 4.900000000000000000e+01 nan
-4.400000000000000000e+01 5.000000000000000000e+01 nan
-4.300000000000000000e+01 3.000000000000000000e+01 nan
-4.300000000000000000e+01 3.100000000000000000e+01 1.068398272579641484e+00
-4.300000000000000000e+01 3.200000000000000000e+01 1.001283917897936915e+00
-4.300000000000000000e+01 3.300000000000000000e+01 9.194488151627789874e-01
-4.300000000000000000e+01 3.400000000000000000e+01 8.473638715541768063e-01
-4.300000000000000000e+01 3.500000000000000000e+01 7.658657765770949810e-01
-4.300000000000000000e+01 3.600000000000000000e+01 7.183084257620109270e-01
-4.300000000000000000e+01 3.700000000000000000e+01 6.123289701059411172e-01
-4.300000000000000000e+01 3.800000000000000000e+01 5.698271153447075354e-01
-4.300000000000000000e+01 3.900000000000000000e+01 5.809437405933245424e-01
-4.300000000000000000e+01 4.000000000000000000e+01 5.908394777533464426e-01
-4.300000000000000000e+01 4.100000000000000000e+01 5.919111067308621132e-01
-4.300000000000000000e+01 4.200000000000000000e+01 5.841204463530995650e-01
-4.300000000000000000e+01 4.300000000000000000e+01 5.716109350576105141e-01
-4.300000000000000000e+01 4.400000000000000000e+01 nan
-4.300000000000000000e+01 4.500000000000000000e+01 nan
-4.300000000000000000e+01 4.600000000000000000e+01 nan
-4.300000000000000000e+01 4.700000000000000000e+01 nan
-4.300000000000000000e+01 4.800000000000000000e+01 nan
-4.300000000000000000e+01 4.900000000000000000e+01 nan
-4.300000000000000000e+01 5.000000000000000000e+01 nan
-4.200000000000000000e+01 3.000000000000000000e+01 nan
-4.200000000000000000e+01 3.100000000000000000e+01 1.045025420227734925e+00
-4.200000000000000000e+01 3.200000000000000000e+01 9.783336382897147576e-01
-4.200000000000000000e+01 3.300000000000000000e+01 9.099539785548781401e-01
-4.200000000000000000e+01 3.400000000000000000e+01 8.361897493589138808e-01
-4.200000000000000000e+01 3.500000000000000000e+01 7.039806534069648070e-01
-4.200000000000000000e+01 3.600000000000000000e+01 6.228106423316224216e-01
-4.200000000000000000e+01 3.700000000000000000e+01 5.754290685564411589e-01
-4.200000000000000000e+01 3.800000000000000000e+01 5.722778628738887097e-01
-4.200000000000000000e+01 3.900000000000000000e+01 5.976635548599475989e-01
-4.200000000000000000e+01 4.000000000000000000e+01 5.894830605421340630e-01
-4.200000000000000000e+01 4.100000000000000000e+01 5.802367638182222009e-01
-4.200000000000000000e+01 4.200000000000000000e+01 5.720497825677886006e-01
-4.200000000000000000e+01 4.300000000000000000e+01 5.687849006472989188e-01
-4.200000000000000000e+01 4.400000000000000000e+01 nan
-4.200000000000000000e+01 4.500000000000000000e+01 nan
-4.200000000000000000e+01 4.600000000000000000e+01 nan
-4.200000000000000000e+01 4.700000000000000000e+01 nan
-4.200000000000000000e+01 4.800000000000000000e+01 nan
-4.200000000000000000e+01 4.900000000000000000e+01 nan
-4.200000000000000000e+01 5.000000000000000000e+01 nan
-4.100000000000000000e+01 3.000000000000000000e+01 nan
-4.100000000000000000e+01 3.100000000000000000e+01 nan
-4.100000000000000000e+01 3.200000000000000000e+01 nan
-4.100000000000000000e+01 3.300000000000000000e+01 nan
-4.100000000000000000e+01 3.400000000000000000e+01 nan
-4.100000000000000000e+01 3.500000000000000000e+01 nan
-4.100000000000000000e+01 3.600000000000000000e+01 nan
-4.100000000000000000e+01 3.700000000000000000e+01 nan
-4.100000000000000000e+01 3.800000000000000000e+01 nan
-4.100000000000000000e+01 3.900000000000000000e+01 nan
-4.100000000000000000e+01 4.000000000000000000e+01 nan
-4.100000000000000000e+01 4.100000000000000000e+01 nan
-4.100000000000000000e+01 4.200000000000000000e+01 nan
-4.100000000000000000e+01 4.300000000000000000e+01 nan
-4.100000000000000000e+01 4.400000000000000000e+01 nan
-4.100000000000000000e+01 4.500000000000000000e+01 nan
-4.100000000000000000e+01 4.600000000000000000e+01 nan
-4.100000000000000000e+01 4.700000000000000000e+01 nan
-4.100000000000000000e+01 4.800000000000000000e+01 nan
-4.100000000000000000e+01 4.900000000000000000e+01 nan
-4.100000000000000000e+01 5.000000000000000000e+01 nan
