Longitude[deg], Latitude[deg], Dust optical depth
-9.100000000000000000e+01 1.600000000000000000e+01 nan
-9.100000000000000000e+01 1.700000000000000000e+01 nan
-9.100000000000000000e+01 1.800000000000000000e+01 nan
-9.100000000000000000e+01 1.900000000000000000e+01 nan
-9.100000000000000000e+01 2.000000000000000000e+01 nan
-9.100000000000000000e+01 2.100000000000000000e+01 nan
-9.100000000000000000e+01 2.200000000000000000e+01 nan
-9.100000000000000000e+01 2.300000000000000000e+01 nan
-9.100000000000000000e+01 2.400000000000000000e+01 nan
-9.100000000000000000e+01 2.500000000000000000e+01 nan
-9.100000000000000000e+01 2.600000000000000000e+01 nan
-9.100000000000000000e+01 2.700000000000000000e+01 nan
-9.100000000000000000e+01 2.800000000000000000e+01 nan
-9.100000000000000000e+01 2.900000000000000000e+01 nan
-9.100000000000000000e+01 3.000000000000000000e+01 nan
-9.100000000000000000e+01 3.100000000000000000e+01 nan
-9.100000000000000000e+01 3.200000000000000000e+01 nan
-9.100000000000000000e+01 3.300000000000000000e+01 nan
-9.100000000000000000e+01 3.400000000000000000e+01 nan
-9.100000000000000000e+01 3.500000000000000000e+01 nan
-9.100000000000000000e+01 3.600000000000000000e+01 nan
-9.100000000000000000e+01 3.700000000000000000e+01 3.213884612997277568e+00
-9.100000000000000000e+01 3.800000000000000000e+01 3.345866435333750388e+00
-9.100000000000000000e+01 3.900000000000000000e+01 3.446644114115395396e+00
-9.100000000000000000e+01 4.000000000000000000e+01 nan
-9.000000000000000000e+01 1.600000000000000000e+01 nan
-9.000000000000000000e+01 1.700000000000000000e+01 nan
-9.000000000000000000e+01 1.800000000000000000e+01 nan
-9.000000000000000000e+01 1.900000000000000000e+01 nan
-9.000000000000000000e+01 2.000000000000000000e+01 nan
-9.000000000000000000e+01 2.100000000000000000e+01 nan
-9.000000000000000000e+01 2.200000000000000000e+01 nan
-9.000000000000000000e+01 2.300000000000000000e+01 nan
-9.000000000000000000e+01 2.400000000000000000e+01 nan
-9.000000000000000000e+01 2.500000000000000000e+01 nan
-9.000000000000000000e+01 2.600000000000000000e+01 nan
-9.000000000000000000e+01 2.700000000000000000e+01 nan
-9.000000000000000000e+01 2.800000000000000000e+01 nan
-9.000000000000000000e+01 2.900000000000000000e+01 nan
-9.000000000000000000e+01 3.000000000000000000e+01 nan
-9.000000000000000000e+01 3.100000000000000000e+01 nan
-9.000000000000000000e+01 3.200000000000000000e+01 3.584603932805570548e+00
-9.000000000000000000e+01 3.300000000000000000e+01 3.435545352551860887e+00
-9.000000000000000000e+01 3.400000000000000000e+01 3.430232397454209714e+00
-9.000000000000000000e+01 3.500000000000000000e+01 3.495239720511899240e+00
-9.000000000000000000e+01 3.600000000000000000e+01 3.346692739695828145e+00
-9.000000000000000000e+01 3.700000000000000000e+01 3.265534918525312413e+00
-9.000000000000000000e+01 3.800000000000000000e+01 3.403145478020042969e+00
-9.000000000000000000e+01 3.900000000000000000e+01 3.456204888313120893e+00
-9.000000000000000000e+01 4.000000000000000000e+01 3.459226532323842029e+00
-8.900000000000000000e+01 1.600000000000000000e+01 nan
-8.900000000000000000e+01 1.700000000000000000e+01 nan
-8.900000000000000000e+01 1.800000000000000000e+01 nan
-8.900000000000000000e+01 1.900000000000000000e+01 nan
-8.900000000000000000e+01 2.000000000000000000e+01 nan
-8.900000000000000000e+01 2.100000000000000000e+01 nan
-8.900000000000000000e+01 2.200000000000000000e+01 nan
-8.900000000000000000e+01 2.300000000000000000e+01 nan
-8.900000000000000000e+01 2.400000000000000000e+01 nan
-8.900000000000000000e+01 2.500000000000000000e+01 nan
-8.900000000000000000e+01 2.600000000000000000e+01 nan
-8.900000000000000000e+01 2.700000000000000000e+01 3.638211660815935389e+00
-8.900000000000000000e+01 2.800000000000000000e+01 3.570001566837817997e+00
-8.900000000000000000e+01 2.900000000000000000e+01 3.529584400375127107e+00
-8.900000000000000000e+01 3.000000000000000000e+01 3.544919428491931868e+00
-8.900000000000000000e+01 3.100000000000000000e+01 3.566693877745847008e+00
-8.900000000000000000e+01 3.200000000000000000e+01 3.501260801381491206e+00
-8.900000000000000000e+01 3.300000000000000000e+01 3.406632949872471450e+00
-8.900000000000000000e+01 3.400000000000000000e+01 3.438901228259485521e+00
-8.900000000000000000e+01 3.500000000000000000e+01 3.526697193072310998e+00
-8.900000000000000000e+01 3.600000000000000000e+01 3.357851963688776031e+00
-8.900000000000000000e+01 3.700000000000000000e+01 3.252724032766276085e+00
-8.900000000000000000e+01 3.800000000000000000e+01 3.389589948254232432e+00
-8.900000000000000000e+01 3.900000000000000000e+01 3.440699978680466842e+00
-8.900000000000000000e+01 4.000000000000000000e+01 3.475799700768187783e+00
-8.800000000000000000e+01 1.600000000000000000e+01 nan
-8.800000000000000000e+01 1.700000000000000000e+01 nan
-8.800000000000000000e+01 1.800000000000000000e+01 nan
-8.800000000000000000e+01 1.900000000000000000e+01 nan
-8.800000000000000000e+01 2.000000000000000000e+01 nan
-8.800000000000000000e+01 2.100000000000000000e+01 3.474772389560619068e+00
-8.800000000000000000e+01 2.200000000000000000e+01 3.547825215759823791e+00
-8.800000000000000000e+01 2.300000000000000000e+01 3.435962629665104018e+00
-8.800000000000000000e+01 2.400000000000000000e+01 3.412674607950036076e+00
-8.800000000000000000e+01 2.500000000000000000e+01 3.539583345725610730e+00
-8.800000000000000000e+01 2.600000000000000000e+01 3.554695057728045171e+00
-8.800000000000000000e+01 2.700000000000000000e+01 3.564084258798310145e+00
-8.800000000000000000e+01 2.800000000000000000e+01 3.540923928369095197e+00
-8.800000000000000000e+01 2.900000000000000000e+01 3.496916717652210238e+00
-8.800000000000000000e+01 3.000000000000000000e+01 3.505814004806291351e+00
-8.800000000000000000e+01 3.100000000000000000e+01 3.521457248494466175e+00
-8.800000000000000000e+01 3.200000000000000000e+01 3.461840769355927439e+00
-8.800000000000000000e+01 3.300000000000000000e+01 3.359688266870117346e+00
-8.800000000000000000e+01 3.400000000000000000e+01 3.443652806632731878e+00
-8.800000000000000000e+01 3.500000000000000000e+01 3.552278253489598026e+00
-8.800000000000000000e+01 3.600000000000000000e+01 3.388445367473831737e+00
-8.800000000000000000e+01 3.700000000000000000e+01 3.229750056141988068e+00
-8.800000000000000000e+01 3.800000000000000000e+01 3.315270330912371222e+00
-8.800000000000000000e+01 3.900000000000000000e+01 3.400091610209603488e+00
-8.800000000000000000e+01 4.000000000000000000e+01 3.426841070862160166e+00
-8.700000000000000000e+01 1.600000000000000000e+01 nan
-8.700000000000000000e+01 1.700000000000000000e+01 3.395024190800892239e+00
-8.700000000000000000e+01 1.800000000000000000e+01 3.423562903096517118e+00
-8.700000000000000000e+01 1.900000000000000000e+01 3.386034617653896905e+00
-8.700000000000000000e+01 2.000000000000000000e+01 3.353330863134377449e+00
-8.700000000000000000e+01 2.100000000000000000e+01 3.453207326879578876e+00
-8.700000000000000000e+01 2.200000000000000000e+01 3.540117411356727306e+00
-8.700000000000000000e+01 2.300000000000000000e+01 3.422987070840841195e+00
-8.700000000000000000e+01 2.400000000000000000e+01 3.408046252765512651e+00
-8.700000000000000000e+01 2.500000000000000000e+01 3.516332843083533888e+00
-8.700000000000000000e+01 2.600000000000000000e+01 3.522881880502282126e+00
-8.700000000000000000e+01 2.700000000000000000e+01 3.548676457396837680e+00
-8.700000000000000000e+01 2.800000000000000000e+01 3.583526264191494892e+00
-8.700000000000000000e+01 2.900000000000000000e+01 3.506927276341688771e+00
-8.700000000000000000e+01 3.000000000000000000e+01 3.454607088434911599e+00
-8.700000000000000000e+01 3.100000000000000000e+01 3.456687309020283205e+00
-8.700000000000000000e+01 3.200000000000000000e+01 3.405828353036165268e+00
-8.700000000000000000e+01 3.300000000000000000e+01 3.319353114415016126e+00
-8.700000000000000000e+01 3.400000000000000000e+01 3.421029544389645238e+00
-8.700000000000000000e+01 3.500000000000000000e+01 3.537880416275164031e+00
-8.700000000000000000e+01 3.600000000000000000e+01 3.415022241664614100e+00
-8.700000000000000000e+01 3.700000000000000000e+01 3.236571987894504510e+00
-8.700000000000000000e+01 3.800000000000000000e+01 3.240064883656311512e+00
-8.700000000000000000e+01 3.900000000000000000e+01 3.323374458506088924e+00
-8.700000000000000000e+01 4.000000000000000000e+01 3.330879765077732202e+00
-8.600000000000000000e+01 1.600000000000000000e+01 3.313270784513732359e+00
-8.600000000000000000e+01 1.700000000000000000e+01 3.379664016575281593e+00
-8.600000000000000000e+01 1.800000000000000000e+01 3.407682571552778761e+00
-8.600000000000000000e+01 1.900000000000000000e+01 3.370490896544130699e+00
-8.600000000000000000e+01 2.000000000000000000e+01 3.382652159114289070e+00
-8.600000000000000000e+01 2.100000000000000000e+01 3.489413077695079579e+00
-8.600000000000000000e+01 2.200000000000000000e+01 3.527414795697796812e+00
-8.600000000000000000e+01 2.300000000000000000e+01 3.380696947284342446e+00
-8.600000000000000000e+01 2.400000000000000000e+01 3.388488784199215065e+00
-8.600000000000000000e+01 2.500000000000000000e+01 3.493623617915991186e+00
-8.600000000000000000e+01 2.600000000000000000e+01 3.475091459593754095e+00
-8.600000000000000000e+01 2.700000000000000000e+01 3.501200225011667388e+00
-8.600000000000000000e+01 2.800000000000000000e+01 3.595045369161516291e+00
-8.600000000000000000e+01 2.900000000000000000e+01 3.559324457464781322e+00
-8.600000000000000000e+01 3.000000000000000000e+01 3.444653323127183420e+00
-8.600000000000000000e+01 3.100000000000000000e+01 3.419809673901117897e+00
-8.600000000000000000e+01 3.200000000000000000e+01 3.362468248099077961e+00
-8.600000000000000000e+01 3.300000000000000000e+01 3.325693441609594014e+00
-8.600000000000000000e+01 3.400000000000000000e+01 3.414085621643079715e+00
-8.600000000000000000e+01 3.500000000000000000e+01 3.514334767644650359e+00
-8.600000000000000000e+01 3.600000000000000000e+01 3.468190396797614206e+00
-8.600000000000000000e+01 3.700000000000000000e+01 3.288895821577292100e+00
-8.600000000000000000e+01 3.800000000000000000e+01 3.224171892014493501e+00
-8.600000000000000000e+01 3.900000000000000000e+01 3.260151410238211422e+00
-8.600000000000000000e+01 4.000000000000000000e+01 3.230262242758838998e+00
-8.500000000000000000e+01 1.600000000000000000e+01 3.200185674642100242e+00
-8.500000000000000000e+01 1.700000000000000000e+01 3.298794625732090147e+00
-8.500000000000000000e+01 1.800000000000000000e+01 3.345856333324257914e+00
-8.500000000000000000e+01 1.900000000000000000e+01 3.365780876642821884e+00
-8.500000000000000000e+01 2.000000000000000000e+01 3.439773186455090670e+00
-8.500000000000000000e+01 2.100000000000000000e+01 3.543987924309723869e+00
-8.500000000000000000e+01 2.200000000000000000e+01 3.536033308148933685e+00
-8.500000000000000000e+01 2.300000000000000000e+01 3.364216648372537311e+00
-8.500000000000000000e+01 2.400000000000000000e+01 3.376627040752387288e+00
-8.500000000000000000e+01 2.500000000000000000e+01 3.502758423052656944e+00
-8.500000000000000000e+01 2.600000000000000000e+01 3.451169843030115647e+00
-8.500000000000000000e+01 2.700000000000000000e+01 3.466699342038913834e+00
-8.500000000000000000e+01 2.800000000000000000e+01 3.592486271612194582e+00
-8.500000000000000000e+01 2.900000000000000000e+01 3.609195726321191344e+00
-8.500000000000000000e+01 3.000000000000000000e+01 3.501273917921372103e+00
-8.500000000000000000e+01 3.100000000000000000e+01 3.424793155396174793e+00
-8.500000000000000000e+01 3.200000000000000000e+01 3.364307447260220130e+00
-8.500000000000000000e+01 3.300000000000000000e+01 3.356263876977974014e+00
-8.500000000000000000e+01 3.400000000000000000e+01 3.407108540297397070e+00
-8.500000000000000000e+01 3.500000000000000000e+01 3.453786034898763901e+00
-8.500000000000000000e+01 3.600000000000000000e+01 3.483535851731788924e+00
-8.500000000000000000e+01 3.700000000000000000e+01 3.342711990561285873e+00
-8.500000000000000000e+01 3.800000000000000000e+01 3.256877898224244117e+00
-8.500000000000000000e+01 3.900000000000000000e+01 3.259536963211222993e+00
-8.500000000000000000e+01 4.000000000000000000e+01 3.188284344854510177e+00
-8.400000000000000000e+01 1.600000000000000000e+01 nan
-8.400000000000000000e+01 1.700000000000000000e+01 3.255378331738536080e+00
-8.400000000000000000e+01 1.800000000000000000e+01 3.290307666040566570e+00
-8.400000000000000000e+01 1.900000000000000000e+01 3.393088843688020440e+00
-8.400000000000000000e+01 2.000000000000000000e+01 3.473112351577366308e+00
-8.400000000000000000e+01 2.100000000000000000e+01 3.554528013828070154e+00
-8.400000000000000000e+01 2.200000000000000000e+01 3.556810830389596223e+00
-8.400000000000000000e+01 2.300000000000000000e+01 3.404951279378915174e+00
-8.400000000000000000e+01 2.400000000000000000e+01 3.400992052840140278e+00
-8.400000000000000000e+01 2.500000000000000000e+01 3.520393141104499524e+00
-8.400000000000000000e+01 2.600000000000000000e+01 3.444913700150482594e+00
-8.400000000000000000e+01 2.700000000000000000e+01 3.463679870805603134e+00
-8.400000000000000000e+01 2.800000000000000000e+01 3.588298071900232422e+00
-8.400000000000000000e+01 2.900000000000000000e+01 3.644059795199456442e+00
-8.400000000000000000e+01 3.000000000000000000e+01 3.552484750460369156e+00
-8.400000000000000000e+01 3.100000000000000000e+01 3.436764620601611142e+00
-8.400000000000000000e+01 3.200000000000000000e+01 3.379739494908420294e+00
-8.400000000000000000e+01 3.300000000000000000e+01 3.375220727689408395e+00
-8.400000000000000000e+01 3.400000000000000000e+01 3.387674485998526830e+00
-8.400000000000000000e+01 3.500000000000000000e+01 3.391757309648851137e+00
-8.400000000000000000e+01 3.600000000000000000e+01 3.408412230473274462e+00
-8.400000000000000000e+01 3.700000000000000000e+01 3.361189417224074383e+00
-8.400000000000000000e+01 3.800000000000000000e+01 3.321390716227830442e+00
-8.400000000000000000e+01 3.900000000000000000e+01 3.303999774104935838e+00
-8.400000000000000000e+01 4.000000000000000000e+01 3.201211535964913146e+00
-8.300000000000000000e+01 1.600000000000000000e+01 nan
-8.300000000000000000e+01 1.700000000000000000e+01 3.231726142343656516e+00
-8.300000000000000000e+01 1.800000000000000000e+01 3.273353129197989375e+00
-8.300000000000000000e+01 1.900000000000000000e+01 3.408860718930204481e+00
-8.300000000000000000e+01 2.000000000000000000e+01 3.520127137132813999e+00
-8.300000000000000000e+01 2.100000000000000000e+01 3.584659632905718762e+00
-8.300000000000000000e+01 2.200000000000000000e+01 3.616066946135777727e+00
-8.300000000000000000e+01 2.300000000000000000e+01 3.531670375778865889e+00
-8.300000000000000000e+01 2.400000000000000000e+01 3.422875193722171971e+00
-8.300000000000000000e+01 2.500000000000000000e+01 nan
-8.300000000000000000e+01 2.600000000000000000e+01 nan
-8.300000000000000000e+01 2.700000000000000000e+01 nan
-8.300000000000000000e+01 2.800000000000000000e+01 nan
-8.300000000000000000e+01 2.900000000000000000e+01 nan
-8.300000000000000000e+01 3.000000000000000000e+01 nan
-8.300000000000000000e+01 3.100000000000000000e+01 nan
-8.300000000000000000e+01 3.200000000000000000e+01 nan
-8.300000000000000000e+01 3.300000000000000000e+01 nan
-8.300000000000000000e+01 3.400000000000000000e+01 nan
-8.300000000000000000e+01 3.500000000000000000e+01 nan
-8.300000000000000000e+01 3.600000000000000000e+01 nan
-8.300000000000000000e+01 3.700000000000000000e+01 nan
-8.300000000000000000e+01 3.800000000000000000e+01 nan
-8.300000000000000000e+01 3.900000000000000000e+01 nan
-8.300000000000000000e+01 4.000000000000000000e+01 nan
