Longitude[deg], Latitude[deg], Dust optical depth
8.700000000000000000e+01 -3.000000000000000000e+00 nan
8.700000000000000000e+01 -2.000000000000000000e+00 nan
8.700000000000000000e+01 -1.000000000000000000e+00 nan
8.700000000000000000e+01 0.000000000000000000e+00 nan
8.700000000000000000e+01 1.000000000000000000e+00 nan
8.700000000000000000e+01 2.000000000000000000e+00 1.754160108407096796e+00
8.700000000000000000e+01 3.000000000000000000e+00 2.059472745062448151e+00
8.700000000000000000e+01 4.000000000000000000e+00 2.215083584161363639e+00
8.700000000000000000e+01 5.000000000000000000e+00 2.295891730273500908e+00
8.700000000000000000e+01 6.000000000000000000e+00 2.233437198549832026e+00
8.700000000000000000e+01 7.000000000000000000e+00 2.164794246832975055e+00
8.700000000000000000e+01 8.000000000000000000e+00 2.099188855741780824e+00
8.700000000000000000e+01 9.000000000000000000e+00 2.062965436478748416e+00
8.700000000000000000e+01 1.000000000000000000e+01 2.123160133254245796e+00
8.700000000000000000e+01 1.100000000000000000e+01 2.127568329288043625e+00
8.700000000000000000e+01 1.200000000000000000e+01 2.080816074090102941e+00
8.800000000000000000e+01 -3.000000000000000000e+00 1.715070898402474286e+00
8.800000000000000000e+01 -2.000000000000000000e+00 1.758007838812707835e+00
8.800000000000000000e+01 -1.000000000000000000e+00 1.806927764467635145e+00
8.800000000000000000e+01 0.000000000000000000e+00 1.739966140796669114e+00
8.800000000000000000e+01 1.000000000000000000e+00 1.725324940580287292e+00
8.800000000000000000e+01 2.000000000000000000e+00 1.730928101494953575e+00
8.800000000000000000e+01 3.000000000000000000e+00 1.918963353476288880e+00
8.800000000000000000e+01 4.000000000000000000e+00 2.223125108131145833e+00
8.800000000000000000e+01 5.000000000000000000e+00 2.296046668963126258e+00
8.800000000000000000e+01 6.000000000000000000e+00 2.258983108749317736e+00
8.800000000000000000e+01 7.000000000000000000e+00 2.195815063223313324e+00
8.800000000000000000e+01 8.000000000000000000e+00 2.102100873786607593e+00
8.800000000000000000e+01 9.000000000000000000e+00 2.061410188565294455e+00
8.800000000000000000e+01 1.000000000000000000e+01 2.115103785207177456e+00
8.800000000000000000e+01 1.100000000000000000e+01 2.119773196184188357e+00
8.800000000000000000e+01 1.200000000000000000e+01 2.075149277885544041e+00
8.900000000000000000e+01 -3.000000000000000000e+00 1.717554058101944836e+00
8.900000000000000000e+01 -2.000000000000000000e+00 1.749563205533704036e+00
8.900000000000000000e+01 -1.000000000000000000e+00 1.806658115180798774e+00
8.900000000000000000e+01 0.000000000000000000e+00 1.722929632570237679e+00
8.900000000000000000e+01 1.000000000000000000e+00 1.702859744450185397e+00
8.900000000000000000e+01 2.000000000000000000e+00 1.722732426669459471e+00
8.900000000000000000e+01 3.000000000000000000e+00 1.927930848550438281e+00
8.900000000000000000e+01 4.000000000000000000e+00 2.302919502969851706e+00
8.900000000000000000e+01 5.000000000000000000e+00 2.300360245867061781e+00
8.900000000000000000e+01 6.000000000000000000e+00 2.269285246626592922e+00
8.900000000000000000e+01 7.000000000000000000e+00 2.219268681311263425e+00
8.900000000000000000e+01 8.000000000000000000e+00 2.103355732432686587e+00
8.900000000000000000e+01 9.000000000000000000e+00 2.060051853423111812e+00
8.900000000000000000e+01 1.000000000000000000e+01 2.104945449306673044e+00
8.900000000000000000e+01 1.100000000000000000e+01 2.114258261793813709e+00
8.900000000000000000e+01 1.200000000000000000e+01 2.059394219286826644e+00
9.000000000000000000e+01 -3.000000000000000000e+00 1.718522666934426457e+00
9.000000000000000000e+01 -2.000000000000000000e+00 1.716486871258634750e+00
9.000000000000000000e+01 -1.000000000000000000e+00 1.803847323416161386e+00
9.000000000000000000e+01 0.000000000000000000e+00 1.699956861134438002e+00
9.000000000000000000e+01 1.000000000000000000e+00 1.651463242919236407e+00
9.000000000000000000e+01 2.000000000000000000e+00 1.645222318352051127e+00
9.000000000000000000e+01 3.000000000000000000e+00 2.045810305447673283e+00
9.000000000000000000e+01 4.000000000000000000e+00 2.308954483905021782e+00
9.000000000000000000e+01 5.000000000000000000e+00 2.306534446039635977e+00
9.000000000000000000e+01 6.000000000000000000e+00 2.275407522543475558e+00
9.000000000000000000e+01 7.000000000000000000e+00 2.228906748070828669e+00
9.000000000000000000e+01 8.000000000000000000e+00 2.099781126368410522e+00
9.000000000000000000e+01 9.000000000000000000e+00 2.058745263734911735e+00
9.000000000000000000e+01 1.000000000000000000e+01 2.051157646901949683e+00
9.000000000000000000e+01 1.100000000000000000e+01 2.107986822964951212e+00
9.000000000000000000e+01 1.200000000000000000e+01 nan
