Longitude[deg], Latitude[deg], Dust optical depth
1.070000000000000000e+02 -7.000000000000000000e+00 nan
1.070000000000000000e+02 -6.000000000000000000e+00 nan
1.070000000000000000e+02 -5.000000000000000000e+00 nan
1.070000000000000000e+02 -4.000000000000000000e+00 nan
1.070000000000000000e+02 -3.000000000000000000e+00 nan
1.070000000000000000e+02 -2.000000000000000000e+00 nan
1.070000000000000000e+02 -1.000000000000000000e+00 nan
1.070000000000000000e+02 0.000000000000000000e+00 nan
1.070000000000000000e+02 1.000000000000000000e+00 nan
1.070000000000000000e+02 2.000000000000000000e+00 nan
1.070000000000000000e+02 3.000000000000000000e+00 nan
1.070000000000000000e+02 4.000000000000000000e+00 nan
1.070000000000000000e+02 5.000000000000000000e+00 nan
1.070000000000000000e+02 6.000000000000000000e+00 nan
1.070000000000000000e+02 7.000000000000000000e+00 nan
1.070000000000000000e+02 8.000000000000000000e+00 nan
1.070000000000000000e+02 9.000000000000000000e+00 nan
1.070000000000000000e+02 1.000000000000000000e+01 nan
1.070000000000000000e+02 1.100000000000000000e+01 3.066269913704624095e+00
1.070000000000000000e+02 1.200000000000000000e+01 3.067352109595530507e+00
1.070000000000000000e+02 1.300000000000000000e+01 3.114898952349725025e+00
1.070000000000000000e+02 1.400000000000000000e+01 nan
1.080000000000000000e+02 -7.000000000000000000e+00 nan
1.080000000000000000e+02 -6.000000000000000000e+00 nan
1.080000000000000000e+02 -5.000000000000000000e+00 nan
1.080000000000000000e+02 -4.000000000000000000e+00 nan
1.080000000000000000e+02 -3.000000000000000000e+00 nan
1.080000000000000000e+02 -2.000000000000000000e+00 nan
1.080000000000000000e+02 -1.000000000000000000e+00 nan
1.080000000000000000e+02 0.000000000000000000e+00 nan
1.080000000000000000e+02 1.000000000000000000e+00 2.942565574116765337e+00
1.080000000000000000e+02 2.000000000000000000e+00 2.989435012858399965e+00
1.080000000000000000e+02 3.000000000000000000e+00 2.979199749073101700e+00
1.080000000000000000e+02 4.000000000000000000e+00 3.010742373439815989e+00
1.080000000000000000e+02 5.000000000000000000e+00 2.994603544738279055e+00
1.080000000000000000e+02 6.000000000000000000e+00 3.012200767840504501e+00
1.080000000000000000e+02 7.000000000000000000e+00 3.094622590341767676e+00
1.080000000000000000e+02 8.000000000000000000e+00 3.085824173582947250e+00
1.080000000000000000e+02 9.000000000000000000e+00 3.089438379511473709e+00
1.080000000000000000e+02 1.000000000000000000e+01 3.083781861828500670e+00
1.080000000000000000e+02 1.100000000000000000e+01 3.043411679792671354e+00
1.080000000000000000e+02 1.200000000000000000e+01 3.070581106837706020e+00
1.080000000000000000e+02 1.300000000000000000e+01 3.190270079602930409e+00
1.080000000000000000e+02 1.400000000000000000e+01 3.344900904757753146e+00
1.090000000000000000e+02 -7.000000000000000000e+00 3.073219670429625072e+00
1.090000000000000000e+02 -6.000000000000000000e+00 3.097304811680761105e+00
1.090000000000000000e+02 -5.000000000000000000e+00 3.194736968386599596e+00
1.090000000000000000e+02 -4.000000000000000000e+00 3.077457622750242372e+00
1.090000000000000000e+02 -3.000000000000000000e+00 2.969948343224740661e+00
1.090000000000000000e+02 -2.000000000000000000e+00 3.000605067002898974e+00
1.090000000000000000e+02 -1.000000000000000000e+00 3.013788034496718282e+00
1.090000000000000000e+02 0.000000000000000000e+00 2.982332593563175482e+00
1.090000000000000000e+02 1.000000000000000000e+00 2.916606486442005597e+00
1.090000000000000000e+02 2.000000000000000000e+00 2.969872324118508988e+00
1.090000000000000000e+02 3.000000000000000000e+00 2.985785189338359125e+00
1.090000000000000000e+02 4.000000000000000000e+00 3.002514722354564736e+00
1.090000000000000000e+02 5.000000000000000000e+00 3.017123848048732793e+00
1.090000000000000000e+02 6.000000000000000000e+00 3.037155674590994447e+00
1.090000000000000000e+02 7.000000000000000000e+00 3.105073008330686779e+00
1.090000000000000000e+02 8.000000000000000000e+00 3.088888348959358154e+00
1.090000000000000000e+02 9.000000000000000000e+00 3.095009835745099469e+00
1.090000000000000000e+02 1.000000000000000000e+01 3.102885090615494335e+00
1.090000000000000000e+02 1.100000000000000000e+01 3.058075198515382898e+00
1.090000000000000000e+02 1.200000000000000000e+01 3.090995761909680173e+00
1.090000000000000000e+02 1.300000000000000000e+01 3.209946203137752363e+00
1.090000000000000000e+02 1.400000000000000000e+01 3.344804824517066510e+00
1.100000000000000000e+02 -7.000000000000000000e+00 3.109955673245448082e+00
1.100000000000000000e+02 -6.000000000000000000e+00 3.127070334822763087e+00
1.100000000000000000e+02 -5.000000000000000000e+00 3.208654629619918985e+00
1.100000000000000000e+02 -4.000000000000000000e+00 3.119103196872910377e+00
1.100000000000000000e+02 -3.000000000000000000e+00 2.999402409111449508e+00
1.100000000000000000e+02 -2.000000000000000000e+00 3.000075466178417027e+00
1.100000000000000000e+02 -1.000000000000000000e+00 3.020331541779526230e+00
1.100000000000000000e+02 0.000000000000000000e+00 2.995618534600027694e+00
1.100000000000000000e+02 1.000000000000000000e+00 2.912013790422097959e+00
1.100000000000000000e+02 2.000000000000000000e+00 2.940321677442896409e+00
1.100000000000000000e+02 3.000000000000000000e+00 2.987922943153285882e+00
1.100000000000000000e+02 4.000000000000000000e+00 3.021019054052936248e+00
1.100000000000000000e+02 5.000000000000000000e+00 3.047401857144773185e+00
1.100000000000000000e+02 6.000000000000000000e+00 3.063604128936057602e+00
1.100000000000000000e+02 7.000000000000000000e+00 3.123477717842853441e+00
1.100000000000000000e+02 8.000000000000000000e+00 3.104073969903957231e+00
1.100000000000000000e+02 9.000000000000000000e+00 3.105970752514038757e+00
1.100000000000000000e+02 1.000000000000000000e+01 3.113918892902418190e+00
1.100000000000000000e+02 1.100000000000000000e+01 3.095939328363259690e+00
1.100000000000000000e+02 1.200000000000000000e+01 3.148274825716081526e+00
1.100000000000000000e+02 1.300000000000000000e+01 3.219684314167522210e+00
1.100000000000000000e+02 1.400000000000000000e+01 3.373524602632654190e+00
1.110000000000000000e+02 -7.000000000000000000e+00 3.112954973270627423e+00
1.110000000000000000e+02 -6.000000000000000000e+00 3.127291654041945090e+00
1.110000000000000000e+02 -5.000000000000000000e+00 3.228600030447671632e+00
1.110000000000000000e+02 -4.000000000000000000e+00 3.149616870994267792e+00
1.110000000000000000e+02 -3.000000000000000000e+00 3.021154433970483666e+00
1.110000000000000000e+02 -2.000000000000000000e+00 3.008823358253632119e+00
1.110000000000000000e+02 -1.000000000000000000e+00 3.034999974562188285e+00
1.110000000000000000e+02 0.000000000000000000e+00 3.013224968379827562e+00
1.110000000000000000e+02 1.000000000000000000e+00 2.912824479954596146e+00
1.110000000000000000e+02 2.000000000000000000e+00 2.923932440091856488e+00
1.110000000000000000e+02 3.000000000000000000e+00 2.988999564239033901e+00
1.110000000000000000e+02 4.000000000000000000e+00 3.034887163139614152e+00
1.110000000000000000e+02 5.000000000000000000e+00 3.062157783143287570e+00
1.110000000000000000e+02 6.000000000000000000e+00 3.073361689930394824e+00
1.110000000000000000e+02 7.000000000000000000e+00 3.130545992718499981e+00
1.110000000000000000e+02 8.000000000000000000e+00 3.167189012456272934e+00
1.110000000000000000e+02 9.000000000000000000e+00 3.113155213972356172e+00
1.110000000000000000e+02 1.000000000000000000e+01 3.116643654173557376e+00
1.110000000000000000e+02 1.100000000000000000e+01 3.101014943692395942e+00
1.110000000000000000e+02 1.200000000000000000e+01 3.153253623880232226e+00
1.110000000000000000e+02 1.300000000000000000e+01 3.245851527796935976e+00
1.110000000000000000e+02 1.400000000000000000e+01 3.425194979844345067e+00
1.120000000000000000e+02 -7.000000000000000000e+00 3.010991256936992766e+00
1.120000000000000000e+02 -6.000000000000000000e+00 3.095245177638894951e+00
1.120000000000000000e+02 -5.000000000000000000e+00 3.248670977112022129e+00
1.120000000000000000e+02 -4.000000000000000000e+00 3.219657765787746762e+00
1.120000000000000000e+02 -3.000000000000000000e+00 3.053120683140227332e+00
1.120000000000000000e+02 -2.000000000000000000e+00 3.088288402328397630e+00
1.120000000000000000e+02 -1.000000000000000000e+00 3.113238197484697878e+00
1.120000000000000000e+02 0.000000000000000000e+00 3.024111066050710228e+00
1.120000000000000000e+02 1.000000000000000000e+00 2.996691125361318431e+00
1.120000000000000000e+02 2.000000000000000000e+00 nan
1.120000000000000000e+02 3.000000000000000000e+00 nan
1.120000000000000000e+02 4.000000000000000000e+00 nan
1.120000000000000000e+02 5.000000000000000000e+00 nan
1.120000000000000000e+02 6.000000000000000000e+00 nan
1.120000000000000000e+02 7.000000000000000000e+00 nan
1.120000000000000000e+02 8.000000000000000000e+00 nan
1.120000000000000000e+02 9.000000000000000000e+00 nan
1.120000000000000000e+02 1.000000000000000000e+01 nan
1.120000000000000000e+02 1.100000000000000000e+01 nan
1.120000000000000000e+02 1.200000000000000000e+01 nan
1.120000000000000000e+02 1.300000000000000000e+01 nan
1.120000000000000000e+02 1.400000000000000000e+01 nan
