Longitude[deg], Latitude[deg], Dust optical depth
-1.110000000000000000e+02 1.300000000000000000e+01 nan
-1.110000000000000000e+02 1.400000000000000000e+01 nan
-1.110000000000000000e+02 1.500000000000000000e+01 nan
-1.110000000000000000e+02 1.600000000000000000e+01 nan
-1.110000000000000000e+02 1.700000000000000000e+01 nan
-1.110000000000000000e+02 1.800000000000000000e+01 nan
-1.110000000000000000e+02 1.900000000000000000e+01 nan
-1.110000000000000000e+02 2.000000000000000000e+01 nan
-1.110000000000000000e+02 2.100000000000000000e+01 nan
-1.110000000000000000e+02 2.200000000000000000e+01 nan
-1.110000000000000000e+02 2.300000000000000000e+01 nan
-1.110000000000000000e+02 2.400000000000000000e+01 nan
-1.110000000000000000e+02 2.500000000000000000e+01 nan
-1.110000000000000000e+02 2.600000000000000000e+01 nan
-1.110000000000000000e+02 2.700000000000000000e+01 nan
-1.110000000000000000e+02 2.800000000000000000e+01 nan
-1.110000000000000000e+02 2.900000000000000000e+01 nan
-1.110000000000000000e+02 3.000000000000000000e+01 nan
-1.110000000000000000e+02 3.100000000000000000e+01 1.196513652744220169e+00
-1.110000000000000000e+02 3.200000000000000000e+01 1.120840573323689027e+00
-1.110000000000000000e+02 3.300000000000000000e+01 1.091562406894010184e+00
-1.110000000000000000e+02 3.400000000000000000e+01 nan
-1.100000000000000000e+02 1.300000000000000000e+01 nan
-1.100000000000000000e+02 1.400000000000000000e+01 nan
-1.100000000000000000e+02 1.500000000000000000e+01 nan
-1.100000000000000000e+02 1.600000000000000000e+01 nan
-1.100000000000000000e+02 1.700000000000000000e+01 nan
-1.100000000000000000e+02 1.800000000000000000e+01 nan
-1.100000000000000000e+02 1.900000000000000000e+01 nan
-1.100000000000000000e+02 2.000000000000000000e+01 nan
-1.100000000000000000e+02 2.100000000000000000e+01 nan
-1.100000000000000000e+02 2.200000000000000000e+01 1.439279798491717388e+00
-1.100000000000000000e+02 2.300000000000000000e+01 1.422687680677099609e+00
-1.100000000000000000e+02 2.400000000000000000e+01 1.394187233606989373e+00
-1.100000000000000000e+02 2.500000000000000000e+01 1.441954156946028576e+00
-1.100000000000000000e+02 2.600000000000000000e+01 1.399523555202139891e+00
-1.100000000000000000e+02 2.700000000000000000e+01 1.371343987814316767e+00
-1.100000000000000000e+02 2.800000000000000000e+01 1.326610461006429764e+00
-1.100000000000000000e+02 2.900000000000000000e+01 1.309830041272216361e+00
-1.100000000000000000e+02 3.000000000000000000e+01 1.280976185735127171e+00
-1.100000000000000000e+02 3.100000000000000000e+01 1.150324517863306362e+00
-1.100000000000000000e+02 3.200000000000000000e+01 1.051973943445314363e+00
-1.100000000000000000e+02 3.300000000000000000e+01 1.007559030974880532e+00
-1.100000000000000000e+02 3.400000000000000000e+01 9.927272121247232572e-01
-1.090000000000000000e+02 1.300000000000000000e+01 nan
-1.090000000000000000e+02 1.400000000000000000e+01 1.725989279880252525e+00
-1.090000000000000000e+02 1.500000000000000000e+01 1.709526004466029647e+00
-1.090000000000000000e+02 1.600000000000000000e+01 1.656343556556077123e+00
-1.090000000000000000e+02 1.700000000000000000e+01 1.663079176395729109e+00
-1.090000000000000000e+02 1.800000000000000000e+01 1.608987666592210708e+00
-1.090000000000000000e+02 1.900000000000000000e+01 1.541289696180673019e+00
-1.090000000000000000e+02 2.000000000000000000e+01 1.453072505719297913e+00
-1.090000000000000000e+02 2.100000000000000000e+01 1.404228773248342499e+00
-1.090000000000000000e+02 2.200000000000000000e+01 1.369162512139416643e+00
-1.090000000000000000e+02 2.300000000000000000e+01 1.346716939187909468e+00
-1.090000000000000000e+02 2.400000000000000000e+01 1.371956824679761322e+00
-1.090000000000000000e+02 2.500000000000000000e+01 1.422966382911238892e+00
-1.090000000000000000e+02 2.600000000000000000e+01 1.373092118589043897e+00
-1.090000000000000000e+02 2.700000000000000000e+01 1.307959601557790341e+00
-1.090000000000000000e+02 2.800000000000000000e+01 1.291483540292031273e+00
-1.090000000000000000e+02 2.900000000000000000e+01 1.262259739302071360e+00
-1.090000000000000000e+02 3.000000000000000000e+01 1.213642160228410649e+00
-1.090000000000000000e+02 3.100000000000000000e+01 1.095116777337223013e+00
-1.090000000000000000e+02 3.200000000000000000e+01 1.028709548411538721e+00
-1.090000000000000000e+02 3.300000000000000000e+01 1.017052465570166708e+00
-1.090000000000000000e+02 3.400000000000000000e+01 1.018630847698318131e+00
-1.080000000000000000e+02 1.300000000000000000e+01 1.593822133729156043e+00
-1.080000000000000000e+02 1.400000000000000000e+01 1.695802284796932735e+00
-1.080000000000000000e+02 1.500000000000000000e+01 1.675203531866712003e+00
-1.080000000000000000e+02 1.600000000000000000e+01 1.621578550751090697e+00
-1.080000000000000000e+02 1.700000000000000000e+01 1.625994900826610801e+00
-1.080000000000000000e+02 1.800000000000000000e+01 1.599810074407179483e+00
-1.080000000000000000e+02 1.900000000000000000e+01 1.522010550491954106e+00
-1.080000000000000000e+02 2.000000000000000000e+01 1.400281364279396756e+00
-1.080000000000000000e+02 2.100000000000000000e+01 1.312100043703407826e+00
-1.080000000000000000e+02 2.200000000000000000e+01 1.302937848523026743e+00
-1.080000000000000000e+02 2.300000000000000000e+01 1.289147053608064031e+00
-1.080000000000000000e+02 2.400000000000000000e+01 1.321963828573034849e+00
-1.080000000000000000e+02 2.500000000000000000e+01 1.385999023831510302e+00
-1.080000000000000000e+02 2.600000000000000000e+01 1.329381009586091178e+00
-1.080000000000000000e+02 2.700000000000000000e+01 1.249281739375172506e+00
-1.080000000000000000e+02 2.800000000000000000e+01 1.222581912644180591e+00
-1.080000000000000000e+02 2.900000000000000000e+01 1.159501588838386388e+00
-1.080000000000000000e+02 3.000000000000000000e+01 1.100632851591684780e+00
-1.080000000000000000e+02 3.100000000000000000e+01 1.068622297309553826e+00
-1.080000000000000000e+02 3.200000000000000000e+01 1.081103169224052030e+00
-1.080000000000000000e+02 3.300000000000000000e+01 1.096524811973023983e+00
-1.080000000000000000e+02 3.400000000000000000e+01 1.120069196675992140e+00
-1.070000000000000000e+02 1.300000000000000000e+01 1.565632880292292306e+00
-1.070000000000000000e+02 1.400000000000000000e+01 1.665023924905480346e+00
-1.070000000000000000e+02 1.500000000000000000e+01 1.648550793641898160e+00
-1.070000000000000000e+02 1.600000000000000000e+01 1.601670289023272797e+00
-1.070000000000000000e+02 1.700000000000000000e+01 1.592443757011841043e+00
-1.070000000000000000e+02 1.800000000000000000e+01 1.580999674179410786e+00
-1.070000000000000000e+02 1.900000000000000000e+01 1.486583188904335717e+00
-1.070000000000000000e+02 2.000000000000000000e+01 1.332447822525207437e+00
-1.070000000000000000e+02 2.100000000000000000e+01 1.246227243195074941e+00
-1.070000000000000000e+02 2.200000000000000000e+01 1.264701316149811960e+00
-1.070000000000000000e+02 2.300000000000000000e+01 1.253158838006763087e+00
-1.070000000000000000e+02 2.400000000000000000e+01 1.271242164612506498e+00
-1.070000000000000000e+02 2.500000000000000000e+01 1.329916102078932516e+00
-1.070000000000000000e+02 2.600000000000000000e+01 1.284737621242688865e+00
-1.070000000000000000e+02 2.700000000000000000e+01 1.212948249228051001e+00
-1.070000000000000000e+02 2.800000000000000000e+01 1.166377078272405887e+00
-1.070000000000000000e+02 2.900000000000000000e+01 1.070586870853413863e+00
-1.070000000000000000e+02 3.000000000000000000e+01 1.059620220643096689e+00
-1.070000000000000000e+02 3.100000000000000000e+01 1.103829576208845920e+00
-1.070000000000000000e+02 3.200000000000000000e+01 1.137947673489859701e+00
-1.070000000000000000e+02 3.300000000000000000e+01 1.137406880353696970e+00
-1.070000000000000000e+02 3.400000000000000000e+01 1.174587316866147146e+00
-1.060000000000000000e+02 1.300000000000000000e+01 nan
-1.060000000000000000e+02 1.400000000000000000e+01 1.660708957688217469e+00
-1.060000000000000000e+02 1.500000000000000000e+01 1.640816620138805693e+00
-1.060000000000000000e+02 1.600000000000000000e+01 1.582196326062965674e+00
-1.060000000000000000e+02 1.700000000000000000e+01 1.566413013061674020e+00
-1.060000000000000000e+02 1.800000000000000000e+01 1.537826041399337873e+00
-1.060000000000000000e+02 1.900000000000000000e+01 1.421137452956186209e+00
-1.060000000000000000e+02 2.000000000000000000e+01 1.291893134831795464e+00
-1.060000000000000000e+02 2.100000000000000000e+01 1.256918771614629282e+00
-1.060000000000000000e+02 2.200000000000000000e+01 1.277256060316853459e+00
-1.060000000000000000e+02 2.300000000000000000e+01 1.258988175388444875e+00
-1.060000000000000000e+02 2.400000000000000000e+01 1.266188992491035004e+00
-1.060000000000000000e+02 2.500000000000000000e+01 1.294816980191954459e+00
-1.060000000000000000e+02 2.600000000000000000e+01 1.241121123954606276e+00
-1.060000000000000000e+02 2.700000000000000000e+01 1.195665890082336480e+00
-1.060000000000000000e+02 2.800000000000000000e+01 1.132233532715256841e+00
-1.060000000000000000e+02 2.900000000000000000e+01 1.013097954031434433e+00
-1.060000000000000000e+02 3.000000000000000000e+01 1.091344382609042318e+00
-1.060000000000000000e+02 3.100000000000000000e+01 1.172331727750510533e+00
-1.060000000000000000e+02 3.200000000000000000e+01 1.149517918877860589e+00
-1.060000000000000000e+02 3.300000000000000000e+01 1.137406880353696970e+00
-1.060000000000000000e+02 3.400000000000000000e+01 nan
