Longitude[deg], Latitude[deg], Dust optical depth
-1.520000000000000000e+02 -2.000000000000000000e+00 nan
-1.520000000000000000e+02 -1.000000000000000000e+00 nan
-1.520000000000000000e+02 0.000000000000000000e+00 nan
-1.520000000000000000e+02 1.000000000000000000e+00 nan
-1.520000000000000000e+02 2.000000000000000000e+00 nan
-1.520000000000000000e+02 3.000000000000000000e+00 nan
-1.520000000000000000e+02 4.000000000000000000e+00 nan
-1.520000000000000000e+02 5.000000000000000000e+00 nan
-1.520000000000000000e+02 6.000000000000000000e+00 nan
-1.520000000000000000e+02 7.000000000000000000e+00 nan
-1.520000000000000000e+02 8.000000000000000000e+00 nan
-1.520000000000000000e+02 9.000000000000000000e+00 nan
-1.520000000000000000e+02 1.000000000000000000e+01 nan
-1.520000000000000000e+02 1.100000000000000000e+01 nan
-1.520000000000000000e+02 1.200000000000000000e+01 3.129297057891442080e+00
-1.520000000000000000e+02 1.300000000000000000e+01 3.183420484346144441e+00
-1.520000000000000000e+02 1.400000000000000000e+01 3.106959782252982194e+00
-1.520000000000000000e+02 1.500000000000000000e+01 2.997106596305481485e+00
-1.520000000000000000e+02 1.600000000000000000e+01 2.943420705826763850e+00
-1.520000000000000000e+02 1.700000000000000000e+01 2.895348915755898922e+00
-1.520000000000000000e+02 1.800000000000000000e+01 2.898517400774773822e+00
-1.510000000000000000e+02 -2.000000000000000000e+00 nan
-1.510000000000000000e+02 -1.000000000000000000e+00 nan
-1.510000000000000000e+02 0.000000000000000000e+00 nan
-1.510000000000000000e+02 1.000000000000000000e+00 nan
-1.510000000000000000e+02 2.000000000000000000e+00 3.287783313148521458e+00
-1.510000000000000000e+02 3.000000000000000000e+00 3.274648244086785898e+00
-1.510000000000000000e+02 4.000000000000000000e+00 3.288163208796902826e+00
-1.510000000000000000e+02 5.000000000000000000e+00 3.227570876636882691e+00
-1.510000000000000000e+02 6.000000000000000000e+00 3.374757720334991440e+00
-1.510000000000000000e+02 7.000000000000000000e+00 3.514342275975284924e+00
-1.510000000000000000e+02 8.000000000000000000e+00 3.430773534514667045e+00
-1.510000000000000000e+02 9.000000000000000000e+00 3.352728697534967495e+00
-1.510000000000000000e+02 1.000000000000000000e+01 3.506044735959127134e+00
-1.510000000000000000e+02 1.100000000000000000e+01 3.457541685900399120e+00
-1.510000000000000000e+02 1.200000000000000000e+01 3.296153875318984738e+00
-1.510000000000000000e+02 1.300000000000000000e+01 3.240104348677031787e+00
-1.510000000000000000e+02 1.400000000000000000e+01 3.133542335875989515e+00
-1.510000000000000000e+02 1.500000000000000000e+01 3.028942884130990887e+00
-1.510000000000000000e+02 1.600000000000000000e+01 2.977574721476831776e+00
-1.510000000000000000e+02 1.700000000000000000e+01 2.916263828175243322e+00
-1.510000000000000000e+02 1.800000000000000000e+01 2.878591927147235108e+00
-1.500000000000000000e+02 -2.000000000000000000e+00 3.340061039666669895e+00
-1.500000000000000000e+02 -1.000000000000000000e+00 3.273057512083388243e+00
-1.500000000000000000e+02 0.000000000000000000e+00 3.260459551886229157e+00
-1.500000000000000000e+02 1.000000000000000000e+00 3.326398314556818558e+00
-1.500000000000000000e+02 2.000000000000000000e+00 3.303994261881669114e+00
-1.500000000000000000e+02 3.000000000000000000e+00 3.289842598341732316e+00
-1.500000000000000000e+02 4.000000000000000000e+00 3.315148220871845464e+00
-1.500000000000000000e+02 5.000000000000000000e+00 3.321578070995953258e+00
-1.500000000000000000e+02 6.000000000000000000e+00 3.376835858583969063e+00
-1.500000000000000000e+02 7.000000000000000000e+00 3.478597665084878887e+00
-1.500000000000000000e+02 8.000000000000000000e+00 3.430918264036876941e+00
-1.500000000000000000e+02 9.000000000000000000e+00 3.385592673917942719e+00
-1.500000000000000000e+02 1.000000000000000000e+01 3.510507592488619988e+00
-1.500000000000000000e+02 1.100000000000000000e+01 3.470871031987469379e+00
-1.500000000000000000e+02 1.200000000000000000e+01 3.310508606050852176e+00
-1.500000000000000000e+02 1.300000000000000000e+01 3.269217420362504178e+00
-1.500000000000000000e+02 1.400000000000000000e+01 3.135670679076974388e+00
-1.500000000000000000e+02 1.500000000000000000e+01 3.031198754310790999e+00
-1.500000000000000000e+02 1.600000000000000000e+01 3.008306349587205997e+00
-1.500000000000000000e+02 1.700000000000000000e+01 2.940878247630410502e+00
-1.500000000000000000e+02 1.800000000000000000e+01 2.812053701771778602e+00
-1.490000000000000000e+02 -2.000000000000000000e+00 3.366465204190466576e+00
-1.490000000000000000e+02 -1.000000000000000000e+00 3.323982159611587939e+00
-1.490000000000000000e+02 0.000000000000000000e+00 3.356774459916904707e+00
-1.490000000000000000e+02 1.000000000000000000e+00 3.347156210975500201e+00
-1.490000000000000000e+02 2.000000000000000000e+00 3.305690483697262483e+00
-1.490000000000000000e+02 3.000000000000000000e+00 3.287906944182239499e+00
-1.490000000000000000e+02 4.000000000000000000e+00 3.366369790764543790e+00
-1.490000000000000000e+02 5.000000000000000000e+00 3.375500791318905680e+00
-1.490000000000000000e+02 6.000000000000000000e+00 3.372417355630043190e+00
-1.490000000000000000e+02 7.000000000000000000e+00 3.454310048115366349e+00
-1.490000000000000000e+02 8.000000000000000000e+00 3.420650899694042124e+00
-1.490000000000000000e+02 9.000000000000000000e+00 3.370846421379054991e+00
-1.490000000000000000e+02 1.000000000000000000e+01 3.505141428029963091e+00
-1.490000000000000000e+02 1.100000000000000000e+01 3.502662482219530027e+00
-1.490000000000000000e+02 1.200000000000000000e+01 3.335172615249510919e+00
-1.490000000000000000e+02 1.300000000000000000e+01 3.289266465307133291e+00
-1.490000000000000000e+02 1.400000000000000000e+01 3.146602240216077817e+00
-1.490000000000000000e+02 1.500000000000000000e+01 3.031441846129637518e+00
-1.490000000000000000e+02 1.600000000000000000e+01 3.025196154882026089e+00
-1.490000000000000000e+02 1.700000000000000000e+01 2.967059827834332975e+00
-1.490000000000000000e+02 1.800000000000000000e+01 2.801361748715617050e+00
-1.480000000000000000e+02 -2.000000000000000000e+00 3.409366709339414214e+00
-1.480000000000000000e+02 -1.000000000000000000e+00 3.376483829271819115e+00
-1.480000000000000000e+02 0.000000000000000000e+00 3.401076986381672995e+00
-1.480000000000000000e+02 1.000000000000000000e+00 3.395719720364378524e+00
-1.480000000000000000e+02 2.000000000000000000e+00 3.305690483697262483e+00
-1.480000000000000000e+02 3.000000000000000000e+00 3.284066643822728615e+00
-1.480000000000000000e+02 4.000000000000000000e+00 3.397365253847858035e+00
-1.480000000000000000e+02 5.000000000000000000e+00 3.387048640814182221e+00
-1.480000000000000000e+02 6.000000000000000000e+00 3.369988755210250986e+00
-1.480000000000000000e+02 7.000000000000000000e+00 3.455316514335020184e+00
-1.480000000000000000e+02 8.000000000000000000e+00 3.411057287526042980e+00
-1.480000000000000000e+02 9.000000000000000000e+00 3.333069049668127004e+00
-1.480000000000000000e+02 1.000000000000000000e+01 3.491246425198290648e+00
-1.480000000000000000e+02 1.100000000000000000e+01 3.520750666214135904e+00
-1.480000000000000000e+02 1.200000000000000000e+01 3.387675871467429989e+00
-1.480000000000000000e+02 1.300000000000000000e+01 3.307972329632375530e+00
-1.480000000000000000e+02 1.400000000000000000e+01 3.171320466909417046e+00
-1.480000000000000000e+02 1.500000000000000000e+01 3.029384675737107013e+00
-1.480000000000000000e+02 1.600000000000000000e+01 3.063172011002630146e+00
-1.480000000000000000e+02 1.700000000000000000e+01 2.980327744015840885e+00
-1.480000000000000000e+02 1.800000000000000000e+01 nan
