Longitude[deg], Latitude[deg], Dust optical depth
8.200000000000000000e+01 3.100000000000000000e+01 nan
8.200000000000000000e+01 3.200000000000000000e+01 nan
8.200000000000000000e+01 3.300000000000000000e+01 nan
8.200000000000000000e+01 3.400000000000000000e+01 nan
8.200000000000000000e+01 3.500000000000000000e+01 nan
8.200000000000000000e+01 3.600000000000000000e+01 nan
8.200000000000000000e+01 3.700000000000000000e+01 nan
8.200000000000000000e+01 3.800000000000000000e+01 nan
8.200000000000000000e+01 3.900000000000000000e+01 nan
8.200000000000000000e+01 4.000000000000000000e+01 nan
8.200000000000000000e+01 4.100000000000000000e+01 nan
8.200000000000000000e+01 4.200000000000000000e+01 nan
8.200000000000000000e+01 4.300000000000000000e+01 nan
8.200000000000000000e+01 4.400000000000000000e+01 nan
8.200000000000000000e+01 4.500000000000000000e+01 nan
8.200000000000000000e+01 4.600000000000000000e+01 nan
8.200000000000000000e+01 4.700000000000000000e+01 nan
8.200000000000000000e+01 4.800000000000000000e+01 nan
8.200000000000000000e+01 4.900000000000000000e+01 nan
8.200000000000000000e+01 5.000000000000000000e+01 nan
8.200000000000000000e+01 5.100000000000000000e+01 nan
8.300000000000000000e+01 3.100000000000000000e+01 nan
8.300000000000000000e+01 3.200000000000000000e+01 nan
8.300000000000000000e+01 3.300000000000000000e+01 nan
8.300000000000000000e+01 3.400000000000000000e+01 nan
8.300000000000000000e+01 3.500000000000000000e+01 nan
8.300000000000000000e+01 3.600000000000000000e+01 nan
8.300000000000000000e+01 3.700000000000000000e+01 nan
8.300000000000000000e+01 3.800000000000000000e+01 nan
8.300000000000000000e+01 3.900000000000000000e+01 nan
8.300000000000000000e+01 4.000000000000000000e+01 nan
8.300000000000000000e+01 4.100000000000000000e+01 nan
8.300000000000000000e+01 4.200000000000000000e+01 9.271474455410261273e-01
8.300000000000000000e+01 4.300000000000000000e+01 8.484155621479523290e-01
8.300000000000000000e+01 4.400000000000000000e+01 8.392221978730202148e-01
8.300000000000000000e+01 4.500000000000000000e+01 7.906196514083932980e-01
8.300000000000000000e+01 4.600000000000000000e+01 7.461478007349097163e-01
8.300000000000000000e+01 4.700000000000000000e+01 7.570752165363063835e-01
8.300000000000000000e+01 4.800000000000000000e+01 nan
8.300000000000000000e+01 4.900000000000000000e+01 nan
8.300000000000000000e+01 5.000000000000000000e+01 nan
8.300000000000000000e+01 5.100000000000000000e+01 nan
8.400000000000000000e+01 3.100000000000000000e+01 nan
8.400000000000000000e+01 3.200000000000000000e+01 nan
8.400000000000000000e+01 3.300000000000000000e+01 nan
8.400000000000000000e+01 3.400000000000000000e+01 nan
8.400000000000000000e+01 3.500000000000000000e+01 1.075757550186426936e+00
8.400000000000000000e+01 3.600000000000000000e+01 1.121831470218150884e+00
8.400000000000000000e+01 3.700000000000000000e+01 1.153922497529445756e+00
8.400000000000000000e+01 3.800000000000000000e+01 1.166365915531587527e+00
8.400000000000000000e+01 3.900000000000000000e+01 1.155533958288344598e+00
8.400000000000000000e+01 4.000000000000000000e+01 1.084556665200612002e+00
8.400000000000000000e+01 4.100000000000000000e+01 1.029679775448130385e+00
8.400000000000000000e+01 4.200000000000000000e+01 9.587104393757264198e-01
8.400000000000000000e+01 4.300000000000000000e+01 8.843722476062623183e-01
8.400000000000000000e+01 4.400000000000000000e+01 8.365565455479704315e-01
8.400000000000000000e+01 4.500000000000000000e+01 7.941247410792769967e-01
8.400000000000000000e+01 4.600000000000000000e+01 7.622704293854329904e-01
8.400000000000000000e+01 4.700000000000000000e+01 7.548019032141215501e-01
8.400000000000000000e+01 4.800000000000000000e+01 nan
8.400000000000000000e+01 4.900000000000000000e+01 nan
8.400000000000000000e+01 5.000000000000000000e+01 nan
8.400000000000000000e+01 5.100000000000000000e+01 nan
8.500000000000000000e+01 3.100000000000000000e+01 nan
8.500000000000000000e+01 3.200000000000000000e+01 1.106505200377964959e+00
8.500000000000000000e+01 3.300000000000000000e+01 1.118717040408480523e+00
8.500000000000000000e+01 3.400000000000000000e+01 1.125862251577028239e+00
8.500000000000000000e+01 3.500000000000000000e+01 1.096820882136554598e+00
8.500000000000000000e+01 3.600000000000000000e+01 1.122232162561572766e+00
8.500000000000000000e+01 3.700000000000000000e+01 1.170580686075610499e+00
8.500000000000000000e+01 3.800000000000000000e+01 1.201829454999256308e+00
8.500000000000000000e+01 3.900000000000000000e+01 1.177118042563911171e+00
8.500000000000000000e+01 4.000000000000000000e+01 1.095702279609757079e+00
8.500000000000000000e+01 4.100000000000000000e+01 1.023530905767269905e+00
8.500000000000000000e+01 4.200000000000000000e+01 9.541990641744829693e-01
8.500000000000000000e+01 4.300000000000000000e+01 8.946403498912061103e-01
8.500000000000000000e+01 4.400000000000000000e+01 8.337564576839716635e-01
8.500000000000000000e+01 4.500000000000000000e+01 8.022214178703511722e-01
8.500000000000000000e+01 4.600000000000000000e+01 8.032772184431056228e-01
8.500000000000000000e+01 4.700000000000000000e+01 nan
8.500000000000000000e+01 4.800000000000000000e+01 nan
8.500000000000000000e+01 4.900000000000000000e+01 nan
8.500000000000000000e+01 5.000000000000000000e+01 nan
8.500000000000000000e+01 5.100000000000000000e+01 nan
8.600000000000000000e+01 3.100000000000000000e+01 1.144355876051638798e+00
8.600000000000000000e+01 3.200000000000000000e+01 1.094541099823612029e+00
8.600000000000000000e+01 3.300000000000000000e+01 1.091355906405943488e+00
8.600000000000000000e+01 3.400000000000000000e+01 1.108857126895905765e+00
8.600000000000000000e+01 3.500000000000000000e+01 1.106678763205484639e+00
8.600000000000000000e+01 3.600000000000000000e+01 1.141440069972336602e+00
8.600000000000000000e+01 3.700000000000000000e+01 1.186615532176913401e+00
8.600000000000000000e+01 3.800000000000000000e+01 1.222041146452039095e+00
8.600000000000000000e+01 3.900000000000000000e+01 1.192827747789170223e+00
8.600000000000000000e+01 4.000000000000000000e+01 1.093653711545376606e+00
8.600000000000000000e+01 4.100000000000000000e+01 1.009030046113458479e+00
8.600000000000000000e+01 4.200000000000000000e+01 9.347055083198002601e-01
8.600000000000000000e+01 4.300000000000000000e+01 8.666608204629768775e-01
8.600000000000000000e+01 4.400000000000000000e+01 8.227059272762003994e-01
8.600000000000000000e+01 4.500000000000000000e+01 8.202988658045151649e-01
8.600000000000000000e+01 4.600000000000000000e+01 8.543761669939814452e-01
8.600000000000000000e+01 4.700000000000000000e+01 nan
8.600000000000000000e+01 4.800000000000000000e+01 nan
8.600000000000000000e+01 4.900000000000000000e+01 nan
8.600000000000000000e+01 5.000000000000000000e+01 nan
8.600000000000000000e+01 5.100000000000000000e+01 nan
8.700000000000000000e+01 3.100000000000000000e+01 1.139101518970178306e+00
8.700000000000000000e+01 3.200000000000000000e+01 1.094541099823612029e+00
8.700000000000000000e+01 3.300000000000000000e+01 1.088251397925401154e+00
8.700000000000000000e+01 3.400000000000000000e+01 1.120100829098281681e+00
8.700000000000000000e+01 3.500000000000000000e+01 1.137881867609297437e+00
8.700000000000000000e+01 3.600000000000000000e+01 1.192759815416720492e+00
8.700000000000000000e+01 3.700000000000000000e+01 1.223341313540086794e+00
8.700000000000000000e+01 3.800000000000000000e+01 1.224822080388022094e+00
8.700000000000000000e+01 3.900000000000000000e+01 1.188360051123142691e+00
8.700000000000000000e+01 4.000000000000000000e+01 1.075619438391756333e+00
8.700000000000000000e+01 4.100000000000000000e+01 9.947094187421269273e-01
8.700000000000000000e+01 4.200000000000000000e+01 9.039728423444671757e-01
8.700000000000000000e+01 4.300000000000000000e+01 8.361990956493026150e-01
8.700000000000000000e+01 4.400000000000000000e+01 8.114838167982421080e-01
8.700000000000000000e+01 4.500000000000000000e+01 8.288105644733414490e-01
8.700000000000000000e+01 4.600000000000000000e+01 8.727735897293984468e-01
8.700000000000000000e+01 4.700000000000000000e+01 nan
8.700000000000000000e+01 4.800000000000000000e+01 nan
8.700000000000000000e+01 4.900000000000000000e+01 nan
8.700000000000000000e+01 5.000000000000000000e+01 nan
8.700000000000000000e+01 5.100000000000000000e+01 nan
8.800000000000000000e+01 3.100000000000000000e+01 1.139131398529549921e+00
8.800000000000000000e+01 3.200000000000000000e+01 1.097859511149178680e+00
8.800000000000000000e+01 3.300000000000000000e+01 1.099978457443459456e+00
8.800000000000000000e+01 3.400000000000000000e+01 1.136052416035049806e+00
8.800000000000000000e+01 3.500000000000000000e+01 1.169686352712505428e+00
8.800000000000000000e+01 3.600000000000000000e+01 1.234532229194875042e+00
8.800000000000000000e+01 3.700000000000000000e+01 1.241455602724174767e+00
8.800000000000000000e+01 3.800000000000000000e+01 1.216055461172346641e+00
8.800000000000000000e+01 3.900000000000000000e+01 1.182576656159079587e+00
8.800000000000000000e+01 4.000000000000000000e+01 1.055953413058399848e+00
8.800000000000000000e+01 4.100000000000000000e+01 9.831092950342834591e-01
8.800000000000000000e+01 4.200000000000000000e+01 8.911034481769875004e-01
8.800000000000000000e+01 4.300000000000000000e+01 8.046962174417648939e-01
8.800000000000000000e+01 4.400000000000000000e+01 7.923688047239588750e-01
8.800000000000000000e+01 4.500000000000000000e+01 8.176570643956032614e-01
8.800000000000000000e+01 4.600000000000000000e+01 8.899366913225988940e-01
8.800000000000000000e+01 4.700000000000000000e+01 nan
8.800000000000000000e+01 4.800000000000000000e+01 nan
8.800000000000000000e+01 4.900000000000000000e+01 nan
8.800000000000000000e+01 5.000000000000000000e+01 nan
8.800000000000000000e+01 5.100000000000000000e+01 nan
8.900000000000000000e+01 3.100000000000000000e+01 nan
8.900000000000000000e+01 3.200000000000000000e+01 1.093546228234292039e+00
8.900000000000000000e+01 3.300000000000000000e+01 1.107036426313920074e+00
8.900000000000000000e+01 3.400000000000000000e+01 1.140350338031212996e+00
8.900000000000000000e+01 3.500000000000000000e+01 1.176353375318360150e+00
8.900000000000000000e+01 3.600000000000000000e+01 1.263082472108728593e+00
8.900000000000000000e+01 3.700000000000000000e+01 1.253533359320310625e+00
8.900000000000000000e+01 3.800000000000000000e+01 1.209139369296818423e+00
8.900000000000000000e+01 3.900000000000000000e+01 1.170390039256041348e+00
8.900000000000000000e+01 4.000000000000000000e+01 1.041100054923865370e+00
8.900000000000000000e+01 4.100000000000000000e+01 9.763853253585903502e-01
8.900000000000000000e+01 4.200000000000000000e+01 8.931527871454011391e-01
8.900000000000000000e+01 4.300000000000000000e+01 7.965515075033386960e-01
8.900000000000000000e+01 4.400000000000000000e+01 7.753089872246763381e-01
8.900000000000000000e+01 4.500000000000000000e+01 7.917450892054596068e-01
8.900000000000000000e+01 4.600000000000000000e+01 nan
8.900000000000000000e+01 4.700000000000000000e+01 nan
8.900000000000000000e+01 4.800000000000000000e+01 nan
8.900000000000000000e+01 4.900000000000000000e+01 nan
8.900000000000000000e+01 5.000000000000000000e+01 nan
8.900000000000000000e+01 5.100000000000000000e+01 nan
9.000000000000000000e+01 3.100000000000000000e+01 nan
9.000000000000000000e+01 3.200000000000000000e+01 nan
9.000000000000000000e+01 3.300000000000000000e+01 nan
9.000000000000000000e+01 3.400000000000000000e+01 nan
9.000000000000000000e+01 3.500000000000000000e+01 nan
9.000000000000000000e+01 3.600000000000000000e+01 nan
9.000000000000000000e+01 3.700000000000000000e+01 nan
9.000000000000000000e+01 3.800000000000000000e+01 nan
9.000000000000000000e+01 3.900000000000000000e+01 nan
9.000000000000000000e+01 4.000000000000000000e+01 nan
9.000000000000000000e+01 4.100000000000000000e+01 nan
9.000000000000000000e+01 4.200000000000000000e+01 nan
9.000000000000000000e+01 4.300000000000000000e+01 nan
9.000000000000000000e+01 4.400000000000000000e+01 nan
9.000000000000000000e+01 4.500000000000000000e+01 nan
9.000000000000000000e+01 4.600000000000000000e+01 nan
9.000000000000000000e+01 4.700000000000000000e+01 nan
9.000000000000000000e+01 4.800000000000000000e+01 nan
9.000000000000000000e+01 4.900000000000000000e+01 nan
9.000000000000000000e+01 5.000000000000000000e+01 nan
9.000000000000000000e+01 5.100000000000000000e+01 nan
