Longitude[deg], Latitude[deg], Dust optical depth
1.400000000000000000e+02 -2.400000000000000000e+01 nan
1.400000000000000000e+02 -2.300000000000000000e+01 nan
1.400000000000000000e+02 -2.200000000000000000e+01 nan
1.400000000000000000e+02 -2.100000000000000000e+01 nan
1.400000000000000000e+02 -2.000000000000000000e+01 nan
1.400000000000000000e+02 -1.900000000000000000e+01 nan
1.400000000000000000e+02 -1.800000000000000000e+01 nan
1.400000000000000000e+02 -1.700000000000000000e+01 nan
1.400000000000000000e+02 -1.600000000000000000e+01 nan
1.400000000000000000e+02 -1.500000000000000000e+01 nan
1.400000000000000000e+02 -1.400000000000000000e+01 nan
1.400000000000000000e+02 -1.300000000000000000e+01 nan
1.400000000000000000e+02 -1.200000000000000000e+01 5.745989593958022112e+00
1.400000000000000000e+02 -1.100000000000000000e+01 5.448253304657210805e+00
1.400000000000000000e+02 -1.000000000000000000e+01 5.389605823674689766e+00
1.400000000000000000e+02 -9.000000000000000000e+00 nan
1.410000000000000000e+02 -2.400000000000000000e+01 1.200848591661009834e+01
1.410000000000000000e+02 -2.300000000000000000e+01 1.079276122539081229e+01
1.410000000000000000e+02 -2.200000000000000000e+01 1.015529173801535912e+01
1.410000000000000000e+02 -2.100000000000000000e+01 1.008925635974602208e+01
1.410000000000000000e+02 -2.000000000000000000e+01 1.008762916782284336e+01
1.410000000000000000e+02 -1.900000000000000000e+01 9.675683861593556756e+00
1.410000000000000000e+02 -1.800000000000000000e+01 9.365920434253547810e+00
1.410000000000000000e+02 -1.700000000000000000e+01 9.073419647771713059e+00
1.410000000000000000e+02 -1.600000000000000000e+01 8.494708225759792342e+00
1.410000000000000000e+02 -1.500000000000000000e+01 7.925534575090979139e+00
1.410000000000000000e+02 -1.400000000000000000e+01 7.561250912946857916e+00
1.410000000000000000e+02 -1.300000000000000000e+01 6.947673607670674656e+00
1.410000000000000000e+02 -1.200000000000000000e+01 6.183701758918639158e+00
1.410000000000000000e+02 -1.100000000000000000e+01 5.649371642716697117e+00
1.410000000000000000e+02 -1.000000000000000000e+01 5.419095319259731980e+00
1.410000000000000000e+02 -9.000000000000000000e+00 nan
1.420000000000000000e+02 -2.400000000000000000e+01 1.212942949111486435e+01
1.420000000000000000e+02 -2.300000000000000000e+01 1.080446393460544741e+01
1.420000000000000000e+02 -2.200000000000000000e+01 9.963516450805920854e+00
1.420000000000000000e+02 -2.100000000000000000e+01 9.700976871958351566e+00
1.420000000000000000e+02 -2.000000000000000000e+01 9.795203299497586613e+00
1.420000000000000000e+02 -1.900000000000000000e+01 9.495445517731925023e+00
1.420000000000000000e+02 -1.800000000000000000e+01 9.323815608413841716e+00
1.420000000000000000e+02 -1.700000000000000000e+01 9.232734646887495344e+00
1.420000000000000000e+02 -1.600000000000000000e+01 8.519536029814720024e+00
1.420000000000000000e+02 -1.500000000000000000e+01 7.824128091883168601e+00
1.420000000000000000e+02 -1.400000000000000000e+01 7.458458211183620179e+00
1.420000000000000000e+02 -1.300000000000000000e+01 6.843752799508653339e+00
1.420000000000000000e+02 -1.200000000000000000e+01 6.246582034314084986e+00
1.420000000000000000e+02 -1.100000000000000000e+01 5.775359879440422617e+00
1.420000000000000000e+02 -1.000000000000000000e+01 5.456089213471285504e+00
1.420000000000000000e+02 -9.000000000000000000e+00 nan
1.430000000000000000e+02 -2.400000000000000000e+01 1.232894417358135719e+01
1.430000000000000000e+02 -2.300000000000000000e+01 1.081749192335285592e+01
1.430000000000000000e+02 -2.200000000000000000e+01 9.718879566070942388e+00
1.430000000000000000e+02 -2.100000000000000000e+01 9.307716520432776974e+00
1.430000000000000000e+02 -2.000000000000000000e+01 9.490237145847514100e+00
1.430000000000000000e+02 -1.900000000000000000e+01 9.312259611348450150e+00
1.430000000000000000e+02 -1.800000000000000000e+01 9.267727153514185190e+00
1.430000000000000000e+02 -1.700000000000000000e+01 9.363901119222326486e+00
1.430000000000000000e+02 -1.600000000000000000e+01 8.555418108986939885e+00
1.430000000000000000e+02 -1.500000000000000000e+01 7.724301402620080026e+00
1.430000000000000000e+02 -1.400000000000000000e+01 7.258521354608069132e+00
1.430000000000000000e+02 -1.300000000000000000e+01 6.713070812558222578e+00
1.430000000000000000e+02 -1.200000000000000000e+01 6.307904973605032772e+00
1.430000000000000000e+02 -1.100000000000000000e+01 5.994373168601764945e+00
1.430000000000000000e+02 -1.000000000000000000e+01 5.503602975529557462e+00
1.430000000000000000e+02 -9.000000000000000000e+00 nan
