Longitude[deg], Latitude[deg], Dust optical depth
-2.300000000000000000e+01 2.000000000000000000e+01 nan
-2.300000000000000000e+01 2.100000000000000000e+01 nan
-2.300000000000000000e+01 2.200000000000000000e+01 nan
-2.300000000000000000e+01 2.300000000000000000e+01 nan
-2.300000000000000000e+01 2.400000000000000000e+01 nan
-2.300000000000000000e+01 2.500000000000000000e+01 nan
-2.300000000000000000e+01 2.600000000000000000e+01 nan
-2.300000000000000000e+01 2.700000000000000000e+01 nan
-2.300000000000000000e+01 2.800000000000000000e+01 nan
-2.300000000000000000e+01 2.900000000000000000e+01 nan
-2.300000000000000000e+01 3.000000000000000000e+01 nan
-2.300000000000000000e+01 3.100000000000000000e+01 nan
-2.300000000000000000e+01 3.200000000000000000e+01 nan
-2.300000000000000000e+01 3.300000000000000000e+01 nan
-2.300000000000000000e+01 3.400000000000000000e+01 nan
-2.300000000000000000e+01 3.500000000000000000e+01 nan
-2.300000000000000000e+01 3.600000000000000000e+01 nan
-2.300000000000000000e+01 3.700000000000000000e+01 nan
-2.300000000000000000e+01 3.800000000000000000e+01 nan
-2.300000000000000000e+01 3.900000000000000000e+01 nan
-2.300000000000000000e+01 4.000000000000000000e+01 nan
-2.300000000000000000e+01 4.100000000000000000e+01 nan
-2.200000000000000000e+01 2.000000000000000000e+01 nan
-2.200000000000000000e+01 2.100000000000000000e+01 nan
-2.200000000000000000e+01 2.200000000000000000e+01 nan
-2.200000000000000000e+01 2.300000000000000000e+01 nan
-2.200000000000000000e+01 2.400000000000000000e+01 nan
-2.200000000000000000e+01 2.500000000000000000e+01 nan
-2.200000000000000000e+01 2.600000000000000000e+01 nan
-2.200000000000000000e+01 2.700000000000000000e+01 nan
-2.200000000000000000e+01 2.800000000000000000e+01 nan
-2.200000000000000000e+01 2.900000000000000000e+01 nan
-2.200000000000000000e+01 3.000000000000000000e+01 nan
-2.200000000000000000e+01 3.100000000000000000e+01 nan
-2.200000000000000000e+01 3.200000000000000000e+01 nan
-2.200000000000000000e+01 3.300000000000000000e+01 nan
-2.200000000000000000e+01 3.400000000000000000e+01 8.858222444445494892e-01
-2.200000000000000000e+01 3.500000000000000000e+01 nan
-2.200000000000000000e+01 3.600000000000000000e+01 nan
-2.200000000000000000e+01 3.700000000000000000e+01 nan
-2.200000000000000000e+01 3.800000000000000000e+01 nan
-2.200000000000000000e+01 3.900000000000000000e+01 nan
-2.200000000000000000e+01 4.000000000000000000e+01 nan
-2.200000000000000000e+01 4.100000000000000000e+01 nan
-2.100000000000000000e+01 2.000000000000000000e+01 nan
-2.100000000000000000e+01 2.100000000000000000e+01 nan
-2.100000000000000000e+01 2.200000000000000000e+01 nan
-2.100000000000000000e+01 2.300000000000000000e+01 nan
-2.100000000000000000e+01 2.400000000000000000e+01 nan
-2.100000000000000000e+01 2.500000000000000000e+01 nan
-2.100000000000000000e+01 2.600000000000000000e+01 nan
-2.100000000000000000e+01 2.700000000000000000e+01 nan
-2.100000000000000000e+01 2.800000000000000000e+01 1.440444075739627294e+00
-2.100000000000000000e+01 2.900000000000000000e+01 1.334031048858693502e+00
-2.100000000000000000e+01 3.000000000000000000e+01 1.128725179547779511e+00
-2.100000000000000000e+01 3.100000000000000000e+01 1.078115452278773478e+00
-2.100000000000000000e+01 3.200000000000000000e+01 1.058743625774202446e+00
-2.100000000000000000e+01 3.300000000000000000e+01 1.003255231906724942e+00
-2.100000000000000000e+01 3.400000000000000000e+01 9.285407098429513395e-01
-2.100000000000000000e+01 3.500000000000000000e+01 8.498587552220819852e-01
-2.100000000000000000e+01 3.600000000000000000e+01 nan
-2.100000000000000000e+01 3.700000000000000000e+01 nan
-2.100000000000000000e+01 3.800000000000000000e+01 nan
-2.100000000000000000e+01 3.900000000000000000e+01 nan
-2.100000000000000000e+01 4.000000000000000000e+01 nan
-2.100000000000000000e+01 4.100000000000000000e+01 nan
-2.000000000000000000e+01 2.000000000000000000e+01 nan
-2.000000000000000000e+01 2.100000000000000000e+01 nan
-2.000000000000000000e+01 2.200000000000000000e+01 2.022857180919907183e+00
-2.000000000000000000e+01 2.300000000000000000e+01 1.977820048999479052e+00
-2.000000000000000000e+01 2.400000000000000000e+01 1.797542354462444703e+00
-2.000000000000000000e+01 2.500000000000000000e+01 1.448836888304035231e+00
-2.000000000000000000e+01 2.600000000000000000e+01 1.500350641639772498e+00
-2.000000000000000000e+01 2.700000000000000000e+01 1.618131146318679159e+00
-2.000000000000000000e+01 2.800000000000000000e+01 1.533144428339699106e+00
-2.000000000000000000e+01 2.900000000000000000e+01 1.389114478873465064e+00
-2.000000000000000000e+01 3.000000000000000000e+01 1.231812999625536253e+00
-2.000000000000000000e+01 3.100000000000000000e+01 1.061829875568088166e+00
-2.000000000000000000e+01 3.200000000000000000e+01 1.008306982572035215e+00
-2.000000000000000000e+01 3.300000000000000000e+01 9.898737390704043237e-01
-2.000000000000000000e+01 3.400000000000000000e+01 9.319387290733480711e-01
-2.000000000000000000e+01 3.500000000000000000e+01 8.772977403264434759e-01
-2.000000000000000000e+01 3.600000000000000000e+01 nan
-2.000000000000000000e+01 3.700000000000000000e+01 nan
-2.000000000000000000e+01 3.800000000000000000e+01 nan
-2.000000000000000000e+01 3.900000000000000000e+01 nan
-2.000000000000000000e+01 4.000000000000000000e+01 nan
-2.000000000000000000e+01 4.100000000000000000e+01 nan
-1.900000000000000000e+01 2.000000000000000000e+01 2.092891709383187138e+00
-1.900000000000000000e+01 2.100000000000000000e+01 2.147690827947628112e+00
-1.900000000000000000e+01 2.200000000000000000e+01 2.088768048778084196e+00
-1.900000000000000000e+01 2.300000000000000000e+01 1.925944146555638836e+00
-1.900000000000000000e+01 2.400000000000000000e+01 1.675338152543655479e+00
-1.900000000000000000e+01 2.500000000000000000e+01 1.520180815112621930e+00
-1.900000000000000000e+01 2.600000000000000000e+01 1.576493936547157748e+00
-1.900000000000000000e+01 2.700000000000000000e+01 1.635312447163123961e+00
-1.900000000000000000e+01 2.800000000000000000e+01 1.534898301031714984e+00
-1.900000000000000000e+01 2.900000000000000000e+01 1.420434300135883010e+00
-1.900000000000000000e+01 3.000000000000000000e+01 1.318757232127809820e+00
-1.900000000000000000e+01 3.100000000000000000e+01 1.099339631312424181e+00
-1.900000000000000000e+01 3.200000000000000000e+01 9.731442752012992026e-01
-1.900000000000000000e+01 3.300000000000000000e+01 9.436966205283724429e-01
-1.900000000000000000e+01 3.400000000000000000e+01 9.114486405271965408e-01
-1.900000000000000000e+01 3.500000000000000000e+01 8.851855187275339265e-01
-1.900000000000000000e+01 3.600000000000000000e+01 nan
-1.900000000000000000e+01 3.700000000000000000e+01 nan
-1.900000000000000000e+01 3.800000000000000000e+01 nan
-1.900000000000000000e+01 3.900000000000000000e+01 nan
-1.900000000000000000e+01 4.000000000000000000e+01 nan
-1.900000000000000000e+01 4.100000000000000000e+01 nan
-1.800000000000000000e+01 2.000000000000000000e+01 2.092891709383187138e+00
-1.800000000000000000e+01 2.100000000000000000e+01 2.128963853558335728e+00
-1.800000000000000000e+01 2.200000000000000000e+01 2.090795719872853287e+00
-1.800000000000000000e+01 2.300000000000000000e+01 1.992878344736470630e+00
-1.800000000000000000e+01 2.400000000000000000e+01 1.850698944555041026e+00
-1.800000000000000000e+01 2.500000000000000000e+01 1.732359771562130613e+00
-1.800000000000000000e+01 2.600000000000000000e+01 1.759187750515241566e+00
-1.800000000000000000e+01 2.700000000000000000e+01 1.687108888284503339e+00
-1.800000000000000000e+01 2.800000000000000000e+01 1.512777245810657201e+00
-1.800000000000000000e+01 2.900000000000000000e+01 1.441757178756718494e+00
-1.800000000000000000e+01 3.000000000000000000e+01 1.419581927015818090e+00
-1.800000000000000000e+01 3.100000000000000000e+01 1.227115800484368080e+00
-1.800000000000000000e+01 3.200000000000000000e+01 1.009608802644937464e+00
-1.800000000000000000e+01 3.300000000000000000e+01 9.504248504144068299e-01
-1.800000000000000000e+01 3.400000000000000000e+01 8.968052598824817201e-01
-1.800000000000000000e+01 3.500000000000000000e+01 8.329479264725219156e-01
-1.800000000000000000e+01 3.600000000000000000e+01 nan
-1.800000000000000000e+01 3.700000000000000000e+01 nan
-1.800000000000000000e+01 3.800000000000000000e+01 nan
-1.800000000000000000e+01 3.900000000000000000e+01 nan
-1.800000000000000000e+01 4.000000000000000000e+01 nan
-1.800000000000000000e+01 4.100000000000000000e+01 nan
-1.700000000000000000e+01 2.000000000000000000e+01 nan
-1.700000000000000000e+01 2.100000000000000000e+01 2.148673327872263616e+00
-1.700000000000000000e+01 2.200000000000000000e+01 2.095537404278475346e+00
-1.700000000000000000e+01 2.300000000000000000e+01 2.053400293360282181e+00
-1.700000000000000000e+01 2.400000000000000000e+01 2.063766822242177668e+00
-1.700000000000000000e+01 2.500000000000000000e+01 1.962993850105664961e+00
-1.700000000000000000e+01 2.600000000000000000e+01 1.858141662900209434e+00
-1.700000000000000000e+01 2.700000000000000000e+01 1.793773765260917363e+00
-1.700000000000000000e+01 2.800000000000000000e+01 1.676298186647993571e+00
-1.700000000000000000e+01 2.900000000000000000e+01 1.584729194332617608e+00
-1.700000000000000000e+01 3.000000000000000000e+01 1.584418720346620013e+00
-1.700000000000000000e+01 3.100000000000000000e+01 1.418604469185759553e+00
-1.700000000000000000e+01 3.200000000000000000e+01 1.087405588455818695e+00
-1.700000000000000000e+01 3.300000000000000000e+01 9.946469554711364625e-01
-1.700000000000000000e+01 3.400000000000000000e+01 9.107857185880940953e-01
-1.700000000000000000e+01 3.500000000000000000e+01 8.259912739798841441e-01
-1.700000000000000000e+01 3.600000000000000000e+01 nan
-1.700000000000000000e+01 3.700000000000000000e+01 nan
-1.700000000000000000e+01 3.800000000000000000e+01 nan
-1.700000000000000000e+01 3.900000000000000000e+01 nan
-1.700000000000000000e+01 4.000000000000000000e+01 nan
-1.700000000000000000e+01 4.100000000000000000e+01 nan
-1.600000000000000000e+01 2.000000000000000000e+01 nan
-1.600000000000000000e+01 2.100000000000000000e+01 2.182231684270932615e+00
-1.600000000000000000e+01 2.200000000000000000e+01 2.108618222234659001e+00
-1.600000000000000000e+01 2.300000000000000000e+01 2.053404863783118817e+00
-1.600000000000000000e+01 2.400000000000000000e+01 2.093755037536234376e+00
-1.600000000000000000e+01 2.500000000000000000e+01 2.039218315131428483e+00
-1.600000000000000000e+01 2.600000000000000000e+01 1.891887229479678245e+00
-1.600000000000000000e+01 2.700000000000000000e+01 1.854428831640965170e+00
-1.600000000000000000e+01 2.800000000000000000e+01 1.786288982125564528e+00
-1.600000000000000000e+01 2.900000000000000000e+01 1.759661032521327106e+00
-1.600000000000000000e+01 3.000000000000000000e+01 1.724191052246993872e+00
-1.600000000000000000e+01 3.100000000000000000e+01 1.510711161309623574e+00
-1.600000000000000000e+01 3.200000000000000000e+01 1.177094942179455872e+00
-1.600000000000000000e+01 3.300000000000000000e+01 1.008589572000106127e+00
-1.600000000000000000e+01 3.400000000000000000e+01 9.279189417879797341e-01
-1.600000000000000000e+01 3.500000000000000000e+01 nan
-1.600000000000000000e+01 3.600000000000000000e+01 nan
-1.600000000000000000e+01 3.700000000000000000e+01 nan
-1.600000000000000000e+01 3.800000000000000000e+01 nan
-1.600000000000000000e+01 3.900000000000000000e+01 nan
-1.600000000000000000e+01 4.000000000000000000e+01 nan
-1.600000000000000000e+01 4.100000000000000000e+01 nan
-1.500000000000000000e+01 2.000000000000000000e+01 nan
-1.500000000000000000e+01 2.100000000000000000e+01 nan
-1.500000000000000000e+01 2.200000000000000000e+01 nan
-1.500000000000000000e+01 2.300000000000000000e+01 nan
-1.500000000000000000e+01 2.400000000000000000e+01 nan
-1.500000000000000000e+01 2.500000000000000000e+01 nan
-1.500000000000000000e+01 2.600000000000000000e+01 nan
-1.500000000000000000e+01 2.700000000000000000e+01 nan
-1.500000000000000000e+01 2.800000000000000000e+01 nan
-1.500000000000000000e+01 2.900000000000000000e+01 nan
-1.500000000000000000e+01 3.000000000000000000e+01 nan
-1.500000000000000000e+01 3.100000000000000000e+01 nan
-1.500000000000000000e+01 3.200000000000000000e+01 nan
-1.500000000000000000e+01 3.300000000000000000e+01 nan
-1.500000000000000000e+01 3.400000000000000000e+01 nan
-1.500000000000000000e+01 3.500000000000000000e+01 nan
-1.500000000000000000e+01 3.600000000000000000e+01 nan
-1.500000000000000000e+01 3.700000000000000000e+01 nan
-1.500000000000000000e+01 3.800000000000000000e+01 nan
-1.500000000000000000e+01 3.900000000000000000e+01 nan
-1.500000000000000000e+01 4.000000000000000000e+01 nan
-1.500000000000000000e+01 4.100000000000000000e+01 nan
