Longitude[deg], Latitude[deg], Dust optical depth
1.780000000000000000e+02 -4.100000000000000000e+01 4.995818342118400479e-01
1.780000000000000000e+02 -4.000000000000000000e+01 5.158480827664201351e-01
1.780000000000000000e+02 -3.900000000000000000e+01 5.992213607853601465e-01
1.780000000000000000e+02 -3.800000000000000000e+01 nan
1.780000000000000000e+02 -3.700000000000000000e+01 nan
1.780000000000000000e+02 -3.600000000000000000e+01 nan
1.780000000000000000e+02 -3.500000000000000000e+01 nan
1.780000000000000000e+02 -3.400000000000000000e+01 nan
1.780000000000000000e+02 -3.300000000000000000e+01 nan
1.780000000000000000e+02 -3.200000000000000000e+01 nan
1.780000000000000000e+02 -3.100000000000000000e+01 nan
1.780000000000000000e+02 -3.000000000000000000e+01 nan
1.780000000000000000e+02 -2.900000000000000000e+01 nan
1.780000000000000000e+02 -2.800000000000000000e+01 nan
1.780000000000000000e+02 -2.700000000000000000e+01 nan
1.780000000000000000e+02 -2.600000000000000000e+01 nan
1.780000000000000000e+02 -2.500000000000000000e+01 nan
1.780000000000000000e+02 -2.400000000000000000e+01 nan
1.780000000000000000e+02 -2.300000000000000000e+01 nan
1.780000000000000000e+02 -2.200000000000000000e+01 nan
1.780000000000000000e+02 -2.100000000000000000e+01 nan
1.780000000000000000e+02 -2.000000000000000000e+01 nan
1.780000000000000000e+02 -1.900000000000000000e+01 nan
1.780000000000000000e+02 -1.800000000000000000e+01 nan
1.780000000000000000e+02 -1.700000000000000000e+01 nan
1.780000000000000000e+02 -1.600000000000000000e+01 nan
1.780000000000000000e+02 -1.500000000000000000e+01 nan
1.780000000000000000e+02 -1.400000000000000000e+01 nan
1.790000000000000000e+02 -4.100000000000000000e+01 5.039023951970722504e-01
1.790000000000000000e+02 -4.000000000000000000e+01 5.798763437843835744e-01
1.790000000000000000e+02 -3.900000000000000000e+01 8.383159667157317196e-01
1.790000000000000000e+02 -3.800000000000000000e+01 9.752477120604625682e-01
1.790000000000000000e+02 -3.700000000000000000e+01 1.036522443304745744e+00
1.790000000000000000e+02 -3.600000000000000000e+01 9.914124066744547381e-01
1.790000000000000000e+02 -3.500000000000000000e+01 7.982023691344354299e-01
1.790000000000000000e+02 -3.400000000000000000e+01 7.231189530227033480e-01
1.790000000000000000e+02 -3.300000000000000000e+01 7.531040106427746572e-01
1.790000000000000000e+02 -3.200000000000000000e+01 7.640806847773109478e-01
1.790000000000000000e+02 -3.100000000000000000e+01 7.086252938151728076e-01
1.790000000000000000e+02 -3.000000000000000000e+01 8.119704068934616714e-01
1.790000000000000000e+02 -2.900000000000000000e+01 9.248031256316797677e-01
1.790000000000000000e+02 -2.800000000000000000e+01 9.958569518850631797e-01
1.790000000000000000e+02 -2.700000000000000000e+01 1.127561669057038252e+00
1.790000000000000000e+02 -2.600000000000000000e+01 1.139677984358992147e+00
1.790000000000000000e+02 -2.500000000000000000e+01 1.135085065563265383e+00
1.790000000000000000e+02 -2.400000000000000000e+01 1.119198239458211841e+00
1.790000000000000000e+02 -2.300000000000000000e+01 1.026933147189533768e+00
1.790000000000000000e+02 -2.200000000000000000e+01 9.717891401144744812e-01
1.790000000000000000e+02 -2.100000000000000000e+01 9.375099385769245508e-01
1.790000000000000000e+02 -2.000000000000000000e+01 1.095474722551277313e+00
1.790000000000000000e+02 -1.900000000000000000e+01 1.015523595980919902e+00
1.790000000000000000e+02 -1.800000000000000000e+01 8.907026268362719934e-01
1.790000000000000000e+02 -1.700000000000000000e+01 1.131999687407849953e+00
1.790000000000000000e+02 -1.600000000000000000e+01 1.158400352893239393e+00
1.790000000000000000e+02 -1.500000000000000000e+01 1.115324262471376171e+00
1.790000000000000000e+02 -1.400000000000000000e+01 nan
-1.800000000000000000e+02 -4.100000000000000000e+01 5.073865121897865871e-01
-1.800000000000000000e+02 -4.000000000000000000e+01 5.866738389380099505e-01
-1.800000000000000000e+02 -3.900000000000000000e+01 8.406396048747660776e-01
-1.800000000000000000e+02 -3.800000000000000000e+01 9.755273293472612739e-01
-1.800000000000000000e+02 -3.700000000000000000e+01 1.036522443304745744e+00
-1.800000000000000000e+02 -3.600000000000000000e+01 9.914124066744547381e-01
-1.800000000000000000e+02 -3.500000000000000000e+01 7.982023691344354299e-01
-1.800000000000000000e+02 -3.400000000000000000e+01 7.231189530227033480e-01
-1.800000000000000000e+02 -3.300000000000000000e+01 7.531040106427746572e-01
-1.800000000000000000e+02 -3.200000000000000000e+01 7.640806847773109478e-01
-1.800000000000000000e+02 -3.100000000000000000e+01 7.086252938151728076e-01
-1.800000000000000000e+02 -3.000000000000000000e+01 8.119704068934616714e-01
-1.800000000000000000e+02 -2.900000000000000000e+01 9.248031256316797677e-01
-1.800000000000000000e+02 -2.800000000000000000e+01 9.958569518850631797e-01
-1.800000000000000000e+02 -2.700000000000000000e+01 1.127561669057038252e+00
-1.800000000000000000e+02 -2.600000000000000000e+01 1.139677984358992147e+00
-1.800000000000000000e+02 -2.500000000000000000e+01 1.135085065563265383e+00
-1.800000000000000000e+02 -2.400000000000000000e+01 1.119198239458211841e+00
-1.800000000000000000e+02 -2.300000000000000000e+01 1.026933147189533768e+00
-1.800000000000000000e+02 -2.200000000000000000e+01 9.717891401144744812e-01
-1.800000000000000000e+02 -2.100000000000000000e+01 9.375099385769245508e-01
-1.800000000000000000e+02 -2.000000000000000000e+01 1.095474722551277313e+00
-1.800000000000000000e+02 -1.900000000000000000e+01 1.015523595980919902e+00
-1.800000000000000000e+02 -1.800000000000000000e+01 8.907026268362719934e-01
-1.800000000000000000e+02 -1.700000000000000000e+01 1.131999687407849953e+00
-1.800000000000000000e+02 -1.600000000000000000e+01 1.158400352893239393e+00
-1.800000000000000000e+02 -1.500000000000000000e+01 1.115324262471376171e+00
-1.800000000000000000e+02 -1.400000000000000000e+01 nan
