Longitude[deg], Latitude[deg], Dust optical depth
-1.550000000000000000e+02 -8.000000000000000000e+00 nan
-1.550000000000000000e+02 -7.000000000000000000e+00 nan
-1.550000000000000000e+02 -6.000000000000000000e+00 nan
-1.550000000000000000e+02 -5.000000000000000000e+00 nan
-1.550000000000000000e+02 -4.000000000000000000e+00 nan
-1.550000000000000000e+02 -3.000000000000000000e+00 nan
-1.550000000000000000e+02 -2.000000000000000000e+00 nan
-1.550000000000000000e+02 -1.000000000000000000e+00 nan
-1.550000000000000000e+02 0.000000000000000000e+00 nan
-1.550000000000000000e+02 1.000000000000000000e+00 nan
-1.550000000000000000e+02 2.000000000000000000e+00 nan
-1.550000000000000000e+02 3.000000000000000000e+00 nan
-1.550000000000000000e+02 4.000000000000000000e+00 nan
-1.550000000000000000e+02 5.000000000000000000e+00 nan
-1.550000000000000000e+02 6.000000000000000000e+00 nan
-1.550000000000000000e+02 7.000000000000000000e+00 nan
-1.550000000000000000e+02 8.000000000000000000e+00 6.045990313295854790e+00
-1.550000000000000000e+02 9.000000000000000000e+00 6.091566575693789787e+00
-1.550000000000000000e+02 1.000000000000000000e+01 6.087949191786920622e+00
-1.550000000000000000e+02 1.100000000000000000e+01 6.094825896210977589e+00
-1.550000000000000000e+02 1.200000000000000000e+01 6.171833609236334617e+00
-1.540000000000000000e+02 -8.000000000000000000e+00 nan
-1.540000000000000000e+02 -7.000000000000000000e+00 nan
-1.540000000000000000e+02 -6.000000000000000000e+00 nan
-1.540000000000000000e+02 -5.000000000000000000e+00 nan
-1.540000000000000000e+02 -4.000000000000000000e+00 nan
-1.540000000000000000e+02 -3.000000000000000000e+00 5.887787403161581778e+00
-1.540000000000000000e+02 -2.000000000000000000e+00 5.847069283939772433e+00
-1.540000000000000000e+02 -1.000000000000000000e+00 5.794500513791205343e+00
-1.540000000000000000e+02 0.000000000000000000e+00 5.813507875734789110e+00
-1.540000000000000000e+02 1.000000000000000000e+00 5.854955273975639862e+00
-1.540000000000000000e+02 2.000000000000000000e+00 5.915279796680342095e+00
-1.540000000000000000e+02 3.000000000000000000e+00 5.992986272059831698e+00
-1.540000000000000000e+02 4.000000000000000000e+00 5.940428922136523404e+00
-1.540000000000000000e+02 5.000000000000000000e+00 5.885305310696246295e+00
-1.540000000000000000e+02 6.000000000000000000e+00 5.878025338310028047e+00
-1.540000000000000000e+02 7.000000000000000000e+00 5.986230655025829073e+00
-1.540000000000000000e+02 8.000000000000000000e+00 6.018255863967357122e+00
-1.540000000000000000e+02 9.000000000000000000e+00 6.056343216288582632e+00
-1.540000000000000000e+02 1.000000000000000000e+01 6.073618814796646781e+00
-1.540000000000000000e+02 1.100000000000000000e+01 6.083299058135103188e+00
-1.540000000000000000e+02 1.200000000000000000e+01 6.141408586445157525e+00
-1.530000000000000000e+02 -8.000000000000000000e+00 6.073575625924675592e+00
-1.530000000000000000e+02 -7.000000000000000000e+00 6.192914742073481804e+00
-1.530000000000000000e+02 -6.000000000000000000e+00 6.215531809812119057e+00
-1.530000000000000000e+02 -5.000000000000000000e+00 6.147954894965637962e+00
-1.530000000000000000e+02 -4.000000000000000000e+00 5.999827446493998018e+00
-1.530000000000000000e+02 -3.000000000000000000e+00 5.850083034708907448e+00
-1.530000000000000000e+02 -2.000000000000000000e+00 5.853133246667441725e+00
-1.530000000000000000e+02 -1.000000000000000000e+00 5.836557363652163488e+00
-1.530000000000000000e+02 0.000000000000000000e+00 5.846038611670859808e+00
-1.530000000000000000e+02 1.000000000000000000e+00 5.868066640661538713e+00
-1.530000000000000000e+02 2.000000000000000000e+00 5.919212478181074211e+00
-1.530000000000000000e+02 3.000000000000000000e+00 6.018675296383332096e+00
-1.530000000000000000e+02 4.000000000000000000e+00 5.943338657971914962e+00
-1.530000000000000000e+02 5.000000000000000000e+00 5.888422007337053898e+00
-1.530000000000000000e+02 6.000000000000000000e+00 5.879449343777991110e+00
-1.530000000000000000e+02 7.000000000000000000e+00 5.961082352085885105e+00
-1.530000000000000000e+02 8.000000000000000000e+00 5.991794555033659542e+00
-1.530000000000000000e+02 9.000000000000000000e+00 6.028320283253536971e+00
-1.530000000000000000e+02 1.000000000000000000e+01 6.045952005708832289e+00
-1.530000000000000000e+02 1.100000000000000000e+01 6.047587384748270622e+00
-1.530000000000000000e+02 1.200000000000000000e+01 6.094828844621839714e+00
-1.520000000000000000e+02 -8.000000000000000000e+00 6.043854964425881882e+00
-1.520000000000000000e+02 -7.000000000000000000e+00 6.155652535802704328e+00
-1.520000000000000000e+02 -6.000000000000000000e+00 6.204769511501355694e+00
-1.520000000000000000e+02 -5.000000000000000000e+00 6.140545049930295818e+00
-1.520000000000000000e+02 -4.000000000000000000e+00 5.974319180612154945e+00
-1.520000000000000000e+02 -3.000000000000000000e+00 5.824305016836158977e+00
-1.520000000000000000e+02 -2.000000000000000000e+00 5.855747835092565801e+00
-1.520000000000000000e+02 -1.000000000000000000e+00 5.876044005842541829e+00
-1.520000000000000000e+02 0.000000000000000000e+00 5.912345631256370027e+00
-1.520000000000000000e+02 1.000000000000000000e+00 5.852726763537468457e+00
-1.520000000000000000e+02 2.000000000000000000e+00 5.901063164264161998e+00
-1.520000000000000000e+02 3.000000000000000000e+00 5.996576344595080599e+00
-1.520000000000000000e+02 4.000000000000000000e+00 5.924731503118908726e+00
-1.520000000000000000e+02 5.000000000000000000e+00 5.877766758080037235e+00
-1.520000000000000000e+02 6.000000000000000000e+00 5.864273054081451164e+00
-1.520000000000000000e+02 7.000000000000000000e+00 5.911142096913811983e+00
-1.520000000000000000e+02 8.000000000000000000e+00 5.985327251702817541e+00
-1.520000000000000000e+02 9.000000000000000000e+00 6.023671463417819893e+00
-1.520000000000000000e+02 1.000000000000000000e+01 5.996826361132176153e+00
-1.520000000000000000e+02 1.100000000000000000e+01 5.983603301090899329e+00
-1.520000000000000000e+02 1.200000000000000000e+01 6.075274145054248898e+00
-1.510000000000000000e+02 -8.000000000000000000e+00 6.006472113206774210e+00
-1.510000000000000000e+02 -7.000000000000000000e+00 6.107969761077902682e+00
-1.510000000000000000e+02 -6.000000000000000000e+00 6.196502490919308492e+00
-1.510000000000000000e+02 -5.000000000000000000e+00 6.134487696018664948e+00
-1.510000000000000000e+02 -4.000000000000000000e+00 5.915352331611295256e+00
-1.510000000000000000e+02 -3.000000000000000000e+00 5.787367998150301673e+00
-1.510000000000000000e+02 -2.000000000000000000e+00 5.857724122426947844e+00
-1.510000000000000000e+02 -1.000000000000000000e+00 5.902314179858962007e+00
-1.510000000000000000e+02 0.000000000000000000e+00 5.920733055774127784e+00
-1.510000000000000000e+02 1.000000000000000000e+00 5.823392472727984881e+00
-1.510000000000000000e+02 2.000000000000000000e+00 5.876521252929330252e+00
-1.510000000000000000e+02 3.000000000000000000e+00 5.943269810655062990e+00
-1.510000000000000000e+02 4.000000000000000000e+00 5.907121151041665463e+00
-1.510000000000000000e+02 5.000000000000000000e+00 5.860511818825886898e+00
-1.510000000000000000e+02 6.000000000000000000e+00 5.847316355597598658e+00
-1.510000000000000000e+02 7.000000000000000000e+00 5.898668046647739693e+00
-1.510000000000000000e+02 8.000000000000000000e+00 5.994936525729618992e+00
-1.510000000000000000e+02 9.000000000000000000e+00 6.038785914241529440e+00
-1.510000000000000000e+02 1.000000000000000000e+01 5.987861151991118902e+00
-1.510000000000000000e+02 1.100000000000000000e+01 5.987078611543188877e+00
-1.510000000000000000e+02 1.200000000000000000e+01 6.111022613580103346e+00
-1.500000000000000000e+02 -8.000000000000000000e+00 nan
-1.500000000000000000e+02 -7.000000000000000000e+00 nan
-1.500000000000000000e+02 -6.000000000000000000e+00 nan
-1.500000000000000000e+02 -5.000000000000000000e+00 nan
-1.500000000000000000e+02 -4.000000000000000000e+00 nan
-1.500000000000000000e+02 -3.000000000000000000e+00 nan
-1.500000000000000000e+02 -2.000000000000000000e+00 nan
-1.500000000000000000e+02 -1.000000000000000000e+00 nan
-1.500000000000000000e+02 0.000000000000000000e+00 nan
-1.500000000000000000e+02 1.000000000000000000e+00 nan
-1.500000000000000000e+02 2.000000000000000000e+00 nan
-1.500000000000000000e+02 3.000000000000000000e+00 nan
-1.500000000000000000e+02 4.000000000000000000e+00 nan
-1.500000000000000000e+02 5.000000000000000000e+00 nan
-1.500000000000000000e+02 6.000000000000000000e+00 nan
-1.500000000000000000e+02 7.000000000000000000e+00 nan
-1.500000000000000000e+02 8.000000000000000000e+00 nan
-1.500000000000000000e+02 9.000000000000000000e+00 nan
-1.500000000000000000e+02 1.000000000000000000e+01 nan
-1.500000000000000000e+02 1.100000000000000000e+01 nan
-1.500000000000000000e+02 1.200000000000000000e+01 nan
