Longitude[deg], Latitude[deg], Dust optical depth
1.400000000000000000e+02 -5.500000000000000000e+01 3.925728308862754368e+00
1.400000000000000000e+02 -5.400000000000000000e+01 3.938667676771578030e+00
1.400000000000000000e+02 -5.300000000000000000e+01 3.861632816233249166e+00
1.400000000000000000e+02 -5.200000000000000000e+01 3.746245285242748135e+00
1.400000000000000000e+02 -5.100000000000000000e+01 3.743020436734421974e+00
1.400000000000000000e+02 -5.000000000000000000e+01 3.712217659273523651e+00
1.400000000000000000e+02 -4.900000000000000000e+01 3.703047056751570754e+00
1.400000000000000000e+02 -4.800000000000000000e+01 3.766258080331180924e+00
1.400000000000000000e+02 -4.700000000000000000e+01 3.778043021591091843e+00
1.400000000000000000e+02 -4.600000000000000000e+01 3.838851353231404140e+00
1.400000000000000000e+02 -4.500000000000000000e+01 nan
1.400000000000000000e+02 -4.400000000000000000e+01 nan
1.400000000000000000e+02 -4.300000000000000000e+01 nan
1.400000000000000000e+02 -4.200000000000000000e+01 nan
1.400000000000000000e+02 -4.100000000000000000e+01 nan
1.400000000000000000e+02 -4.000000000000000000e+01 nan
1.400000000000000000e+02 -3.900000000000000000e+01 nan
1.400000000000000000e+02 -3.800000000000000000e+01 nan
1.400000000000000000e+02 -3.700000000000000000e+01 nan
1.400000000000000000e+02 -3.600000000000000000e+01 nan
1.400000000000000000e+02 -3.500000000000000000e+01 nan
1.400000000000000000e+02 -3.400000000000000000e+01 7.310156447925669987e+00
1.400000000000000000e+02 -3.300000000000000000e+01 7.376022958855759981e+00
1.400000000000000000e+02 -3.200000000000000000e+01 7.705282156888965339e+00
1.400000000000000000e+02 -3.100000000000000000e+01 8.042677050437587738e+00
1.400000000000000000e+02 -3.000000000000000000e+01 8.112351923479952376e+00
1.400000000000000000e+02 -2.900000000000000000e+01 nan
1.400000000000000000e+02 -2.800000000000000000e+01 nan
1.410000000000000000e+02 -5.500000000000000000e+01 3.914955246793001109e+00
1.410000000000000000e+02 -5.400000000000000000e+01 3.932806532700919622e+00
1.410000000000000000e+02 -5.300000000000000000e+01 3.815065428960948690e+00
1.410000000000000000e+02 -5.200000000000000000e+01 3.721986858808372656e+00
1.410000000000000000e+02 -5.100000000000000000e+01 3.732787925524818196e+00
1.410000000000000000e+02 -5.000000000000000000e+01 3.655411300615246439e+00
1.410000000000000000e+02 -4.900000000000000000e+01 3.653147280973713329e+00
1.410000000000000000e+02 -4.800000000000000000e+01 3.768081541700148751e+00
1.410000000000000000e+02 -4.700000000000000000e+01 3.789038696080753166e+00
1.410000000000000000e+02 -4.600000000000000000e+01 4.066787246882748619e+00
1.410000000000000000e+02 -4.500000000000000000e+01 4.556831403349430154e+00
1.410000000000000000e+02 -4.400000000000000000e+01 5.211554789165496082e+00
1.410000000000000000e+02 -4.300000000000000000e+01 5.627739130865712980e+00
1.410000000000000000e+02 -4.200000000000000000e+01 6.016099650141269350e+00
1.410000000000000000e+02 -4.100000000000000000e+01 6.303017613511592288e+00
1.410000000000000000e+02 -4.000000000000000000e+01 6.639578800685600690e+00
1.410000000000000000e+02 -3.900000000000000000e+01 6.987782717224648721e+00
1.410000000000000000e+02 -3.800000000000000000e+01 7.401743686365796826e+00
1.410000000000000000e+02 -3.700000000000000000e+01 7.451732996592754787e+00
1.410000000000000000e+02 -3.600000000000000000e+01 7.302142018440037852e+00
1.410000000000000000e+02 -3.500000000000000000e+01 7.323484273276198664e+00
1.410000000000000000e+02 -3.400000000000000000e+01 7.355061948191628396e+00
1.410000000000000000e+02 -3.300000000000000000e+01 7.358310310874811577e+00
1.410000000000000000e+02 -3.200000000000000000e+01 7.628288004910049658e+00
1.410000000000000000e+02 -3.100000000000000000e+01 7.865918789805582456e+00
1.410000000000000000e+02 -3.000000000000000000e+01 8.079173698203192089e+00
1.410000000000000000e+02 -2.900000000000000000e+01 8.491342840443207862e+00
1.410000000000000000e+02 -2.800000000000000000e+01 nan
1.420000000000000000e+02 -5.500000000000000000e+01 3.890855414748706664e+00
1.420000000000000000e+02 -5.400000000000000000e+01 3.916348238885621669e+00
1.420000000000000000e+02 -5.300000000000000000e+01 3.783312939875673298e+00
1.420000000000000000e+02 -5.200000000000000000e+01 3.706110785850117662e+00
1.420000000000000000e+02 -5.100000000000000000e+01 3.728661029532083671e+00
1.420000000000000000e+02 -5.000000000000000000e+01 3.616124229292462910e+00
1.420000000000000000e+02 -4.900000000000000000e+01 3.636960261214798429e+00
1.420000000000000000e+02 -4.800000000000000000e+01 3.768278705923649330e+00
1.420000000000000000e+02 -4.700000000000000000e+01 3.790253695365132458e+00
1.420000000000000000e+02 -4.600000000000000000e+01 4.069512223445032717e+00
1.420000000000000000e+02 -4.500000000000000000e+01 4.557417087748255824e+00
1.420000000000000000e+02 -4.400000000000000000e+01 5.211554789165496082e+00
1.420000000000000000e+02 -4.300000000000000000e+01 5.627739130865712980e+00
1.420000000000000000e+02 -4.200000000000000000e+01 6.016099650141269350e+00
1.420000000000000000e+02 -4.100000000000000000e+01 6.303017613511592288e+00
1.420000000000000000e+02 -4.000000000000000000e+01 6.639578800685600690e+00
1.420000000000000000e+02 -3.900000000000000000e+01 6.987782717224648721e+00
1.420000000000000000e+02 -3.800000000000000000e+01 7.401743686365796826e+00
1.420000000000000000e+02 -3.700000000000000000e+01 7.451732996592754787e+00
1.420000000000000000e+02 -3.600000000000000000e+01 7.302142018440037852e+00
1.420000000000000000e+02 -3.500000000000000000e+01 7.323645725300407250e+00
1.420000000000000000e+02 -3.400000000000000000e+01 7.355567329046803771e+00
1.420000000000000000e+02 -3.300000000000000000e+01 7.357391495868777831e+00
1.420000000000000000e+02 -3.200000000000000000e+01 7.622613555442160127e+00
1.420000000000000000e+02 -3.100000000000000000e+01 7.847374186318751832e+00
1.420000000000000000e+02 -3.000000000000000000e+01 8.073229185020164067e+00
1.420000000000000000e+02 -2.900000000000000000e+01 8.496739702994371868e+00
1.420000000000000000e+02 -2.800000000000000000e+01 nan
