Longitude[deg], Latitude[deg], Dust optical depth
7.600000000000000000e+01 -2.200000000000000000e+01 nan
7.600000000000000000e+01 -2.100000000000000000e+01 nan
7.600000000000000000e+01 -2.000000000000000000e+01 nan
7.600000000000000000e+01 -1.900000000000000000e+01 nan
7.600000000000000000e+01 -1.800000000000000000e+01 nan
7.600000000000000000e+01 -1.700000000000000000e+01 nan
7.600000000000000000e+01 -1.600000000000000000e+01 nan
7.600000000000000000e+01 -1.500000000000000000e+01 nan
7.600000000000000000e+01 -1.400000000000000000e+01 nan
7.600000000000000000e+01 -1.300000000000000000e+01 nan
7.600000000000000000e+01 -1.200000000000000000e+01 nan
7.600000000000000000e+01 -1.100000000000000000e+01 4.487776911037570926e+00
7.600000000000000000e+01 -1.000000000000000000e+01 4.477134675521458718e+00
7.600000000000000000e+01 -9.000000000000000000e+00 4.399811299392915487e+00
7.600000000000000000e+01 -8.000000000000000000e+00 4.359877882220537515e+00
7.600000000000000000e+01 -7.000000000000000000e+00 4.360469632819152785e+00
7.600000000000000000e+01 -6.000000000000000000e+00 nan
7.700000000000000000e+01 -2.200000000000000000e+01 5.308336267643409379e+00
7.700000000000000000e+01 -2.100000000000000000e+01 5.158447463652166221e+00
7.700000000000000000e+01 -2.000000000000000000e+01 5.039063911330861067e+00
7.700000000000000000e+01 -1.900000000000000000e+01 4.993422209514686294e+00
7.700000000000000000e+01 -1.800000000000000000e+01 4.857099691723961499e+00
7.700000000000000000e+01 -1.700000000000000000e+01 4.700692423613490156e+00
7.700000000000000000e+01 -1.600000000000000000e+01 4.523181134402294745e+00
7.700000000000000000e+01 -1.500000000000000000e+01 4.511004119585761529e+00
7.700000000000000000e+01 -1.400000000000000000e+01 4.546113840677670659e+00
7.700000000000000000e+01 -1.300000000000000000e+01 4.414671309694530699e+00
7.700000000000000000e+01 -1.200000000000000000e+01 4.346662128619342980e+00
7.700000000000000000e+01 -1.100000000000000000e+01 4.388960547455382333e+00
7.700000000000000000e+01 -1.000000000000000000e+01 4.429929581597339627e+00
7.700000000000000000e+01 -9.000000000000000000e+00 4.468096656007429779e+00
7.700000000000000000e+01 -8.000000000000000000e+00 4.470360824045999770e+00
7.700000000000000000e+01 -7.000000000000000000e+00 4.428809985864442744e+00
7.700000000000000000e+01 -6.000000000000000000e+00 nan
7.800000000000000000e+01 -2.200000000000000000e+01 5.229392865619235664e+00
7.800000000000000000e+01 -2.100000000000000000e+01 5.125933754804364639e+00
7.800000000000000000e+01 -2.000000000000000000e+01 5.045770148216962347e+00
7.800000000000000000e+01 -1.900000000000000000e+01 4.982673332633900998e+00
7.800000000000000000e+01 -1.800000000000000000e+01 4.836582822667264026e+00
7.800000000000000000e+01 -1.700000000000000000e+01 4.702216050843054163e+00
7.800000000000000000e+01 -1.600000000000000000e+01 4.533791613461919390e+00
7.800000000000000000e+01 -1.500000000000000000e+01 4.502294838291447832e+00
7.800000000000000000e+01 -1.400000000000000000e+01 4.523604476396754670e+00
7.800000000000000000e+01 -1.300000000000000000e+01 4.396702357776076653e+00
7.800000000000000000e+01 -1.200000000000000000e+01 4.336166801518348102e+00
7.800000000000000000e+01 -1.100000000000000000e+01 4.363113318970078147e+00
7.800000000000000000e+01 -1.000000000000000000e+01 4.402869220706114639e+00
7.800000000000000000e+01 -9.000000000000000000e+00 4.458062661898912538e+00
7.800000000000000000e+01 -8.000000000000000000e+00 4.478044226297661190e+00
7.800000000000000000e+01 -7.000000000000000000e+00 4.465116186223016648e+00
7.800000000000000000e+01 -6.000000000000000000e+00 nan
7.900000000000000000e+01 -2.200000000000000000e+01 5.147574741829012979e+00
7.900000000000000000e+01 -2.100000000000000000e+01 5.103972515590919024e+00
7.900000000000000000e+01 -2.000000000000000000e+01 5.050285991853196599e+00
7.900000000000000000e+01 -1.900000000000000000e+01 4.967299863704835339e+00
7.900000000000000000e+01 -1.800000000000000000e+01 4.814269300352685299e+00
7.900000000000000000e+01 -1.700000000000000000e+01 4.703552733645230077e+00
7.900000000000000000e+01 -1.600000000000000000e+01 4.548564826102900582e+00
7.900000000000000000e+01 -1.500000000000000000e+01 4.480999747436190894e+00
7.900000000000000000e+01 -1.400000000000000000e+01 4.486564184369036035e+00
7.900000000000000000e+01 -1.300000000000000000e+01 4.368878559678261553e+00
7.900000000000000000e+01 -1.200000000000000000e+01 4.308961332259094945e+00
7.900000000000000000e+01 -1.100000000000000000e+01 4.330901368405521978e+00
7.900000000000000000e+01 -1.000000000000000000e+01 4.345744189263716528e+00
7.900000000000000000e+01 -9.000000000000000000e+00 4.438149304045984955e+00
7.900000000000000000e+01 -8.000000000000000000e+00 4.466158139828013240e+00
7.900000000000000000e+01 -7.000000000000000000e+00 4.483697637429517435e+00
7.900000000000000000e+01 -6.000000000000000000e+00 nan
