Longitude[deg], Latitude[deg], Dust optical depth
1.000000000000000000e+01 -7.800000000000000000e+01 nan
1.000000000000000000e+01 -7.700000000000000000e+01 nan
1.000000000000000000e+01 -7.600000000000000000e+01 nan
1.000000000000000000e+01 -7.500000000000000000e+01 nan
1.000000000000000000e+01 -7.400000000000000000e+01 nan
1.000000000000000000e+01 -7.300000000000000000e+01 nan
1.000000000000000000e+01 -7.200000000000000000e+01 nan
1.000000000000000000e+01 -7.100000000000000000e+01 nan
1.000000000000000000e+01 -7.000000000000000000e+01 nan
1.000000000000000000e+01 -6.900000000000000000e+01 nan
1.000000000000000000e+01 -6.800000000000000000e+01 nan
1.000000000000000000e+01 -6.700000000000000000e+01 nan
1.000000000000000000e+01 -6.600000000000000000e+01 nan
1.000000000000000000e+01 -6.500000000000000000e+01 nan
1.000000000000000000e+01 -6.400000000000000000e+01 nan
1.000000000000000000e+01 -6.300000000000000000e+01 nan
1.000000000000000000e+01 -6.200000000000000000e+01 nan
1.000000000000000000e+01 -6.100000000000000000e+01 nan
1.000000000000000000e+01 -6.000000000000000000e+01 nan
1.000000000000000000e+01 -5.900000000000000000e+01 nan
1.000000000000000000e+01 -5.800000000000000000e+01 nan
1.000000000000000000e+01 -5.700000000000000000e+01 nan
1.000000000000000000e+01 -5.600000000000000000e+01 nan
1.000000000000000000e+01 -5.500000000000000000e+01 nan
1.000000000000000000e+01 -5.400000000000000000e+01 nan
1.000000000000000000e+01 -5.300000000000000000e+01 nan
1.000000000000000000e+01 -5.200000000000000000e+01 nan
1.000000000000000000e+01 -5.100000000000000000e+01 nan
1.000000000000000000e+01 -5.000000000000000000e+01 nan
1.000000000000000000e+01 -4.900000000000000000e+01 nan
1.000000000000000000e+01 -4.800000000000000000e+01 nan
1.000000000000000000e+01 -4.700000000000000000e+01 nan
1.000000000000000000e+01 -4.600000000000000000e+01 nan
1.000000000000000000e+01 -4.500000000000000000e+01 nan
1.000000000000000000e+01 -4.400000000000000000e+01 nan
1.000000000000000000e+01 -4.300000000000000000e+01 nan
1.000000000000000000e+01 -4.200000000000000000e+01 nan
1.000000000000000000e+01 -4.100000000000000000e+01 nan
1.000000000000000000e+01 -4.000000000000000000e+01 nan
1.000000000000000000e+01 -3.900000000000000000e+01 nan
1.000000000000000000e+01 -3.800000000000000000e+01 nan
1.000000000000000000e+01 -3.700000000000000000e+01 nan
1.000000000000000000e+01 -3.600000000000000000e+01 nan
1.000000000000000000e+01 -3.500000000000000000e+01 nan
1.000000000000000000e+01 -3.400000000000000000e+01 nan
1.000000000000000000e+01 -3.300000000000000000e+01 nan
1.000000000000000000e+01 -3.200000000000000000e+01 nan
1.100000000000000000e+01 -7.800000000000000000e+01 nan
1.100000000000000000e+01 -7.700000000000000000e+01 nan
1.100000000000000000e+01 -7.600000000000000000e+01 nan
1.100000000000000000e+01 -7.500000000000000000e+01 nan
1.100000000000000000e+01 -7.400000000000000000e+01 nan
1.100000000000000000e+01 -7.300000000000000000e+01 nan
1.100000000000000000e+01 -7.200000000000000000e+01 nan
1.100000000000000000e+01 -7.100000000000000000e+01 nan
1.100000000000000000e+01 -7.000000000000000000e+01 nan
1.100000000000000000e+01 -6.900000000000000000e+01 nan
1.100000000000000000e+01 -6.800000000000000000e+01 nan
1.100000000000000000e+01 -6.700000000000000000e+01 nan
1.100000000000000000e+01 -6.600000000000000000e+01 nan
1.100000000000000000e+01 -6.500000000000000000e+01 nan
1.100000000000000000e+01 -6.400000000000000000e+01 nan
1.100000000000000000e+01 -6.300000000000000000e+01 nan
1.100000000000000000e+01 -6.200000000000000000e+01 nan
1.100000000000000000e+01 -6.100000000000000000e+01 nan
1.100000000000000000e+01 -6.000000000000000000e+01 nan
1.100000000000000000e+01 -5.900000000000000000e+01 nan
1.100000000000000000e+01 -5.800000000000000000e+01 nan
1.100000000000000000e+01 -5.700000000000000000e+01 nan
1.100000000000000000e+01 -5.600000000000000000e+01 nan
1.100000000000000000e+01 -5.500000000000000000e+01 nan
1.100000000000000000e+01 -5.400000000000000000e+01 nan
1.100000000000000000e+01 -5.300000000000000000e+01 nan
1.100000000000000000e+01 -5.200000000000000000e+01 nan
1.100000000000000000e+01 -5.100000000000000000e+01 nan
1.100000000000000000e+01 -5.000000000000000000e+01 nan
1.100000000000000000e+01 -4.900000000000000000e+01 nan
1.100000000000000000e+01 -4.800000000000000000e+01 nan
1.100000000000000000e+01 -4.700000000000000000e+01 nan
1.100000000000000000e+01 -4.600000000000000000e+01 nan
1.100000000000000000e+01 -4.500000000000000000e+01 nan
1.100000000000000000e+01 -4.400000000000000000e+01 nan
1.100000000000000000e+01 -4.300000000000000000e+01 nan
1.100000000000000000e+01 -4.200000000000000000e+01 nan
1.100000000000000000e+01 -4.100000000000000000e+01 nan
1.100000000000000000e+01 -4.000000000000000000e+01 nan
1.100000000000000000e+01 -3.900000000000000000e+01 nan
1.100000000000000000e+01 -3.800000000000000000e+01 nan
1.100000000000000000e+01 -3.700000000000000000e+01 nan
1.100000000000000000e+01 -3.600000000000000000e+01 nan
1.100000000000000000e+01 -3.500000000000000000e+01 nan
1.100000000000000000e+01 -3.400000000000000000e+01 nan
1.100000000000000000e+01 -3.300000000000000000e+01 nan
1.100000000000000000e+01 -3.200000000000000000e+01 nan
1.200000000000000000e+01 -7.800000000000000000e+01 nan
1.200000000000000000e+01 -7.700000000000000000e+01 nan
1.200000000000000000e+01 -7.600000000000000000e+01 nan
1.200000000000000000e+01 -7.500000000000000000e+01 nan
1.200000000000000000e+01 -7.400000000000000000e+01 nan
1.200000000000000000e+01 -7.300000000000000000e+01 nan
1.200000000000000000e+01 -7.200000000000000000e+01 nan
1.200000000000000000e+01 -7.100000000000000000e+01 nan
1.200000000000000000e+01 -7.000000000000000000e+01 nan
1.200000000000000000e+01 -6.900000000000000000e+01 nan
1.200000000000000000e+01 -6.800000000000000000e+01 nan
1.200000000000000000e+01 -6.700000000000000000e+01 nan
1.200000000000000000e+01 -6.600000000000000000e+01 nan
1.200000000000000000e+01 -6.500000000000000000e+01 nan
1.200000000000000000e+01 -6.400000000000000000e+01 nan
1.200000000000000000e+01 -6.300000000000000000e+01 nan
1.200000000000000000e+01 -6.200000000000000000e+01 nan
1.200000000000000000e+01 -6.100000000000000000e+01 nan
1.200000000000000000e+01 -6.000000000000000000e+01 nan
1.200000000000000000e+01 -5.900000000000000000e+01 nan
1.200000000000000000e+01 -5.800000000000000000e+01 nan
1.200000000000000000e+01 -5.700000000000000000e+01 nan
1.200000000000000000e+01 -5.600000000000000000e+01 nan
1.200000000000000000e+01 -5.500000000000000000e+01 nan
1.200000000000000000e+01 -5.400000000000000000e+01 nan
1.200000000000000000e+01 -5.300000000000000000e+01 nan
1.200000000000000000e+01 -5.200000000000000000e+01 nan
1.200000000000000000e+01 -5.100000000000000000e+01 nan
1.200000000000000000e+01 -5.000000000000000000e+01 nan
1.200000000000000000e+01 -4.900000000000000000e+01 nan
1.200000000000000000e+01 -4.800000000000000000e+01 nan
1.200000000000000000e+01 -4.700000000000000000e+01 nan
1.200000000000000000e+01 -4.600000000000000000e+01 nan
1.200000000000000000e+01 -4.500000000000000000e+01 nan
1.200000000000000000e+01 -4.400000000000000000e+01 nan
1.200000000000000000e+01 -4.300000000000000000e+01 nan
1.200000000000000000e+01 -4.200000000000000000e+01 nan
1.200000000000000000e+01 -4.100000000000000000e+01 nan
1.200000000000000000e+01 -4.000000000000000000e+01 nan
1.200000000000000000e+01 -3.900000000000000000e+01 nan
1.200000000000000000e+01 -3.800000000000000000e+01 nan
1.200000000000000000e+01 -3.700000000000000000e+01 nan
1.200000000000000000e+01 -3.600000000000000000e+01 nan
1.200000000000000000e+01 -3.500000000000000000e+01 nan
1.200000000000000000e+01 -3.400000000000000000e+01 nan
1.200000000000000000e+01 -3.300000000000000000e+01 nan
1.200000000000000000e+01 -3.200000000000000000e+01 nan
1.300000000000000000e+01 -7.800000000000000000e+01 nan
1.300000000000000000e+01 -7.700000000000000000e+01 nan
1.300000000000000000e+01 -7.600000000000000000e+01 nan
1.300000000000000000e+01 -7.500000000000000000e+01 nan
1.300000000000000000e+01 -7.400000000000000000e+01 nan
1.300000000000000000e+01 -7.300000000000000000e+01 nan
1.300000000000000000e+01 -7.200000000000000000e+01 nan
1.300000000000000000e+01 -7.100000000000000000e+01 nan
1.300000000000000000e+01 -7.000000000000000000e+01 nan
1.300000000000000000e+01 -6.900000000000000000e+01 nan
1.300000000000000000e+01 -6.800000000000000000e+01 nan
1.300000000000000000e+01 -6.700000000000000000e+01 nan
1.300000000000000000e+01 -6.600000000000000000e+01 nan
1.300000000000000000e+01 -6.500000000000000000e+01 nan
1.300000000000000000e+01 -6.400000000000000000e+01 nan
1.300000000000000000e+01 -6.300000000000000000e+01 nan
1.300000000000000000e+01 -6.200000000000000000e+01 nan
1.300000000000000000e+01 -6.100000000000000000e+01 nan
1.300000000000000000e+01 -6.000000000000000000e+01 nan
1.300000000000000000e+01 -5.900000000000000000e+01 nan
1.300000000000000000e+01 -5.800000000000000000e+01 nan
1.300000000000000000e+01 -5.700000000000000000e+01 nan
1.300000000000000000e+01 -5.600000000000000000e+01 nan
1.300000000000000000e+01 -5.500000000000000000e+01 nan
1.300000000000000000e+01 -5.400000000000000000e+01 nan
1.300000000000000000e+01 -5.300000000000000000e+01 nan
1.300000000000000000e+01 -5.200000000000000000e+01 nan
1.300000000000000000e+01 -5.100000000000000000e+01 nan
1.300000000000000000e+01 -5.000000000000000000e+01 nan
1.300000000000000000e+01 -4.900000000000000000e+01 nan
1.300000000000000000e+01 -4.800000000000000000e+01 nan
1.300000000000000000e+01 -4.700000000000000000e+01 nan
1.300000000000000000e+01 -4.600000000000000000e+01 nan
1.300000000000000000e+01 -4.500000000000000000e+01 nan
1.300000000000000000e+01 -4.400000000000000000e+01 nan
1.300000000000000000e+01 -4.300000000000000000e+01 nan
1.300000000000000000e+01 -4.200000000000000000e+01 nan
1.300000000000000000e+01 -4.100000000000000000e+01 nan
1.300000000000000000e+01 -4.000000000000000000e+01 nan
1.300000000000000000e+01 -3.900000000000000000e+01 nan
1.300000000000000000e+01 -3.800000000000000000e+01 nan
1.300000000000000000e+01 -3.700000000000000000e+01 nan
1.300000000000000000e+01 -3.600000000000000000e+01 nan
1.300000000000000000e+01 -3.500000000000000000e+01 nan
1.300000000000000000e+01 -3.400000000000000000e+01 nan
1.300000000000000000e+01 -3.300000000000000000e+01 nan
1.300000000000000000e+01 -3.200000000000000000e+01 nan
1.400000000000000000e+01 -7.800000000000000000e+01 nan
1.400000000000000000e+01 -7.700000000000000000e+01 nan
1.400000000000000000e+01 -7.600000000000000000e+01 nan
1.400000000000000000e+01 -7.500000000000000000e+01 nan
1.400000000000000000e+01 -7.400000000000000000e+01 nan
1.400000000000000000e+01 -7.300000000000000000e+01 nan
1.400000000000000000e+01 -7.200000000000000000e+01 nan
1.400000000000000000e+01 -7.100000000000000000e+01 nan
1.400000000000000000e+01 -7.000000000000000000e+01 nan
1.400000000000000000e+01 -6.900000000000000000e+01 nan
1.400000000000000000e+01 -6.800000000000000000e+01 nan
1.400000000000000000e+01 -6.700000000000000000e+01 nan
1.400000000000000000e+01 -6.600000000000000000e+01 nan
1.400000000000000000e+01 -6.500000000000000000e+01 nan
1.400000000000000000e+01 -6.400000000000000000e+01 nan
1.400000000000000000e+01 -6.300000000000000000e+01 nan
1.400000000000000000e+01 -6.200000000000000000e+01 nan
1.400000000000000000e+01 -6.100000000000000000e+01 nan
1.400000000000000000e+01 -6.000000000000000000e+01 nan
1.400000000000000000e+01 -5.900000000000000000e+01 nan
1.400000000000000000e+01 -5.800000000000000000e+01 nan
1.400000000000000000e+01 -5.700000000000000000e+01 nan
1.400000000000000000e+01 -5.600000000000000000e+01 nan
1.400000000000000000e+01 -5.500000000000000000e+01 nan
1.400000000000000000e+01 -5.400000000000000000e+01 nan
1.400000000000000000e+01 -5.300000000000000000e+01 nan
1.400000000000000000e+01 -5.200000000000000000e+01 nan
1.400000000000000000e+01 -5.100000000000000000e+01 nan
1.400000000000000000e+01 -5.000000000000000000e+01 nan
1.400000000000000000e+01 -4.900000000000000000e+01 nan
1.400000000000000000e+01 -4.800000000000000000e+01 nan
1.400000000000000000e+01 -4.700000000000000000e+01 nan
1.400000000000000000e+01 -4.600000000000000000e+01 nan
1.400000000000000000e+01 -4.500000000000000000e+01 nan
1.400000000000000000e+01 -4.400000000000000000e+01 nan
1.400000000000000000e+01 -4.300000000000000000e+01 nan
1.400000000000000000e+01 -4.200000000000000000e+01 nan
1.400000000000000000e+01 -4.100000000000000000e+01 nan
1.400000000000000000e+01 -4.000000000000000000e+01 nan
1.400000000000000000e+01 -3.900000000000000000e+01 nan
1.400000000000000000e+01 -3.800000000000000000e+01 nan
1.400000000000000000e+01 -3.700000000000000000e+01 nan
1.400000000000000000e+01 -3.600000000000000000e+01 nan
1.400000000000000000e+01 -3.500000000000000000e+01 nan
1.400000000000000000e+01 -3.400000000000000000e+01 nan
1.400000000000000000e+01 -3.300000000000000000e+01 nan
1.400000000000000000e+01 -3.200000000000000000e+01 nan
1.500000000000000000e+01 -7.800000000000000000e+01 nan
1.500000000000000000e+01 -7.700000000000000000e+01 nan
1.500000000000000000e+01 -7.600000000000000000e+01 nan
1.500000000000000000e+01 -7.500000000000000000e+01 nan
1.500000000000000000e+01 -7.400000000000000000e+01 nan
1.500000000000000000e+01 -7.300000000000000000e+01 nan
1.500000000000000000e+01 -7.200000000000000000e+01 nan
1.500000000000000000e+01 -7.100000000000000000e+01 nan
1.500000000000000000e+01 -7.000000000000000000e+01 nan
1.500000000000000000e+01 -6.900000000000000000e+01 nan
1.500000000000000000e+01 -6.800000000000000000e+01 nan
1.500000000000000000e+01 -6.700000000000000000e+01 nan
1.500000000000000000e+01 -6.600000000000000000e+01 nan
1.500000000000000000e+01 -6.500000000000000000e+01 nan
1.500000000000000000e+01 -6.400000000000000000e+01 nan
1.500000000000000000e+01 -6.300000000000000000e+01 nan
1.500000000000000000e+01 -6.200000000000000000e+01 nan
1.500000000000000000e+01 -6.100000000000000000e+01 nan
1.500000000000000000e+01 -6.000000000000000000e+01 nan
1.500000000000000000e+01 -5.900000000000000000e+01 nan
1.500000000000000000e+01 -5.800000000000000000e+01 nan
1.500000000000000000e+01 -5.700000000000000000e+01 nan
1.500000000000000000e+01 -5.600000000000000000e+01 nan
1.500000000000000000e+01 -5.500000000000000000e+01 nan
1.500000000000000000e+01 -5.400000000000000000e+01 nan
1.500000000000000000e+01 -5.300000000000000000e+01 nan
1.500000000000000000e+01 -5.200000000000000000e+01 nan
1.500000000000000000e+01 -5.100000000000000000e+01 nan
1.500000000000000000e+01 -5.000000000000000000e+01 nan
1.500000000000000000e+01 -4.900000000000000000e+01 nan
1.500000000000000000e+01 -4.800000000000000000e+01 nan
1.500000000000000000e+01 -4.700000000000000000e+01 nan
1.500000000000000000e+01 -4.600000000000000000e+01 nan
1.500000000000000000e+01 -4.500000000000000000e+01 nan
1.500000000000000000e+01 -4.400000000000000000e+01 nan
1.500000000000000000e+01 -4.300000000000000000e+01 nan
1.500000000000000000e+01 -4.200000000000000000e+01 nan
1.500000000000000000e+01 -4.100000000000000000e+01 nan
1.500000000000000000e+01 -4.000000000000000000e+01 nan
1.500000000000000000e+01 -3.900000000000000000e+01 nan
1.500000000000000000e+01 -3.800000000000000000e+01 nan
1.500000000000000000e+01 -3.700000000000000000e+01 nan
1.500000000000000000e+01 -3.600000000000000000e+01 nan
1.500000000000000000e+01 -3.500000000000000000e+01 nan
1.500000000000000000e+01 -3.400000000000000000e+01 nan
1.500000000000000000e+01 -3.300000000000000000e+01 nan
1.500000000000000000e+01 -3.200000000000000000e+01 nan
1.600000000000000000e+01 -7.800000000000000000e+01 nan
1.600000000000000000e+01 -7.700000000000000000e+01 nan
1.600000000000000000e+01 -7.600000000000000000e+01 nan
1.600000000000000000e+01 -7.500000000000000000e+01 nan
1.600000000000000000e+01 -7.400000000000000000e+01 nan
1.600000000000000000e+01 -7.300000000000000000e+01 nan
1.600000000000000000e+01 -7.200000000000000000e+01 nan
1.600000000000000000e+01 -7.100000000000000000e+01 nan
1.600000000000000000e+01 -7.000000000000000000e+01 nan
1.600000000000000000e+01 -6.900000000000000000e+01 nan
1.600000000000000000e+01 -6.800000000000000000e+01 nan
1.600000000000000000e+01 -6.700000000000000000e+01 nan
1.600000000000000000e+01 -6.600000000000000000e+01 nan
1.600000000000000000e+01 -6.500000000000000000e+01 nan
1.600000000000000000e+01 -6.400000000000000000e+01 nan
1.600000000000000000e+01 -6.300000000000000000e+01 nan
1.600000000000000000e+01 -6.200000000000000000e+01 nan
1.600000000000000000e+01 -6.100000000000000000e+01 nan
1.600000000000000000e+01 -6.000000000000000000e+01 nan
1.600000000000000000e+01 -5.900000000000000000e+01 nan
1.600000000000000000e+01 -5.800000000000000000e+01 nan
1.600000000000000000e+01 -5.700000000000000000e+01 nan
1.600000000000000000e+01 -5.600000000000000000e+01 nan
1.600000000000000000e+01 -5.500000000000000000e+01 nan
1.600000000000000000e+01 -5.400000000000000000e+01 nan
1.600000000000000000e+01 -5.300000000000000000e+01 nan
1.600000000000000000e+01 -5.200000000000000000e+01 nan
1.600000000000000000e+01 -5.100000000000000000e+01 nan
1.600000000000000000e+01 -5.000000000000000000e+01 nan
1.600000000000000000e+01 -4.900000000000000000e+01 nan
1.600000000000000000e+01 -4.800000000000000000e+01 nan
1.600000000000000000e+01 -4.700000000000000000e+01 nan
1.600000000000000000e+01 -4.600000000000000000e+01 nan
1.600000000000000000e+01 -4.500000000000000000e+01 nan
1.600000000000000000e+01 -4.400000000000000000e+01 nan
1.600000000000000000e+01 -4.300000000000000000e+01 nan
1.600000000000000000e+01 -4.200000000000000000e+01 nan
1.600000000000000000e+01 -4.100000000000000000e+01 nan
1.600000000000000000e+01 -4.000000000000000000e+01 nan
1.600000000000000000e+01 -3.900000000000000000e+01 nan
1.600000000000000000e+01 -3.800000000000000000e+01 nan
1.600000000000000000e+01 -3.700000000000000000e+01 nan
1.600000000000000000e+01 -3.600000000000000000e+01 nan
1.600000000000000000e+01 -3.500000000000000000e+01 nan
1.600000000000000000e+01 -3.400000000000000000e+01 nan
1.600000000000000000e+01 -3.300000000000000000e+01 nan
1.600000000000000000e+01 -3.200000000000000000e+01 nan
1.700000000000000000e+01 -7.800000000000000000e+01 nan
1.700000000000000000e+01 -7.700000000000000000e+01 nan
1.700000000000000000e+01 -7.600000000000000000e+01 nan
1.700000000000000000e+01 -7.500000000000000000e+01 nan
1.700000000000000000e+01 -7.400000000000000000e+01 nan
1.700000000000000000e+01 -7.300000000000000000e+01 nan
1.700000000000000000e+01 -7.200000000000000000e+01 nan
1.700000000000000000e+01 -7.100000000000000000e+01 nan
1.700000000000000000e+01 -7.000000000000000000e+01 nan
1.700000000000000000e+01 -6.900000000000000000e+01 nan
1.700000000000000000e+01 -6.800000000000000000e+01 nan
1.700000000000000000e+01 -6.700000000000000000e+01 nan
1.700000000000000000e+01 -6.600000000000000000e+01 nan
1.700000000000000000e+01 -6.500000000000000000e+01 nan
1.700000000000000000e+01 -6.400000000000000000e+01 nan
1.700000000000000000e+01 -6.300000000000000000e+01 nan
1.700000000000000000e+01 -6.200000000000000000e+01 nan
1.700000000000000000e+01 -6.100000000000000000e+01 nan
1.700000000000000000e+01 -6.000000000000000000e+01 nan
1.700000000000000000e+01 -5.900000000000000000e+01 nan
1.700000000000000000e+01 -5.800000000000000000e+01 nan
1.700000000000000000e+01 -5.700000000000000000e+01 nan
1.700000000000000000e+01 -5.600000000000000000e+01 nan
1.700000000000000000e+01 -5.500000000000000000e+01 nan
1.700000000000000000e+01 -5.400000000000000000e+01 nan
1.700000000000000000e+01 -5.300000000000000000e+01 nan
1.700000000000000000e+01 -5.200000000000000000e+01 nan
1.700000000000000000e+01 -5.100000000000000000e+01 nan
1.700000000000000000e+01 -5.000000000000000000e+01 nan
1.700000000000000000e+01 -4.900000000000000000e+01 nan
1.700000000000000000e+01 -4.800000000000000000e+01 nan
1.700000000000000000e+01 -4.700000000000000000e+01 nan
1.700000000000000000e+01 -4.600000000000000000e+01 nan
1.700000000000000000e+01 -4.500000000000000000e+01 nan
1.700000000000000000e+01 -4.400000000000000000e+01 nan
1.700000000000000000e+01 -4.300000000000000000e+01 nan
1.700000000000000000e+01 -4.200000000000000000e+01 nan
1.700000000000000000e+01 -4.100000000000000000e+01 nan
1.700000000000000000e+01 -4.000000000000000000e+01 nan
1.700000000000000000e+01 -3.900000000000000000e+01 nan
1.700000000000000000e+01 -3.800000000000000000e+01 nan
1.700000000000000000e+01 -3.700000000000000000e+01 nan
1.700000000000000000e+01 -3.600000000000000000e+01 nan
1.700000000000000000e+01 -3.500000000000000000e+01 nan
1.700000000000000000e+01 -3.400000000000000000e+01 nan
1.700000000000000000e+01 -3.300000000000000000e+01 nan
1.700000000000000000e+01 -3.200000000000000000e+01 nan
1.800000000000000000e+01 -7.800000000000000000e+01 nan
1.800000000000000000e+01 -7.700000000000000000e+01 nan
1.800000000000000000e+01 -7.600000000000000000e+01 nan
1.800000000000000000e+01 -7.500000000000000000e+01 nan
1.800000000000000000e+01 -7.400000000000000000e+01 nan
1.800000000000000000e+01 -7.300000000000000000e+01 nan
1.800000000000000000e+01 -7.200000000000000000e+01 nan
1.800000000000000000e+01 -7.100000000000000000e+01 nan
1.800000000000000000e+01 -7.000000000000000000e+01 nan
1.800000000000000000e+01 -6.900000000000000000e+01 nan
1.800000000000000000e+01 -6.800000000000000000e+01 nan
1.800000000000000000e+01 -6.700000000000000000e+01 nan
1.800000000000000000e+01 -6.600000000000000000e+01 nan
1.800000000000000000e+01 -6.500000000000000000e+01 nan
1.800000000000000000e+01 -6.400000000000000000e+01 nan
1.800000000000000000e+01 -6.300000000000000000e+01 nan
1.800000000000000000e+01 -6.200000000000000000e+01 nan
1.800000000000000000e+01 -6.100000000000000000e+01 nan
1.800000000000000000e+01 -6.000000000000000000e+01 nan
1.800000000000000000e+01 -5.900000000000000000e+01 nan
1.800000000000000000e+01 -5.800000000000000000e+01 nan
1.800000000000000000e+01 -5.700000000000000000e+01 nan
1.800000000000000000e+01 -5.600000000000000000e+01 nan
1.800000000000000000e+01 -5.500000000000000000e+01 nan
1.800000000000000000e+01 -5.400000000000000000e+01 nan
1.800000000000000000e+01 -5.300000000000000000e+01 nan
1.800000000000000000e+01 -5.200000000000000000e+01 nan
1.800000000000000000e+01 -5.100000000000000000e+01 nan
1.800000000000000000e+01 -5.000000000000000000e+01 nan
1.800000000000000000e+01 -4.900000000000000000e+01 nan
1.800000000000000000e+01 -4.800000000000000000e+01 nan
1.800000000000000000e+01 -4.700000000000000000e+01 nan
1.800000000000000000e+01 -4.600000000000000000e+01 nan
1.800000000000000000e+01 -4.500000000000000000e+01 nan
1.800000000000000000e+01 -4.400000000000000000e+01 nan
1.800000000000000000e+01 -4.300000000000000000e+01 nan
1.800000000000000000e+01 -4.200000000000000000e+01 nan
1.800000000000000000e+01 -4.100000000000000000e+01 nan
1.800000000000000000e+01 -4.000000000000000000e+01 nan
1.800000000000000000e+01 -3.900000000000000000e+01 nan
1.800000000000000000e+01 -3.800000000000000000e+01 nan
1.800000000000000000e+01 -3.700000000000000000e+01 nan
1.800000000000000000e+01 -3.600000000000000000e+01 nan
1.800000000000000000e+01 -3.500000000000000000e+01 nan
1.800000000000000000e+01 -3.400000000000000000e+01 nan
1.800000000000000000e+01 -3.300000000000000000e+01 nan
1.800000000000000000e+01 -3.200000000000000000e+01 nan
1.900000000000000000e+01 -7.800000000000000000e+01 nan
1.900000000000000000e+01 -7.700000000000000000e+01 nan
1.900000000000000000e+01 -7.600000000000000000e+01 nan
1.900000000000000000e+01 -7.500000000000000000e+01 nan
1.900000000000000000e+01 -7.400000000000000000e+01 nan
1.900000000000000000e+01 -7.300000000000000000e+01 nan
1.900000000000000000e+01 -7.200000000000000000e+01 nan
1.900000000000000000e+01 -7.100000000000000000e+01 nan
1.900000000000000000e+01 -7.000000000000000000e+01 nan
1.900000000000000000e+01 -6.900000000000000000e+01 nan
1.900000000000000000e+01 -6.800000000000000000e+01 nan
1.900000000000000000e+01 -6.700000000000000000e+01 nan
1.900000000000000000e+01 -6.600000000000000000e+01 nan
1.900000000000000000e+01 -6.500000000000000000e+01 nan
1.900000000000000000e+01 -6.400000000000000000e+01 nan
1.900000000000000000e+01 -6.300000000000000000e+01 nan
1.900000000000000000e+01 -6.200000000000000000e+01 nan
1.900000000000000000e+01 -6.100000000000000000e+01 nan
1.900000000000000000e+01 -6.000000000000000000e+01 nan
1.900000000000000000e+01 -5.900000000000000000e+01 nan
1.900000000000000000e+01 -5.800000000000000000e+01 nan
1.900000000000000000e+01 -5.700000000000000000e+01 nan
1.900000000000000000e+01 -5.600000000000000000e+01 nan
1.900000000000000000e+01 -5.500000000000000000e+01 nan
1.900000000000000000e+01 -5.400000000000000000e+01 nan
1.900000000000000000e+01 -5.300000000000000000e+01 nan
1.900000000000000000e+01 -5.200000000000000000e+01 nan
1.900000000000000000e+01 -5.100000000000000000e+01 nan
1.900000000000000000e+01 -5.000000000000000000e+01 nan
1.900000000000000000e+01 -4.900000000000000000e+01 nan
1.900000000000000000e+01 -4.800000000000000000e+01 nan
1.900000000000000000e+01 -4.700000000000000000e+01 nan
1.900000000000000000e+01 -4.600000000000000000e+01 nan
1.900000000000000000e+01 -4.500000000000000000e+01 nan
1.900000000000000000e+01 -4.400000000000000000e+01 nan
1.900000000000000000e+01 -4.300000000000000000e+01 nan
1.900000000000000000e+01 -4.200000000000000000e+01 nan
1.900000000000000000e+01 -4.100000000000000000e+01 nan
1.900000000000000000e+01 -4.000000000000000000e+01 nan
1.900000000000000000e+01 -3.900000000000000000e+01 nan
1.900000000000000000e+01 -3.800000000000000000e+01 nan
1.900000000000000000e+01 -3.700000000000000000e+01 nan
1.900000000000000000e+01 -3.600000000000000000e+01 nan
1.900000000000000000e+01 -3.500000000000000000e+01 nan
1.900000000000000000e+01 -3.400000000000000000e+01 nan
1.900000000000000000e+01 -3.300000000000000000e+01 nan
1.900000000000000000e+01 -3.200000000000000000e+01 nan
2.000000000000000000e+01 -7.800000000000000000e+01 nan
2.000000000000000000e+01 -7.700000000000000000e+01 nan
2.000000000000000000e+01 -7.600000000000000000e+01 nan
2.000000000000000000e+01 -7.500000000000000000e+01 nan
2.000000000000000000e+01 -7.400000000000000000e+01 nan
2.000000000000000000e+01 -7.300000000000000000e+01 nan
2.000000000000000000e+01 -7.200000000000000000e+01 nan
2.000000000000000000e+01 -7.100000000000000000e+01 nan
2.000000000000000000e+01 -7.000000000000000000e+01 nan
2.000000000000000000e+01 -6.900000000000000000e+01 nan
2.000000000000000000e+01 -6.800000000000000000e+01 nan
2.000000000000000000e+01 -6.700000000000000000e+01 nan
2.000000000000000000e+01 -6.600000000000000000e+01 nan
2.000000000000000000e+01 -6.500000000000000000e+01 nan
2.000000000000000000e+01 -6.400000000000000000e+01 nan
2.000000000000000000e+01 -6.300000000000000000e+01 nan
2.000000000000000000e+01 -6.200000000000000000e+01 nan
2.000000000000000000e+01 -6.100000000000000000e+01 nan
2.000000000000000000e+01 -6.000000000000000000e+01 1.721414111430923377e+00
2.000000000000000000e+01 -5.900000000000000000e+01 1.714864504859123340e+00
2.000000000000000000e+01 -5.800000000000000000e+01 1.552895836300951293e+00
2.000000000000000000e+01 -5.700000000000000000e+01 nan
2.000000000000000000e+01 -5.600000000000000000e+01 nan
2.000000000000000000e+01 -5.500000000000000000e+01 nan
2.000000000000000000e+01 -5.400000000000000000e+01 nan
2.000000000000000000e+01 -5.300000000000000000e+01 nan
2.000000000000000000e+01 -5.200000000000000000e+01 nan
2.000000000000000000e+01 -5.100000000000000000e+01 nan
2.000000000000000000e+01 -5.000000000000000000e+01 nan
2.000000000000000000e+01 -4.900000000000000000e+01 nan
2.000000000000000000e+01 -4.800000000000000000e+01 nan
2.000000000000000000e+01 -4.700000000000000000e+01 nan
2.000000000000000000e+01 -4.600000000000000000e+01 nan
2.000000000000000000e+01 -4.500000000000000000e+01 nan
2.000000000000000000e+01 -4.400000000000000000e+01 nan
2.000000000000000000e+01 -4.300000000000000000e+01 nan
2.000000000000000000e+01 -4.200000000000000000e+01 nan
2.000000000000000000e+01 -4.100000000000000000e+01 nan
2.000000000000000000e+01 -4.000000000000000000e+01 nan
2.000000000000000000e+01 -3.900000000000000000e+01 nan
2.000000000000000000e+01 -3.800000000000000000e+01 nan
2.000000000000000000e+01 -3.700000000000000000e+01 nan
2.000000000000000000e+01 -3.600000000000000000e+01 nan
2.000000000000000000e+01 -3.500000000000000000e+01 nan
2.000000000000000000e+01 -3.400000000000000000e+01 nan
2.000000000000000000e+01 -3.300000000000000000e+01 nan
2.000000000000000000e+01 -3.200000000000000000e+01 nan
2.100000000000000000e+01 -7.800000000000000000e+01 nan
2.100000000000000000e+01 -7.700000000000000000e+01 nan
2.100000000000000000e+01 -7.600000000000000000e+01 nan
2.100000000000000000e+01 -7.500000000000000000e+01 nan
2.100000000000000000e+01 -7.400000000000000000e+01 nan
2.100000000000000000e+01 -7.300000000000000000e+01 nan
2.100000000000000000e+01 -7.200000000000000000e+01 nan
2.100000000000000000e+01 -7.100000000000000000e+01 nan
2.100000000000000000e+01 -7.000000000000000000e+01 nan
2.100000000000000000e+01 -6.900000000000000000e+01 nan
2.100000000000000000e+01 -6.800000000000000000e+01 nan
2.100000000000000000e+01 -6.700000000000000000e+01 nan
2.100000000000000000e+01 -6.600000000000000000e+01 nan
2.100000000000000000e+01 -6.500000000000000000e+01 nan
2.100000000000000000e+01 -6.400000000000000000e+01 nan
2.100000000000000000e+01 -6.300000000000000000e+01 nan
2.100000000000000000e+01 -6.200000000000000000e+01 nan
2.100000000000000000e+01 -6.100000000000000000e+01 nan
2.100000000000000000e+01 -6.000000000000000000e+01 1.721583204521145882e+00
2.100000000000000000e+01 -5.900000000000000000e+01 1.685095392219838839e+00
2.100000000000000000e+01 -5.800000000000000000e+01 1.618609894258122850e+00
2.100000000000000000e+01 -5.700000000000000000e+01 1.496340811494858869e+00
2.100000000000000000e+01 -5.600000000000000000e+01 1.483621637340533761e+00
2.100000000000000000e+01 -5.500000000000000000e+01 1.531153846364794235e+00
2.100000000000000000e+01 -5.400000000000000000e+01 1.539015467710547425e+00
2.100000000000000000e+01 -5.300000000000000000e+01 1.561878267983058510e+00
2.100000000000000000e+01 -5.200000000000000000e+01 1.507695135464864000e+00
2.100000000000000000e+01 -5.100000000000000000e+01 1.392010951449608180e+00
2.100000000000000000e+01 -5.000000000000000000e+01 1.128157831310001136e+00
2.100000000000000000e+01 -4.900000000000000000e+01 1.006420483746575778e+00
2.100000000000000000e+01 -4.800000000000000000e+01 nan
2.100000000000000000e+01 -4.700000000000000000e+01 nan
2.100000000000000000e+01 -4.600000000000000000e+01 nan
2.100000000000000000e+01 -4.500000000000000000e+01 nan
2.100000000000000000e+01 -4.400000000000000000e+01 nan
2.100000000000000000e+01 -4.300000000000000000e+01 nan
2.100000000000000000e+01 -4.200000000000000000e+01 nan
2.100000000000000000e+01 -4.100000000000000000e+01 nan
2.100000000000000000e+01 -4.000000000000000000e+01 nan
2.100000000000000000e+01 -3.900000000000000000e+01 nan
2.100000000000000000e+01 -3.800000000000000000e+01 nan
2.100000000000000000e+01 -3.700000000000000000e+01 nan
2.100000000000000000e+01 -3.600000000000000000e+01 nan
2.100000000000000000e+01 -3.500000000000000000e+01 nan
2.100000000000000000e+01 -3.400000000000000000e+01 nan
2.100000000000000000e+01 -3.300000000000000000e+01 nan
2.100000000000000000e+01 -3.200000000000000000e+01 nan
2.200000000000000000e+01 -7.800000000000000000e+01 nan
2.200000000000000000e+01 -7.700000000000000000e+01 nan
2.200000000000000000e+01 -7.600000000000000000e+01 nan
2.200000000000000000e+01 -7.500000000000000000e+01 nan
2.200000000000000000e+01 -7.400000000000000000e+01 nan
2.200000000000000000e+01 -7.300000000000000000e+01 nan
2.200000000000000000e+01 -7.200000000000000000e+01 nan
2.200000000000000000e+01 -7.100000000000000000e+01 nan
2.200000000000000000e+01 -7.000000000000000000e+01 nan
2.200000000000000000e+01 -6.900000000000000000e+01 nan
2.200000000000000000e+01 -6.800000000000000000e+01 nan
2.200000000000000000e+01 -6.700000000000000000e+01 nan
2.200000000000000000e+01 -6.600000000000000000e+01 nan
2.200000000000000000e+01 -6.500000000000000000e+01 nan
2.200000000000000000e+01 -6.400000000000000000e+01 nan
2.200000000000000000e+01 -6.300000000000000000e+01 nan
2.200000000000000000e+01 -6.200000000000000000e+01 nan
2.200000000000000000e+01 -6.100000000000000000e+01 nan
2.200000000000000000e+01 -6.000000000000000000e+01 1.729782530015215203e+00
2.200000000000000000e+01 -5.900000000000000000e+01 1.635560148453830465e+00
2.200000000000000000e+01 -5.800000000000000000e+01 1.627871169538061435e+00
2.200000000000000000e+01 -5.700000000000000000e+01 1.496340811494858869e+00
2.200000000000000000e+01 -5.600000000000000000e+01 1.483621637340533761e+00
2.200000000000000000e+01 -5.500000000000000000e+01 1.531153846364794235e+00
2.200000000000000000e+01 -5.400000000000000000e+01 1.539015467710547425e+00
2.200000000000000000e+01 -5.300000000000000000e+01 1.561878267983058510e+00
2.200000000000000000e+01 -5.200000000000000000e+01 1.507695135464864000e+00
2.200000000000000000e+01 -5.100000000000000000e+01 1.355164293225713745e+00
2.200000000000000000e+01 -5.000000000000000000e+01 1.112790700490387197e+00
2.200000000000000000e+01 -4.900000000000000000e+01 1.080658461591973429e+00
2.200000000000000000e+01 -4.800000000000000000e+01 1.069662386867268333e+00
2.200000000000000000e+01 -4.700000000000000000e+01 1.090396984647248990e+00
2.200000000000000000e+01 -4.600000000000000000e+01 1.109616359929336493e+00
2.200000000000000000e+01 -4.500000000000000000e+01 1.200744874525491612e+00
2.200000000000000000e+01 -4.400000000000000000e+01 1.306893496820345391e+00
2.200000000000000000e+01 -4.300000000000000000e+01 1.264554932734889281e+00
2.200000000000000000e+01 -4.200000000000000000e+01 1.387417235033479690e+00
2.200000000000000000e+01 -4.100000000000000000e+01 1.774379366755824083e+00
2.200000000000000000e+01 -4.000000000000000000e+01 1.966139277526952167e+00
2.200000000000000000e+01 -3.900000000000000000e+01 1.824663248843935159e+00
2.200000000000000000e+01 -3.800000000000000000e+01 1.680396440418342241e+00
2.200000000000000000e+01 -3.700000000000000000e+01 1.650170783301726729e+00
2.200000000000000000e+01 -3.600000000000000000e+01 1.778491499139627674e+00
2.200000000000000000e+01 -3.500000000000000000e+01 2.100785967842439650e+00
2.200000000000000000e+01 -3.400000000000000000e+01 1.864668007863501842e+00
2.200000000000000000e+01 -3.300000000000000000e+01 1.712558369643444767e+00
2.200000000000000000e+01 -3.200000000000000000e+01 nan
2.300000000000000000e+01 -7.800000000000000000e+01 nan
2.300000000000000000e+01 -7.700000000000000000e+01 nan
2.300000000000000000e+01 -7.600000000000000000e+01 nan
2.300000000000000000e+01 -7.500000000000000000e+01 nan
2.300000000000000000e+01 -7.400000000000000000e+01 nan
2.300000000000000000e+01 -7.300000000000000000e+01 nan
2.300000000000000000e+01 -7.200000000000000000e+01 nan
2.300000000000000000e+01 -7.100000000000000000e+01 nan
2.300000000000000000e+01 -7.000000000000000000e+01 nan
2.300000000000000000e+01 -6.900000000000000000e+01 nan
2.300000000000000000e+01 -6.800000000000000000e+01 nan
2.300000000000000000e+01 -6.700000000000000000e+01 nan
2.300000000000000000e+01 -6.600000000000000000e+01 nan
2.300000000000000000e+01 -6.500000000000000000e+01 nan
2.300000000000000000e+01 -6.400000000000000000e+01 nan
2.300000000000000000e+01 -6.300000000000000000e+01 nan
2.300000000000000000e+01 -6.200000000000000000e+01 nan
2.300000000000000000e+01 -6.100000000000000000e+01 nan
2.300000000000000000e+01 -6.000000000000000000e+01 nan
2.300000000000000000e+01 -5.900000000000000000e+01 nan
2.300000000000000000e+01 -5.800000000000000000e+01 nan
2.300000000000000000e+01 -5.700000000000000000e+01 nan
2.300000000000000000e+01 -5.600000000000000000e+01 nan
2.300000000000000000e+01 -5.500000000000000000e+01 nan
2.300000000000000000e+01 -5.400000000000000000e+01 nan
2.300000000000000000e+01 -5.300000000000000000e+01 nan
2.300000000000000000e+01 -5.200000000000000000e+01 nan
2.300000000000000000e+01 -5.100000000000000000e+01 1.093850329701351543e+00
2.300000000000000000e+01 -5.000000000000000000e+01 1.094643096292976070e+00
2.300000000000000000e+01 -4.900000000000000000e+01 1.084777624241442640e+00
2.300000000000000000e+01 -4.800000000000000000e+01 1.069662386867268333e+00
2.300000000000000000e+01 -4.700000000000000000e+01 1.090396984647248990e+00
2.300000000000000000e+01 -4.600000000000000000e+01 1.109616359929336493e+00
2.300000000000000000e+01 -4.500000000000000000e+01 1.200744874525491612e+00
2.300000000000000000e+01 -4.400000000000000000e+01 1.306893496820345391e+00
2.300000000000000000e+01 -4.300000000000000000e+01 1.264554932734889281e+00
2.300000000000000000e+01 -4.200000000000000000e+01 1.387417235033479690e+00
2.300000000000000000e+01 -4.100000000000000000e+01 1.774379366755824083e+00
2.300000000000000000e+01 -4.000000000000000000e+01 1.966139277526952167e+00
2.300000000000000000e+01 -3.900000000000000000e+01 1.824663248843935159e+00
2.300000000000000000e+01 -3.800000000000000000e+01 1.680396440418342241e+00
2.300000000000000000e+01 -3.700000000000000000e+01 1.650170783301726729e+00
2.300000000000000000e+01 -3.600000000000000000e+01 1.778491499139627674e+00
2.300000000000000000e+01 -3.500000000000000000e+01 2.100785967842439650e+00
2.300000000000000000e+01 -3.400000000000000000e+01 1.864668007863501842e+00
2.300000000000000000e+01 -3.300000000000000000e+01 1.712558369643444767e+00
2.300000000000000000e+01 -3.200000000000000000e+01 nan
