Longitude[deg], Latitude[deg], Dust optical depth
1.470000000000000000e+02 -8.300000000000000000e+01 nan
1.470000000000000000e+02 -8.200000000000000000e+01 nan
1.470000000000000000e+02 -8.100000000000000000e+01 nan
1.470000000000000000e+02 -8.000000000000000000e+01 nan
1.470000000000000000e+02 -7.900000000000000000e+01 nan
1.470000000000000000e+02 -7.800000000000000000e+01 nan
1.470000000000000000e+02 -7.700000000000000000e+01 nan
1.470000000000000000e+02 -7.600000000000000000e+01 nan
1.470000000000000000e+02 -7.500000000000000000e+01 nan
1.470000000000000000e+02 -7.400000000000000000e+01 nan
1.470000000000000000e+02 -7.300000000000000000e+01 nan
1.470000000000000000e+02 -7.200000000000000000e+01 nan
1.470000000000000000e+02 -7.100000000000000000e+01 nan
1.470000000000000000e+02 -7.000000000000000000e+01 nan
1.470000000000000000e+02 -6.900000000000000000e+01 nan
1.470000000000000000e+02 -6.800000000000000000e+01 nan
1.470000000000000000e+02 -6.700000000000000000e+01 nan
1.470000000000000000e+02 -6.600000000000000000e+01 nan
1.470000000000000000e+02 -6.500000000000000000e+01 nan
1.470000000000000000e+02 -6.400000000000000000e+01 nan
1.470000000000000000e+02 -6.300000000000000000e+01 nan
1.470000000000000000e+02 -6.200000000000000000e+01 nan
1.470000000000000000e+02 -6.100000000000000000e+01 nan
1.470000000000000000e+02 -6.000000000000000000e+01 nan
1.470000000000000000e+02 -5.900000000000000000e+01 nan
1.470000000000000000e+02 -5.800000000000000000e+01 nan
1.470000000000000000e+02 -5.700000000000000000e+01 nan
1.470000000000000000e+02 -5.600000000000000000e+01 nan
1.470000000000000000e+02 -5.500000000000000000e+01 nan
1.470000000000000000e+02 -5.400000000000000000e+01 nan
1.470000000000000000e+02 -5.300000000000000000e+01 nan
1.470000000000000000e+02 -5.200000000000000000e+01 nan
1.470000000000000000e+02 -5.100000000000000000e+01 nan
1.470000000000000000e+02 -5.000000000000000000e+01 nan
1.470000000000000000e+02 -4.900000000000000000e+01 nan
1.470000000000000000e+02 -4.800000000000000000e+01 nan
1.470000000000000000e+02 -4.700000000000000000e+01 nan
1.470000000000000000e+02 -4.600000000000000000e+01 nan
1.470000000000000000e+02 -4.500000000000000000e+01 nan
1.470000000000000000e+02 -4.400000000000000000e+01 nan
1.470000000000000000e+02 -4.300000000000000000e+01 nan
1.470000000000000000e+02 -4.200000000000000000e+01 nan
1.470000000000000000e+02 -4.100000000000000000e+01 nan
1.470000000000000000e+02 -4.000000000000000000e+01 nan
1.470000000000000000e+02 -3.900000000000000000e+01 nan
1.470000000000000000e+02 -3.800000000000000000e+01 nan
1.480000000000000000e+02 -8.300000000000000000e+01 nan
1.480000000000000000e+02 -8.200000000000000000e+01 nan
1.480000000000000000e+02 -8.100000000000000000e+01 nan
1.480000000000000000e+02 -8.000000000000000000e+01 nan
1.480000000000000000e+02 -7.900000000000000000e+01 nan
1.480000000000000000e+02 -7.800000000000000000e+01 nan
1.480000000000000000e+02 -7.700000000000000000e+01 nan
1.480000000000000000e+02 -7.600000000000000000e+01 nan
1.480000000000000000e+02 -7.500000000000000000e+01 nan
1.480000000000000000e+02 -7.400000000000000000e+01 nan
1.480000000000000000e+02 -7.300000000000000000e+01 nan
1.480000000000000000e+02 -7.200000000000000000e+01 nan
1.480000000000000000e+02 -7.100000000000000000e+01 nan
1.480000000000000000e+02 -7.000000000000000000e+01 nan
1.480000000000000000e+02 -6.900000000000000000e+01 nan
1.480000000000000000e+02 -6.800000000000000000e+01 nan
1.480000000000000000e+02 -6.700000000000000000e+01 nan
1.480000000000000000e+02 -6.600000000000000000e+01 nan
1.480000000000000000e+02 -6.500000000000000000e+01 nan
1.480000000000000000e+02 -6.400000000000000000e+01 nan
1.480000000000000000e+02 -6.300000000000000000e+01 nan
1.480000000000000000e+02 -6.200000000000000000e+01 nan
1.480000000000000000e+02 -6.100000000000000000e+01 nan
1.480000000000000000e+02 -6.000000000000000000e+01 nan
1.480000000000000000e+02 -5.900000000000000000e+01 nan
1.480000000000000000e+02 -5.800000000000000000e+01 nan
1.480000000000000000e+02 -5.700000000000000000e+01 nan
1.480000000000000000e+02 -5.600000000000000000e+01 nan
1.480000000000000000e+02 -5.500000000000000000e+01 nan
1.480000000000000000e+02 -5.400000000000000000e+01 nan
1.480000000000000000e+02 -5.300000000000000000e+01 nan
1.480000000000000000e+02 -5.200000000000000000e+01 nan
1.480000000000000000e+02 -5.100000000000000000e+01 nan
1.480000000000000000e+02 -5.000000000000000000e+01 nan
1.480000000000000000e+02 -4.900000000000000000e+01 nan
1.480000000000000000e+02 -4.800000000000000000e+01 nan
1.480000000000000000e+02 -4.700000000000000000e+01 nan
1.480000000000000000e+02 -4.600000000000000000e+01 nan
1.480000000000000000e+02 -4.500000000000000000e+01 nan
1.480000000000000000e+02 -4.400000000000000000e+01 nan
1.480000000000000000e+02 -4.300000000000000000e+01 nan
1.480000000000000000e+02 -4.200000000000000000e+01 nan
1.480000000000000000e+02 -4.100000000000000000e+01 nan
1.480000000000000000e+02 -4.000000000000000000e+01 nan
1.480000000000000000e+02 -3.900000000000000000e+01 nan
1.480000000000000000e+02 -3.800000000000000000e+01 nan
1.490000000000000000e+02 -8.300000000000000000e+01 nan
1.490000000000000000e+02 -8.200000000000000000e+01 nan
1.490000000000000000e+02 -8.100000000000000000e+01 nan
1.490000000000000000e+02 -8.000000000000000000e+01 nan
1.490000000000000000e+02 -7.900000000000000000e+01 nan
1.490000000000000000e+02 -7.800000000000000000e+01 nan
1.490000000000000000e+02 -7.700000000000000000e+01 nan
1.490000000000000000e+02 -7.600000000000000000e+01 nan
1.490000000000000000e+02 -7.500000000000000000e+01 nan
1.490000000000000000e+02 -7.400000000000000000e+01 nan
1.490000000000000000e+02 -7.300000000000000000e+01 nan
1.490000000000000000e+02 -7.200000000000000000e+01 nan
1.490000000000000000e+02 -7.100000000000000000e+01 nan
1.490000000000000000e+02 -7.000000000000000000e+01 nan
1.490000000000000000e+02 -6.900000000000000000e+01 nan
1.490000000000000000e+02 -6.800000000000000000e+01 nan
1.490000000000000000e+02 -6.700000000000000000e+01 nan
1.490000000000000000e+02 -6.600000000000000000e+01 nan
1.490000000000000000e+02 -6.500000000000000000e+01 nan
1.490000000000000000e+02 -6.400000000000000000e+01 nan
1.490000000000000000e+02 -6.300000000000000000e+01 nan
1.490000000000000000e+02 -6.200000000000000000e+01 nan
1.490000000000000000e+02 -6.100000000000000000e+01 nan
1.490000000000000000e+02 -6.000000000000000000e+01 nan
1.490000000000000000e+02 -5.900000000000000000e+01 nan
1.490000000000000000e+02 -5.800000000000000000e+01 nan
1.490000000000000000e+02 -5.700000000000000000e+01 nan
1.490000000000000000e+02 -5.600000000000000000e+01 nan
1.490000000000000000e+02 -5.500000000000000000e+01 nan
1.490000000000000000e+02 -5.400000000000000000e+01 nan
1.490000000000000000e+02 -5.300000000000000000e+01 nan
1.490000000000000000e+02 -5.200000000000000000e+01 nan
1.490000000000000000e+02 -5.100000000000000000e+01 nan
1.490000000000000000e+02 -5.000000000000000000e+01 nan
1.490000000000000000e+02 -4.900000000000000000e+01 nan
1.490000000000000000e+02 -4.800000000000000000e+01 nan
1.490000000000000000e+02 -4.700000000000000000e+01 nan
1.490000000000000000e+02 -4.600000000000000000e+01 nan
1.490000000000000000e+02 -4.500000000000000000e+01 nan
1.490000000000000000e+02 -4.400000000000000000e+01 nan
1.490000000000000000e+02 -4.300000000000000000e+01 nan
1.490000000000000000e+02 -4.200000000000000000e+01 nan
1.490000000000000000e+02 -4.100000000000000000e+01 nan
1.490000000000000000e+02 -4.000000000000000000e+01 nan
1.490000000000000000e+02 -3.900000000000000000e+01 nan
1.490000000000000000e+02 -3.800000000000000000e+01 nan
1.500000000000000000e+02 -8.300000000000000000e+01 nan
1.500000000000000000e+02 -8.200000000000000000e+01 nan
1.500000000000000000e+02 -8.100000000000000000e+01 nan
1.500000000000000000e+02 -8.000000000000000000e+01 nan
1.500000000000000000e+02 -7.900000000000000000e+01 nan
1.500000000000000000e+02 -7.800000000000000000e+01 nan
1.500000000000000000e+02 -7.700000000000000000e+01 nan
1.500000000000000000e+02 -7.600000000000000000e+01 nan
1.500000000000000000e+02 -7.500000000000000000e+01 nan
1.500000000000000000e+02 -7.400000000000000000e+01 nan
1.500000000000000000e+02 -7.300000000000000000e+01 nan
1.500000000000000000e+02 -7.200000000000000000e+01 nan
1.500000000000000000e+02 -7.100000000000000000e+01 nan
1.500000000000000000e+02 -7.000000000000000000e+01 nan
1.500000000000000000e+02 -6.900000000000000000e+01 nan
1.500000000000000000e+02 -6.800000000000000000e+01 nan
1.500000000000000000e+02 -6.700000000000000000e+01 nan
1.500000000000000000e+02 -6.600000000000000000e+01 nan
1.500000000000000000e+02 -6.500000000000000000e+01 nan
1.500000000000000000e+02 -6.400000000000000000e+01 nan
1.500000000000000000e+02 -6.300000000000000000e+01 nan
1.500000000000000000e+02 -6.200000000000000000e+01 nan
1.500000000000000000e+02 -6.100000000000000000e+01 nan
1.500000000000000000e+02 -6.000000000000000000e+01 nan
1.500000000000000000e+02 -5.900000000000000000e+01 nan
1.500000000000000000e+02 -5.800000000000000000e+01 nan
1.500000000000000000e+02 -5.700000000000000000e+01 nan
1.500000000000000000e+02 -5.600000000000000000e+01 nan
1.500000000000000000e+02 -5.500000000000000000e+01 nan
1.500000000000000000e+02 -5.400000000000000000e+01 nan
1.500000000000000000e+02 -5.300000000000000000e+01 nan
1.500000000000000000e+02 -5.200000000000000000e+01 nan
1.500000000000000000e+02 -5.100000000000000000e+01 nan
1.500000000000000000e+02 -5.000000000000000000e+01 nan
1.500000000000000000e+02 -4.900000000000000000e+01 nan
1.500000000000000000e+02 -4.800000000000000000e+01 nan
1.500000000000000000e+02 -4.700000000000000000e+01 nan
1.500000000000000000e+02 -4.600000000000000000e+01 nan
1.500000000000000000e+02 -4.500000000000000000e+01 nan
1.500000000000000000e+02 -4.400000000000000000e+01 nan
1.500000000000000000e+02 -4.300000000000000000e+01 nan
1.500000000000000000e+02 -4.200000000000000000e+01 nan
1.500000000000000000e+02 -4.100000000000000000e+01 nan
1.500000000000000000e+02 -4.000000000000000000e+01 nan
1.500000000000000000e+02 -3.900000000000000000e+01 nan
1.500000000000000000e+02 -3.800000000000000000e+01 nan
1.510000000000000000e+02 -8.300000000000000000e+01 nan
1.510000000000000000e+02 -8.200000000000000000e+01 nan
1.510000000000000000e+02 -8.100000000000000000e+01 nan
1.510000000000000000e+02 -8.000000000000000000e+01 nan
1.510000000000000000e+02 -7.900000000000000000e+01 nan
1.510000000000000000e+02 -7.800000000000000000e+01 nan
1.510000000000000000e+02 -7.700000000000000000e+01 nan
1.510000000000000000e+02 -7.600000000000000000e+01 nan
1.510000000000000000e+02 -7.500000000000000000e+01 nan
1.510000000000000000e+02 -7.400000000000000000e+01 nan
1.510000000000000000e+02 -7.300000000000000000e+01 nan
1.510000000000000000e+02 -7.200000000000000000e+01 nan
1.510000000000000000e+02 -7.100000000000000000e+01 nan
1.510000000000000000e+02 -7.000000000000000000e+01 nan
1.510000000000000000e+02 -6.900000000000000000e+01 nan
1.510000000000000000e+02 -6.800000000000000000e+01 nan
1.510000000000000000e+02 -6.700000000000000000e+01 nan
1.510000000000000000e+02 -6.600000000000000000e+01 nan
1.510000000000000000e+02 -6.500000000000000000e+01 nan
1.510000000000000000e+02 -6.400000000000000000e+01 nan
1.510000000000000000e+02 -6.300000000000000000e+01 nan
1.510000000000000000e+02 -6.200000000000000000e+01 nan
1.510000000000000000e+02 -6.100000000000000000e+01 nan
1.510000000000000000e+02 -6.000000000000000000e+01 nan
1.510000000000000000e+02 -5.900000000000000000e+01 nan
1.510000000000000000e+02 -5.800000000000000000e+01 nan
1.510000000000000000e+02 -5.700000000000000000e+01 nan
1.510000000000000000e+02 -5.600000000000000000e+01 nan
1.510000000000000000e+02 -5.500000000000000000e+01 nan
1.510000000000000000e+02 -5.400000000000000000e+01 nan
1.510000000000000000e+02 -5.300000000000000000e+01 nan
1.510000000000000000e+02 -5.200000000000000000e+01 nan
1.510000000000000000e+02 -5.100000000000000000e+01 nan
1.510000000000000000e+02 -5.000000000000000000e+01 nan
1.510000000000000000e+02 -4.900000000000000000e+01 nan
1.510000000000000000e+02 -4.800000000000000000e+01 nan
1.510000000000000000e+02 -4.700000000000000000e+01 nan
1.510000000000000000e+02 -4.600000000000000000e+01 nan
1.510000000000000000e+02 -4.500000000000000000e+01 nan
1.510000000000000000e+02 -4.400000000000000000e+01 nan
1.510000000000000000e+02 -4.300000000000000000e+01 nan
1.510000000000000000e+02 -4.200000000000000000e+01 nan
1.510000000000000000e+02 -4.100000000000000000e+01 nan
1.510000000000000000e+02 -4.000000000000000000e+01 nan
1.510000000000000000e+02 -3.900000000000000000e+01 nan
1.510000000000000000e+02 -3.800000000000000000e+01 nan
1.520000000000000000e+02 -8.300000000000000000e+01 nan
1.520000000000000000e+02 -8.200000000000000000e+01 nan
1.520000000000000000e+02 -8.100000000000000000e+01 nan
1.520000000000000000e+02 -8.000000000000000000e+01 nan
1.520000000000000000e+02 -7.900000000000000000e+01 nan
1.520000000000000000e+02 -7.800000000000000000e+01 nan
1.520000000000000000e+02 -7.700000000000000000e+01 nan
1.520000000000000000e+02 -7.600000000000000000e+01 nan
1.520000000000000000e+02 -7.500000000000000000e+01 nan
1.520000000000000000e+02 -7.400000000000000000e+01 nan
1.520000000000000000e+02 -7.300000000000000000e+01 nan
1.520000000000000000e+02 -7.200000000000000000e+01 nan
1.520000000000000000e+02 -7.100000000000000000e+01 nan
1.520000000000000000e+02 -7.000000000000000000e+01 nan
1.520000000000000000e+02 -6.900000000000000000e+01 nan
1.520000000000000000e+02 -6.800000000000000000e+01 nan
1.520000000000000000e+02 -6.700000000000000000e+01 nan
1.520000000000000000e+02 -6.600000000000000000e+01 nan
1.520000000000000000e+02 -6.500000000000000000e+01 nan
1.520000000000000000e+02 -6.400000000000000000e+01 nan
1.520000000000000000e+02 -6.300000000000000000e+01 nan
1.520000000000000000e+02 -6.200000000000000000e+01 nan
1.520000000000000000e+02 -6.100000000000000000e+01 nan
1.520000000000000000e+02 -6.000000000000000000e+01 nan
1.520000000000000000e+02 -5.900000000000000000e+01 nan
1.520000000000000000e+02 -5.800000000000000000e+01 nan
1.520000000000000000e+02 -5.700000000000000000e+01 nan
1.520000000000000000e+02 -5.600000000000000000e+01 nan
1.520000000000000000e+02 -5.500000000000000000e+01 nan
1.520000000000000000e+02 -5.400000000000000000e+01 nan
1.520000000000000000e+02 -5.300000000000000000e+01 nan
1.520000000000000000e+02 -5.200000000000000000e+01 nan
1.520000000000000000e+02 -5.100000000000000000e+01 nan
1.520000000000000000e+02 -5.000000000000000000e+01 nan
1.520000000000000000e+02 -4.900000000000000000e+01 nan
1.520000000000000000e+02 -4.800000000000000000e+01 nan
1.520000000000000000e+02 -4.700000000000000000e+01 nan
1.520000000000000000e+02 -4.600000000000000000e+01 nan
1.520000000000000000e+02 -4.500000000000000000e+01 nan
1.520000000000000000e+02 -4.400000000000000000e+01 nan
1.520000000000000000e+02 -4.300000000000000000e+01 nan
1.520000000000000000e+02 -4.200000000000000000e+01 nan
1.520000000000000000e+02 -4.100000000000000000e+01 nan
1.520000000000000000e+02 -4.000000000000000000e+01 nan
1.520000000000000000e+02 -3.900000000000000000e+01 nan
1.520000000000000000e+02 -3.800000000000000000e+01 nan
1.530000000000000000e+02 -8.300000000000000000e+01 nan
1.530000000000000000e+02 -8.200000000000000000e+01 nan
1.530000000000000000e+02 -8.100000000000000000e+01 nan
1.530000000000000000e+02 -8.000000000000000000e+01 nan
1.530000000000000000e+02 -7.900000000000000000e+01 nan
1.530000000000000000e+02 -7.800000000000000000e+01 nan
1.530000000000000000e+02 -7.700000000000000000e+01 nan
1.530000000000000000e+02 -7.600000000000000000e+01 nan
1.530000000000000000e+02 -7.500000000000000000e+01 nan
1.530000000000000000e+02 -7.400000000000000000e+01 nan
1.530000000000000000e+02 -7.300000000000000000e+01 nan
1.530000000000000000e+02 -7.200000000000000000e+01 nan
1.530000000000000000e+02 -7.100000000000000000e+01 nan
1.530000000000000000e+02 -7.000000000000000000e+01 nan
1.530000000000000000e+02 -6.900000000000000000e+01 nan
1.530000000000000000e+02 -6.800000000000000000e+01 nan
1.530000000000000000e+02 -6.700000000000000000e+01 nan
1.530000000000000000e+02 -6.600000000000000000e+01 nan
1.530000000000000000e+02 -6.500000000000000000e+01 nan
1.530000000000000000e+02 -6.400000000000000000e+01 nan
1.530000000000000000e+02 -6.300000000000000000e+01 nan
1.530000000000000000e+02 -6.200000000000000000e+01 nan
1.530000000000000000e+02 -6.100000000000000000e+01 nan
1.530000000000000000e+02 -6.000000000000000000e+01 nan
1.530000000000000000e+02 -5.900000000000000000e+01 nan
1.530000000000000000e+02 -5.800000000000000000e+01 nan
1.530000000000000000e+02 -5.700000000000000000e+01 nan
1.530000000000000000e+02 -5.600000000000000000e+01 nan
1.530000000000000000e+02 -5.500000000000000000e+01 nan
1.530000000000000000e+02 -5.400000000000000000e+01 nan
1.530000000000000000e+02 -5.300000000000000000e+01 nan
1.530000000000000000e+02 -5.200000000000000000e+01 nan
1.530000000000000000e+02 -5.100000000000000000e+01 nan
1.530000000000000000e+02 -5.000000000000000000e+01 nan
1.530000000000000000e+02 -4.900000000000000000e+01 nan
1.530000000000000000e+02 -4.800000000000000000e+01 nan
1.530000000000000000e+02 -4.700000000000000000e+01 nan
1.530000000000000000e+02 -4.600000000000000000e+01 nan
1.530000000000000000e+02 -4.500000000000000000e+01 nan
1.530000000000000000e+02 -4.400000000000000000e+01 nan
1.530000000000000000e+02 -4.300000000000000000e+01 nan
1.530000000000000000e+02 -4.200000000000000000e+01 nan
1.530000000000000000e+02 -4.100000000000000000e+01 nan
1.530000000000000000e+02 -4.000000000000000000e+01 nan
1.530000000000000000e+02 -3.900000000000000000e+01 nan
1.530000000000000000e+02 -3.800000000000000000e+01 nan
1.540000000000000000e+02 -8.300000000000000000e+01 nan
1.540000000000000000e+02 -8.200000000000000000e+01 nan
1.540000000000000000e+02 -8.100000000000000000e+01 nan
1.540000000000000000e+02 -8.000000000000000000e+01 nan
1.540000000000000000e+02 -7.900000000000000000e+01 nan
1.540000000000000000e+02 -7.800000000000000000e+01 nan
1.540000000000000000e+02 -7.700000000000000000e+01 nan
1.540000000000000000e+02 -7.600000000000000000e+01 nan
1.540000000000000000e+02 -7.500000000000000000e+01 nan
1.540000000000000000e+02 -7.400000000000000000e+01 nan
1.540000000000000000e+02 -7.300000000000000000e+01 nan
1.540000000000000000e+02 -7.200000000000000000e+01 nan
1.540000000000000000e+02 -7.100000000000000000e+01 nan
1.540000000000000000e+02 -7.000000000000000000e+01 nan
1.540000000000000000e+02 -6.900000000000000000e+01 nan
1.540000000000000000e+02 -6.800000000000000000e+01 nan
1.540000000000000000e+02 -6.700000000000000000e+01 nan
1.540000000000000000e+02 -6.600000000000000000e+01 nan
1.540000000000000000e+02 -6.500000000000000000e+01 nan
1.540000000000000000e+02 -6.400000000000000000e+01 nan
1.540000000000000000e+02 -6.300000000000000000e+01 nan
1.540000000000000000e+02 -6.200000000000000000e+01 nan
1.540000000000000000e+02 -6.100000000000000000e+01 nan
1.540000000000000000e+02 -6.000000000000000000e+01 nan
1.540000000000000000e+02 -5.900000000000000000e+01 nan
1.540000000000000000e+02 -5.800000000000000000e+01 nan
1.540000000000000000e+02 -5.700000000000000000e+01 nan
1.540000000000000000e+02 -5.600000000000000000e+01 nan
1.540000000000000000e+02 -5.500000000000000000e+01 nan
1.540000000000000000e+02 -5.400000000000000000e+01 nan
1.540000000000000000e+02 -5.300000000000000000e+01 nan
1.540000000000000000e+02 -5.200000000000000000e+01 nan
1.540000000000000000e+02 -5.100000000000000000e+01 nan
1.540000000000000000e+02 -5.000000000000000000e+01 nan
1.540000000000000000e+02 -4.900000000000000000e+01 nan
1.540000000000000000e+02 -4.800000000000000000e+01 nan
1.540000000000000000e+02 -4.700000000000000000e+01 nan
1.540000000000000000e+02 -4.600000000000000000e+01 nan
1.540000000000000000e+02 -4.500000000000000000e+01 nan
1.540000000000000000e+02 -4.400000000000000000e+01 nan
1.540000000000000000e+02 -4.300000000000000000e+01 nan
1.540000000000000000e+02 -4.200000000000000000e+01 nan
1.540000000000000000e+02 -4.100000000000000000e+01 nan
1.540000000000000000e+02 -4.000000000000000000e+01 nan
1.540000000000000000e+02 -3.900000000000000000e+01 nan
1.540000000000000000e+02 -3.800000000000000000e+01 nan
1.550000000000000000e+02 -8.300000000000000000e+01 nan
1.550000000000000000e+02 -8.200000000000000000e+01 nan
1.550000000000000000e+02 -8.100000000000000000e+01 nan
1.550000000000000000e+02 -8.000000000000000000e+01 nan
1.550000000000000000e+02 -7.900000000000000000e+01 nan
1.550000000000000000e+02 -7.800000000000000000e+01 nan
1.550000000000000000e+02 -7.700000000000000000e+01 nan
1.550000000000000000e+02 -7.600000000000000000e+01 nan
1.550000000000000000e+02 -7.500000000000000000e+01 nan
1.550000000000000000e+02 -7.400000000000000000e+01 nan
1.550000000000000000e+02 -7.300000000000000000e+01 nan
1.550000000000000000e+02 -7.200000000000000000e+01 nan
1.550000000000000000e+02 -7.100000000000000000e+01 nan
1.550000000000000000e+02 -7.000000000000000000e+01 nan
1.550000000000000000e+02 -6.900000000000000000e+01 nan
1.550000000000000000e+02 -6.800000000000000000e+01 nan
1.550000000000000000e+02 -6.700000000000000000e+01 nan
1.550000000000000000e+02 -6.600000000000000000e+01 nan
1.550000000000000000e+02 -6.500000000000000000e+01 nan
1.550000000000000000e+02 -6.400000000000000000e+01 nan
1.550000000000000000e+02 -6.300000000000000000e+01 nan
1.550000000000000000e+02 -6.200000000000000000e+01 nan
1.550000000000000000e+02 -6.100000000000000000e+01 nan
1.550000000000000000e+02 -6.000000000000000000e+01 nan
1.550000000000000000e+02 -5.900000000000000000e+01 nan
1.550000000000000000e+02 -5.800000000000000000e+01 nan
1.550000000000000000e+02 -5.700000000000000000e+01 nan
1.550000000000000000e+02 -5.600000000000000000e+01 nan
1.550000000000000000e+02 -5.500000000000000000e+01 nan
1.550000000000000000e+02 -5.400000000000000000e+01 nan
1.550000000000000000e+02 -5.300000000000000000e+01 nan
1.550000000000000000e+02 -5.200000000000000000e+01 nan
1.550000000000000000e+02 -5.100000000000000000e+01 nan
1.550000000000000000e+02 -5.000000000000000000e+01 nan
1.550000000000000000e+02 -4.900000000000000000e+01 nan
1.550000000000000000e+02 -4.800000000000000000e+01 nan
1.550000000000000000e+02 -4.700000000000000000e+01 nan
1.550000000000000000e+02 -4.600000000000000000e+01 nan
1.550000000000000000e+02 -4.500000000000000000e+01 nan
1.550000000000000000e+02 -4.400000000000000000e+01 nan
1.550000000000000000e+02 -4.300000000000000000e+01 nan
1.550000000000000000e+02 -4.200000000000000000e+01 nan
1.550000000000000000e+02 -4.100000000000000000e+01 nan
1.550000000000000000e+02 -4.000000000000000000e+01 nan
1.550000000000000000e+02 -3.900000000000000000e+01 nan
1.550000000000000000e+02 -3.800000000000000000e+01 nan
1.560000000000000000e+02 -8.300000000000000000e+01 nan
1.560000000000000000e+02 -8.200000000000000000e+01 nan
1.560000000000000000e+02 -8.100000000000000000e+01 nan
1.560000000000000000e+02 -8.000000000000000000e+01 nan
1.560000000000000000e+02 -7.900000000000000000e+01 nan
1.560000000000000000e+02 -7.800000000000000000e+01 nan
1.560000000000000000e+02 -7.700000000000000000e+01 nan
1.560000000000000000e+02 -7.600000000000000000e+01 nan
1.560000000000000000e+02 -7.500000000000000000e+01 nan
1.560000000000000000e+02 -7.400000000000000000e+01 nan
1.560000000000000000e+02 -7.300000000000000000e+01 nan
1.560000000000000000e+02 -7.200000000000000000e+01 nan
1.560000000000000000e+02 -7.100000000000000000e+01 nan
1.560000000000000000e+02 -7.000000000000000000e+01 nan
1.560000000000000000e+02 -6.900000000000000000e+01 nan
1.560000000000000000e+02 -6.800000000000000000e+01 nan
1.560000000000000000e+02 -6.700000000000000000e+01 nan
1.560000000000000000e+02 -6.600000000000000000e+01 nan
1.560000000000000000e+02 -6.500000000000000000e+01 nan
1.560000000000000000e+02 -6.400000000000000000e+01 nan
1.560000000000000000e+02 -6.300000000000000000e+01 nan
1.560000000000000000e+02 -6.200000000000000000e+01 nan
1.560000000000000000e+02 -6.100000000000000000e+01 nan
1.560000000000000000e+02 -6.000000000000000000e+01 nan
1.560000000000000000e+02 -5.900000000000000000e+01 nan
1.560000000000000000e+02 -5.800000000000000000e+01 nan
1.560000000000000000e+02 -5.700000000000000000e+01 nan
1.560000000000000000e+02 -5.600000000000000000e+01 nan
1.560000000000000000e+02 -5.500000000000000000e+01 nan
1.560000000000000000e+02 -5.400000000000000000e+01 nan
1.560000000000000000e+02 -5.300000000000000000e+01 nan
1.560000000000000000e+02 -5.200000000000000000e+01 nan
1.560000000000000000e+02 -5.100000000000000000e+01 nan
1.560000000000000000e+02 -5.000000000000000000e+01 nan
1.560000000000000000e+02 -4.900000000000000000e+01 nan
1.560000000000000000e+02 -4.800000000000000000e+01 nan
1.560000000000000000e+02 -4.700000000000000000e+01 nan
1.560000000000000000e+02 -4.600000000000000000e+01 nan
1.560000000000000000e+02 -4.500000000000000000e+01 nan
1.560000000000000000e+02 -4.400000000000000000e+01 nan
1.560000000000000000e+02 -4.300000000000000000e+01 nan
1.560000000000000000e+02 -4.200000000000000000e+01 nan
1.560000000000000000e+02 -4.100000000000000000e+01 nan
1.560000000000000000e+02 -4.000000000000000000e+01 nan
1.560000000000000000e+02 -3.900000000000000000e+01 nan
1.560000000000000000e+02 -3.800000000000000000e+01 nan
1.570000000000000000e+02 -8.300000000000000000e+01 nan
1.570000000000000000e+02 -8.200000000000000000e+01 nan
1.570000000000000000e+02 -8.100000000000000000e+01 nan
1.570000000000000000e+02 -8.000000000000000000e+01 nan
1.570000000000000000e+02 -7.900000000000000000e+01 nan
1.570000000000000000e+02 -7.800000000000000000e+01 nan
1.570000000000000000e+02 -7.700000000000000000e+01 nan
1.570000000000000000e+02 -7.600000000000000000e+01 nan
1.570000000000000000e+02 -7.500000000000000000e+01 nan
1.570000000000000000e+02 -7.400000000000000000e+01 nan
1.570000000000000000e+02 -7.300000000000000000e+01 nan
1.570000000000000000e+02 -7.200000000000000000e+01 nan
1.570000000000000000e+02 -7.100000000000000000e+01 nan
1.570000000000000000e+02 -7.000000000000000000e+01 nan
1.570000000000000000e+02 -6.900000000000000000e+01 nan
1.570000000000000000e+02 -6.800000000000000000e+01 nan
1.570000000000000000e+02 -6.700000000000000000e+01 nan
1.570000000000000000e+02 -6.600000000000000000e+01 nan
1.570000000000000000e+02 -6.500000000000000000e+01 nan
1.570000000000000000e+02 -6.400000000000000000e+01 nan
1.570000000000000000e+02 -6.300000000000000000e+01 nan
1.570000000000000000e+02 -6.200000000000000000e+01 nan
1.570000000000000000e+02 -6.100000000000000000e+01 nan
1.570000000000000000e+02 -6.000000000000000000e+01 nan
1.570000000000000000e+02 -5.900000000000000000e+01 nan
1.570000000000000000e+02 -5.800000000000000000e+01 nan
1.570000000000000000e+02 -5.700000000000000000e+01 nan
1.570000000000000000e+02 -5.600000000000000000e+01 nan
1.570000000000000000e+02 -5.500000000000000000e+01 nan
1.570000000000000000e+02 -5.400000000000000000e+01 nan
1.570000000000000000e+02 -5.300000000000000000e+01 nan
1.570000000000000000e+02 -5.200000000000000000e+01 nan
1.570000000000000000e+02 -5.100000000000000000e+01 nan
1.570000000000000000e+02 -5.000000000000000000e+01 nan
1.570000000000000000e+02 -4.900000000000000000e+01 nan
1.570000000000000000e+02 -4.800000000000000000e+01 nan
1.570000000000000000e+02 -4.700000000000000000e+01 nan
1.570000000000000000e+02 -4.600000000000000000e+01 nan
1.570000000000000000e+02 -4.500000000000000000e+01 nan
1.570000000000000000e+02 -4.400000000000000000e+01 nan
1.570000000000000000e+02 -4.300000000000000000e+01 nan
1.570000000000000000e+02 -4.200000000000000000e+01 nan
1.570000000000000000e+02 -4.100000000000000000e+01 nan
1.570000000000000000e+02 -4.000000000000000000e+01 nan
1.570000000000000000e+02 -3.900000000000000000e+01 nan
1.570000000000000000e+02 -3.800000000000000000e+01 nan
1.580000000000000000e+02 -8.300000000000000000e+01 nan
1.580000000000000000e+02 -8.200000000000000000e+01 nan
1.580000000000000000e+02 -8.100000000000000000e+01 nan
1.580000000000000000e+02 -8.000000000000000000e+01 nan
1.580000000000000000e+02 -7.900000000000000000e+01 nan
1.580000000000000000e+02 -7.800000000000000000e+01 nan
1.580000000000000000e+02 -7.700000000000000000e+01 nan
1.580000000000000000e+02 -7.600000000000000000e+01 nan
1.580000000000000000e+02 -7.500000000000000000e+01 nan
1.580000000000000000e+02 -7.400000000000000000e+01 nan
1.580000000000000000e+02 -7.300000000000000000e+01 nan
1.580000000000000000e+02 -7.200000000000000000e+01 nan
1.580000000000000000e+02 -7.100000000000000000e+01 nan
1.580000000000000000e+02 -7.000000000000000000e+01 nan
1.580000000000000000e+02 -6.900000000000000000e+01 nan
1.580000000000000000e+02 -6.800000000000000000e+01 nan
1.580000000000000000e+02 -6.700000000000000000e+01 nan
1.580000000000000000e+02 -6.600000000000000000e+01 nan
1.580000000000000000e+02 -6.500000000000000000e+01 nan
1.580000000000000000e+02 -6.400000000000000000e+01 nan
1.580000000000000000e+02 -6.300000000000000000e+01 nan
1.580000000000000000e+02 -6.200000000000000000e+01 nan
1.580000000000000000e+02 -6.100000000000000000e+01 nan
1.580000000000000000e+02 -6.000000000000000000e+01 nan
1.580000000000000000e+02 -5.900000000000000000e+01 nan
1.580000000000000000e+02 -5.800000000000000000e+01 nan
1.580000000000000000e+02 -5.700000000000000000e+01 nan
1.580000000000000000e+02 -5.600000000000000000e+01 nan
1.580000000000000000e+02 -5.500000000000000000e+01 nan
1.580000000000000000e+02 -5.400000000000000000e+01 nan
1.580000000000000000e+02 -5.300000000000000000e+01 nan
1.580000000000000000e+02 -5.200000000000000000e+01 nan
1.580000000000000000e+02 -5.100000000000000000e+01 nan
1.580000000000000000e+02 -5.000000000000000000e+01 nan
1.580000000000000000e+02 -4.900000000000000000e+01 nan
1.580000000000000000e+02 -4.800000000000000000e+01 nan
1.580000000000000000e+02 -4.700000000000000000e+01 nan
1.580000000000000000e+02 -4.600000000000000000e+01 nan
1.580000000000000000e+02 -4.500000000000000000e+01 nan
1.580000000000000000e+02 -4.400000000000000000e+01 nan
1.580000000000000000e+02 -4.300000000000000000e+01 nan
1.580000000000000000e+02 -4.200000000000000000e+01 nan
1.580000000000000000e+02 -4.100000000000000000e+01 nan
1.580000000000000000e+02 -4.000000000000000000e+01 nan
1.580000000000000000e+02 -3.900000000000000000e+01 nan
1.580000000000000000e+02 -3.800000000000000000e+01 nan
1.590000000000000000e+02 -8.300000000000000000e+01 nan
1.590000000000000000e+02 -8.200000000000000000e+01 nan
1.590000000000000000e+02 -8.100000000000000000e+01 nan
1.590000000000000000e+02 -8.000000000000000000e+01 nan
1.590000000000000000e+02 -7.900000000000000000e+01 nan
1.590000000000000000e+02 -7.800000000000000000e+01 nan
1.590000000000000000e+02 -7.700000000000000000e+01 nan
1.590000000000000000e+02 -7.600000000000000000e+01 nan
1.590000000000000000e+02 -7.500000000000000000e+01 nan
1.590000000000000000e+02 -7.400000000000000000e+01 nan
1.590000000000000000e+02 -7.300000000000000000e+01 nan
1.590000000000000000e+02 -7.200000000000000000e+01 nan
1.590000000000000000e+02 -7.100000000000000000e+01 nan
1.590000000000000000e+02 -7.000000000000000000e+01 nan
1.590000000000000000e+02 -6.900000000000000000e+01 nan
1.590000000000000000e+02 -6.800000000000000000e+01 nan
1.590000000000000000e+02 -6.700000000000000000e+01 nan
1.590000000000000000e+02 -6.600000000000000000e+01 nan
1.590000000000000000e+02 -6.500000000000000000e+01 nan
1.590000000000000000e+02 -6.400000000000000000e+01 nan
1.590000000000000000e+02 -6.300000000000000000e+01 nan
1.590000000000000000e+02 -6.200000000000000000e+01 nan
1.590000000000000000e+02 -6.100000000000000000e+01 nan
1.590000000000000000e+02 -6.000000000000000000e+01 nan
1.590000000000000000e+02 -5.900000000000000000e+01 nan
1.590000000000000000e+02 -5.800000000000000000e+01 nan
1.590000000000000000e+02 -5.700000000000000000e+01 nan
1.590000000000000000e+02 -5.600000000000000000e+01 nan
1.590000000000000000e+02 -5.500000000000000000e+01 nan
1.590000000000000000e+02 -5.400000000000000000e+01 nan
1.590000000000000000e+02 -5.300000000000000000e+01 nan
1.590000000000000000e+02 -5.200000000000000000e+01 nan
1.590000000000000000e+02 -5.100000000000000000e+01 nan
1.590000000000000000e+02 -5.000000000000000000e+01 nan
1.590000000000000000e+02 -4.900000000000000000e+01 nan
1.590000000000000000e+02 -4.800000000000000000e+01 nan
1.590000000000000000e+02 -4.700000000000000000e+01 nan
1.590000000000000000e+02 -4.600000000000000000e+01 nan
1.590000000000000000e+02 -4.500000000000000000e+01 nan
1.590000000000000000e+02 -4.400000000000000000e+01 nan
1.590000000000000000e+02 -4.300000000000000000e+01 nan
1.590000000000000000e+02 -4.200000000000000000e+01 nan
1.590000000000000000e+02 -4.100000000000000000e+01 nan
1.590000000000000000e+02 -4.000000000000000000e+01 nan
1.590000000000000000e+02 -3.900000000000000000e+01 nan
1.590000000000000000e+02 -3.800000000000000000e+01 nan
1.600000000000000000e+02 -8.300000000000000000e+01 nan
1.600000000000000000e+02 -8.200000000000000000e+01 nan
1.600000000000000000e+02 -8.100000000000000000e+01 nan
1.600000000000000000e+02 -8.000000000000000000e+01 nan
1.600000000000000000e+02 -7.900000000000000000e+01 nan
1.600000000000000000e+02 -7.800000000000000000e+01 nan
1.600000000000000000e+02 -7.700000000000000000e+01 nan
1.600000000000000000e+02 -7.600000000000000000e+01 nan
1.600000000000000000e+02 -7.500000000000000000e+01 nan
1.600000000000000000e+02 -7.400000000000000000e+01 nan
1.600000000000000000e+02 -7.300000000000000000e+01 nan
1.600000000000000000e+02 -7.200000000000000000e+01 nan
1.600000000000000000e+02 -7.100000000000000000e+01 nan
1.600000000000000000e+02 -7.000000000000000000e+01 nan
1.600000000000000000e+02 -6.900000000000000000e+01 nan
1.600000000000000000e+02 -6.800000000000000000e+01 nan
1.600000000000000000e+02 -6.700000000000000000e+01 nan
1.600000000000000000e+02 -6.600000000000000000e+01 nan
1.600000000000000000e+02 -6.500000000000000000e+01 nan
1.600000000000000000e+02 -6.400000000000000000e+01 nan
1.600000000000000000e+02 -6.300000000000000000e+01 nan
1.600000000000000000e+02 -6.200000000000000000e+01 nan
1.600000000000000000e+02 -6.100000000000000000e+01 nan
1.600000000000000000e+02 -6.000000000000000000e+01 nan
1.600000000000000000e+02 -5.900000000000000000e+01 nan
1.600000000000000000e+02 -5.800000000000000000e+01 nan
1.600000000000000000e+02 -5.700000000000000000e+01 nan
1.600000000000000000e+02 -5.600000000000000000e+01 nan
1.600000000000000000e+02 -5.500000000000000000e+01 nan
1.600000000000000000e+02 -5.400000000000000000e+01 nan
1.600000000000000000e+02 -5.300000000000000000e+01 nan
1.600000000000000000e+02 -5.200000000000000000e+01 nan
1.600000000000000000e+02 -5.100000000000000000e+01 nan
1.600000000000000000e+02 -5.000000000000000000e+01 nan
1.600000000000000000e+02 -4.900000000000000000e+01 nan
1.600000000000000000e+02 -4.800000000000000000e+01 nan
1.600000000000000000e+02 -4.700000000000000000e+01 nan
1.600000000000000000e+02 -4.600000000000000000e+01 nan
1.600000000000000000e+02 -4.500000000000000000e+01 nan
1.600000000000000000e+02 -4.400000000000000000e+01 nan
1.600000000000000000e+02 -4.300000000000000000e+01 nan
1.600000000000000000e+02 -4.200000000000000000e+01 nan
1.600000000000000000e+02 -4.100000000000000000e+01 nan
1.600000000000000000e+02 -4.000000000000000000e+01 nan
1.600000000000000000e+02 -3.900000000000000000e+01 nan
1.600000000000000000e+02 -3.800000000000000000e+01 nan
1.610000000000000000e+02 -8.300000000000000000e+01 nan
1.610000000000000000e+02 -8.200000000000000000e+01 nan
1.610000000000000000e+02 -8.100000000000000000e+01 nan
1.610000000000000000e+02 -8.000000000000000000e+01 nan
1.610000000000000000e+02 -7.900000000000000000e+01 nan
1.610000000000000000e+02 -7.800000000000000000e+01 nan
1.610000000000000000e+02 -7.700000000000000000e+01 nan
1.610000000000000000e+02 -7.600000000000000000e+01 nan
1.610000000000000000e+02 -7.500000000000000000e+01 nan
1.610000000000000000e+02 -7.400000000000000000e+01 nan
1.610000000000000000e+02 -7.300000000000000000e+01 nan
1.610000000000000000e+02 -7.200000000000000000e+01 nan
1.610000000000000000e+02 -7.100000000000000000e+01 nan
1.610000000000000000e+02 -7.000000000000000000e+01 nan
1.610000000000000000e+02 -6.900000000000000000e+01 nan
1.610000000000000000e+02 -6.800000000000000000e+01 nan
1.610000000000000000e+02 -6.700000000000000000e+01 nan
1.610000000000000000e+02 -6.600000000000000000e+01 nan
1.610000000000000000e+02 -6.500000000000000000e+01 nan
1.610000000000000000e+02 -6.400000000000000000e+01 nan
1.610000000000000000e+02 -6.300000000000000000e+01 nan
1.610000000000000000e+02 -6.200000000000000000e+01 nan
1.610000000000000000e+02 -6.100000000000000000e+01 nan
1.610000000000000000e+02 -6.000000000000000000e+01 nan
1.610000000000000000e+02 -5.900000000000000000e+01 nan
1.610000000000000000e+02 -5.800000000000000000e+01 nan
1.610000000000000000e+02 -5.700000000000000000e+01 nan
1.610000000000000000e+02 -5.600000000000000000e+01 nan
1.610000000000000000e+02 -5.500000000000000000e+01 nan
1.610000000000000000e+02 -5.400000000000000000e+01 nan
1.610000000000000000e+02 -5.300000000000000000e+01 nan
1.610000000000000000e+02 -5.200000000000000000e+01 nan
1.610000000000000000e+02 -5.100000000000000000e+01 nan
1.610000000000000000e+02 -5.000000000000000000e+01 nan
1.610000000000000000e+02 -4.900000000000000000e+01 nan
1.610000000000000000e+02 -4.800000000000000000e+01 nan
1.610000000000000000e+02 -4.700000000000000000e+01 nan
1.610000000000000000e+02 -4.600000000000000000e+01 nan
1.610000000000000000e+02 -4.500000000000000000e+01 nan
1.610000000000000000e+02 -4.400000000000000000e+01 nan
1.610000000000000000e+02 -4.300000000000000000e+01 nan
1.610000000000000000e+02 -4.200000000000000000e+01 nan
1.610000000000000000e+02 -4.100000000000000000e+01 nan
1.610000000000000000e+02 -4.000000000000000000e+01 nan
1.610000000000000000e+02 -3.900000000000000000e+01 nan
1.610000000000000000e+02 -3.800000000000000000e+01 nan
1.620000000000000000e+02 -8.300000000000000000e+01 nan
1.620000000000000000e+02 -8.200000000000000000e+01 nan
1.620000000000000000e+02 -8.100000000000000000e+01 nan
1.620000000000000000e+02 -8.000000000000000000e+01 nan
1.620000000000000000e+02 -7.900000000000000000e+01 nan
1.620000000000000000e+02 -7.800000000000000000e+01 nan
1.620000000000000000e+02 -7.700000000000000000e+01 nan
1.620000000000000000e+02 -7.600000000000000000e+01 nan
1.620000000000000000e+02 -7.500000000000000000e+01 nan
1.620000000000000000e+02 -7.400000000000000000e+01 nan
1.620000000000000000e+02 -7.300000000000000000e+01 nan
1.620000000000000000e+02 -7.200000000000000000e+01 nan
1.620000000000000000e+02 -7.100000000000000000e+01 nan
1.620000000000000000e+02 -7.000000000000000000e+01 nan
1.620000000000000000e+02 -6.900000000000000000e+01 nan
1.620000000000000000e+02 -6.800000000000000000e+01 nan
1.620000000000000000e+02 -6.700000000000000000e+01 nan
1.620000000000000000e+02 -6.600000000000000000e+01 nan
1.620000000000000000e+02 -6.500000000000000000e+01 nan
1.620000000000000000e+02 -6.400000000000000000e+01 nan
1.620000000000000000e+02 -6.300000000000000000e+01 nan
1.620000000000000000e+02 -6.200000000000000000e+01 nan
1.620000000000000000e+02 -6.100000000000000000e+01 nan
1.620000000000000000e+02 -6.000000000000000000e+01 nan
1.620000000000000000e+02 -5.900000000000000000e+01 nan
1.620000000000000000e+02 -5.800000000000000000e+01 nan
1.620000000000000000e+02 -5.700000000000000000e+01 nan
1.620000000000000000e+02 -5.600000000000000000e+01 nan
1.620000000000000000e+02 -5.500000000000000000e+01 nan
1.620000000000000000e+02 -5.400000000000000000e+01 nan
1.620000000000000000e+02 -5.300000000000000000e+01 nan
1.620000000000000000e+02 -5.200000000000000000e+01 nan
1.620000000000000000e+02 -5.100000000000000000e+01 nan
1.620000000000000000e+02 -5.000000000000000000e+01 nan
1.620000000000000000e+02 -4.900000000000000000e+01 nan
1.620000000000000000e+02 -4.800000000000000000e+01 nan
1.620000000000000000e+02 -4.700000000000000000e+01 nan
1.620000000000000000e+02 -4.600000000000000000e+01 nan
1.620000000000000000e+02 -4.500000000000000000e+01 nan
1.620000000000000000e+02 -4.400000000000000000e+01 nan
1.620000000000000000e+02 -4.300000000000000000e+01 nan
1.620000000000000000e+02 -4.200000000000000000e+01 nan
1.620000000000000000e+02 -4.100000000000000000e+01 nan
1.620000000000000000e+02 -4.000000000000000000e+01 nan
1.620000000000000000e+02 -3.900000000000000000e+01 nan
1.620000000000000000e+02 -3.800000000000000000e+01 nan
1.630000000000000000e+02 -8.300000000000000000e+01 nan
1.630000000000000000e+02 -8.200000000000000000e+01 nan
1.630000000000000000e+02 -8.100000000000000000e+01 nan
1.630000000000000000e+02 -8.000000000000000000e+01 nan
1.630000000000000000e+02 -7.900000000000000000e+01 nan
1.630000000000000000e+02 -7.800000000000000000e+01 nan
1.630000000000000000e+02 -7.700000000000000000e+01 nan
1.630000000000000000e+02 -7.600000000000000000e+01 nan
1.630000000000000000e+02 -7.500000000000000000e+01 nan
1.630000000000000000e+02 -7.400000000000000000e+01 nan
1.630000000000000000e+02 -7.300000000000000000e+01 nan
1.630000000000000000e+02 -7.200000000000000000e+01 nan
1.630000000000000000e+02 -7.100000000000000000e+01 nan
1.630000000000000000e+02 -7.000000000000000000e+01 nan
1.630000000000000000e+02 -6.900000000000000000e+01 nan
1.630000000000000000e+02 -6.800000000000000000e+01 nan
1.630000000000000000e+02 -6.700000000000000000e+01 nan
1.630000000000000000e+02 -6.600000000000000000e+01 nan
1.630000000000000000e+02 -6.500000000000000000e+01 nan
1.630000000000000000e+02 -6.400000000000000000e+01 nan
1.630000000000000000e+02 -6.300000000000000000e+01 nan
1.630000000000000000e+02 -6.200000000000000000e+01 nan
1.630000000000000000e+02 -6.100000000000000000e+01 nan
1.630000000000000000e+02 -6.000000000000000000e+01 nan
1.630000000000000000e+02 -5.900000000000000000e+01 nan
1.630000000000000000e+02 -5.800000000000000000e+01 nan
1.630000000000000000e+02 -5.700000000000000000e+01 nan
1.630000000000000000e+02 -5.600000000000000000e+01 nan
1.630000000000000000e+02 -5.500000000000000000e+01 nan
1.630000000000000000e+02 -5.400000000000000000e+01 nan
1.630000000000000000e+02 -5.300000000000000000e+01 nan
1.630000000000000000e+02 -5.200000000000000000e+01 nan
1.630000000000000000e+02 -5.100000000000000000e+01 nan
1.630000000000000000e+02 -5.000000000000000000e+01 nan
1.630000000000000000e+02 -4.900000000000000000e+01 nan
1.630000000000000000e+02 -4.800000000000000000e+01 nan
1.630000000000000000e+02 -4.700000000000000000e+01 nan
1.630000000000000000e+02 -4.600000000000000000e+01 nan
1.630000000000000000e+02 -4.500000000000000000e+01 nan
1.630000000000000000e+02 -4.400000000000000000e+01 nan
1.630000000000000000e+02 -4.300000000000000000e+01 nan
1.630000000000000000e+02 -4.200000000000000000e+01 nan
1.630000000000000000e+02 -4.100000000000000000e+01 nan
1.630000000000000000e+02 -4.000000000000000000e+01 nan
1.630000000000000000e+02 -3.900000000000000000e+01 nan
1.630000000000000000e+02 -3.800000000000000000e+01 nan
1.640000000000000000e+02 -8.300000000000000000e+01 nan
1.640000000000000000e+02 -8.200000000000000000e+01 nan
1.640000000000000000e+02 -8.100000000000000000e+01 nan
1.640000000000000000e+02 -8.000000000000000000e+01 nan
1.640000000000000000e+02 -7.900000000000000000e+01 nan
1.640000000000000000e+02 -7.800000000000000000e+01 nan
1.640000000000000000e+02 -7.700000000000000000e+01 nan
1.640000000000000000e+02 -7.600000000000000000e+01 nan
1.640000000000000000e+02 -7.500000000000000000e+01 nan
1.640000000000000000e+02 -7.400000000000000000e+01 nan
1.640000000000000000e+02 -7.300000000000000000e+01 nan
1.640000000000000000e+02 -7.200000000000000000e+01 nan
1.640000000000000000e+02 -7.100000000000000000e+01 nan
1.640000000000000000e+02 -7.000000000000000000e+01 nan
1.640000000000000000e+02 -6.900000000000000000e+01 nan
1.640000000000000000e+02 -6.800000000000000000e+01 nan
1.640000000000000000e+02 -6.700000000000000000e+01 nan
1.640000000000000000e+02 -6.600000000000000000e+01 nan
1.640000000000000000e+02 -6.500000000000000000e+01 nan
1.640000000000000000e+02 -6.400000000000000000e+01 nan
1.640000000000000000e+02 -6.300000000000000000e+01 nan
1.640000000000000000e+02 -6.200000000000000000e+01 nan
1.640000000000000000e+02 -6.100000000000000000e+01 nan
1.640000000000000000e+02 -6.000000000000000000e+01 nan
1.640000000000000000e+02 -5.900000000000000000e+01 nan
1.640000000000000000e+02 -5.800000000000000000e+01 nan
1.640000000000000000e+02 -5.700000000000000000e+01 nan
1.640000000000000000e+02 -5.600000000000000000e+01 nan
1.640000000000000000e+02 -5.500000000000000000e+01 nan
1.640000000000000000e+02 -5.400000000000000000e+01 nan
1.640000000000000000e+02 -5.300000000000000000e+01 nan
1.640000000000000000e+02 -5.200000000000000000e+01 nan
1.640000000000000000e+02 -5.100000000000000000e+01 nan
1.640000000000000000e+02 -5.000000000000000000e+01 nan
1.640000000000000000e+02 -4.900000000000000000e+01 nan
1.640000000000000000e+02 -4.800000000000000000e+01 nan
1.640000000000000000e+02 -4.700000000000000000e+01 nan
1.640000000000000000e+02 -4.600000000000000000e+01 nan
1.640000000000000000e+02 -4.500000000000000000e+01 nan
1.640000000000000000e+02 -4.400000000000000000e+01 nan
1.640000000000000000e+02 -4.300000000000000000e+01 nan
1.640000000000000000e+02 -4.200000000000000000e+01 nan
1.640000000000000000e+02 -4.100000000000000000e+01 nan
1.640000000000000000e+02 -4.000000000000000000e+01 nan
1.640000000000000000e+02 -3.900000000000000000e+01 nan
1.640000000000000000e+02 -3.800000000000000000e+01 nan
1.650000000000000000e+02 -8.300000000000000000e+01 nan
1.650000000000000000e+02 -8.200000000000000000e+01 nan
1.650000000000000000e+02 -8.100000000000000000e+01 nan
1.650000000000000000e+02 -8.000000000000000000e+01 nan
1.650000000000000000e+02 -7.900000000000000000e+01 nan
1.650000000000000000e+02 -7.800000000000000000e+01 nan
1.650000000000000000e+02 -7.700000000000000000e+01 nan
1.650000000000000000e+02 -7.600000000000000000e+01 nan
1.650000000000000000e+02 -7.500000000000000000e+01 nan
1.650000000000000000e+02 -7.400000000000000000e+01 nan
1.650000000000000000e+02 -7.300000000000000000e+01 nan
1.650000000000000000e+02 -7.200000000000000000e+01 nan
1.650000000000000000e+02 -7.100000000000000000e+01 nan
1.650000000000000000e+02 -7.000000000000000000e+01 nan
1.650000000000000000e+02 -6.900000000000000000e+01 nan
1.650000000000000000e+02 -6.800000000000000000e+01 nan
1.650000000000000000e+02 -6.700000000000000000e+01 nan
1.650000000000000000e+02 -6.600000000000000000e+01 nan
1.650000000000000000e+02 -6.500000000000000000e+01 nan
1.650000000000000000e+02 -6.400000000000000000e+01 nan
1.650000000000000000e+02 -6.300000000000000000e+01 nan
1.650000000000000000e+02 -6.200000000000000000e+01 nan
1.650000000000000000e+02 -6.100000000000000000e+01 nan
1.650000000000000000e+02 -6.000000000000000000e+01 nan
1.650000000000000000e+02 -5.900000000000000000e+01 nan
1.650000000000000000e+02 -5.800000000000000000e+01 nan
1.650000000000000000e+02 -5.700000000000000000e+01 nan
1.650000000000000000e+02 -5.600000000000000000e+01 nan
1.650000000000000000e+02 -5.500000000000000000e+01 nan
1.650000000000000000e+02 -5.400000000000000000e+01 nan
1.650000000000000000e+02 -5.300000000000000000e+01 nan
1.650000000000000000e+02 -5.200000000000000000e+01 nan
1.650000000000000000e+02 -5.100000000000000000e+01 nan
1.650000000000000000e+02 -5.000000000000000000e+01 nan
1.650000000000000000e+02 -4.900000000000000000e+01 nan
1.650000000000000000e+02 -4.800000000000000000e+01 nan
1.650000000000000000e+02 -4.700000000000000000e+01 nan
1.650000000000000000e+02 -4.600000000000000000e+01 nan
1.650000000000000000e+02 -4.500000000000000000e+01 nan
1.650000000000000000e+02 -4.400000000000000000e+01 nan
1.650000000000000000e+02 -4.300000000000000000e+01 nan
1.650000000000000000e+02 -4.200000000000000000e+01 nan
1.650000000000000000e+02 -4.100000000000000000e+01 nan
1.650000000000000000e+02 -4.000000000000000000e+01 nan
1.650000000000000000e+02 -3.900000000000000000e+01 nan
1.650000000000000000e+02 -3.800000000000000000e+01 nan
1.660000000000000000e+02 -8.300000000000000000e+01 nan
1.660000000000000000e+02 -8.200000000000000000e+01 nan
1.660000000000000000e+02 -8.100000000000000000e+01 nan
1.660000000000000000e+02 -8.000000000000000000e+01 nan
1.660000000000000000e+02 -7.900000000000000000e+01 nan
1.660000000000000000e+02 -7.800000000000000000e+01 nan
1.660000000000000000e+02 -7.700000000000000000e+01 nan
1.660000000000000000e+02 -7.600000000000000000e+01 nan
1.660000000000000000e+02 -7.500000000000000000e+01 nan
1.660000000000000000e+02 -7.400000000000000000e+01 nan
1.660000000000000000e+02 -7.300000000000000000e+01 nan
1.660000000000000000e+02 -7.200000000000000000e+01 nan
1.660000000000000000e+02 -7.100000000000000000e+01 nan
1.660000000000000000e+02 -7.000000000000000000e+01 nan
1.660000000000000000e+02 -6.900000000000000000e+01 nan
1.660000000000000000e+02 -6.800000000000000000e+01 nan
1.660000000000000000e+02 -6.700000000000000000e+01 nan
1.660000000000000000e+02 -6.600000000000000000e+01 nan
1.660000000000000000e+02 -6.500000000000000000e+01 nan
1.660000000000000000e+02 -6.400000000000000000e+01 nan
1.660000000000000000e+02 -6.300000000000000000e+01 nan
1.660000000000000000e+02 -6.200000000000000000e+01 nan
1.660000000000000000e+02 -6.100000000000000000e+01 nan
1.660000000000000000e+02 -6.000000000000000000e+01 nan
1.660000000000000000e+02 -5.900000000000000000e+01 nan
1.660000000000000000e+02 -5.800000000000000000e+01 nan
1.660000000000000000e+02 -5.700000000000000000e+01 nan
1.660000000000000000e+02 -5.600000000000000000e+01 nan
1.660000000000000000e+02 -5.500000000000000000e+01 nan
1.660000000000000000e+02 -5.400000000000000000e+01 nan
1.660000000000000000e+02 -5.300000000000000000e+01 nan
1.660000000000000000e+02 -5.200000000000000000e+01 nan
1.660000000000000000e+02 -5.100000000000000000e+01 nan
1.660000000000000000e+02 -5.000000000000000000e+01 nan
1.660000000000000000e+02 -4.900000000000000000e+01 nan
1.660000000000000000e+02 -4.800000000000000000e+01 nan
1.660000000000000000e+02 -4.700000000000000000e+01 nan
1.660000000000000000e+02 -4.600000000000000000e+01 nan
1.660000000000000000e+02 -4.500000000000000000e+01 nan
1.660000000000000000e+02 -4.400000000000000000e+01 nan
1.660000000000000000e+02 -4.300000000000000000e+01 nan
1.660000000000000000e+02 -4.200000000000000000e+01 nan
1.660000000000000000e+02 -4.100000000000000000e+01 nan
1.660000000000000000e+02 -4.000000000000000000e+01 nan
1.660000000000000000e+02 -3.900000000000000000e+01 nan
1.660000000000000000e+02 -3.800000000000000000e+01 nan
1.670000000000000000e+02 -8.300000000000000000e+01 nan
1.670000000000000000e+02 -8.200000000000000000e+01 nan
1.670000000000000000e+02 -8.100000000000000000e+01 nan
1.670000000000000000e+02 -8.000000000000000000e+01 nan
1.670000000000000000e+02 -7.900000000000000000e+01 nan
1.670000000000000000e+02 -7.800000000000000000e+01 nan
1.670000000000000000e+02 -7.700000000000000000e+01 nan
1.670000000000000000e+02 -7.600000000000000000e+01 nan
1.670000000000000000e+02 -7.500000000000000000e+01 nan
1.670000000000000000e+02 -7.400000000000000000e+01 nan
1.670000000000000000e+02 -7.300000000000000000e+01 nan
1.670000000000000000e+02 -7.200000000000000000e+01 nan
1.670000000000000000e+02 -7.100000000000000000e+01 nan
1.670000000000000000e+02 -7.000000000000000000e+01 nan
1.670000000000000000e+02 -6.900000000000000000e+01 nan
1.670000000000000000e+02 -6.800000000000000000e+01 nan
1.670000000000000000e+02 -6.700000000000000000e+01 nan
1.670000000000000000e+02 -6.600000000000000000e+01 nan
1.670000000000000000e+02 -6.500000000000000000e+01 nan
1.670000000000000000e+02 -6.400000000000000000e+01 nan
1.670000000000000000e+02 -6.300000000000000000e+01 nan
1.670000000000000000e+02 -6.200000000000000000e+01 nan
1.670000000000000000e+02 -6.100000000000000000e+01 nan
1.670000000000000000e+02 -6.000000000000000000e+01 nan
1.670000000000000000e+02 -5.900000000000000000e+01 nan
1.670000000000000000e+02 -5.800000000000000000e+01 nan
1.670000000000000000e+02 -5.700000000000000000e+01 nan
1.670000000000000000e+02 -5.600000000000000000e+01 nan
1.670000000000000000e+02 -5.500000000000000000e+01 nan
1.670000000000000000e+02 -5.400000000000000000e+01 nan
1.670000000000000000e+02 -5.300000000000000000e+01 nan
1.670000000000000000e+02 -5.200000000000000000e+01 nan
1.670000000000000000e+02 -5.100000000000000000e+01 nan
1.670000000000000000e+02 -5.000000000000000000e+01 nan
1.670000000000000000e+02 -4.900000000000000000e+01 nan
1.670000000000000000e+02 -4.800000000000000000e+01 nan
1.670000000000000000e+02 -4.700000000000000000e+01 nan
1.670000000000000000e+02 -4.600000000000000000e+01 nan
1.670000000000000000e+02 -4.500000000000000000e+01 nan
1.670000000000000000e+02 -4.400000000000000000e+01 nan
1.670000000000000000e+02 -4.300000000000000000e+01 nan
1.670000000000000000e+02 -4.200000000000000000e+01 nan
1.670000000000000000e+02 -4.100000000000000000e+01 nan
1.670000000000000000e+02 -4.000000000000000000e+01 nan
1.670000000000000000e+02 -3.900000000000000000e+01 nan
1.670000000000000000e+02 -3.800000000000000000e+01 nan
1.680000000000000000e+02 -8.300000000000000000e+01 nan
1.680000000000000000e+02 -8.200000000000000000e+01 nan
1.680000000000000000e+02 -8.100000000000000000e+01 nan
1.680000000000000000e+02 -8.000000000000000000e+01 nan
1.680000000000000000e+02 -7.900000000000000000e+01 nan
1.680000000000000000e+02 -7.800000000000000000e+01 nan
1.680000000000000000e+02 -7.700000000000000000e+01 nan
1.680000000000000000e+02 -7.600000000000000000e+01 nan
1.680000000000000000e+02 -7.500000000000000000e+01 nan
1.680000000000000000e+02 -7.400000000000000000e+01 nan
1.680000000000000000e+02 -7.300000000000000000e+01 nan
1.680000000000000000e+02 -7.200000000000000000e+01 nan
1.680000000000000000e+02 -7.100000000000000000e+01 nan
1.680000000000000000e+02 -7.000000000000000000e+01 nan
1.680000000000000000e+02 -6.900000000000000000e+01 nan
1.680000000000000000e+02 -6.800000000000000000e+01 nan
1.680000000000000000e+02 -6.700000000000000000e+01 nan
1.680000000000000000e+02 -6.600000000000000000e+01 nan
1.680000000000000000e+02 -6.500000000000000000e+01 nan
1.680000000000000000e+02 -6.400000000000000000e+01 nan
1.680000000000000000e+02 -6.300000000000000000e+01 nan
1.680000000000000000e+02 -6.200000000000000000e+01 nan
1.680000000000000000e+02 -6.100000000000000000e+01 nan
1.680000000000000000e+02 -6.000000000000000000e+01 nan
1.680000000000000000e+02 -5.900000000000000000e+01 nan
1.680000000000000000e+02 -5.800000000000000000e+01 nan
1.680000000000000000e+02 -5.700000000000000000e+01 nan
1.680000000000000000e+02 -5.600000000000000000e+01 nan
1.680000000000000000e+02 -5.500000000000000000e+01 nan
1.680000000000000000e+02 -5.400000000000000000e+01 nan
1.680000000000000000e+02 -5.300000000000000000e+01 nan
1.680000000000000000e+02 -5.200000000000000000e+01 nan
1.680000000000000000e+02 -5.100000000000000000e+01 nan
1.680000000000000000e+02 -5.000000000000000000e+01 nan
1.680000000000000000e+02 -4.900000000000000000e+01 nan
1.680000000000000000e+02 -4.800000000000000000e+01 nan
1.680000000000000000e+02 -4.700000000000000000e+01 nan
1.680000000000000000e+02 -4.600000000000000000e+01 nan
1.680000000000000000e+02 -4.500000000000000000e+01 nan
1.680000000000000000e+02 -4.400000000000000000e+01 nan
1.680000000000000000e+02 -4.300000000000000000e+01 nan
1.680000000000000000e+02 -4.200000000000000000e+01 nan
1.680000000000000000e+02 -4.100000000000000000e+01 nan
1.680000000000000000e+02 -4.000000000000000000e+01 nan
1.680000000000000000e+02 -3.900000000000000000e+01 nan
1.680000000000000000e+02 -3.800000000000000000e+01 nan
1.690000000000000000e+02 -8.300000000000000000e+01 nan
1.690000000000000000e+02 -8.200000000000000000e+01 nan
1.690000000000000000e+02 -8.100000000000000000e+01 nan
1.690000000000000000e+02 -8.000000000000000000e+01 nan
1.690000000000000000e+02 -7.900000000000000000e+01 nan
1.690000000000000000e+02 -7.800000000000000000e+01 nan
1.690000000000000000e+02 -7.700000000000000000e+01 nan
1.690000000000000000e+02 -7.600000000000000000e+01 nan
1.690000000000000000e+02 -7.500000000000000000e+01 nan
1.690000000000000000e+02 -7.400000000000000000e+01 nan
1.690000000000000000e+02 -7.300000000000000000e+01 nan
1.690000000000000000e+02 -7.200000000000000000e+01 nan
1.690000000000000000e+02 -7.100000000000000000e+01 nan
1.690000000000000000e+02 -7.000000000000000000e+01 nan
1.690000000000000000e+02 -6.900000000000000000e+01 nan
1.690000000000000000e+02 -6.800000000000000000e+01 nan
1.690000000000000000e+02 -6.700000000000000000e+01 nan
1.690000000000000000e+02 -6.600000000000000000e+01 nan
1.690000000000000000e+02 -6.500000000000000000e+01 nan
1.690000000000000000e+02 -6.400000000000000000e+01 nan
1.690000000000000000e+02 -6.300000000000000000e+01 nan
1.690000000000000000e+02 -6.200000000000000000e+01 nan
1.690000000000000000e+02 -6.100000000000000000e+01 nan
1.690000000000000000e+02 -6.000000000000000000e+01 nan
1.690000000000000000e+02 -5.900000000000000000e+01 nan
1.690000000000000000e+02 -5.800000000000000000e+01 nan
1.690000000000000000e+02 -5.700000000000000000e+01 nan
1.690000000000000000e+02 -5.600000000000000000e+01 nan
1.690000000000000000e+02 -5.500000000000000000e+01 nan
1.690000000000000000e+02 -5.400000000000000000e+01 nan
1.690000000000000000e+02 -5.300000000000000000e+01 nan
1.690000000000000000e+02 -5.200000000000000000e+01 nan
1.690000000000000000e+02 -5.100000000000000000e+01 nan
1.690000000000000000e+02 -5.000000000000000000e+01 nan
1.690000000000000000e+02 -4.900000000000000000e+01 nan
1.690000000000000000e+02 -4.800000000000000000e+01 nan
1.690000000000000000e+02 -4.700000000000000000e+01 nan
1.690000000000000000e+02 -4.600000000000000000e+01 nan
1.690000000000000000e+02 -4.500000000000000000e+01 nan
1.690000000000000000e+02 -4.400000000000000000e+01 nan
1.690000000000000000e+02 -4.300000000000000000e+01 nan
1.690000000000000000e+02 -4.200000000000000000e+01 nan
1.690000000000000000e+02 -4.100000000000000000e+01 nan
1.690000000000000000e+02 -4.000000000000000000e+01 nan
1.690000000000000000e+02 -3.900000000000000000e+01 nan
1.690000000000000000e+02 -3.800000000000000000e+01 nan
1.700000000000000000e+02 -8.300000000000000000e+01 nan
1.700000000000000000e+02 -8.200000000000000000e+01 nan
1.700000000000000000e+02 -8.100000000000000000e+01 nan
1.700000000000000000e+02 -8.000000000000000000e+01 nan
1.700000000000000000e+02 -7.900000000000000000e+01 nan
1.700000000000000000e+02 -7.800000000000000000e+01 nan
1.700000000000000000e+02 -7.700000000000000000e+01 nan
1.700000000000000000e+02 -7.600000000000000000e+01 nan
1.700000000000000000e+02 -7.500000000000000000e+01 nan
1.700000000000000000e+02 -7.400000000000000000e+01 nan
1.700000000000000000e+02 -7.300000000000000000e+01 nan
1.700000000000000000e+02 -7.200000000000000000e+01 nan
1.700000000000000000e+02 -7.100000000000000000e+01 nan
1.700000000000000000e+02 -7.000000000000000000e+01 nan
1.700000000000000000e+02 -6.900000000000000000e+01 nan
1.700000000000000000e+02 -6.800000000000000000e+01 nan
1.700000000000000000e+02 -6.700000000000000000e+01 nan
1.700000000000000000e+02 -6.600000000000000000e+01 nan
1.700000000000000000e+02 -6.500000000000000000e+01 nan
1.700000000000000000e+02 -6.400000000000000000e+01 nan
1.700000000000000000e+02 -6.300000000000000000e+01 nan
1.700000000000000000e+02 -6.200000000000000000e+01 nan
1.700000000000000000e+02 -6.100000000000000000e+01 nan
1.700000000000000000e+02 -6.000000000000000000e+01 nan
1.700000000000000000e+02 -5.900000000000000000e+01 nan
1.700000000000000000e+02 -5.800000000000000000e+01 nan
1.700000000000000000e+02 -5.700000000000000000e+01 nan
1.700000000000000000e+02 -5.600000000000000000e+01 nan
1.700000000000000000e+02 -5.500000000000000000e+01 nan
1.700000000000000000e+02 -5.400000000000000000e+01 nan
1.700000000000000000e+02 -5.300000000000000000e+01 nan
1.700000000000000000e+02 -5.200000000000000000e+01 nan
1.700000000000000000e+02 -5.100000000000000000e+01 nan
1.700000000000000000e+02 -5.000000000000000000e+01 nan
1.700000000000000000e+02 -4.900000000000000000e+01 nan
1.700000000000000000e+02 -4.800000000000000000e+01 nan
1.700000000000000000e+02 -4.700000000000000000e+01 nan
1.700000000000000000e+02 -4.600000000000000000e+01 nan
1.700000000000000000e+02 -4.500000000000000000e+01 nan
1.700000000000000000e+02 -4.400000000000000000e+01 nan
1.700000000000000000e+02 -4.300000000000000000e+01 nan
1.700000000000000000e+02 -4.200000000000000000e+01 nan
1.700000000000000000e+02 -4.100000000000000000e+01 nan
1.700000000000000000e+02 -4.000000000000000000e+01 nan
1.700000000000000000e+02 -3.900000000000000000e+01 nan
1.700000000000000000e+02 -3.800000000000000000e+01 nan
1.710000000000000000e+02 -8.300000000000000000e+01 nan
1.710000000000000000e+02 -8.200000000000000000e+01 nan
1.710000000000000000e+02 -8.100000000000000000e+01 nan
1.710000000000000000e+02 -8.000000000000000000e+01 nan
1.710000000000000000e+02 -7.900000000000000000e+01 nan
1.710000000000000000e+02 -7.800000000000000000e+01 nan
1.710000000000000000e+02 -7.700000000000000000e+01 nan
1.710000000000000000e+02 -7.600000000000000000e+01 nan
1.710000000000000000e+02 -7.500000000000000000e+01 nan
1.710000000000000000e+02 -7.400000000000000000e+01 nan
1.710000000000000000e+02 -7.300000000000000000e+01 nan
1.710000000000000000e+02 -7.200000000000000000e+01 nan
1.710000000000000000e+02 -7.100000000000000000e+01 nan
1.710000000000000000e+02 -7.000000000000000000e+01 nan
1.710000000000000000e+02 -6.900000000000000000e+01 nan
1.710000000000000000e+02 -6.800000000000000000e+01 nan
1.710000000000000000e+02 -6.700000000000000000e+01 nan
1.710000000000000000e+02 -6.600000000000000000e+01 nan
1.710000000000000000e+02 -6.500000000000000000e+01 nan
1.710000000000000000e+02 -6.400000000000000000e+01 nan
1.710000000000000000e+02 -6.300000000000000000e+01 nan
1.710000000000000000e+02 -6.200000000000000000e+01 nan
1.710000000000000000e+02 -6.100000000000000000e+01 nan
1.710000000000000000e+02 -6.000000000000000000e+01 nan
1.710000000000000000e+02 -5.900000000000000000e+01 nan
1.710000000000000000e+02 -5.800000000000000000e+01 nan
1.710000000000000000e+02 -5.700000000000000000e+01 nan
1.710000000000000000e+02 -5.600000000000000000e+01 nan
1.710000000000000000e+02 -5.500000000000000000e+01 nan
1.710000000000000000e+02 -5.400000000000000000e+01 nan
1.710000000000000000e+02 -5.300000000000000000e+01 nan
1.710000000000000000e+02 -5.200000000000000000e+01 nan
1.710000000000000000e+02 -5.100000000000000000e+01 nan
1.710000000000000000e+02 -5.000000000000000000e+01 nan
1.710000000000000000e+02 -4.900000000000000000e+01 nan
1.710000000000000000e+02 -4.800000000000000000e+01 nan
1.710000000000000000e+02 -4.700000000000000000e+01 nan
1.710000000000000000e+02 -4.600000000000000000e+01 nan
1.710000000000000000e+02 -4.500000000000000000e+01 nan
1.710000000000000000e+02 -4.400000000000000000e+01 nan
1.710000000000000000e+02 -4.300000000000000000e+01 nan
1.710000000000000000e+02 -4.200000000000000000e+01 nan
1.710000000000000000e+02 -4.100000000000000000e+01 nan
1.710000000000000000e+02 -4.000000000000000000e+01 nan
1.710000000000000000e+02 -3.900000000000000000e+01 nan
1.710000000000000000e+02 -3.800000000000000000e+01 nan
1.720000000000000000e+02 -8.300000000000000000e+01 nan
1.720000000000000000e+02 -8.200000000000000000e+01 nan
1.720000000000000000e+02 -8.100000000000000000e+01 nan
1.720000000000000000e+02 -8.000000000000000000e+01 nan
1.720000000000000000e+02 -7.900000000000000000e+01 nan
1.720000000000000000e+02 -7.800000000000000000e+01 nan
1.720000000000000000e+02 -7.700000000000000000e+01 nan
1.720000000000000000e+02 -7.600000000000000000e+01 nan
1.720000000000000000e+02 -7.500000000000000000e+01 nan
1.720000000000000000e+02 -7.400000000000000000e+01 nan
1.720000000000000000e+02 -7.300000000000000000e+01 nan
1.720000000000000000e+02 -7.200000000000000000e+01 nan
1.720000000000000000e+02 -7.100000000000000000e+01 nan
1.720000000000000000e+02 -7.000000000000000000e+01 nan
1.720000000000000000e+02 -6.900000000000000000e+01 nan
1.720000000000000000e+02 -6.800000000000000000e+01 nan
1.720000000000000000e+02 -6.700000000000000000e+01 nan
1.720000000000000000e+02 -6.600000000000000000e+01 nan
1.720000000000000000e+02 -6.500000000000000000e+01 nan
1.720000000000000000e+02 -6.400000000000000000e+01 nan
1.720000000000000000e+02 -6.300000000000000000e+01 nan
1.720000000000000000e+02 -6.200000000000000000e+01 nan
1.720000000000000000e+02 -6.100000000000000000e+01 nan
1.720000000000000000e+02 -6.000000000000000000e+01 nan
1.720000000000000000e+02 -5.900000000000000000e+01 nan
1.720000000000000000e+02 -5.800000000000000000e+01 nan
1.720000000000000000e+02 -5.700000000000000000e+01 nan
1.720000000000000000e+02 -5.600000000000000000e+01 nan
1.720000000000000000e+02 -5.500000000000000000e+01 nan
1.720000000000000000e+02 -5.400000000000000000e+01 nan
1.720000000000000000e+02 -5.300000000000000000e+01 nan
1.720000000000000000e+02 -5.200000000000000000e+01 nan
1.720000000000000000e+02 -5.100000000000000000e+01 nan
1.720000000000000000e+02 -5.000000000000000000e+01 nan
1.720000000000000000e+02 -4.900000000000000000e+01 nan
1.720000000000000000e+02 -4.800000000000000000e+01 nan
1.720000000000000000e+02 -4.700000000000000000e+01 nan
1.720000000000000000e+02 -4.600000000000000000e+01 nan
1.720000000000000000e+02 -4.500000000000000000e+01 nan
1.720000000000000000e+02 -4.400000000000000000e+01 nan
1.720000000000000000e+02 -4.300000000000000000e+01 nan
1.720000000000000000e+02 -4.200000000000000000e+01 nan
1.720000000000000000e+02 -4.100000000000000000e+01 nan
1.720000000000000000e+02 -4.000000000000000000e+01 nan
1.720000000000000000e+02 -3.900000000000000000e+01 nan
1.720000000000000000e+02 -3.800000000000000000e+01 nan
1.730000000000000000e+02 -8.300000000000000000e+01 nan
1.730000000000000000e+02 -8.200000000000000000e+01 nan
1.730000000000000000e+02 -8.100000000000000000e+01 nan
1.730000000000000000e+02 -8.000000000000000000e+01 nan
1.730000000000000000e+02 -7.900000000000000000e+01 nan
1.730000000000000000e+02 -7.800000000000000000e+01 nan
1.730000000000000000e+02 -7.700000000000000000e+01 nan
1.730000000000000000e+02 -7.600000000000000000e+01 nan
1.730000000000000000e+02 -7.500000000000000000e+01 nan
1.730000000000000000e+02 -7.400000000000000000e+01 nan
1.730000000000000000e+02 -7.300000000000000000e+01 nan
1.730000000000000000e+02 -7.200000000000000000e+01 nan
1.730000000000000000e+02 -7.100000000000000000e+01 nan
1.730000000000000000e+02 -7.000000000000000000e+01 nan
1.730000000000000000e+02 -6.900000000000000000e+01 nan
1.730000000000000000e+02 -6.800000000000000000e+01 nan
1.730000000000000000e+02 -6.700000000000000000e+01 nan
1.730000000000000000e+02 -6.600000000000000000e+01 nan
1.730000000000000000e+02 -6.500000000000000000e+01 nan
1.730000000000000000e+02 -6.400000000000000000e+01 nan
1.730000000000000000e+02 -6.300000000000000000e+01 nan
1.730000000000000000e+02 -6.200000000000000000e+01 nan
1.730000000000000000e+02 -6.100000000000000000e+01 nan
1.730000000000000000e+02 -6.000000000000000000e+01 nan
1.730000000000000000e+02 -5.900000000000000000e+01 nan
1.730000000000000000e+02 -5.800000000000000000e+01 nan
1.730000000000000000e+02 -5.700000000000000000e+01 nan
1.730000000000000000e+02 -5.600000000000000000e+01 nan
1.730000000000000000e+02 -5.500000000000000000e+01 nan
1.730000000000000000e+02 -5.400000000000000000e+01 nan
1.730000000000000000e+02 -5.300000000000000000e+01 nan
1.730000000000000000e+02 -5.200000000000000000e+01 nan
1.730000000000000000e+02 -5.100000000000000000e+01 nan
1.730000000000000000e+02 -5.000000000000000000e+01 nan
1.730000000000000000e+02 -4.900000000000000000e+01 nan
1.730000000000000000e+02 -4.800000000000000000e+01 nan
1.730000000000000000e+02 -4.700000000000000000e+01 nan
1.730000000000000000e+02 -4.600000000000000000e+01 nan
1.730000000000000000e+02 -4.500000000000000000e+01 nan
1.730000000000000000e+02 -4.400000000000000000e+01 nan
1.730000000000000000e+02 -4.300000000000000000e+01 nan
1.730000000000000000e+02 -4.200000000000000000e+01 nan
1.730000000000000000e+02 -4.100000000000000000e+01 nan
1.730000000000000000e+02 -4.000000000000000000e+01 nan
1.730000000000000000e+02 -3.900000000000000000e+01 nan
1.730000000000000000e+02 -3.800000000000000000e+01 nan
1.740000000000000000e+02 -8.300000000000000000e+01 nan
1.740000000000000000e+02 -8.200000000000000000e+01 nan
1.740000000000000000e+02 -8.100000000000000000e+01 nan
1.740000000000000000e+02 -8.000000000000000000e+01 nan
1.740000000000000000e+02 -7.900000000000000000e+01 nan
1.740000000000000000e+02 -7.800000000000000000e+01 nan
1.740000000000000000e+02 -7.700000000000000000e+01 nan
1.740000000000000000e+02 -7.600000000000000000e+01 nan
1.740000000000000000e+02 -7.500000000000000000e+01 nan
1.740000000000000000e+02 -7.400000000000000000e+01 nan
1.740000000000000000e+02 -7.300000000000000000e+01 nan
1.740000000000000000e+02 -7.200000000000000000e+01 nan
1.740000000000000000e+02 -7.100000000000000000e+01 nan
1.740000000000000000e+02 -7.000000000000000000e+01 nan
1.740000000000000000e+02 -6.900000000000000000e+01 nan
1.740000000000000000e+02 -6.800000000000000000e+01 nan
1.740000000000000000e+02 -6.700000000000000000e+01 nan
1.740000000000000000e+02 -6.600000000000000000e+01 nan
1.740000000000000000e+02 -6.500000000000000000e+01 nan
1.740000000000000000e+02 -6.400000000000000000e+01 nan
1.740000000000000000e+02 -6.300000000000000000e+01 nan
1.740000000000000000e+02 -6.200000000000000000e+01 nan
1.740000000000000000e+02 -6.100000000000000000e+01 nan
1.740000000000000000e+02 -6.000000000000000000e+01 nan
1.740000000000000000e+02 -5.900000000000000000e+01 nan
1.740000000000000000e+02 -5.800000000000000000e+01 nan
1.740000000000000000e+02 -5.700000000000000000e+01 nan
1.740000000000000000e+02 -5.600000000000000000e+01 nan
1.740000000000000000e+02 -5.500000000000000000e+01 nan
1.740000000000000000e+02 -5.400000000000000000e+01 nan
1.740000000000000000e+02 -5.300000000000000000e+01 nan
1.740000000000000000e+02 -5.200000000000000000e+01 nan
1.740000000000000000e+02 -5.100000000000000000e+01 nan
1.740000000000000000e+02 -5.000000000000000000e+01 nan
1.740000000000000000e+02 -4.900000000000000000e+01 nan
1.740000000000000000e+02 -4.800000000000000000e+01 nan
1.740000000000000000e+02 -4.700000000000000000e+01 nan
1.740000000000000000e+02 -4.600000000000000000e+01 nan
1.740000000000000000e+02 -4.500000000000000000e+01 nan
1.740000000000000000e+02 -4.400000000000000000e+01 nan
1.740000000000000000e+02 -4.300000000000000000e+01 nan
1.740000000000000000e+02 -4.200000000000000000e+01 nan
1.740000000000000000e+02 -4.100000000000000000e+01 nan
1.740000000000000000e+02 -4.000000000000000000e+01 nan
1.740000000000000000e+02 -3.900000000000000000e+01 nan
1.740000000000000000e+02 -3.800000000000000000e+01 nan
1.750000000000000000e+02 -8.300000000000000000e+01 nan
1.750000000000000000e+02 -8.200000000000000000e+01 nan
1.750000000000000000e+02 -8.100000000000000000e+01 nan
1.750000000000000000e+02 -8.000000000000000000e+01 nan
1.750000000000000000e+02 -7.900000000000000000e+01 nan
1.750000000000000000e+02 -7.800000000000000000e+01 nan
1.750000000000000000e+02 -7.700000000000000000e+01 nan
1.750000000000000000e+02 -7.600000000000000000e+01 nan
1.750000000000000000e+02 -7.500000000000000000e+01 nan
1.750000000000000000e+02 -7.400000000000000000e+01 nan
1.750000000000000000e+02 -7.300000000000000000e+01 nan
1.750000000000000000e+02 -7.200000000000000000e+01 nan
1.750000000000000000e+02 -7.100000000000000000e+01 nan
1.750000000000000000e+02 -7.000000000000000000e+01 nan
1.750000000000000000e+02 -6.900000000000000000e+01 nan
1.750000000000000000e+02 -6.800000000000000000e+01 nan
1.750000000000000000e+02 -6.700000000000000000e+01 nan
1.750000000000000000e+02 -6.600000000000000000e+01 nan
1.750000000000000000e+02 -6.500000000000000000e+01 nan
1.750000000000000000e+02 -6.400000000000000000e+01 nan
1.750000000000000000e+02 -6.300000000000000000e+01 nan
1.750000000000000000e+02 -6.200000000000000000e+01 nan
1.750000000000000000e+02 -6.100000000000000000e+01 nan
1.750000000000000000e+02 -6.000000000000000000e+01 nan
1.750000000000000000e+02 -5.900000000000000000e+01 nan
1.750000000000000000e+02 -5.800000000000000000e+01 nan
1.750000000000000000e+02 -5.700000000000000000e+01 nan
1.750000000000000000e+02 -5.600000000000000000e+01 nan
1.750000000000000000e+02 -5.500000000000000000e+01 nan
1.750000000000000000e+02 -5.400000000000000000e+01 nan
1.750000000000000000e+02 -5.300000000000000000e+01 nan
1.750000000000000000e+02 -5.200000000000000000e+01 nan
1.750000000000000000e+02 -5.100000000000000000e+01 nan
1.750000000000000000e+02 -5.000000000000000000e+01 nan
1.750000000000000000e+02 -4.900000000000000000e+01 nan
1.750000000000000000e+02 -4.800000000000000000e+01 nan
1.750000000000000000e+02 -4.700000000000000000e+01 nan
1.750000000000000000e+02 -4.600000000000000000e+01 nan
1.750000000000000000e+02 -4.500000000000000000e+01 nan
1.750000000000000000e+02 -4.400000000000000000e+01 nan
1.750000000000000000e+02 -4.300000000000000000e+01 nan
1.750000000000000000e+02 -4.200000000000000000e+01 nan
1.750000000000000000e+02 -4.100000000000000000e+01 nan
1.750000000000000000e+02 -4.000000000000000000e+01 nan
1.750000000000000000e+02 -3.900000000000000000e+01 nan
1.750000000000000000e+02 -3.800000000000000000e+01 nan
1.760000000000000000e+02 -8.300000000000000000e+01 nan
1.760000000000000000e+02 -8.200000000000000000e+01 nan
1.760000000000000000e+02 -8.100000000000000000e+01 nan
1.760000000000000000e+02 -8.000000000000000000e+01 nan
1.760000000000000000e+02 -7.900000000000000000e+01 nan
1.760000000000000000e+02 -7.800000000000000000e+01 nan
1.760000000000000000e+02 -7.700000000000000000e+01 nan
1.760000000000000000e+02 -7.600000000000000000e+01 nan
1.760000000000000000e+02 -7.500000000000000000e+01 nan
1.760000000000000000e+02 -7.400000000000000000e+01 nan
1.760000000000000000e+02 -7.300000000000000000e+01 nan
1.760000000000000000e+02 -7.200000000000000000e+01 nan
1.760000000000000000e+02 -7.100000000000000000e+01 nan
1.760000000000000000e+02 -7.000000000000000000e+01 nan
1.760000000000000000e+02 -6.900000000000000000e+01 nan
1.760000000000000000e+02 -6.800000000000000000e+01 nan
1.760000000000000000e+02 -6.700000000000000000e+01 nan
1.760000000000000000e+02 -6.600000000000000000e+01 nan
1.760000000000000000e+02 -6.500000000000000000e+01 nan
1.760000000000000000e+02 -6.400000000000000000e+01 nan
1.760000000000000000e+02 -6.300000000000000000e+01 nan
1.760000000000000000e+02 -6.200000000000000000e+01 nan
1.760000000000000000e+02 -6.100000000000000000e+01 nan
1.760000000000000000e+02 -6.000000000000000000e+01 nan
1.760000000000000000e+02 -5.900000000000000000e+01 nan
1.760000000000000000e+02 -5.800000000000000000e+01 nan
1.760000000000000000e+02 -5.700000000000000000e+01 nan
1.760000000000000000e+02 -5.600000000000000000e+01 nan
1.760000000000000000e+02 -5.500000000000000000e+01 nan
1.760000000000000000e+02 -5.400000000000000000e+01 nan
1.760000000000000000e+02 -5.300000000000000000e+01 nan
1.760000000000000000e+02 -5.200000000000000000e+01 nan
1.760000000000000000e+02 -5.100000000000000000e+01 nan
1.760000000000000000e+02 -5.000000000000000000e+01 nan
1.760000000000000000e+02 -4.900000000000000000e+01 nan
1.760000000000000000e+02 -4.800000000000000000e+01 nan
1.760000000000000000e+02 -4.700000000000000000e+01 nan
1.760000000000000000e+02 -4.600000000000000000e+01 nan
1.760000000000000000e+02 -4.500000000000000000e+01 nan
1.760000000000000000e+02 -4.400000000000000000e+01 nan
1.760000000000000000e+02 -4.300000000000000000e+01 nan
1.760000000000000000e+02 -4.200000000000000000e+01 nan
1.760000000000000000e+02 -4.100000000000000000e+01 nan
1.760000000000000000e+02 -4.000000000000000000e+01 nan
1.760000000000000000e+02 -3.900000000000000000e+01 nan
1.760000000000000000e+02 -3.800000000000000000e+01 nan
1.770000000000000000e+02 -8.300000000000000000e+01 nan
1.770000000000000000e+02 -8.200000000000000000e+01 nan
1.770000000000000000e+02 -8.100000000000000000e+01 nan
1.770000000000000000e+02 -8.000000000000000000e+01 nan
1.770000000000000000e+02 -7.900000000000000000e+01 nan
1.770000000000000000e+02 -7.800000000000000000e+01 nan
1.770000000000000000e+02 -7.700000000000000000e+01 nan
1.770000000000000000e+02 -7.600000000000000000e+01 nan
1.770000000000000000e+02 -7.500000000000000000e+01 nan
1.770000000000000000e+02 -7.400000000000000000e+01 nan
1.770000000000000000e+02 -7.300000000000000000e+01 nan
1.770000000000000000e+02 -7.200000000000000000e+01 nan
1.770000000000000000e+02 -7.100000000000000000e+01 nan
1.770000000000000000e+02 -7.000000000000000000e+01 nan
1.770000000000000000e+02 -6.900000000000000000e+01 nan
1.770000000000000000e+02 -6.800000000000000000e+01 nan
1.770000000000000000e+02 -6.700000000000000000e+01 nan
1.770000000000000000e+02 -6.600000000000000000e+01 nan
1.770000000000000000e+02 -6.500000000000000000e+01 nan
1.770000000000000000e+02 -6.400000000000000000e+01 nan
1.770000000000000000e+02 -6.300000000000000000e+01 nan
1.770000000000000000e+02 -6.200000000000000000e+01 nan
1.770000000000000000e+02 -6.100000000000000000e+01 nan
1.770000000000000000e+02 -6.000000000000000000e+01 nan
1.770000000000000000e+02 -5.900000000000000000e+01 nan
1.770000000000000000e+02 -5.800000000000000000e+01 nan
1.770000000000000000e+02 -5.700000000000000000e+01 nan
1.770000000000000000e+02 -5.600000000000000000e+01 nan
1.770000000000000000e+02 -5.500000000000000000e+01 nan
1.770000000000000000e+02 -5.400000000000000000e+01 nan
1.770000000000000000e+02 -5.300000000000000000e+01 nan
1.770000000000000000e+02 -5.200000000000000000e+01 nan
1.770000000000000000e+02 -5.100000000000000000e+01 nan
1.770000000000000000e+02 -5.000000000000000000e+01 nan
1.770000000000000000e+02 -4.900000000000000000e+01 nan
1.770000000000000000e+02 -4.800000000000000000e+01 nan
1.770000000000000000e+02 -4.700000000000000000e+01 nan
1.770000000000000000e+02 -4.600000000000000000e+01 nan
1.770000000000000000e+02 -4.500000000000000000e+01 nan
1.770000000000000000e+02 -4.400000000000000000e+01 nan
1.770000000000000000e+02 -4.300000000000000000e+01 nan
1.770000000000000000e+02 -4.200000000000000000e+01 nan
1.770000000000000000e+02 -4.100000000000000000e+01 nan
1.770000000000000000e+02 -4.000000000000000000e+01 nan
1.770000000000000000e+02 -3.900000000000000000e+01 nan
1.770000000000000000e+02 -3.800000000000000000e+01 nan
1.780000000000000000e+02 -8.300000000000000000e+01 nan
1.780000000000000000e+02 -8.200000000000000000e+01 nan
1.780000000000000000e+02 -8.100000000000000000e+01 nan
1.780000000000000000e+02 -8.000000000000000000e+01 nan
1.780000000000000000e+02 -7.900000000000000000e+01 nan
1.780000000000000000e+02 -7.800000000000000000e+01 nan
1.780000000000000000e+02 -7.700000000000000000e+01 nan
1.780000000000000000e+02 -7.600000000000000000e+01 nan
1.780000000000000000e+02 -7.500000000000000000e+01 nan
1.780000000000000000e+02 -7.400000000000000000e+01 nan
1.780000000000000000e+02 -7.300000000000000000e+01 nan
1.780000000000000000e+02 -7.200000000000000000e+01 nan
1.780000000000000000e+02 -7.100000000000000000e+01 nan
1.780000000000000000e+02 -7.000000000000000000e+01 nan
1.780000000000000000e+02 -6.900000000000000000e+01 nan
1.780000000000000000e+02 -6.800000000000000000e+01 nan
1.780000000000000000e+02 -6.700000000000000000e+01 nan
1.780000000000000000e+02 -6.600000000000000000e+01 nan
1.780000000000000000e+02 -6.500000000000000000e+01 nan
1.780000000000000000e+02 -6.400000000000000000e+01 nan
1.780000000000000000e+02 -6.300000000000000000e+01 nan
1.780000000000000000e+02 -6.200000000000000000e+01 nan
1.780000000000000000e+02 -6.100000000000000000e+01 nan
1.780000000000000000e+02 -6.000000000000000000e+01 nan
1.780000000000000000e+02 -5.900000000000000000e+01 nan
1.780000000000000000e+02 -5.800000000000000000e+01 nan
1.780000000000000000e+02 -5.700000000000000000e+01 nan
1.780000000000000000e+02 -5.600000000000000000e+01 nan
1.780000000000000000e+02 -5.500000000000000000e+01 nan
1.780000000000000000e+02 -5.400000000000000000e+01 nan
1.780000000000000000e+02 -5.300000000000000000e+01 nan
1.780000000000000000e+02 -5.200000000000000000e+01 nan
1.780000000000000000e+02 -5.100000000000000000e+01 nan
1.780000000000000000e+02 -5.000000000000000000e+01 nan
1.780000000000000000e+02 -4.900000000000000000e+01 nan
1.780000000000000000e+02 -4.800000000000000000e+01 nan
1.780000000000000000e+02 -4.700000000000000000e+01 nan
1.780000000000000000e+02 -4.600000000000000000e+01 nan
1.780000000000000000e+02 -4.500000000000000000e+01 nan
1.780000000000000000e+02 -4.400000000000000000e+01 nan
1.780000000000000000e+02 -4.300000000000000000e+01 nan
1.780000000000000000e+02 -4.200000000000000000e+01 nan
1.780000000000000000e+02 -4.100000000000000000e+01 nan
1.780000000000000000e+02 -4.000000000000000000e+01 nan
1.780000000000000000e+02 -3.900000000000000000e+01 nan
1.780000000000000000e+02 -3.800000000000000000e+01 nan
1.790000000000000000e+02 -8.300000000000000000e+01 nan
1.790000000000000000e+02 -8.200000000000000000e+01 nan
1.790000000000000000e+02 -8.100000000000000000e+01 nan
1.790000000000000000e+02 -8.000000000000000000e+01 nan
1.790000000000000000e+02 -7.900000000000000000e+01 nan
1.790000000000000000e+02 -7.800000000000000000e+01 nan
1.790000000000000000e+02 -7.700000000000000000e+01 nan
1.790000000000000000e+02 -7.600000000000000000e+01 nan
1.790000000000000000e+02 -7.500000000000000000e+01 nan
1.790000000000000000e+02 -7.400000000000000000e+01 nan
1.790000000000000000e+02 -7.300000000000000000e+01 nan
1.790000000000000000e+02 -7.200000000000000000e+01 nan
1.790000000000000000e+02 -7.100000000000000000e+01 nan
1.790000000000000000e+02 -7.000000000000000000e+01 nan
1.790000000000000000e+02 -6.900000000000000000e+01 nan
1.790000000000000000e+02 -6.800000000000000000e+01 nan
1.790000000000000000e+02 -6.700000000000000000e+01 nan
1.790000000000000000e+02 -6.600000000000000000e+01 nan
1.790000000000000000e+02 -6.500000000000000000e+01 nan
1.790000000000000000e+02 -6.400000000000000000e+01 nan
1.790000000000000000e+02 -6.300000000000000000e+01 nan
1.790000000000000000e+02 -6.200000000000000000e+01 nan
1.790000000000000000e+02 -6.100000000000000000e+01 nan
1.790000000000000000e+02 -6.000000000000000000e+01 3.438710895123437417e-01
1.790000000000000000e+02 -5.900000000000000000e+01 3.347515879095399050e-01
1.790000000000000000e+02 -5.800000000000000000e+01 2.599636985525530797e-01
1.790000000000000000e+02 -5.700000000000000000e+01 4.612224851359253974e-01
1.790000000000000000e+02 -5.600000000000000000e+01 3.760214465427180741e-01
1.790000000000000000e+02 -5.500000000000000000e+01 nan
1.790000000000000000e+02 -5.400000000000000000e+01 nan
1.790000000000000000e+02 -5.300000000000000000e+01 nan
1.790000000000000000e+02 -5.200000000000000000e+01 nan
1.790000000000000000e+02 -5.100000000000000000e+01 nan
1.790000000000000000e+02 -5.000000000000000000e+01 nan
1.790000000000000000e+02 -4.900000000000000000e+01 nan
1.790000000000000000e+02 -4.800000000000000000e+01 nan
1.790000000000000000e+02 -4.700000000000000000e+01 nan
1.790000000000000000e+02 -4.600000000000000000e+01 nan
1.790000000000000000e+02 -4.500000000000000000e+01 nan
1.790000000000000000e+02 -4.400000000000000000e+01 nan
1.790000000000000000e+02 -4.300000000000000000e+01 nan
1.790000000000000000e+02 -4.200000000000000000e+01 nan
1.790000000000000000e+02 -4.100000000000000000e+01 nan
1.790000000000000000e+02 -4.000000000000000000e+01 nan
1.790000000000000000e+02 -3.900000000000000000e+01 nan
1.790000000000000000e+02 -3.800000000000000000e+01 nan
-1.800000000000000000e+02 -8.300000000000000000e+01 nan
-1.800000000000000000e+02 -8.200000000000000000e+01 nan
-1.800000000000000000e+02 -8.100000000000000000e+01 nan
-1.800000000000000000e+02 -8.000000000000000000e+01 nan
-1.800000000000000000e+02 -7.900000000000000000e+01 nan
-1.800000000000000000e+02 -7.800000000000000000e+01 nan
-1.800000000000000000e+02 -7.700000000000000000e+01 nan
-1.800000000000000000e+02 -7.600000000000000000e+01 nan
-1.800000000000000000e+02 -7.500000000000000000e+01 nan
-1.800000000000000000e+02 -7.400000000000000000e+01 nan
-1.800000000000000000e+02 -7.300000000000000000e+01 nan
-1.800000000000000000e+02 -7.200000000000000000e+01 nan
-1.800000000000000000e+02 -7.100000000000000000e+01 nan
-1.800000000000000000e+02 -7.000000000000000000e+01 nan
-1.800000000000000000e+02 -6.900000000000000000e+01 nan
-1.800000000000000000e+02 -6.800000000000000000e+01 nan
-1.800000000000000000e+02 -6.700000000000000000e+01 nan
-1.800000000000000000e+02 -6.600000000000000000e+01 nan
-1.800000000000000000e+02 -6.500000000000000000e+01 nan
-1.800000000000000000e+02 -6.400000000000000000e+01 nan
-1.800000000000000000e+02 -6.300000000000000000e+01 nan
-1.800000000000000000e+02 -6.200000000000000000e+01 nan
-1.800000000000000000e+02 -6.100000000000000000e+01 nan
-1.800000000000000000e+02 -6.000000000000000000e+01 3.438710895123437417e-01
-1.800000000000000000e+02 -5.900000000000000000e+01 3.347515879095399050e-01
-1.800000000000000000e+02 -5.800000000000000000e+01 2.599636985525530797e-01
-1.800000000000000000e+02 -5.700000000000000000e+01 4.583272487347249680e-01
-1.800000000000000000e+02 -5.600000000000000000e+01 4.213945312618428418e-01
-1.800000000000000000e+02 -5.500000000000000000e+01 4.209727814906244481e-01
-1.800000000000000000e+02 -5.400000000000000000e+01 4.268944654107706405e-01
-1.800000000000000000e+02 -5.300000000000000000e+01 4.025682132119196566e-01
-1.800000000000000000e+02 -5.200000000000000000e+01 4.104095130169576056e-01
-1.800000000000000000e+02 -5.100000000000000000e+01 4.101031924667707385e-01
-1.800000000000000000e+02 -5.000000000000000000e+01 1.408952524298377196e-01
-1.800000000000000000e+02 -4.900000000000000000e+01 1.404802524851969658e-01
-1.800000000000000000e+02 -4.800000000000000000e+01 2.881249137293969143e-01
-1.800000000000000000e+02 -4.700000000000000000e+01 nan
-1.800000000000000000e+02 -4.600000000000000000e+01 nan
-1.800000000000000000e+02 -4.500000000000000000e+01 nan
-1.800000000000000000e+02 -4.400000000000000000e+01 nan
-1.800000000000000000e+02 -4.300000000000000000e+01 nan
-1.800000000000000000e+02 -4.200000000000000000e+01 nan
-1.800000000000000000e+02 -4.100000000000000000e+01 nan
-1.800000000000000000e+02 -4.000000000000000000e+01 nan
-1.800000000000000000e+02 -3.900000000000000000e+01 nan
-1.800000000000000000e+02 -3.800000000000000000e+01 nan
-1.790000000000000000e+02 -8.300000000000000000e+01 nan
-1.790000000000000000e+02 -8.200000000000000000e+01 nan
-1.790000000000000000e+02 -8.100000000000000000e+01 nan
-1.790000000000000000e+02 -8.000000000000000000e+01 nan
-1.790000000000000000e+02 -7.900000000000000000e+01 nan
-1.790000000000000000e+02 -7.800000000000000000e+01 nan
-1.790000000000000000e+02 -7.700000000000000000e+01 nan
-1.790000000000000000e+02 -7.600000000000000000e+01 nan
-1.790000000000000000e+02 -7.500000000000000000e+01 nan
-1.790000000000000000e+02 -7.400000000000000000e+01 nan
-1.790000000000000000e+02 -7.300000000000000000e+01 nan
-1.790000000000000000e+02 -7.200000000000000000e+01 nan
-1.790000000000000000e+02 -7.100000000000000000e+01 nan
-1.790000000000000000e+02 -7.000000000000000000e+01 nan
-1.790000000000000000e+02 -6.900000000000000000e+01 nan
-1.790000000000000000e+02 -6.800000000000000000e+01 nan
-1.790000000000000000e+02 -6.700000000000000000e+01 nan
-1.790000000000000000e+02 -6.600000000000000000e+01 nan
-1.790000000000000000e+02 -6.500000000000000000e+01 nan
-1.790000000000000000e+02 -6.400000000000000000e+01 nan
-1.790000000000000000e+02 -6.300000000000000000e+01 nan
-1.790000000000000000e+02 -6.200000000000000000e+01 nan
-1.790000000000000000e+02 -6.100000000000000000e+01 nan
-1.790000000000000000e+02 -6.000000000000000000e+01 nan
-1.790000000000000000e+02 -5.900000000000000000e+01 nan
-1.790000000000000000e+02 -5.800000000000000000e+01 nan
-1.790000000000000000e+02 -5.700000000000000000e+01 nan
-1.790000000000000000e+02 -5.600000000000000000e+01 4.303819584072540172e-01
-1.790000000000000000e+02 -5.500000000000000000e+01 4.213945312618428418e-01
-1.790000000000000000e+02 -5.400000000000000000e+01 4.268944654107706405e-01
-1.790000000000000000e+02 -5.300000000000000000e+01 4.025682132119196566e-01
-1.790000000000000000e+02 -5.200000000000000000e+01 4.104095130169576056e-01
-1.790000000000000000e+02 -5.100000000000000000e+01 4.101031924667707385e-01
-1.790000000000000000e+02 -5.000000000000000000e+01 1.412608716898101080e-01
-1.790000000000000000e+02 -4.900000000000000000e+01 2.253050653196008724e-01
-1.790000000000000000e+02 -4.800000000000000000e+01 2.845442427633300131e-01
-1.790000000000000000e+02 -4.700000000000000000e+01 5.561879499145029326e-01
-1.790000000000000000e+02 -4.600000000000000000e+01 5.848009188405253189e-01
-1.790000000000000000e+02 -4.500000000000000000e+01 3.088495813088111830e-01
-1.790000000000000000e+02 -4.400000000000000000e+01 3.228497260367000354e-01
-1.790000000000000000e+02 -4.300000000000000000e+01 3.527209864854832233e-01
-1.790000000000000000e+02 -4.200000000000000000e+01 3.095418010320173385e-01
-1.790000000000000000e+02 -4.100000000000000000e+01 4.488895672520898938e-01
-1.790000000000000000e+02 -4.000000000000000000e+01 4.672280268492636224e-01
-1.790000000000000000e+02 -3.900000000000000000e+01 4.883094385451648423e-01
-1.790000000000000000e+02 -3.800000000000000000e+01 nan
-1.780000000000000000e+02 -8.300000000000000000e+01 nan
-1.780000000000000000e+02 -8.200000000000000000e+01 nan
-1.780000000000000000e+02 -8.100000000000000000e+01 nan
-1.780000000000000000e+02 -8.000000000000000000e+01 nan
-1.780000000000000000e+02 -7.900000000000000000e+01 nan
-1.780000000000000000e+02 -7.800000000000000000e+01 nan
-1.780000000000000000e+02 -7.700000000000000000e+01 nan
-1.780000000000000000e+02 -7.600000000000000000e+01 nan
-1.780000000000000000e+02 -7.500000000000000000e+01 nan
-1.780000000000000000e+02 -7.400000000000000000e+01 nan
-1.780000000000000000e+02 -7.300000000000000000e+01 nan
-1.780000000000000000e+02 -7.200000000000000000e+01 nan
-1.780000000000000000e+02 -7.100000000000000000e+01 nan
-1.780000000000000000e+02 -7.000000000000000000e+01 nan
-1.780000000000000000e+02 -6.900000000000000000e+01 nan
-1.780000000000000000e+02 -6.800000000000000000e+01 nan
-1.780000000000000000e+02 -6.700000000000000000e+01 nan
-1.780000000000000000e+02 -6.600000000000000000e+01 nan
-1.780000000000000000e+02 -6.500000000000000000e+01 nan
-1.780000000000000000e+02 -6.400000000000000000e+01 nan
-1.780000000000000000e+02 -6.300000000000000000e+01 nan
-1.780000000000000000e+02 -6.200000000000000000e+01 nan
-1.780000000000000000e+02 -6.100000000000000000e+01 nan
-1.780000000000000000e+02 -6.000000000000000000e+01 nan
-1.780000000000000000e+02 -5.900000000000000000e+01 nan
-1.780000000000000000e+02 -5.800000000000000000e+01 nan
-1.780000000000000000e+02 -5.700000000000000000e+01 nan
-1.780000000000000000e+02 -5.600000000000000000e+01 nan
-1.780000000000000000e+02 -5.500000000000000000e+01 nan
-1.780000000000000000e+02 -5.400000000000000000e+01 nan
-1.780000000000000000e+02 -5.300000000000000000e+01 nan
-1.780000000000000000e+02 -5.200000000000000000e+01 nan
-1.780000000000000000e+02 -5.100000000000000000e+01 nan
-1.780000000000000000e+02 -5.000000000000000000e+01 nan
-1.780000000000000000e+02 -4.900000000000000000e+01 2.825515675652755521e-01
-1.780000000000000000e+02 -4.800000000000000000e+01 2.825515675652755521e-01
-1.780000000000000000e+02 -4.700000000000000000e+01 5.613135586960061874e-01
-1.780000000000000000e+02 -4.600000000000000000e+01 5.848009188405253189e-01
-1.780000000000000000e+02 -4.500000000000000000e+01 3.088495813088111830e-01
-1.780000000000000000e+02 -4.400000000000000000e+01 3.228497260367000354e-01
-1.780000000000000000e+02 -4.300000000000000000e+01 3.527209864854832233e-01
-1.780000000000000000e+02 -4.200000000000000000e+01 3.095418010320173385e-01
-1.780000000000000000e+02 -4.100000000000000000e+01 4.488895672520898938e-01
-1.780000000000000000e+02 -4.000000000000000000e+01 4.672280268492636224e-01
-1.780000000000000000e+02 -3.900000000000000000e+01 4.883094385451648423e-01
-1.780000000000000000e+02 -3.800000000000000000e+01 nan
