Longitude[deg], Latitude[deg], Dust optical depth
-1.570000000000000000e+02 -1.200000000000000000e+01 nan
-1.570000000000000000e+02 -1.100000000000000000e+01 nan
-1.570000000000000000e+02 -1.000000000000000000e+01 nan
-1.570000000000000000e+02 -9.000000000000000000e+00 nan
-1.570000000000000000e+02 -8.000000000000000000e+00 nan
-1.570000000000000000e+02 -7.000000000000000000e+00 nan
-1.570000000000000000e+02 -6.000000000000000000e+00 nan
-1.570000000000000000e+02 -5.000000000000000000e+00 nan
-1.570000000000000000e+02 -4.000000000000000000e+00 nan
-1.570000000000000000e+02 -3.000000000000000000e+00 nan
-1.570000000000000000e+02 -2.000000000000000000e+00 nan
-1.570000000000000000e+02 -1.000000000000000000e+00 nan
-1.570000000000000000e+02 0.000000000000000000e+00 nan
-1.570000000000000000e+02 1.000000000000000000e+00 6.576961630956895455e+00
-1.570000000000000000e+02 2.000000000000000000e+00 6.449727314675651080e+00
-1.570000000000000000e+02 3.000000000000000000e+00 6.595564159554344386e+00
-1.570000000000000000e+02 4.000000000000000000e+00 6.746821199861447127e+00
-1.570000000000000000e+02 5.000000000000000000e+00 6.729145686118818581e+00
-1.570000000000000000e+02 6.000000000000000000e+00 6.816323444282998523e+00
-1.570000000000000000e+02 7.000000000000000000e+00 6.998044918700312422e+00
-1.570000000000000000e+02 8.000000000000000000e+00 7.137149786141670837e+00
-1.570000000000000000e+02 9.000000000000000000e+00 nan
-1.560000000000000000e+02 -1.200000000000000000e+01 6.889520792307925134e+00
-1.560000000000000000e+02 -1.100000000000000000e+01 6.584404121803971499e+00
-1.560000000000000000e+02 -1.000000000000000000e+01 6.417456325729050448e+00
-1.560000000000000000e+02 -9.000000000000000000e+00 6.338993296035697611e+00
-1.560000000000000000e+02 -8.000000000000000000e+00 6.277367293394589431e+00
-1.560000000000000000e+02 -7.000000000000000000e+00 6.145356107307200055e+00
-1.560000000000000000e+02 -6.000000000000000000e+00 6.096924894002441420e+00
-1.560000000000000000e+02 -5.000000000000000000e+00 6.168580223391917805e+00
-1.560000000000000000e+02 -4.000000000000000000e+00 6.234655086690029435e+00
-1.560000000000000000e+02 -3.000000000000000000e+00 6.418805577279529828e+00
-1.560000000000000000e+02 -2.000000000000000000e+00 6.391551869937734054e+00
-1.560000000000000000e+02 -1.000000000000000000e+00 6.469635708093051996e+00
-1.560000000000000000e+02 0.000000000000000000e+00 6.639899217280485821e+00
-1.560000000000000000e+02 1.000000000000000000e+00 6.706599900930530822e+00
-1.560000000000000000e+02 2.000000000000000000e+00 6.675205921339729009e+00
-1.560000000000000000e+02 3.000000000000000000e+00 6.704441571974527392e+00
-1.560000000000000000e+02 4.000000000000000000e+00 6.756012378330477297e+00
-1.560000000000000000e+02 5.000000000000000000e+00 6.854952000590674999e+00
-1.560000000000000000e+02 6.000000000000000000e+00 6.962430822455037749e+00
-1.560000000000000000e+02 7.000000000000000000e+00 7.043678013017411033e+00
-1.560000000000000000e+02 8.000000000000000000e+00 7.145698714382580974e+00
-1.560000000000000000e+02 9.000000000000000000e+00 nan
-1.550000000000000000e+02 -1.200000000000000000e+01 7.001971755515466356e+00
-1.550000000000000000e+02 -1.100000000000000000e+01 6.728091446998586633e+00
-1.550000000000000000e+02 -1.000000000000000000e+01 6.523051298560081257e+00
-1.550000000000000000e+02 -9.000000000000000000e+00 6.431486964866053313e+00
-1.550000000000000000e+02 -8.000000000000000000e+00 6.404372025534597945e+00
-1.550000000000000000e+02 -7.000000000000000000e+00 6.236042009745253800e+00
-1.550000000000000000e+02 -6.000000000000000000e+00 6.140624714533564621e+00
-1.550000000000000000e+02 -5.000000000000000000e+00 6.275710650523175005e+00
-1.550000000000000000e+02 -4.000000000000000000e+00 6.494804914750203828e+00
-1.550000000000000000e+02 -3.000000000000000000e+00 6.550844331418502087e+00
-1.550000000000000000e+02 -2.000000000000000000e+00 6.441748735363797884e+00
-1.550000000000000000e+02 -1.000000000000000000e+00 6.456490418394264630e+00
-1.550000000000000000e+02 0.000000000000000000e+00 6.615040926810523025e+00
-1.550000000000000000e+02 1.000000000000000000e+00 6.655720653255713160e+00
-1.550000000000000000e+02 2.000000000000000000e+00 6.633464265925797854e+00
-1.550000000000000000e+02 3.000000000000000000e+00 6.731663571884082486e+00
-1.550000000000000000e+02 4.000000000000000000e+00 6.836171172038032928e+00
-1.550000000000000000e+02 5.000000000000000000e+00 6.922612652823821655e+00
-1.550000000000000000e+02 6.000000000000000000e+00 7.041643437888597035e+00
-1.550000000000000000e+02 7.000000000000000000e+00 7.133227616996937748e+00
-1.550000000000000000e+02 8.000000000000000000e+00 7.147909970437299698e+00
-1.550000000000000000e+02 9.000000000000000000e+00 nan
-1.540000000000000000e+02 -1.200000000000000000e+01 7.014133193299287861e+00
-1.540000000000000000e+02 -1.100000000000000000e+01 6.728665370776142574e+00
-1.540000000000000000e+02 -1.000000000000000000e+01 6.548032386674432992e+00
-1.540000000000000000e+02 -9.000000000000000000e+00 6.439482212973285158e+00
-1.540000000000000000e+02 -8.000000000000000000e+00 6.412950232232505599e+00
-1.540000000000000000e+02 -7.000000000000000000e+00 6.286769968423005395e+00
-1.540000000000000000e+02 -6.000000000000000000e+00 6.159025466559572060e+00
-1.540000000000000000e+02 -5.000000000000000000e+00 6.330578020959203300e+00
-1.540000000000000000e+02 -4.000000000000000000e+00 6.572560102659035230e+00
-1.540000000000000000e+02 -3.000000000000000000e+00 6.643737512362753783e+00
-1.540000000000000000e+02 -2.000000000000000000e+00 6.508979813596535102e+00
-1.540000000000000000e+02 -1.000000000000000000e+00 6.449073137047411919e+00
-1.540000000000000000e+02 0.000000000000000000e+00 6.541364792826148467e+00
-1.540000000000000000e+02 1.000000000000000000e+00 6.550336445665497109e+00
-1.540000000000000000e+02 2.000000000000000000e+00 6.543535202869381173e+00
-1.540000000000000000e+02 3.000000000000000000e+00 6.744176799801403277e+00
-1.540000000000000000e+02 4.000000000000000000e+00 6.934938810961056355e+00
-1.540000000000000000e+02 5.000000000000000000e+00 6.939138631016562364e+00
-1.540000000000000000e+02 6.000000000000000000e+00 7.061504390518092755e+00
-1.540000000000000000e+02 7.000000000000000000e+00 7.229694692089140062e+00
-1.540000000000000000e+02 8.000000000000000000e+00 7.174355705756231494e+00
-1.540000000000000000e+02 9.000000000000000000e+00 nan
-1.530000000000000000e+02 -1.200000000000000000e+01 7.020221254523979937e+00
-1.530000000000000000e+02 -1.100000000000000000e+01 6.706141081688139494e+00
-1.530000000000000000e+02 -1.000000000000000000e+01 6.542489870592201662e+00
-1.530000000000000000e+02 -9.000000000000000000e+00 6.431608280742289629e+00
-1.530000000000000000e+02 -8.000000000000000000e+00 6.388031159550229710e+00
-1.530000000000000000e+02 -7.000000000000000000e+00 6.289756062362645395e+00
-1.530000000000000000e+02 -6.000000000000000000e+00 6.155162188193939343e+00
-1.530000000000000000e+02 -5.000000000000000000e+00 6.276777357994086870e+00
-1.530000000000000000e+02 -4.000000000000000000e+00 6.548171241207172422e+00
-1.530000000000000000e+02 -3.000000000000000000e+00 6.714265650302840172e+00
-1.530000000000000000e+02 -2.000000000000000000e+00 6.603688948056910313e+00
-1.530000000000000000e+02 -1.000000000000000000e+00 6.453843546132097764e+00
-1.530000000000000000e+02 0.000000000000000000e+00 6.462230932796153127e+00
-1.530000000000000000e+02 1.000000000000000000e+00 6.474201508572751784e+00
-1.530000000000000000e+02 2.000000000000000000e+00 6.459677573260668382e+00
-1.530000000000000000e+02 3.000000000000000000e+00 6.792991127321584166e+00
-1.530000000000000000e+02 4.000000000000000000e+00 7.042576951894840676e+00
-1.530000000000000000e+02 5.000000000000000000e+00 7.012559137259237296e+00
-1.530000000000000000e+02 6.000000000000000000e+00 7.097724973069570176e+00
-1.530000000000000000e+02 7.000000000000000000e+00 7.260633892253658850e+00
-1.530000000000000000e+02 8.000000000000000000e+00 7.316750124330069660e+00
-1.530000000000000000e+02 9.000000000000000000e+00 nan
