Longitude[deg], Latitude[deg], Dust optical depth
-1.190000000000000000e+02 -1.000000000000000000e+00 nan
-1.190000000000000000e+02 0.000000000000000000e+00 nan
-1.190000000000000000e+02 1.000000000000000000e+00 nan
-1.190000000000000000e+02 2.000000000000000000e+00 nan
-1.190000000000000000e+02 3.000000000000000000e+00 nan
-1.190000000000000000e+02 4.000000000000000000e+00 nan
-1.190000000000000000e+02 5.000000000000000000e+00 nan
-1.190000000000000000e+02 6.000000000000000000e+00 nan
-1.190000000000000000e+02 7.000000000000000000e+00 nan
-1.190000000000000000e+02 8.000000000000000000e+00 nan
-1.190000000000000000e+02 9.000000000000000000e+00 nan
-1.190000000000000000e+02 1.000000000000000000e+01 nan
-1.190000000000000000e+02 1.100000000000000000e+01 3.456046018269090414e+00
-1.190000000000000000e+02 1.200000000000000000e+01 3.425052241118229368e+00
-1.190000000000000000e+02 1.300000000000000000e+01 3.421510493496963345e+00
-1.190000000000000000e+02 1.400000000000000000e+01 3.473435814573120339e+00
-1.190000000000000000e+02 1.500000000000000000e+01 3.550298604199431551e+00
-1.190000000000000000e+02 1.600000000000000000e+01 3.473732694087914297e+00
-1.190000000000000000e+02 1.700000000000000000e+01 3.285456037765291271e+00
-1.190000000000000000e+02 1.800000000000000000e+01 3.205234207571003857e+00
-1.190000000000000000e+02 1.900000000000000000e+01 nan
-1.180000000000000000e+02 -1.000000000000000000e+00 nan
-1.180000000000000000e+02 0.000000000000000000e+00 nan
-1.180000000000000000e+02 1.000000000000000000e+00 3.545826501560257249e+00
-1.180000000000000000e+02 2.000000000000000000e+00 3.699515798603455252e+00
-1.180000000000000000e+02 3.000000000000000000e+00 3.636568614090487817e+00
-1.180000000000000000e+02 4.000000000000000000e+00 3.507623086976530136e+00
-1.180000000000000000e+02 5.000000000000000000e+00 3.512488334212038765e+00
-1.180000000000000000e+02 6.000000000000000000e+00 3.561297553837194485e+00
-1.180000000000000000e+02 7.000000000000000000e+00 3.490220875916239862e+00
-1.180000000000000000e+02 8.000000000000000000e+00 3.272443501567836144e+00
-1.180000000000000000e+02 9.000000000000000000e+00 3.030822876327941007e+00
-1.180000000000000000e+02 1.000000000000000000e+01 3.123814069824680573e+00
-1.180000000000000000e+02 1.100000000000000000e+01 3.268290616862359776e+00
-1.180000000000000000e+02 1.200000000000000000e+01 3.397697981291932567e+00
-1.180000000000000000e+02 1.300000000000000000e+01 3.408774441727713267e+00
-1.180000000000000000e+02 1.400000000000000000e+01 3.458521832494247938e+00
-1.180000000000000000e+02 1.500000000000000000e+01 3.522033988905822532e+00
-1.180000000000000000e+02 1.600000000000000000e+01 3.419021933702334870e+00
-1.180000000000000000e+02 1.700000000000000000e+01 3.243979535928100955e+00
-1.180000000000000000e+02 1.800000000000000000e+01 3.152193064616560569e+00
-1.180000000000000000e+02 1.900000000000000000e+01 nan
-1.170000000000000000e+02 -1.000000000000000000e+00 nan
-1.170000000000000000e+02 0.000000000000000000e+00 nan
-1.170000000000000000e+02 1.000000000000000000e+00 3.751023273327321217e+00
-1.170000000000000000e+02 2.000000000000000000e+00 3.834862940685499932e+00
-1.170000000000000000e+02 3.000000000000000000e+00 3.677699618998965025e+00
-1.170000000000000000e+02 4.000000000000000000e+00 3.471790536197558730e+00
-1.170000000000000000e+02 5.000000000000000000e+00 3.413810069629100052e+00
-1.170000000000000000e+02 6.000000000000000000e+00 3.398899611924090181e+00
-1.170000000000000000e+02 7.000000000000000000e+00 3.310391101094293465e+00
-1.170000000000000000e+02 8.000000000000000000e+00 3.135335325341011004e+00
-1.170000000000000000e+02 9.000000000000000000e+00 2.988183370311782827e+00
-1.170000000000000000e+02 1.000000000000000000e+01 3.005006909396301662e+00
-1.170000000000000000e+02 1.100000000000000000e+01 3.172244033884104919e+00
-1.170000000000000000e+02 1.200000000000000000e+01 3.328870415147452189e+00
-1.170000000000000000e+02 1.300000000000000000e+01 3.397088495785885343e+00
-1.170000000000000000e+02 1.400000000000000000e+01 3.450559029228096986e+00
-1.170000000000000000e+02 1.500000000000000000e+01 3.487755801824586666e+00
-1.170000000000000000e+02 1.600000000000000000e+01 3.362135101588051178e+00
-1.170000000000000000e+02 1.700000000000000000e+01 3.186973497628387442e+00
-1.170000000000000000e+02 1.800000000000000000e+01 3.120863827068313778e+00
-1.170000000000000000e+02 1.900000000000000000e+01 nan
-1.160000000000000000e+02 -1.000000000000000000e+00 nan
-1.160000000000000000e+02 0.000000000000000000e+00 nan
-1.160000000000000000e+02 1.000000000000000000e+00 3.864482932115916647e+00
-1.160000000000000000e+02 2.000000000000000000e+00 3.872785221863056293e+00
-1.160000000000000000e+02 3.000000000000000000e+00 3.673660287315563711e+00
-1.160000000000000000e+02 4.000000000000000000e+00 3.409095240346129874e+00
-1.160000000000000000e+02 5.000000000000000000e+00 3.299153869428564700e+00
-1.160000000000000000e+02 6.000000000000000000e+00 3.248600037464221657e+00
-1.160000000000000000e+02 7.000000000000000000e+00 3.143702021015827963e+00
-1.160000000000000000e+02 8.000000000000000000e+00 3.050377638235980626e+00
-1.160000000000000000e+02 9.000000000000000000e+00 2.953097533274411379e+00
-1.160000000000000000e+02 1.000000000000000000e+01 2.965560667689772334e+00
-1.160000000000000000e+02 1.100000000000000000e+01 3.082749182651423059e+00
-1.160000000000000000e+02 1.200000000000000000e+01 3.221988734885538275e+00
-1.160000000000000000e+02 1.300000000000000000e+01 3.364776445202794619e+00
-1.160000000000000000e+02 1.400000000000000000e+01 3.432401562872556600e+00
-1.160000000000000000e+02 1.500000000000000000e+01 3.487118260434749928e+00
-1.160000000000000000e+02 1.600000000000000000e+01 3.354589894694582686e+00
-1.160000000000000000e+02 1.700000000000000000e+01 3.172851481782885674e+00
-1.160000000000000000e+02 1.800000000000000000e+01 3.122241691557907206e+00
-1.160000000000000000e+02 1.900000000000000000e+01 nan
-1.150000000000000000e+02 -1.000000000000000000e+00 nan
-1.150000000000000000e+02 0.000000000000000000e+00 nan
-1.150000000000000000e+02 1.000000000000000000e+00 nan
-1.150000000000000000e+02 2.000000000000000000e+00 3.882152408748543060e+00
-1.150000000000000000e+02 3.000000000000000000e+00 3.637358965043077763e+00
-1.150000000000000000e+02 4.000000000000000000e+00 3.348153348157798526e+00
-1.150000000000000000e+02 5.000000000000000000e+00 3.202748219477817848e+00
-1.150000000000000000e+02 6.000000000000000000e+00 3.124725951697010284e+00
-1.150000000000000000e+02 7.000000000000000000e+00 3.098198276812444973e+00
-1.150000000000000000e+02 8.000000000000000000e+00 3.050349372555436922e+00
-1.150000000000000000e+02 9.000000000000000000e+00 2.954568186336194557e+00
-1.150000000000000000e+02 1.000000000000000000e+01 2.953678046649744982e+00
-1.150000000000000000e+02 1.100000000000000000e+01 3.059252334650230498e+00
-1.150000000000000000e+02 1.200000000000000000e+01 3.214078429017976912e+00
-1.150000000000000000e+02 1.300000000000000000e+01 3.258114043238396818e+00
-1.150000000000000000e+02 1.400000000000000000e+01 3.371551198778653724e+00
-1.150000000000000000e+02 1.500000000000000000e+01 3.534502280539821406e+00
-1.150000000000000000e+02 1.600000000000000000e+01 3.422146605556081855e+00
-1.150000000000000000e+02 1.700000000000000000e+01 3.165990172062982388e+00
-1.150000000000000000e+02 1.800000000000000000e+01 3.118488731805557190e+00
-1.150000000000000000e+02 1.900000000000000000e+01 nan
