Longitude[deg], Latitude[deg], Dust optical depth
-1.760000000000000000e+02 1.400000000000000000e+01 nan
-1.760000000000000000e+02 1.500000000000000000e+01 nan
-1.760000000000000000e+02 1.600000000000000000e+01 nan
-1.760000000000000000e+02 1.700000000000000000e+01 nan
-1.760000000000000000e+02 1.800000000000000000e+01 nan
-1.760000000000000000e+02 1.900000000000000000e+01 nan
-1.760000000000000000e+02 2.000000000000000000e+01 nan
-1.760000000000000000e+02 2.100000000000000000e+01 nan
-1.760000000000000000e+02 2.200000000000000000e+01 nan
-1.760000000000000000e+02 2.300000000000000000e+01 nan
-1.760000000000000000e+02 2.400000000000000000e+01 nan
-1.760000000000000000e+02 2.500000000000000000e+01 nan
-1.760000000000000000e+02 2.600000000000000000e+01 nan
-1.760000000000000000e+02 2.700000000000000000e+01 nan
-1.760000000000000000e+02 2.800000000000000000e+01 nan
-1.760000000000000000e+02 2.900000000000000000e+01 nan
-1.760000000000000000e+02 3.000000000000000000e+01 nan
-1.760000000000000000e+02 3.100000000000000000e+01 nan
-1.760000000000000000e+02 3.200000000000000000e+01 1.066140799370221659e+00
-1.760000000000000000e+02 3.300000000000000000e+01 1.004056975020427345e+00
-1.760000000000000000e+02 3.400000000000000000e+01 9.435581661264130782e-01
-1.750000000000000000e+02 1.400000000000000000e+01 nan
-1.750000000000000000e+02 1.500000000000000000e+01 nan
-1.750000000000000000e+02 1.600000000000000000e+01 nan
-1.750000000000000000e+02 1.700000000000000000e+01 nan
-1.750000000000000000e+02 1.800000000000000000e+01 nan
-1.750000000000000000e+02 1.900000000000000000e+01 nan
-1.750000000000000000e+02 2.000000000000000000e+01 nan
-1.750000000000000000e+02 2.100000000000000000e+01 nan
-1.750000000000000000e+02 2.200000000000000000e+01 nan
-1.750000000000000000e+02 2.300000000000000000e+01 1.207861145938891489e+00
-1.750000000000000000e+02 2.400000000000000000e+01 1.232487883480801960e+00
-1.750000000000000000e+02 2.500000000000000000e+01 1.199350930022906381e+00
-1.750000000000000000e+02 2.600000000000000000e+01 1.214700920494690140e+00
-1.750000000000000000e+02 2.700000000000000000e+01 1.203338582128026912e+00
-1.750000000000000000e+02 2.800000000000000000e+01 1.178337553987123920e+00
-1.750000000000000000e+02 2.900000000000000000e+01 1.135116523767976116e+00
-1.750000000000000000e+02 3.000000000000000000e+01 1.091351299256624108e+00
-1.750000000000000000e+02 3.100000000000000000e+01 1.102674779491315871e+00
-1.750000000000000000e+02 3.200000000000000000e+01 1.091540271966126907e+00
-1.750000000000000000e+02 3.300000000000000000e+01 1.023662744405101854e+00
-1.750000000000000000e+02 3.400000000000000000e+01 9.430278931341603554e-01
-1.740000000000000000e+02 1.400000000000000000e+01 1.776434024815271684e+00
-1.740000000000000000e+02 1.500000000000000000e+01 1.602032132861358482e+00
-1.740000000000000000e+02 1.600000000000000000e+01 1.429155465683062509e+00
-1.740000000000000000e+02 1.700000000000000000e+01 1.303905429090209012e+00
-1.740000000000000000e+02 1.800000000000000000e+01 1.269747801818436495e+00
-1.740000000000000000e+02 1.900000000000000000e+01 1.256845093081796261e+00
-1.740000000000000000e+02 2.000000000000000000e+01 1.251952164841174664e+00
-1.740000000000000000e+02 2.100000000000000000e+01 1.279778231884799666e+00
-1.740000000000000000e+02 2.200000000000000000e+01 1.238600959163001836e+00
-1.740000000000000000e+02 2.300000000000000000e+01 1.204174813626315066e+00
-1.740000000000000000e+02 2.400000000000000000e+01 1.221970717864889311e+00
-1.740000000000000000e+02 2.500000000000000000e+01 1.214590969466063708e+00
-1.740000000000000000e+02 2.600000000000000000e+01 1.211392254166994364e+00
-1.740000000000000000e+02 2.700000000000000000e+01 1.191552323443302974e+00
-1.740000000000000000e+02 2.800000000000000000e+01 1.156718483146500054e+00
-1.740000000000000000e+02 2.900000000000000000e+01 1.122694907817892718e+00
-1.740000000000000000e+02 3.000000000000000000e+01 1.085340729783210278e+00
-1.740000000000000000e+02 3.100000000000000000e+01 1.100686716268506782e+00
-1.740000000000000000e+02 3.200000000000000000e+01 1.108988498022225988e+00
-1.740000000000000000e+02 3.300000000000000000e+01 1.031231478445631788e+00
-1.740000000000000000e+02 3.400000000000000000e+01 9.459293372802861644e-01
-1.730000000000000000e+02 1.400000000000000000e+01 1.806080151642087461e+00
-1.730000000000000000e+02 1.500000000000000000e+01 1.606839833445861787e+00
-1.730000000000000000e+02 1.600000000000000000e+01 1.426878723769142043e+00
-1.730000000000000000e+02 1.700000000000000000e+01 1.301257003263455614e+00
-1.730000000000000000e+02 1.800000000000000000e+01 1.266333220542008808e+00
-1.730000000000000000e+02 1.900000000000000000e+01 1.267980830152458660e+00
-1.730000000000000000e+02 2.000000000000000000e+01 1.267616093422063939e+00
-1.730000000000000000e+02 2.100000000000000000e+01 1.285019255142151984e+00
-1.730000000000000000e+02 2.200000000000000000e+01 1.247999950850796402e+00
-1.730000000000000000e+02 2.300000000000000000e+01 1.203719240258670276e+00
-1.730000000000000000e+02 2.400000000000000000e+01 1.214613401283910044e+00
-1.730000000000000000e+02 2.500000000000000000e+01 1.213121912538105196e+00
-1.730000000000000000e+02 2.600000000000000000e+01 1.208791365218919944e+00
-1.730000000000000000e+02 2.700000000000000000e+01 1.181395067659828824e+00
-1.730000000000000000e+02 2.800000000000000000e+01 1.144962846394424805e+00
-1.730000000000000000e+02 2.900000000000000000e+01 1.119089628386551238e+00
-1.730000000000000000e+02 3.000000000000000000e+01 1.069136590461473135e+00
-1.730000000000000000e+02 3.100000000000000000e+01 1.097955211186540936e+00
-1.730000000000000000e+02 3.200000000000000000e+01 1.120024122677528045e+00
-1.730000000000000000e+02 3.300000000000000000e+01 1.051252110933911244e+00
-1.730000000000000000e+02 3.400000000000000000e+01 9.627949884201327801e-01
-1.720000000000000000e+02 1.400000000000000000e+01 1.831683732849996638e+00
-1.720000000000000000e+02 1.500000000000000000e+01 1.606839833445861787e+00
-1.720000000000000000e+02 1.600000000000000000e+01 1.420279454377936457e+00
-1.720000000000000000e+02 1.700000000000000000e+01 1.298488801370341728e+00
-1.720000000000000000e+02 1.800000000000000000e+01 1.268676118721330459e+00
-1.720000000000000000e+02 1.900000000000000000e+01 1.297888236801603368e+00
-1.720000000000000000e+02 2.000000000000000000e+01 1.283185559892962013e+00
-1.720000000000000000e+02 2.100000000000000000e+01 1.292361397028775061e+00
-1.720000000000000000e+02 2.200000000000000000e+01 1.258003732074206571e+00
-1.720000000000000000e+02 2.300000000000000000e+01 1.202331513246990502e+00
-1.720000000000000000e+02 2.400000000000000000e+01 1.201670404988001817e+00
-1.720000000000000000e+02 2.500000000000000000e+01 1.211525617063644145e+00
-1.720000000000000000e+02 2.600000000000000000e+01 1.206965478075232356e+00
-1.720000000000000000e+02 2.700000000000000000e+01 1.171354345637155348e+00
-1.720000000000000000e+02 2.800000000000000000e+01 1.149078036516803625e+00
-1.720000000000000000e+02 2.900000000000000000e+01 1.121535456204959535e+00
-1.720000000000000000e+02 3.000000000000000000e+01 1.064854807263446279e+00
-1.720000000000000000e+02 3.100000000000000000e+01 1.099083152252093187e+00
-1.720000000000000000e+02 3.200000000000000000e+01 1.115344214317768756e+00
-1.720000000000000000e+02 3.300000000000000000e+01 1.045648944903122102e+00
-1.720000000000000000e+02 3.400000000000000000e+01 9.681259490879624563e-01
-1.710000000000000000e+02 1.400000000000000000e+01 1.847632053712924272e+00
-1.710000000000000000e+02 1.500000000000000000e+01 1.590095781284918797e+00
-1.710000000000000000e+02 1.600000000000000000e+01 1.409667000894432531e+00
-1.710000000000000000e+02 1.700000000000000000e+01 1.300220935094286601e+00
-1.710000000000000000e+02 1.800000000000000000e+01 1.283621130798291654e+00
-1.710000000000000000e+02 1.900000000000000000e+01 1.331201189233008453e+00
-1.710000000000000000e+02 2.000000000000000000e+01 1.302368082648344139e+00
-1.710000000000000000e+02 2.100000000000000000e+01 1.319809520389369828e+00
-1.710000000000000000e+02 2.200000000000000000e+01 1.268410778532196970e+00
-1.710000000000000000e+02 2.300000000000000000e+01 1.192959722246830889e+00
-1.710000000000000000e+02 2.400000000000000000e+01 1.201381119980046819e+00
-1.710000000000000000e+02 2.500000000000000000e+01 1.220790027417146817e+00
-1.710000000000000000e+02 2.600000000000000000e+01 1.206665604377203049e+00
-1.710000000000000000e+02 2.700000000000000000e+01 1.169337632897289092e+00
-1.710000000000000000e+02 2.800000000000000000e+01 1.169337632897289092e+00
-1.710000000000000000e+02 2.900000000000000000e+01 1.142858881394554160e+00
-1.710000000000000000e+02 3.000000000000000000e+01 1.086431253577589295e+00
-1.710000000000000000e+02 3.100000000000000000e+01 1.104669479585179248e+00
-1.710000000000000000e+02 3.200000000000000000e+01 1.114287010247937193e+00
-1.710000000000000000e+02 3.300000000000000000e+01 1.042382515183396530e+00
-1.710000000000000000e+02 3.400000000000000000e+01 nan
