Longitude[deg], Latitude[deg], Dust optical depth
4.400000000000000000e+01 -5.300000000000000000e+01 nan
4.400000000000000000e+01 -5.200000000000000000e+01 4.469952530655558753e+00
4.400000000000000000e+01 -5.100000000000000000e+01 4.497275941184832426e+00
4.400000000000000000e+01 -5.000000000000000000e+01 4.450462753454563547e+00
4.400000000000000000e+01 -4.900000000000000000e+01 4.557682419355659320e+00
4.400000000000000000e+01 -4.800000000000000000e+01 4.894503919705183392e+00
4.400000000000000000e+01 -4.700000000000000000e+01 4.843645598243687012e+00
4.400000000000000000e+01 -4.600000000000000000e+01 4.623897005192961096e+00
4.400000000000000000e+01 -4.500000000000000000e+01 4.845738675253953964e+00
4.400000000000000000e+01 -4.400000000000000000e+01 5.218195613046846759e+00
4.400000000000000000e+01 -4.300000000000000000e+01 5.621039384177377585e+00
4.400000000000000000e+01 -4.200000000000000000e+01 6.509310087770022513e+00
4.400000000000000000e+01 -4.100000000000000000e+01 6.676544356341460151e+00
4.400000000000000000e+01 -4.000000000000000000e+01 6.810482771914953659e+00
4.400000000000000000e+01 -3.900000000000000000e+01 6.787075535931507808e+00
4.400000000000000000e+01 -3.800000000000000000e+01 6.797668827569606442e+00
4.400000000000000000e+01 -3.700000000000000000e+01 6.973042639816592114e+00
4.400000000000000000e+01 -3.600000000000000000e+01 6.959153539694182378e+00
4.400000000000000000e+01 -3.500000000000000000e+01 6.926115666294788475e+00
4.400000000000000000e+01 -3.400000000000000000e+01 7.137004195858779099e+00
4.400000000000000000e+01 -3.300000000000000000e+01 7.244220767262657290e+00
4.400000000000000000e+01 -3.200000000000000000e+01 7.555101281565543836e+00
4.400000000000000000e+01 -3.100000000000000000e+01 7.758208579101634861e+00
4.400000000000000000e+01 -3.000000000000000000e+01 7.829196226528243763e+00
4.400000000000000000e+01 -2.900000000000000000e+01 7.940867338867335867e+00
4.400000000000000000e+01 -2.800000000000000000e+01 7.931551173063037474e+00
4.400000000000000000e+01 -2.700000000000000000e+01 nan
4.500000000000000000e+01 -5.300000000000000000e+01 nan
4.500000000000000000e+01 -5.200000000000000000e+01 4.465239169557367660e+00
4.500000000000000000e+01 -5.100000000000000000e+01 4.496009517664405486e+00
4.500000000000000000e+01 -5.000000000000000000e+01 4.441674679254457025e+00
4.500000000000000000e+01 -4.900000000000000000e+01 4.555809444925633223e+00
4.500000000000000000e+01 -4.800000000000000000e+01 4.801891859276566699e+00
4.500000000000000000e+01 -4.700000000000000000e+01 4.829163556874762619e+00
4.500000000000000000e+01 -4.600000000000000000e+01 4.624840555667041997e+00
4.500000000000000000e+01 -4.500000000000000000e+01 4.820674410482341798e+00
4.500000000000000000e+01 -4.400000000000000000e+01 5.275263548125360025e+00
4.500000000000000000e+01 -4.300000000000000000e+01 5.628821882162910128e+00
4.500000000000000000e+01 -4.200000000000000000e+01 6.527770937603706081e+00
4.500000000000000000e+01 -4.100000000000000000e+01 6.835142031981855659e+00
4.500000000000000000e+01 -4.000000000000000000e+01 6.834598529914434728e+00
4.500000000000000000e+01 -3.900000000000000000e+01 6.809502388981572452e+00
4.500000000000000000e+01 -3.800000000000000000e+01 6.818769417229938234e+00
4.500000000000000000e+01 -3.700000000000000000e+01 6.984259235814791467e+00
4.500000000000000000e+01 -3.600000000000000000e+01 6.982345935803609294e+00
4.500000000000000000e+01 -3.500000000000000000e+01 6.992747052670196695e+00
4.500000000000000000e+01 -3.400000000000000000e+01 7.150614650444593323e+00
4.500000000000000000e+01 -3.300000000000000000e+01 7.425069937012731103e+00
4.500000000000000000e+01 -3.200000000000000000e+01 7.691956782851358199e+00
4.500000000000000000e+01 -3.100000000000000000e+01 7.784159721285348610e+00
4.500000000000000000e+01 -3.000000000000000000e+01 7.835000751742575709e+00
4.500000000000000000e+01 -2.900000000000000000e+01 7.940100080893615520e+00
4.500000000000000000e+01 -2.800000000000000000e+01 7.938426486597608189e+00
4.500000000000000000e+01 -2.700000000000000000e+01 nan
4.600000000000000000e+01 -5.300000000000000000e+01 nan
4.600000000000000000e+01 -5.200000000000000000e+01 nan
4.600000000000000000e+01 -5.100000000000000000e+01 4.467150016408470314e+00
4.600000000000000000e+01 -5.000000000000000000e+01 4.401160888150966954e+00
4.600000000000000000e+01 -4.900000000000000000e+01 4.555809444925633223e+00
4.600000000000000000e+01 -4.800000000000000000e+01 4.741339014364758242e+00
4.600000000000000000e+01 -4.700000000000000000e+01 4.749378408005267005e+00
4.600000000000000000e+01 -4.600000000000000000e+01 4.625846437733607708e+00
4.600000000000000000e+01 -4.500000000000000000e+01 4.813893161473493443e+00
4.600000000000000000e+01 -4.400000000000000000e+01 5.283333939383017430e+00
4.600000000000000000e+01 -4.300000000000000000e+01 5.637328074624615937e+00
4.600000000000000000e+01 -4.200000000000000000e+01 6.538226481521666855e+00
4.600000000000000000e+01 -4.100000000000000000e+01 6.872458470611066517e+00
4.600000000000000000e+01 -4.000000000000000000e+01 6.846603462882427493e+00
4.600000000000000000e+01 -3.900000000000000000e+01 6.819614972688543553e+00
4.600000000000000000e+01 -3.800000000000000000e+01 6.887238371593419117e+00
4.600000000000000000e+01 -3.700000000000000000e+01 6.989062725079951299e+00
4.600000000000000000e+01 -3.600000000000000000e+01 7.001757891794277100e+00
4.600000000000000000e+01 -3.500000000000000000e+01 7.157885646223259180e+00
4.600000000000000000e+01 -3.400000000000000000e+01 7.166892269242725710e+00
4.600000000000000000e+01 -3.300000000000000000e+01 7.461185178835242127e+00
4.600000000000000000e+01 -3.200000000000000000e+01 7.772813695567472259e+00
4.600000000000000000e+01 -3.100000000000000000e+01 7.911889097229901857e+00
4.600000000000000000e+01 -3.000000000000000000e+01 7.847586801209548213e+00
4.600000000000000000e+01 -2.900000000000000000e+01 7.936502857482001794e+00
4.600000000000000000e+01 -2.800000000000000000e+01 7.959301565767073150e+00
4.600000000000000000e+01 -2.700000000000000000e+01 nan
