Longitude[deg], Latitude[deg], Dust optical depth
-8.000000000000000000e+01 -3.900000000000000000e+01 9.399404451424709928e-01
-8.000000000000000000e+01 -3.800000000000000000e+01 9.076255564939080811e-01
-8.000000000000000000e+01 -3.700000000000000000e+01 8.979184627495463422e-01
-8.000000000000000000e+01 -3.600000000000000000e+01 1.032574744763915531e+00
-8.000000000000000000e+01 -3.500000000000000000e+01 9.968720049091280844e-01
-8.000000000000000000e+01 -3.400000000000000000e+01 7.485989674050101961e-01
-8.000000000000000000e+01 -3.300000000000000000e+01 7.073169683640841976e-01
-8.000000000000000000e+01 -3.200000000000000000e+01 6.942036200129577672e-01
-8.000000000000000000e+01 -3.100000000000000000e+01 8.143796859068944682e-01
-8.000000000000000000e+01 -3.000000000000000000e+01 8.047280496237652070e-01
-8.000000000000000000e+01 -2.900000000000000000e+01 8.680747386431078016e-01
-8.000000000000000000e+01 -2.800000000000000000e+01 8.944501810788924034e-01
-8.000000000000000000e+01 -2.700000000000000000e+01 8.265547099363527161e-01
-8.000000000000000000e+01 -2.600000000000000000e+01 7.418485234824325758e-01
-8.000000000000000000e+01 -2.500000000000000000e+01 6.562482542725897039e-01
-8.000000000000000000e+01 -2.400000000000000000e+01 6.653259138893322655e-01
-8.000000000000000000e+01 -2.300000000000000000e+01 7.365558331808398362e-01
-8.000000000000000000e+01 -2.200000000000000000e+01 6.999864622924230062e-01
-8.000000000000000000e+01 -2.100000000000000000e+01 7.034819211772532777e-01
-8.000000000000000000e+01 -2.000000000000000000e+01 7.238378720950887635e-01
-8.000000000000000000e+01 -1.900000000000000000e+01 6.818314661639390817e-01
-8.000000000000000000e+01 -1.800000000000000000e+01 8.700874220598571185e-01
-8.000000000000000000e+01 -1.700000000000000000e+01 1.017052430282845199e+00
-8.000000000000000000e+01 -1.600000000000000000e+01 1.083177549338363521e+00
-8.000000000000000000e+01 -1.500000000000000000e+01 1.117844844505108348e+00
-8.000000000000000000e+01 -1.400000000000000000e+01 9.678950937975935309e-01
-8.000000000000000000e+01 -1.300000000000000000e+01 7.284233065787698580e-01
-8.000000000000000000e+01 -1.200000000000000000e+01 nan
-7.900000000000000000e+01 -3.900000000000000000e+01 9.252816581134748475e-01
-7.900000000000000000e+01 -3.800000000000000000e+01 9.051685640756860218e-01
-7.900000000000000000e+01 -3.700000000000000000e+01 9.028428846708002053e-01
-7.900000000000000000e+01 -3.600000000000000000e+01 9.774499402086275213e-01
-7.900000000000000000e+01 -3.500000000000000000e+01 9.438967602734956719e-01
-7.900000000000000000e+01 -3.400000000000000000e+01 7.734700449332735372e-01
-7.900000000000000000e+01 -3.300000000000000000e+01 7.455796982071289936e-01
-7.900000000000000000e+01 -3.200000000000000000e+01 7.097655641885787237e-01
-7.900000000000000000e+01 -3.100000000000000000e+01 8.489787344390256063e-01
-7.900000000000000000e+01 -3.000000000000000000e+01 8.212132643195289017e-01
-7.900000000000000000e+01 -2.900000000000000000e+01 8.827627055878345397e-01
-7.900000000000000000e+01 -2.800000000000000000e+01 9.136325978531263381e-01
-7.900000000000000000e+01 -2.700000000000000000e+01 8.442231104076896031e-01
-7.900000000000000000e+01 -2.600000000000000000e+01 7.499516656706736173e-01
-7.900000000000000000e+01 -2.500000000000000000e+01 6.356399461144062180e-01
-7.900000000000000000e+01 -2.400000000000000000e+01 6.586996386276726678e-01
-7.900000000000000000e+01 -2.300000000000000000e+01 7.692369862797466817e-01
-7.900000000000000000e+01 -2.200000000000000000e+01 7.508567107011191455e-01
-7.900000000000000000e+01 -2.100000000000000000e+01 7.496946102123585032e-01
-7.900000000000000000e+01 -2.000000000000000000e+01 7.181293055920972002e-01
-7.900000000000000000e+01 -1.900000000000000000e+01 6.708468142109775822e-01
-7.900000000000000000e+01 -1.800000000000000000e+01 8.763432755742760483e-01
-7.900000000000000000e+01 -1.700000000000000000e+01 1.018171748311747837e+00
-7.900000000000000000e+01 -1.600000000000000000e+01 1.089324772651939055e+00
-7.900000000000000000e+01 -1.500000000000000000e+01 1.151729229331267090e+00
-7.900000000000000000e+01 -1.400000000000000000e+01 9.906160498856939611e-01
-7.900000000000000000e+01 -1.300000000000000000e+01 7.179070056136988009e-01
-7.900000000000000000e+01 -1.200000000000000000e+01 nan
-7.800000000000000000e+01 -3.900000000000000000e+01 9.207052435820839431e-01
-7.800000000000000000e+01 -3.800000000000000000e+01 9.025904464386663717e-01
-7.800000000000000000e+01 -3.700000000000000000e+01 9.052141542397638130e-01
-7.800000000000000000e+01 -3.600000000000000000e+01 9.273385408110556005e-01
-7.800000000000000000e+01 -3.500000000000000000e+01 9.307285906877019732e-01
-7.800000000000000000e+01 -3.400000000000000000e+01 7.972733199510403379e-01
-7.800000000000000000e+01 -3.300000000000000000e+01 7.544258360436481015e-01
-7.800000000000000000e+01 -3.200000000000000000e+01 7.211035395164121509e-01
-7.800000000000000000e+01 -3.100000000000000000e+01 8.758588611445449201e-01
-7.800000000000000000e+01 -3.000000000000000000e+01 8.359015379012015856e-01
-7.800000000000000000e+01 -2.900000000000000000e+01 8.900269120900164976e-01
-7.800000000000000000e+01 -2.800000000000000000e+01 9.204477280060345823e-01
-7.800000000000000000e+01 -2.700000000000000000e+01 8.607999925832837684e-01
-7.800000000000000000e+01 -2.600000000000000000e+01 7.536963058869757814e-01
-7.800000000000000000e+01 -2.500000000000000000e+01 6.289836392789934782e-01
-7.800000000000000000e+01 -2.400000000000000000e+01 6.486637636593214351e-01
-7.800000000000000000e+01 -2.300000000000000000e+01 8.744397463435996665e-01
-7.800000000000000000e+01 -2.200000000000000000e+01 7.944576000271461602e-01
-7.800000000000000000e+01 -2.100000000000000000e+01 7.716599719497252430e-01
-7.800000000000000000e+01 -2.000000000000000000e+01 7.094317205249924818e-01
-7.800000000000000000e+01 -1.900000000000000000e+01 6.404214837261598126e-01
-7.800000000000000000e+01 -1.800000000000000000e+01 8.915052371172069723e-01
-7.800000000000000000e+01 -1.700000000000000000e+01 1.024169942920170939e+00
-7.800000000000000000e+01 -1.600000000000000000e+01 1.096843290678684912e+00
-7.800000000000000000e+01 -1.500000000000000000e+01 1.162106813347630885e+00
-7.800000000000000000e+01 -1.400000000000000000e+01 1.114582739015708368e+00
-7.800000000000000000e+01 -1.300000000000000000e+01 nan
-7.800000000000000000e+01 -1.200000000000000000e+01 nan
