Longitude[deg], Latitude[deg], Dust optical depth
8.500000000000000000e+01 -7.100000000000000000e+01 nan
8.500000000000000000e+01 -7.000000000000000000e+01 nan
8.500000000000000000e+01 -6.900000000000000000e+01 nan
8.500000000000000000e+01 -6.800000000000000000e+01 nan
8.500000000000000000e+01 -6.700000000000000000e+01 nan
8.500000000000000000e+01 -6.600000000000000000e+01 nan
8.500000000000000000e+01 -6.500000000000000000e+01 nan
8.500000000000000000e+01 -6.400000000000000000e+01 nan
8.500000000000000000e+01 -6.300000000000000000e+01 nan
8.500000000000000000e+01 -6.200000000000000000e+01 nan
8.500000000000000000e+01 -6.100000000000000000e+01 nan
8.500000000000000000e+01 -6.000000000000000000e+01 nan
8.500000000000000000e+01 -5.900000000000000000e+01 nan
8.500000000000000000e+01 -5.800000000000000000e+01 nan
8.500000000000000000e+01 -5.700000000000000000e+01 nan
8.500000000000000000e+01 -5.600000000000000000e+01 nan
8.500000000000000000e+01 -5.500000000000000000e+01 nan
8.500000000000000000e+01 -5.400000000000000000e+01 nan
8.500000000000000000e+01 -5.300000000000000000e+01 nan
8.500000000000000000e+01 -5.200000000000000000e+01 nan
8.500000000000000000e+01 -5.100000000000000000e+01 nan
8.500000000000000000e+01 -5.000000000000000000e+01 nan
8.500000000000000000e+01 -4.900000000000000000e+01 nan
8.500000000000000000e+01 -4.800000000000000000e+01 nan
8.500000000000000000e+01 -4.700000000000000000e+01 nan
8.500000000000000000e+01 -4.600000000000000000e+01 nan
8.500000000000000000e+01 -4.500000000000000000e+01 nan
8.500000000000000000e+01 -4.400000000000000000e+01 nan
8.500000000000000000e+01 -4.300000000000000000e+01 nan
8.500000000000000000e+01 -4.200000000000000000e+01 nan
8.500000000000000000e+01 -4.100000000000000000e+01 nan
8.500000000000000000e+01 -4.000000000000000000e+01 nan
8.500000000000000000e+01 -3.900000000000000000e+01 nan
8.500000000000000000e+01 -3.800000000000000000e+01 nan
8.500000000000000000e+01 -3.700000000000000000e+01 nan
8.500000000000000000e+01 -3.600000000000000000e+01 nan
8.500000000000000000e+01 -3.500000000000000000e+01 nan
8.500000000000000000e+01 -3.400000000000000000e+01 nan
8.500000000000000000e+01 -3.300000000000000000e+01 nan
8.500000000000000000e+01 -3.200000000000000000e+01 nan
8.500000000000000000e+01 -3.100000000000000000e+01 nan
8.500000000000000000e+01 -3.000000000000000000e+01 nan
8.500000000000000000e+01 -2.900000000000000000e+01 nan
8.500000000000000000e+01 -2.800000000000000000e+01 nan
8.500000000000000000e+01 -2.700000000000000000e+01 nan
8.600000000000000000e+01 -7.100000000000000000e+01 nan
8.600000000000000000e+01 -7.000000000000000000e+01 nan
8.600000000000000000e+01 -6.900000000000000000e+01 nan
8.600000000000000000e+01 -6.800000000000000000e+01 nan
8.600000000000000000e+01 -6.700000000000000000e+01 nan
8.600000000000000000e+01 -6.600000000000000000e+01 nan
8.600000000000000000e+01 -6.500000000000000000e+01 nan
8.600000000000000000e+01 -6.400000000000000000e+01 nan
8.600000000000000000e+01 -6.300000000000000000e+01 nan
8.600000000000000000e+01 -6.200000000000000000e+01 nan
8.600000000000000000e+01 -6.100000000000000000e+01 nan
8.600000000000000000e+01 -6.000000000000000000e+01 nan
8.600000000000000000e+01 -5.900000000000000000e+01 nan
8.600000000000000000e+01 -5.800000000000000000e+01 nan
8.600000000000000000e+01 -5.700000000000000000e+01 nan
8.600000000000000000e+01 -5.600000000000000000e+01 nan
8.600000000000000000e+01 -5.500000000000000000e+01 nan
8.600000000000000000e+01 -5.400000000000000000e+01 nan
8.600000000000000000e+01 -5.300000000000000000e+01 nan
8.600000000000000000e+01 -5.200000000000000000e+01 nan
8.600000000000000000e+01 -5.100000000000000000e+01 nan
8.600000000000000000e+01 -5.000000000000000000e+01 nan
8.600000000000000000e+01 -4.900000000000000000e+01 nan
8.600000000000000000e+01 -4.800000000000000000e+01 nan
8.600000000000000000e+01 -4.700000000000000000e+01 nan
8.600000000000000000e+01 -4.600000000000000000e+01 nan
8.600000000000000000e+01 -4.500000000000000000e+01 nan
8.600000000000000000e+01 -4.400000000000000000e+01 nan
8.600000000000000000e+01 -4.300000000000000000e+01 nan
8.600000000000000000e+01 -4.200000000000000000e+01 nan
8.600000000000000000e+01 -4.100000000000000000e+01 nan
8.600000000000000000e+01 -4.000000000000000000e+01 nan
8.600000000000000000e+01 -3.900000000000000000e+01 nan
8.600000000000000000e+01 -3.800000000000000000e+01 nan
8.600000000000000000e+01 -3.700000000000000000e+01 nan
8.600000000000000000e+01 -3.600000000000000000e+01 nan
8.600000000000000000e+01 -3.500000000000000000e+01 nan
8.600000000000000000e+01 -3.400000000000000000e+01 nan
8.600000000000000000e+01 -3.300000000000000000e+01 nan
8.600000000000000000e+01 -3.200000000000000000e+01 nan
8.600000000000000000e+01 -3.100000000000000000e+01 nan
8.600000000000000000e+01 -3.000000000000000000e+01 nan
8.600000000000000000e+01 -2.900000000000000000e+01 nan
8.600000000000000000e+01 -2.800000000000000000e+01 nan
8.600000000000000000e+01 -2.700000000000000000e+01 nan
8.700000000000000000e+01 -7.100000000000000000e+01 nan
8.700000000000000000e+01 -7.000000000000000000e+01 nan
8.700000000000000000e+01 -6.900000000000000000e+01 nan
8.700000000000000000e+01 -6.800000000000000000e+01 nan
8.700000000000000000e+01 -6.700000000000000000e+01 nan
8.700000000000000000e+01 -6.600000000000000000e+01 nan
8.700000000000000000e+01 -6.500000000000000000e+01 nan
8.700000000000000000e+01 -6.400000000000000000e+01 nan
8.700000000000000000e+01 -6.300000000000000000e+01 nan
8.700000000000000000e+01 -6.200000000000000000e+01 nan
8.700000000000000000e+01 -6.100000000000000000e+01 nan
8.700000000000000000e+01 -6.000000000000000000e+01 nan
8.700000000000000000e+01 -5.900000000000000000e+01 nan
8.700000000000000000e+01 -5.800000000000000000e+01 nan
8.700000000000000000e+01 -5.700000000000000000e+01 nan
8.700000000000000000e+01 -5.600000000000000000e+01 nan
8.700000000000000000e+01 -5.500000000000000000e+01 nan
8.700000000000000000e+01 -5.400000000000000000e+01 nan
8.700000000000000000e+01 -5.300000000000000000e+01 nan
8.700000000000000000e+01 -5.200000000000000000e+01 nan
8.700000000000000000e+01 -5.100000000000000000e+01 nan
8.700000000000000000e+01 -5.000000000000000000e+01 nan
8.700000000000000000e+01 -4.900000000000000000e+01 nan
8.700000000000000000e+01 -4.800000000000000000e+01 nan
8.700000000000000000e+01 -4.700000000000000000e+01 nan
8.700000000000000000e+01 -4.600000000000000000e+01 nan
8.700000000000000000e+01 -4.500000000000000000e+01 nan
8.700000000000000000e+01 -4.400000000000000000e+01 nan
8.700000000000000000e+01 -4.300000000000000000e+01 nan
8.700000000000000000e+01 -4.200000000000000000e+01 nan
8.700000000000000000e+01 -4.100000000000000000e+01 nan
8.700000000000000000e+01 -4.000000000000000000e+01 nan
8.700000000000000000e+01 -3.900000000000000000e+01 nan
8.700000000000000000e+01 -3.800000000000000000e+01 nan
8.700000000000000000e+01 -3.700000000000000000e+01 nan
8.700000000000000000e+01 -3.600000000000000000e+01 nan
8.700000000000000000e+01 -3.500000000000000000e+01 nan
8.700000000000000000e+01 -3.400000000000000000e+01 nan
8.700000000000000000e+01 -3.300000000000000000e+01 nan
8.700000000000000000e+01 -3.200000000000000000e+01 nan
8.700000000000000000e+01 -3.100000000000000000e+01 nan
8.700000000000000000e+01 -3.000000000000000000e+01 nan
8.700000000000000000e+01 -2.900000000000000000e+01 nan
8.700000000000000000e+01 -2.800000000000000000e+01 nan
8.700000000000000000e+01 -2.700000000000000000e+01 nan
8.800000000000000000e+01 -7.100000000000000000e+01 nan
8.800000000000000000e+01 -7.000000000000000000e+01 nan
8.800000000000000000e+01 -6.900000000000000000e+01 nan
8.800000000000000000e+01 -6.800000000000000000e+01 nan
8.800000000000000000e+01 -6.700000000000000000e+01 nan
8.800000000000000000e+01 -6.600000000000000000e+01 nan
8.800000000000000000e+01 -6.500000000000000000e+01 nan
8.800000000000000000e+01 -6.400000000000000000e+01 nan
8.800000000000000000e+01 -6.300000000000000000e+01 nan
8.800000000000000000e+01 -6.200000000000000000e+01 nan
8.800000000000000000e+01 -6.100000000000000000e+01 nan
8.800000000000000000e+01 -6.000000000000000000e+01 nan
8.800000000000000000e+01 -5.900000000000000000e+01 nan
8.800000000000000000e+01 -5.800000000000000000e+01 nan
8.800000000000000000e+01 -5.700000000000000000e+01 nan
8.800000000000000000e+01 -5.600000000000000000e+01 nan
8.800000000000000000e+01 -5.500000000000000000e+01 nan
8.800000000000000000e+01 -5.400000000000000000e+01 nan
8.800000000000000000e+01 -5.300000000000000000e+01 nan
8.800000000000000000e+01 -5.200000000000000000e+01 nan
8.800000000000000000e+01 -5.100000000000000000e+01 nan
8.800000000000000000e+01 -5.000000000000000000e+01 nan
8.800000000000000000e+01 -4.900000000000000000e+01 nan
8.800000000000000000e+01 -4.800000000000000000e+01 nan
8.800000000000000000e+01 -4.700000000000000000e+01 nan
8.800000000000000000e+01 -4.600000000000000000e+01 nan
8.800000000000000000e+01 -4.500000000000000000e+01 nan
8.800000000000000000e+01 -4.400000000000000000e+01 nan
8.800000000000000000e+01 -4.300000000000000000e+01 nan
8.800000000000000000e+01 -4.200000000000000000e+01 nan
8.800000000000000000e+01 -4.100000000000000000e+01 nan
8.800000000000000000e+01 -4.000000000000000000e+01 nan
8.800000000000000000e+01 -3.900000000000000000e+01 nan
8.800000000000000000e+01 -3.800000000000000000e+01 nan
8.800000000000000000e+01 -3.700000000000000000e+01 nan
8.800000000000000000e+01 -3.600000000000000000e+01 nan
8.800000000000000000e+01 -3.500000000000000000e+01 nan
8.800000000000000000e+01 -3.400000000000000000e+01 nan
8.800000000000000000e+01 -3.300000000000000000e+01 nan
8.800000000000000000e+01 -3.200000000000000000e+01 nan
8.800000000000000000e+01 -3.100000000000000000e+01 nan
8.800000000000000000e+01 -3.000000000000000000e+01 nan
8.800000000000000000e+01 -2.900000000000000000e+01 nan
8.800000000000000000e+01 -2.800000000000000000e+01 nan
8.800000000000000000e+01 -2.700000000000000000e+01 nan
8.900000000000000000e+01 -7.100000000000000000e+01 nan
8.900000000000000000e+01 -7.000000000000000000e+01 nan
8.900000000000000000e+01 -6.900000000000000000e+01 nan
8.900000000000000000e+01 -6.800000000000000000e+01 nan
8.900000000000000000e+01 -6.700000000000000000e+01 nan
8.900000000000000000e+01 -6.600000000000000000e+01 nan
8.900000000000000000e+01 -6.500000000000000000e+01 nan
8.900000000000000000e+01 -6.400000000000000000e+01 nan
8.900000000000000000e+01 -6.300000000000000000e+01 nan
8.900000000000000000e+01 -6.200000000000000000e+01 nan
8.900000000000000000e+01 -6.100000000000000000e+01 nan
8.900000000000000000e+01 -6.000000000000000000e+01 1.002384299556390967e+00
8.900000000000000000e+01 -5.900000000000000000e+01 1.025566005089011856e+00
8.900000000000000000e+01 -5.800000000000000000e+01 1.030881357922066144e+00
8.900000000000000000e+01 -5.700000000000000000e+01 1.125817169321190692e+00
8.900000000000000000e+01 -5.600000000000000000e+01 1.110847964852820002e+00
8.900000000000000000e+01 -5.500000000000000000e+01 1.062727145344821711e+00
8.900000000000000000e+01 -5.400000000000000000e+01 9.751326243518827486e-01
8.900000000000000000e+01 -5.300000000000000000e+01 nan
8.900000000000000000e+01 -5.200000000000000000e+01 nan
8.900000000000000000e+01 -5.100000000000000000e+01 nan
8.900000000000000000e+01 -5.000000000000000000e+01 nan
8.900000000000000000e+01 -4.900000000000000000e+01 nan
8.900000000000000000e+01 -4.800000000000000000e+01 nan
8.900000000000000000e+01 -4.700000000000000000e+01 nan
8.900000000000000000e+01 -4.600000000000000000e+01 nan
8.900000000000000000e+01 -4.500000000000000000e+01 nan
8.900000000000000000e+01 -4.400000000000000000e+01 nan
8.900000000000000000e+01 -4.300000000000000000e+01 nan
8.900000000000000000e+01 -4.200000000000000000e+01 nan
8.900000000000000000e+01 -4.100000000000000000e+01 nan
8.900000000000000000e+01 -4.000000000000000000e+01 nan
8.900000000000000000e+01 -3.900000000000000000e+01 nan
8.900000000000000000e+01 -3.800000000000000000e+01 nan
8.900000000000000000e+01 -3.700000000000000000e+01 nan
8.900000000000000000e+01 -3.600000000000000000e+01 nan
8.900000000000000000e+01 -3.500000000000000000e+01 nan
8.900000000000000000e+01 -3.400000000000000000e+01 nan
8.900000000000000000e+01 -3.300000000000000000e+01 nan
8.900000000000000000e+01 -3.200000000000000000e+01 nan
8.900000000000000000e+01 -3.100000000000000000e+01 nan
8.900000000000000000e+01 -3.000000000000000000e+01 nan
8.900000000000000000e+01 -2.900000000000000000e+01 nan
8.900000000000000000e+01 -2.800000000000000000e+01 nan
8.900000000000000000e+01 -2.700000000000000000e+01 nan
9.000000000000000000e+01 -7.100000000000000000e+01 nan
9.000000000000000000e+01 -7.000000000000000000e+01 nan
9.000000000000000000e+01 -6.900000000000000000e+01 nan
9.000000000000000000e+01 -6.800000000000000000e+01 nan
9.000000000000000000e+01 -6.700000000000000000e+01 nan
9.000000000000000000e+01 -6.600000000000000000e+01 nan
9.000000000000000000e+01 -6.500000000000000000e+01 nan
9.000000000000000000e+01 -6.400000000000000000e+01 nan
9.000000000000000000e+01 -6.300000000000000000e+01 nan
9.000000000000000000e+01 -6.200000000000000000e+01 nan
9.000000000000000000e+01 -6.100000000000000000e+01 nan
9.000000000000000000e+01 -6.000000000000000000e+01 1.002384299556390967e+00
9.000000000000000000e+01 -5.900000000000000000e+01 1.025566005089011856e+00
9.000000000000000000e+01 -5.800000000000000000e+01 1.030881357922066144e+00
9.000000000000000000e+01 -5.700000000000000000e+01 1.125817169321190692e+00
9.000000000000000000e+01 -5.600000000000000000e+01 1.103973270418438402e+00
9.000000000000000000e+01 -5.500000000000000000e+01 1.028646406768686239e+00
9.000000000000000000e+01 -5.400000000000000000e+01 9.809799866532228352e-01
9.000000000000000000e+01 -5.300000000000000000e+01 9.709263981136380117e-01
9.000000000000000000e+01 -5.200000000000000000e+01 9.125056412489596092e-01
9.000000000000000000e+01 -5.100000000000000000e+01 8.687202368808167874e-01
9.000000000000000000e+01 -5.000000000000000000e+01 1.134365265435989922e+00
9.000000000000000000e+01 -4.900000000000000000e+01 1.323281075823402153e+00
9.000000000000000000e+01 -4.800000000000000000e+01 1.602149677708257114e+00
9.000000000000000000e+01 -4.700000000000000000e+01 1.533890216066660539e+00
9.000000000000000000e+01 -4.600000000000000000e+01 1.540920981070913243e+00
9.000000000000000000e+01 -4.500000000000000000e+01 1.613292288254062345e+00
9.000000000000000000e+01 -4.400000000000000000e+01 1.754599972435674893e+00
9.000000000000000000e+01 -4.300000000000000000e+01 1.733311338847794980e+00
9.000000000000000000e+01 -4.200000000000000000e+01 1.671753571322742049e+00
9.000000000000000000e+01 -4.100000000000000000e+01 1.674121723691198715e+00
9.000000000000000000e+01 -4.000000000000000000e+01 1.629982323864118676e+00
9.000000000000000000e+01 -3.900000000000000000e+01 1.592398265142279890e+00
9.000000000000000000e+01 -3.800000000000000000e+01 nan
9.000000000000000000e+01 -3.700000000000000000e+01 nan
9.000000000000000000e+01 -3.600000000000000000e+01 nan
9.000000000000000000e+01 -3.500000000000000000e+01 nan
9.000000000000000000e+01 -3.400000000000000000e+01 nan
9.000000000000000000e+01 -3.300000000000000000e+01 nan
9.000000000000000000e+01 -3.200000000000000000e+01 nan
9.000000000000000000e+01 -3.100000000000000000e+01 nan
9.000000000000000000e+01 -3.000000000000000000e+01 nan
9.000000000000000000e+01 -2.900000000000000000e+01 nan
9.000000000000000000e+01 -2.800000000000000000e+01 nan
9.000000000000000000e+01 -2.700000000000000000e+01 nan
9.100000000000000000e+01 -7.100000000000000000e+01 nan
9.100000000000000000e+01 -7.000000000000000000e+01 nan
9.100000000000000000e+01 -6.900000000000000000e+01 nan
9.100000000000000000e+01 -6.800000000000000000e+01 nan
9.100000000000000000e+01 -6.700000000000000000e+01 nan
9.100000000000000000e+01 -6.600000000000000000e+01 nan
9.100000000000000000e+01 -6.500000000000000000e+01 nan
9.100000000000000000e+01 -6.400000000000000000e+01 nan
9.100000000000000000e+01 -6.300000000000000000e+01 nan
9.100000000000000000e+01 -6.200000000000000000e+01 nan
9.100000000000000000e+01 -6.100000000000000000e+01 nan
9.100000000000000000e+01 -6.000000000000000000e+01 nan
9.100000000000000000e+01 -5.900000000000000000e+01 nan
9.100000000000000000e+01 -5.800000000000000000e+01 nan
9.100000000000000000e+01 -5.700000000000000000e+01 nan
9.100000000000000000e+01 -5.600000000000000000e+01 1.011640330019146106e+00
9.100000000000000000e+01 -5.500000000000000000e+01 9.527666081606118720e-01
9.100000000000000000e+01 -5.400000000000000000e+01 9.825157465541257684e-01
9.100000000000000000e+01 -5.300000000000000000e+01 9.709263981136380117e-01
9.100000000000000000e+01 -5.200000000000000000e+01 9.125056412489596092e-01
9.100000000000000000e+01 -5.100000000000000000e+01 8.687202368808167874e-01
9.100000000000000000e+01 -5.000000000000000000e+01 1.134365265435989922e+00
9.100000000000000000e+01 -4.900000000000000000e+01 1.323281075823402153e+00
9.100000000000000000e+01 -4.800000000000000000e+01 1.602149677708257114e+00
9.100000000000000000e+01 -4.700000000000000000e+01 1.533890216066660539e+00
9.100000000000000000e+01 -4.600000000000000000e+01 1.540920981070913243e+00
9.100000000000000000e+01 -4.500000000000000000e+01 1.613292288254062345e+00
9.100000000000000000e+01 -4.400000000000000000e+01 1.754599972435674893e+00
9.100000000000000000e+01 -4.300000000000000000e+01 1.733311338847794980e+00
9.100000000000000000e+01 -4.200000000000000000e+01 1.677658964081822690e+00
9.100000000000000000e+01 -4.100000000000000000e+01 1.678034107053012258e+00
9.100000000000000000e+01 -4.000000000000000000e+01 1.624078887586330566e+00
9.100000000000000000e+01 -3.900000000000000000e+01 1.533970998894613302e+00
9.100000000000000000e+01 -3.800000000000000000e+01 1.380266939366942669e+00
9.100000000000000000e+01 -3.700000000000000000e+01 1.294384221082632624e+00
9.100000000000000000e+01 -3.600000000000000000e+01 1.174376604698570636e+00
9.100000000000000000e+01 -3.500000000000000000e+01 1.134618006330172735e+00
9.100000000000000000e+01 -3.400000000000000000e+01 1.083096743766463144e+00
9.100000000000000000e+01 -3.300000000000000000e+01 1.003860564367635266e+00
9.100000000000000000e+01 -3.200000000000000000e+01 9.880412585070903475e-01
9.100000000000000000e+01 -3.100000000000000000e+01 9.581265131356198061e-01
9.100000000000000000e+01 -3.000000000000000000e+01 9.907831941122047237e-01
9.100000000000000000e+01 -2.900000000000000000e+01 1.058619135627887564e+00
9.100000000000000000e+01 -2.800000000000000000e+01 1.059549740788229499e+00
9.100000000000000000e+01 -2.700000000000000000e+01 nan
9.200000000000000000e+01 -7.100000000000000000e+01 nan
9.200000000000000000e+01 -7.000000000000000000e+01 nan
9.200000000000000000e+01 -6.900000000000000000e+01 nan
9.200000000000000000e+01 -6.800000000000000000e+01 nan
9.200000000000000000e+01 -6.700000000000000000e+01 nan
9.200000000000000000e+01 -6.600000000000000000e+01 nan
9.200000000000000000e+01 -6.500000000000000000e+01 nan
9.200000000000000000e+01 -6.400000000000000000e+01 nan
9.200000000000000000e+01 -6.300000000000000000e+01 nan
9.200000000000000000e+01 -6.200000000000000000e+01 nan
9.200000000000000000e+01 -6.100000000000000000e+01 nan
9.200000000000000000e+01 -6.000000000000000000e+01 nan
9.200000000000000000e+01 -5.900000000000000000e+01 nan
9.200000000000000000e+01 -5.800000000000000000e+01 nan
9.200000000000000000e+01 -5.700000000000000000e+01 nan
9.200000000000000000e+01 -5.600000000000000000e+01 nan
9.200000000000000000e+01 -5.500000000000000000e+01 nan
9.200000000000000000e+01 -5.400000000000000000e+01 nan
9.200000000000000000e+01 -5.300000000000000000e+01 nan
9.200000000000000000e+01 -5.200000000000000000e+01 nan
9.200000000000000000e+01 -5.100000000000000000e+01 nan
9.200000000000000000e+01 -5.000000000000000000e+01 nan
9.200000000000000000e+01 -4.900000000000000000e+01 nan
9.200000000000000000e+01 -4.800000000000000000e+01 nan
9.200000000000000000e+01 -4.700000000000000000e+01 nan
9.200000000000000000e+01 -4.600000000000000000e+01 nan
9.200000000000000000e+01 -4.500000000000000000e+01 nan
9.200000000000000000e+01 -4.400000000000000000e+01 nan
9.200000000000000000e+01 -4.300000000000000000e+01 nan
9.200000000000000000e+01 -4.200000000000000000e+01 1.954958859610283373e+00
9.200000000000000000e+01 -4.100000000000000000e+01 1.798298233897791087e+00
9.200000000000000000e+01 -4.000000000000000000e+01 1.621382803445301279e+00
9.200000000000000000e+01 -3.900000000000000000e+01 1.528880930871096222e+00
9.200000000000000000e+01 -3.800000000000000000e+01 1.380382545541347872e+00
9.200000000000000000e+01 -3.700000000000000000e+01 1.294384221082632624e+00
9.200000000000000000e+01 -3.600000000000000000e+01 1.174376604698570636e+00
9.200000000000000000e+01 -3.500000000000000000e+01 1.134618006330172735e+00
9.200000000000000000e+01 -3.400000000000000000e+01 1.083096743766463144e+00
9.200000000000000000e+01 -3.300000000000000000e+01 1.003860564367635266e+00
9.200000000000000000e+01 -3.200000000000000000e+01 9.880412585070903475e-01
9.200000000000000000e+01 -3.100000000000000000e+01 9.581265131356198061e-01
9.200000000000000000e+01 -3.000000000000000000e+01 9.907831941122047237e-01
9.200000000000000000e+01 -2.900000000000000000e+01 1.058619135627887564e+00
9.200000000000000000e+01 -2.800000000000000000e+01 1.059549740788229499e+00
9.200000000000000000e+01 -2.700000000000000000e+01 nan
