Longitude[deg], Latitude[deg], Dust optical depth
-5.800000000000000000e+01 -5.600000000000000000e+01 3.673385389815800650e+00
-5.800000000000000000e+01 -5.500000000000000000e+01 3.543629665866835143e+00
-5.800000000000000000e+01 -5.400000000000000000e+01 3.470519526648187192e+00
-5.800000000000000000e+01 -5.300000000000000000e+01 3.726797947521618415e+00
-5.800000000000000000e+01 -5.200000000000000000e+01 4.062242959703213252e+00
-5.800000000000000000e+01 -5.100000000000000000e+01 4.291842295934586993e+00
-5.800000000000000000e+01 -5.000000000000000000e+01 4.424222163114991169e+00
-5.800000000000000000e+01 -4.900000000000000000e+01 4.445806488858609740e+00
-5.800000000000000000e+01 -4.800000000000000000e+01 4.554738953981475547e+00
-5.800000000000000000e+01 -4.700000000000000000e+01 4.754627693731218407e+00
-5.800000000000000000e+01 -4.600000000000000000e+01 5.061912674659565958e+00
-5.800000000000000000e+01 -4.500000000000000000e+01 5.292157762315909508e+00
-5.800000000000000000e+01 -4.400000000000000000e+01 5.548686045983393100e+00
-5.800000000000000000e+01 -4.300000000000000000e+01 5.683783591124191403e+00
-5.800000000000000000e+01 -4.200000000000000000e+01 5.671111280549452793e+00
-5.800000000000000000e+01 -4.100000000000000000e+01 5.751394260976057993e+00
-5.800000000000000000e+01 -4.000000000000000000e+01 nan
-5.800000000000000000e+01 -3.900000000000000000e+01 nan
-5.800000000000000000e+01 -3.800000000000000000e+01 nan
-5.800000000000000000e+01 -3.700000000000000000e+01 nan
-5.800000000000000000e+01 -3.600000000000000000e+01 nan
-5.800000000000000000e+01 -3.500000000000000000e+01 nan
-5.800000000000000000e+01 -3.400000000000000000e+01 nan
-5.800000000000000000e+01 -3.300000000000000000e+01 nan
-5.800000000000000000e+01 -3.200000000000000000e+01 nan
-5.800000000000000000e+01 -3.100000000000000000e+01 nan
-5.800000000000000000e+01 -3.000000000000000000e+01 nan
-5.800000000000000000e+01 -2.900000000000000000e+01 nan
-5.700000000000000000e+01 -5.600000000000000000e+01 3.673385389815800650e+00
-5.700000000000000000e+01 -5.500000000000000000e+01 3.543629665866835143e+00
-5.700000000000000000e+01 -5.400000000000000000e+01 3.470519526648187192e+00
-5.700000000000000000e+01 -5.300000000000000000e+01 3.726797947521618415e+00
-5.700000000000000000e+01 -5.200000000000000000e+01 4.062242959703213252e+00
-5.700000000000000000e+01 -5.100000000000000000e+01 4.293171635158383737e+00
-5.700000000000000000e+01 -5.000000000000000000e+01 4.419000221458826871e+00
-5.700000000000000000e+01 -4.900000000000000000e+01 4.446717168641745488e+00
-5.700000000000000000e+01 -4.800000000000000000e+01 4.589468524554925821e+00
-5.700000000000000000e+01 -4.700000000000000000e+01 4.776110336250027011e+00
-5.700000000000000000e+01 -4.600000000000000000e+01 5.062465640352928453e+00
-5.700000000000000000e+01 -4.500000000000000000e+01 5.308482233996633326e+00
-5.700000000000000000e+01 -4.400000000000000000e+01 5.558368587009891115e+00
-5.700000000000000000e+01 -4.300000000000000000e+01 5.661323943994910124e+00
-5.700000000000000000e+01 -4.200000000000000000e+01 5.687248775042533566e+00
-5.700000000000000000e+01 -4.100000000000000000e+01 6.019252038068428234e+00
-5.700000000000000000e+01 -4.000000000000000000e+01 6.053002236051653995e+00
-5.700000000000000000e+01 -3.900000000000000000e+01 5.966713662606447421e+00
-5.700000000000000000e+01 -3.800000000000000000e+01 5.778523817949172248e+00
-5.700000000000000000e+01 -3.700000000000000000e+01 5.742042628611833344e+00
-5.700000000000000000e+01 -3.600000000000000000e+01 5.790404604988029114e+00
-5.700000000000000000e+01 -3.500000000000000000e+01 5.807980664123904901e+00
-5.700000000000000000e+01 -3.400000000000000000e+01 5.802843585245841318e+00
-5.700000000000000000e+01 -3.300000000000000000e+01 5.934892645530818633e+00
-5.700000000000000000e+01 -3.200000000000000000e+01 5.920056233531708401e+00
-5.700000000000000000e+01 -3.100000000000000000e+01 5.897598744546917793e+00
-5.700000000000000000e+01 -3.000000000000000000e+01 5.870844364525084735e+00
-5.700000000000000000e+01 -2.900000000000000000e+01 nan
-5.600000000000000000e+01 -5.600000000000000000e+01 nan
-5.600000000000000000e+01 -5.500000000000000000e+01 nan
-5.600000000000000000e+01 -5.400000000000000000e+01 nan
-5.600000000000000000e+01 -5.300000000000000000e+01 nan
-5.600000000000000000e+01 -5.200000000000000000e+01 nan
-5.600000000000000000e+01 -5.100000000000000000e+01 nan
-5.600000000000000000e+01 -5.000000000000000000e+01 4.391171166931088443e+00
-5.600000000000000000e+01 -4.900000000000000000e+01 4.450593973839931827e+00
-5.600000000000000000e+01 -4.800000000000000000e+01 4.642567916376503234e+00
-5.600000000000000000e+01 -4.700000000000000000e+01 4.806613707400206437e+00
-5.600000000000000000e+01 -4.600000000000000000e+01 5.064163007464030031e+00
-5.600000000000000000e+01 -4.500000000000000000e+01 5.317726288012853963e+00
-5.600000000000000000e+01 -4.400000000000000000e+01 5.562548279489304193e+00
-5.600000000000000000e+01 -4.300000000000000000e+01 5.658969789219431057e+00
-5.600000000000000000e+01 -4.200000000000000000e+01 5.687955086861644638e+00
-5.600000000000000000e+01 -4.100000000000000000e+01 6.020992774480367515e+00
-5.600000000000000000e+01 -4.000000000000000000e+01 6.052899562940864620e+00
-5.600000000000000000e+01 -3.900000000000000000e+01 5.966713662606447421e+00
-5.600000000000000000e+01 -3.800000000000000000e+01 5.778523817949172248e+00
-5.600000000000000000e+01 -3.700000000000000000e+01 5.742042628611833344e+00
-5.600000000000000000e+01 -3.600000000000000000e+01 5.790404604988029114e+00
-5.600000000000000000e+01 -3.500000000000000000e+01 5.807980664123904901e+00
-5.600000000000000000e+01 -3.400000000000000000e+01 5.802843585245841318e+00
-5.600000000000000000e+01 -3.300000000000000000e+01 5.934892645530818633e+00
-5.600000000000000000e+01 -3.200000000000000000e+01 5.920056233531708401e+00
-5.600000000000000000e+01 -3.100000000000000000e+01 5.897598744546917793e+00
-5.600000000000000000e+01 -3.000000000000000000e+01 5.870844364525084735e+00
-5.600000000000000000e+01 -2.900000000000000000e+01 nan
