Longitude[deg], Latitude[deg], Dust optical depth
-9.900000000000000000e+01 -8.200000000000000000e+01 nan
-9.900000000000000000e+01 -8.100000000000000000e+01 nan
-9.900000000000000000e+01 -8.000000000000000000e+01 nan
-9.900000000000000000e+01 -7.900000000000000000e+01 nan
-9.900000000000000000e+01 -7.800000000000000000e+01 nan
-9.900000000000000000e+01 -7.700000000000000000e+01 nan
-9.900000000000000000e+01 -7.600000000000000000e+01 nan
-9.900000000000000000e+01 -7.500000000000000000e+01 nan
-9.900000000000000000e+01 -7.400000000000000000e+01 nan
-9.900000000000000000e+01 -7.300000000000000000e+01 nan
-9.900000000000000000e+01 -7.200000000000000000e+01 nan
-9.900000000000000000e+01 -7.100000000000000000e+01 nan
-9.900000000000000000e+01 -7.000000000000000000e+01 nan
-9.900000000000000000e+01 -6.900000000000000000e+01 nan
-9.900000000000000000e+01 -6.800000000000000000e+01 nan
-9.900000000000000000e+01 -6.700000000000000000e+01 nan
-9.900000000000000000e+01 -6.600000000000000000e+01 nan
-9.900000000000000000e+01 -6.500000000000000000e+01 nan
-9.900000000000000000e+01 -6.400000000000000000e+01 nan
-9.900000000000000000e+01 -6.300000000000000000e+01 nan
-9.900000000000000000e+01 -6.200000000000000000e+01 nan
-9.900000000000000000e+01 -6.100000000000000000e+01 nan
-9.900000000000000000e+01 -6.000000000000000000e+01 nan
-9.900000000000000000e+01 -5.900000000000000000e+01 nan
-9.900000000000000000e+01 -5.800000000000000000e+01 nan
-9.900000000000000000e+01 -5.700000000000000000e+01 nan
-9.900000000000000000e+01 -5.600000000000000000e+01 nan
-9.900000000000000000e+01 -5.500000000000000000e+01 nan
-9.900000000000000000e+01 -5.400000000000000000e+01 nan
-9.900000000000000000e+01 -5.300000000000000000e+01 nan
-9.900000000000000000e+01 -5.200000000000000000e+01 nan
-9.900000000000000000e+01 -5.100000000000000000e+01 nan
-9.900000000000000000e+01 -5.000000000000000000e+01 nan
-9.900000000000000000e+01 -4.900000000000000000e+01 nan
-9.900000000000000000e+01 -4.800000000000000000e+01 nan
-9.900000000000000000e+01 -4.700000000000000000e+01 nan
-9.900000000000000000e+01 -4.600000000000000000e+01 nan
-9.900000000000000000e+01 -4.500000000000000000e+01 nan
-9.900000000000000000e+01 -4.400000000000000000e+01 nan
-9.900000000000000000e+01 -4.300000000000000000e+01 nan
-9.900000000000000000e+01 -4.200000000000000000e+01 nan
-9.900000000000000000e+01 -4.100000000000000000e+01 nan
-9.900000000000000000e+01 -4.000000000000000000e+01 nan
-9.900000000000000000e+01 -3.900000000000000000e+01 nan
-9.900000000000000000e+01 -3.800000000000000000e+01 nan
-9.900000000000000000e+01 -3.700000000000000000e+01 nan
-9.900000000000000000e+01 -3.600000000000000000e+01 nan
-9.800000000000000000e+01 -8.200000000000000000e+01 nan
-9.800000000000000000e+01 -8.100000000000000000e+01 nan
-9.800000000000000000e+01 -8.000000000000000000e+01 nan
-9.800000000000000000e+01 -7.900000000000000000e+01 nan
-9.800000000000000000e+01 -7.800000000000000000e+01 nan
-9.800000000000000000e+01 -7.700000000000000000e+01 nan
-9.800000000000000000e+01 -7.600000000000000000e+01 nan
-9.800000000000000000e+01 -7.500000000000000000e+01 nan
-9.800000000000000000e+01 -7.400000000000000000e+01 nan
-9.800000000000000000e+01 -7.300000000000000000e+01 nan
-9.800000000000000000e+01 -7.200000000000000000e+01 nan
-9.800000000000000000e+01 -7.100000000000000000e+01 nan
-9.800000000000000000e+01 -7.000000000000000000e+01 nan
-9.800000000000000000e+01 -6.900000000000000000e+01 nan
-9.800000000000000000e+01 -6.800000000000000000e+01 nan
-9.800000000000000000e+01 -6.700000000000000000e+01 nan
-9.800000000000000000e+01 -6.600000000000000000e+01 nan
-9.800000000000000000e+01 -6.500000000000000000e+01 nan
-9.800000000000000000e+01 -6.400000000000000000e+01 nan
-9.800000000000000000e+01 -6.300000000000000000e+01 nan
-9.800000000000000000e+01 -6.200000000000000000e+01 nan
-9.800000000000000000e+01 -6.100000000000000000e+01 nan
-9.800000000000000000e+01 -6.000000000000000000e+01 nan
-9.800000000000000000e+01 -5.900000000000000000e+01 nan
-9.800000000000000000e+01 -5.800000000000000000e+01 nan
-9.800000000000000000e+01 -5.700000000000000000e+01 nan
-9.800000000000000000e+01 -5.600000000000000000e+01 nan
-9.800000000000000000e+01 -5.500000000000000000e+01 nan
-9.800000000000000000e+01 -5.400000000000000000e+01 nan
-9.800000000000000000e+01 -5.300000000000000000e+01 nan
-9.800000000000000000e+01 -5.200000000000000000e+01 nan
-9.800000000000000000e+01 -5.100000000000000000e+01 nan
-9.800000000000000000e+01 -5.000000000000000000e+01 nan
-9.800000000000000000e+01 -4.900000000000000000e+01 nan
-9.800000000000000000e+01 -4.800000000000000000e+01 nan
-9.800000000000000000e+01 -4.700000000000000000e+01 nan
-9.800000000000000000e+01 -4.600000000000000000e+01 nan
-9.800000000000000000e+01 -4.500000000000000000e+01 nan
-9.800000000000000000e+01 -4.400000000000000000e+01 nan
-9.800000000000000000e+01 -4.300000000000000000e+01 nan
-9.800000000000000000e+01 -4.200000000000000000e+01 nan
-9.800000000000000000e+01 -4.100000000000000000e+01 nan
-9.800000000000000000e+01 -4.000000000000000000e+01 nan
-9.800000000000000000e+01 -3.900000000000000000e+01 nan
-9.800000000000000000e+01 -3.800000000000000000e+01 nan
-9.800000000000000000e+01 -3.700000000000000000e+01 nan
-9.800000000000000000e+01 -3.600000000000000000e+01 nan
-9.700000000000000000e+01 -8.200000000000000000e+01 nan
-9.700000000000000000e+01 -8.100000000000000000e+01 nan
-9.700000000000000000e+01 -8.000000000000000000e+01 nan
-9.700000000000000000e+01 -7.900000000000000000e+01 nan
-9.700000000000000000e+01 -7.800000000000000000e+01 nan
-9.700000000000000000e+01 -7.700000000000000000e+01 nan
-9.700000000000000000e+01 -7.600000000000000000e+01 nan
-9.700000000000000000e+01 -7.500000000000000000e+01 nan
-9.700000000000000000e+01 -7.400000000000000000e+01 nan
-9.700000000000000000e+01 -7.300000000000000000e+01 nan
-9.700000000000000000e+01 -7.200000000000000000e+01 nan
-9.700000000000000000e+01 -7.100000000000000000e+01 nan
-9.700000000000000000e+01 -7.000000000000000000e+01 nan
-9.700000000000000000e+01 -6.900000000000000000e+01 nan
-9.700000000000000000e+01 -6.800000000000000000e+01 nan
-9.700000000000000000e+01 -6.700000000000000000e+01 nan
-9.700000000000000000e+01 -6.600000000000000000e+01 nan
-9.700000000000000000e+01 -6.500000000000000000e+01 nan
-9.700000000000000000e+01 -6.400000000000000000e+01 nan
-9.700000000000000000e+01 -6.300000000000000000e+01 nan
-9.700000000000000000e+01 -6.200000000000000000e+01 nan
-9.700000000000000000e+01 -6.100000000000000000e+01 nan
-9.700000000000000000e+01 -6.000000000000000000e+01 nan
-9.700000000000000000e+01 -5.900000000000000000e+01 nan
-9.700000000000000000e+01 -5.800000000000000000e+01 nan
-9.700000000000000000e+01 -5.700000000000000000e+01 nan
-9.700000000000000000e+01 -5.600000000000000000e+01 nan
-9.700000000000000000e+01 -5.500000000000000000e+01 nan
-9.700000000000000000e+01 -5.400000000000000000e+01 nan
-9.700000000000000000e+01 -5.300000000000000000e+01 nan
-9.700000000000000000e+01 -5.200000000000000000e+01 nan
-9.700000000000000000e+01 -5.100000000000000000e+01 nan
-9.700000000000000000e+01 -5.000000000000000000e+01 nan
-9.700000000000000000e+01 -4.900000000000000000e+01 nan
-9.700000000000000000e+01 -4.800000000000000000e+01 nan
-9.700000000000000000e+01 -4.700000000000000000e+01 nan
-9.700000000000000000e+01 -4.600000000000000000e+01 nan
-9.700000000000000000e+01 -4.500000000000000000e+01 nan
-9.700000000000000000e+01 -4.400000000000000000e+01 nan
-9.700000000000000000e+01 -4.300000000000000000e+01 nan
-9.700000000000000000e+01 -4.200000000000000000e+01 nan
-9.700000000000000000e+01 -4.100000000000000000e+01 nan
-9.700000000000000000e+01 -4.000000000000000000e+01 nan
-9.700000000000000000e+01 -3.900000000000000000e+01 nan
-9.700000000000000000e+01 -3.800000000000000000e+01 nan
-9.700000000000000000e+01 -3.700000000000000000e+01 nan
-9.700000000000000000e+01 -3.600000000000000000e+01 nan
-9.600000000000000000e+01 -8.200000000000000000e+01 nan
-9.600000000000000000e+01 -8.100000000000000000e+01 nan
-9.600000000000000000e+01 -8.000000000000000000e+01 nan
-9.600000000000000000e+01 -7.900000000000000000e+01 nan
-9.600000000000000000e+01 -7.800000000000000000e+01 nan
-9.600000000000000000e+01 -7.700000000000000000e+01 nan
-9.600000000000000000e+01 -7.600000000000000000e+01 nan
-9.600000000000000000e+01 -7.500000000000000000e+01 nan
-9.600000000000000000e+01 -7.400000000000000000e+01 nan
-9.600000000000000000e+01 -7.300000000000000000e+01 nan
-9.600000000000000000e+01 -7.200000000000000000e+01 nan
-9.600000000000000000e+01 -7.100000000000000000e+01 nan
-9.600000000000000000e+01 -7.000000000000000000e+01 nan
-9.600000000000000000e+01 -6.900000000000000000e+01 nan
-9.600000000000000000e+01 -6.800000000000000000e+01 nan
-9.600000000000000000e+01 -6.700000000000000000e+01 nan
-9.600000000000000000e+01 -6.600000000000000000e+01 nan
-9.600000000000000000e+01 -6.500000000000000000e+01 nan
-9.600000000000000000e+01 -6.400000000000000000e+01 nan
-9.600000000000000000e+01 -6.300000000000000000e+01 nan
-9.600000000000000000e+01 -6.200000000000000000e+01 nan
-9.600000000000000000e+01 -6.100000000000000000e+01 nan
-9.600000000000000000e+01 -6.000000000000000000e+01 nan
-9.600000000000000000e+01 -5.900000000000000000e+01 nan
-9.600000000000000000e+01 -5.800000000000000000e+01 nan
-9.600000000000000000e+01 -5.700000000000000000e+01 nan
-9.600000000000000000e+01 -5.600000000000000000e+01 nan
-9.600000000000000000e+01 -5.500000000000000000e+01 nan
-9.600000000000000000e+01 -5.400000000000000000e+01 nan
-9.600000000000000000e+01 -5.300000000000000000e+01 nan
-9.600000000000000000e+01 -5.200000000000000000e+01 nan
-9.600000000000000000e+01 -5.100000000000000000e+01 nan
-9.600000000000000000e+01 -5.000000000000000000e+01 nan
-9.600000000000000000e+01 -4.900000000000000000e+01 nan
-9.600000000000000000e+01 -4.800000000000000000e+01 nan
-9.600000000000000000e+01 -4.700000000000000000e+01 nan
-9.600000000000000000e+01 -4.600000000000000000e+01 nan
-9.600000000000000000e+01 -4.500000000000000000e+01 nan
-9.600000000000000000e+01 -4.400000000000000000e+01 nan
-9.600000000000000000e+01 -4.300000000000000000e+01 nan
-9.600000000000000000e+01 -4.200000000000000000e+01 nan
-9.600000000000000000e+01 -4.100000000000000000e+01 nan
-9.600000000000000000e+01 -4.000000000000000000e+01 nan
-9.600000000000000000e+01 -3.900000000000000000e+01 nan
-9.600000000000000000e+01 -3.800000000000000000e+01 nan
-9.600000000000000000e+01 -3.700000000000000000e+01 nan
-9.600000000000000000e+01 -3.600000000000000000e+01 nan
-9.500000000000000000e+01 -8.200000000000000000e+01 nan
-9.500000000000000000e+01 -8.100000000000000000e+01 nan
-9.500000000000000000e+01 -8.000000000000000000e+01 nan
-9.500000000000000000e+01 -7.900000000000000000e+01 nan
-9.500000000000000000e+01 -7.800000000000000000e+01 nan
-9.500000000000000000e+01 -7.700000000000000000e+01 nan
-9.500000000000000000e+01 -7.600000000000000000e+01 nan
-9.500000000000000000e+01 -7.500000000000000000e+01 nan
-9.500000000000000000e+01 -7.400000000000000000e+01 nan
-9.500000000000000000e+01 -7.300000000000000000e+01 nan
-9.500000000000000000e+01 -7.200000000000000000e+01 nan
-9.500000000000000000e+01 -7.100000000000000000e+01 nan
-9.500000000000000000e+01 -7.000000000000000000e+01 nan
-9.500000000000000000e+01 -6.900000000000000000e+01 nan
-9.500000000000000000e+01 -6.800000000000000000e+01 nan
-9.500000000000000000e+01 -6.700000000000000000e+01 nan
-9.500000000000000000e+01 -6.600000000000000000e+01 nan
-9.500000000000000000e+01 -6.500000000000000000e+01 nan
-9.500000000000000000e+01 -6.400000000000000000e+01 nan
-9.500000000000000000e+01 -6.300000000000000000e+01 nan
-9.500000000000000000e+01 -6.200000000000000000e+01 nan
-9.500000000000000000e+01 -6.100000000000000000e+01 nan
-9.500000000000000000e+01 -6.000000000000000000e+01 nan
-9.500000000000000000e+01 -5.900000000000000000e+01 nan
-9.500000000000000000e+01 -5.800000000000000000e+01 nan
-9.500000000000000000e+01 -5.700000000000000000e+01 nan
-9.500000000000000000e+01 -5.600000000000000000e+01 nan
-9.500000000000000000e+01 -5.500000000000000000e+01 nan
-9.500000000000000000e+01 -5.400000000000000000e+01 nan
-9.500000000000000000e+01 -5.300000000000000000e+01 nan
-9.500000000000000000e+01 -5.200000000000000000e+01 nan
-9.500000000000000000e+01 -5.100000000000000000e+01 nan
-9.500000000000000000e+01 -5.000000000000000000e+01 nan
-9.500000000000000000e+01 -4.900000000000000000e+01 nan
-9.500000000000000000e+01 -4.800000000000000000e+01 nan
-9.500000000000000000e+01 -4.700000000000000000e+01 nan
-9.500000000000000000e+01 -4.600000000000000000e+01 nan
-9.500000000000000000e+01 -4.500000000000000000e+01 nan
-9.500000000000000000e+01 -4.400000000000000000e+01 nan
-9.500000000000000000e+01 -4.300000000000000000e+01 nan
-9.500000000000000000e+01 -4.200000000000000000e+01 nan
-9.500000000000000000e+01 -4.100000000000000000e+01 nan
-9.500000000000000000e+01 -4.000000000000000000e+01 nan
-9.500000000000000000e+01 -3.900000000000000000e+01 nan
-9.500000000000000000e+01 -3.800000000000000000e+01 nan
-9.500000000000000000e+01 -3.700000000000000000e+01 nan
-9.500000000000000000e+01 -3.600000000000000000e+01 nan
-9.400000000000000000e+01 -8.200000000000000000e+01 nan
-9.400000000000000000e+01 -8.100000000000000000e+01 nan
-9.400000000000000000e+01 -8.000000000000000000e+01 nan
-9.400000000000000000e+01 -7.900000000000000000e+01 nan
-9.400000000000000000e+01 -7.800000000000000000e+01 nan
-9.400000000000000000e+01 -7.700000000000000000e+01 nan
-9.400000000000000000e+01 -7.600000000000000000e+01 nan
-9.400000000000000000e+01 -7.500000000000000000e+01 nan
-9.400000000000000000e+01 -7.400000000000000000e+01 nan
-9.400000000000000000e+01 -7.300000000000000000e+01 nan
-9.400000000000000000e+01 -7.200000000000000000e+01 nan
-9.400000000000000000e+01 -7.100000000000000000e+01 nan
-9.400000000000000000e+01 -7.000000000000000000e+01 nan
-9.400000000000000000e+01 -6.900000000000000000e+01 nan
-9.400000000000000000e+01 -6.800000000000000000e+01 nan
-9.400000000000000000e+01 -6.700000000000000000e+01 nan
-9.400000000000000000e+01 -6.600000000000000000e+01 nan
-9.400000000000000000e+01 -6.500000000000000000e+01 nan
-9.400000000000000000e+01 -6.400000000000000000e+01 nan
-9.400000000000000000e+01 -6.300000000000000000e+01 nan
-9.400000000000000000e+01 -6.200000000000000000e+01 nan
-9.400000000000000000e+01 -6.100000000000000000e+01 nan
-9.400000000000000000e+01 -6.000000000000000000e+01 nan
-9.400000000000000000e+01 -5.900000000000000000e+01 nan
-9.400000000000000000e+01 -5.800000000000000000e+01 nan
-9.400000000000000000e+01 -5.700000000000000000e+01 nan
-9.400000000000000000e+01 -5.600000000000000000e+01 nan
-9.400000000000000000e+01 -5.500000000000000000e+01 nan
-9.400000000000000000e+01 -5.400000000000000000e+01 nan
-9.400000000000000000e+01 -5.300000000000000000e+01 nan
-9.400000000000000000e+01 -5.200000000000000000e+01 nan
-9.400000000000000000e+01 -5.100000000000000000e+01 nan
-9.400000000000000000e+01 -5.000000000000000000e+01 nan
-9.400000000000000000e+01 -4.900000000000000000e+01 nan
-9.400000000000000000e+01 -4.800000000000000000e+01 nan
-9.400000000000000000e+01 -4.700000000000000000e+01 nan
-9.400000000000000000e+01 -4.600000000000000000e+01 nan
-9.400000000000000000e+01 -4.500000000000000000e+01 nan
-9.400000000000000000e+01 -4.400000000000000000e+01 nan
-9.400000000000000000e+01 -4.300000000000000000e+01 nan
-9.400000000000000000e+01 -4.200000000000000000e+01 nan
-9.400000000000000000e+01 -4.100000000000000000e+01 nan
-9.400000000000000000e+01 -4.000000000000000000e+01 nan
-9.400000000000000000e+01 -3.900000000000000000e+01 nan
-9.400000000000000000e+01 -3.800000000000000000e+01 nan
-9.400000000000000000e+01 -3.700000000000000000e+01 nan
-9.400000000000000000e+01 -3.600000000000000000e+01 nan
-9.300000000000000000e+01 -8.200000000000000000e+01 nan
-9.300000000000000000e+01 -8.100000000000000000e+01 nan
-9.300000000000000000e+01 -8.000000000000000000e+01 nan
-9.300000000000000000e+01 -7.900000000000000000e+01 nan
-9.300000000000000000e+01 -7.800000000000000000e+01 nan
-9.300000000000000000e+01 -7.700000000000000000e+01 nan
-9.300000000000000000e+01 -7.600000000000000000e+01 nan
-9.300000000000000000e+01 -7.500000000000000000e+01 nan
-9.300000000000000000e+01 -7.400000000000000000e+01 nan
-9.300000000000000000e+01 -7.300000000000000000e+01 nan
-9.300000000000000000e+01 -7.200000000000000000e+01 nan
-9.300000000000000000e+01 -7.100000000000000000e+01 nan
-9.300000000000000000e+01 -7.000000000000000000e+01 nan
-9.300000000000000000e+01 -6.900000000000000000e+01 nan
-9.300000000000000000e+01 -6.800000000000000000e+01 nan
-9.300000000000000000e+01 -6.700000000000000000e+01 nan
-9.300000000000000000e+01 -6.600000000000000000e+01 nan
-9.300000000000000000e+01 -6.500000000000000000e+01 nan
-9.300000000000000000e+01 -6.400000000000000000e+01 nan
-9.300000000000000000e+01 -6.300000000000000000e+01 nan
-9.300000000000000000e+01 -6.200000000000000000e+01 nan
-9.300000000000000000e+01 -6.100000000000000000e+01 nan
-9.300000000000000000e+01 -6.000000000000000000e+01 nan
-9.300000000000000000e+01 -5.900000000000000000e+01 nan
-9.300000000000000000e+01 -5.800000000000000000e+01 nan
-9.300000000000000000e+01 -5.700000000000000000e+01 nan
-9.300000000000000000e+01 -5.600000000000000000e+01 nan
-9.300000000000000000e+01 -5.500000000000000000e+01 nan
-9.300000000000000000e+01 -5.400000000000000000e+01 nan
-9.300000000000000000e+01 -5.300000000000000000e+01 nan
-9.300000000000000000e+01 -5.200000000000000000e+01 nan
-9.300000000000000000e+01 -5.100000000000000000e+01 nan
-9.300000000000000000e+01 -5.000000000000000000e+01 nan
-9.300000000000000000e+01 -4.900000000000000000e+01 nan
-9.300000000000000000e+01 -4.800000000000000000e+01 nan
-9.300000000000000000e+01 -4.700000000000000000e+01 nan
-9.300000000000000000e+01 -4.600000000000000000e+01 nan
-9.300000000000000000e+01 -4.500000000000000000e+01 nan
-9.300000000000000000e+01 -4.400000000000000000e+01 nan
-9.300000000000000000e+01 -4.300000000000000000e+01 nan
-9.300000000000000000e+01 -4.200000000000000000e+01 nan
-9.300000000000000000e+01 -4.100000000000000000e+01 nan
-9.300000000000000000e+01 -4.000000000000000000e+01 nan
-9.300000000000000000e+01 -3.900000000000000000e+01 nan
-9.300000000000000000e+01 -3.800000000000000000e+01 nan
-9.300000000000000000e+01 -3.700000000000000000e+01 nan
-9.300000000000000000e+01 -3.600000000000000000e+01 nan
-9.200000000000000000e+01 -8.200000000000000000e+01 nan
-9.200000000000000000e+01 -8.100000000000000000e+01 nan
-9.200000000000000000e+01 -8.000000000000000000e+01 nan
-9.200000000000000000e+01 -7.900000000000000000e+01 nan
-9.200000000000000000e+01 -7.800000000000000000e+01 nan
-9.200000000000000000e+01 -7.700000000000000000e+01 nan
-9.200000000000000000e+01 -7.600000000000000000e+01 nan
-9.200000000000000000e+01 -7.500000000000000000e+01 nan
-9.200000000000000000e+01 -7.400000000000000000e+01 nan
-9.200000000000000000e+01 -7.300000000000000000e+01 nan
-9.200000000000000000e+01 -7.200000000000000000e+01 nan
-9.200000000000000000e+01 -7.100000000000000000e+01 nan
-9.200000000000000000e+01 -7.000000000000000000e+01 nan
-9.200000000000000000e+01 -6.900000000000000000e+01 nan
-9.200000000000000000e+01 -6.800000000000000000e+01 nan
-9.200000000000000000e+01 -6.700000000000000000e+01 nan
-9.200000000000000000e+01 -6.600000000000000000e+01 nan
-9.200000000000000000e+01 -6.500000000000000000e+01 nan
-9.200000000000000000e+01 -6.400000000000000000e+01 nan
-9.200000000000000000e+01 -6.300000000000000000e+01 nan
-9.200000000000000000e+01 -6.200000000000000000e+01 nan
-9.200000000000000000e+01 -6.100000000000000000e+01 nan
-9.200000000000000000e+01 -6.000000000000000000e+01 nan
-9.200000000000000000e+01 -5.900000000000000000e+01 nan
-9.200000000000000000e+01 -5.800000000000000000e+01 nan
-9.200000000000000000e+01 -5.700000000000000000e+01 nan
-9.200000000000000000e+01 -5.600000000000000000e+01 nan
-9.200000000000000000e+01 -5.500000000000000000e+01 nan
-9.200000000000000000e+01 -5.400000000000000000e+01 nan
-9.200000000000000000e+01 -5.300000000000000000e+01 nan
-9.200000000000000000e+01 -5.200000000000000000e+01 nan
-9.200000000000000000e+01 -5.100000000000000000e+01 nan
-9.200000000000000000e+01 -5.000000000000000000e+01 nan
-9.200000000000000000e+01 -4.900000000000000000e+01 nan
-9.200000000000000000e+01 -4.800000000000000000e+01 nan
-9.200000000000000000e+01 -4.700000000000000000e+01 nan
-9.200000000000000000e+01 -4.600000000000000000e+01 nan
-9.200000000000000000e+01 -4.500000000000000000e+01 nan
-9.200000000000000000e+01 -4.400000000000000000e+01 nan
-9.200000000000000000e+01 -4.300000000000000000e+01 nan
-9.200000000000000000e+01 -4.200000000000000000e+01 nan
-9.200000000000000000e+01 -4.100000000000000000e+01 nan
-9.200000000000000000e+01 -4.000000000000000000e+01 nan
-9.200000000000000000e+01 -3.900000000000000000e+01 nan
-9.200000000000000000e+01 -3.800000000000000000e+01 nan
-9.200000000000000000e+01 -3.700000000000000000e+01 nan
-9.200000000000000000e+01 -3.600000000000000000e+01 nan
-9.100000000000000000e+01 -8.200000000000000000e+01 nan
-9.100000000000000000e+01 -8.100000000000000000e+01 nan
-9.100000000000000000e+01 -8.000000000000000000e+01 nan
-9.100000000000000000e+01 -7.900000000000000000e+01 nan
-9.100000000000000000e+01 -7.800000000000000000e+01 nan
-9.100000000000000000e+01 -7.700000000000000000e+01 nan
-9.100000000000000000e+01 -7.600000000000000000e+01 nan
-9.100000000000000000e+01 -7.500000000000000000e+01 nan
-9.100000000000000000e+01 -7.400000000000000000e+01 nan
-9.100000000000000000e+01 -7.300000000000000000e+01 nan
-9.100000000000000000e+01 -7.200000000000000000e+01 nan
-9.100000000000000000e+01 -7.100000000000000000e+01 nan
-9.100000000000000000e+01 -7.000000000000000000e+01 nan
-9.100000000000000000e+01 -6.900000000000000000e+01 nan
-9.100000000000000000e+01 -6.800000000000000000e+01 nan
-9.100000000000000000e+01 -6.700000000000000000e+01 nan
-9.100000000000000000e+01 -6.600000000000000000e+01 nan
-9.100000000000000000e+01 -6.500000000000000000e+01 nan
-9.100000000000000000e+01 -6.400000000000000000e+01 nan
-9.100000000000000000e+01 -6.300000000000000000e+01 nan
-9.100000000000000000e+01 -6.200000000000000000e+01 nan
-9.100000000000000000e+01 -6.100000000000000000e+01 nan
-9.100000000000000000e+01 -6.000000000000000000e+01 nan
-9.100000000000000000e+01 -5.900000000000000000e+01 nan
-9.100000000000000000e+01 -5.800000000000000000e+01 nan
-9.100000000000000000e+01 -5.700000000000000000e+01 nan
-9.100000000000000000e+01 -5.600000000000000000e+01 nan
-9.100000000000000000e+01 -5.500000000000000000e+01 nan
-9.100000000000000000e+01 -5.400000000000000000e+01 nan
-9.100000000000000000e+01 -5.300000000000000000e+01 nan
-9.100000000000000000e+01 -5.200000000000000000e+01 nan
-9.100000000000000000e+01 -5.100000000000000000e+01 nan
-9.100000000000000000e+01 -5.000000000000000000e+01 nan
-9.100000000000000000e+01 -4.900000000000000000e+01 nan
-9.100000000000000000e+01 -4.800000000000000000e+01 nan
-9.100000000000000000e+01 -4.700000000000000000e+01 nan
-9.100000000000000000e+01 -4.600000000000000000e+01 nan
-9.100000000000000000e+01 -4.500000000000000000e+01 nan
-9.100000000000000000e+01 -4.400000000000000000e+01 nan
-9.100000000000000000e+01 -4.300000000000000000e+01 nan
-9.100000000000000000e+01 -4.200000000000000000e+01 nan
-9.100000000000000000e+01 -4.100000000000000000e+01 nan
-9.100000000000000000e+01 -4.000000000000000000e+01 nan
-9.100000000000000000e+01 -3.900000000000000000e+01 nan
-9.100000000000000000e+01 -3.800000000000000000e+01 nan
-9.100000000000000000e+01 -3.700000000000000000e+01 nan
-9.100000000000000000e+01 -3.600000000000000000e+01 nan
-9.000000000000000000e+01 -8.200000000000000000e+01 nan
-9.000000000000000000e+01 -8.100000000000000000e+01 nan
-9.000000000000000000e+01 -8.000000000000000000e+01 nan
-9.000000000000000000e+01 -7.900000000000000000e+01 nan
-9.000000000000000000e+01 -7.800000000000000000e+01 nan
-9.000000000000000000e+01 -7.700000000000000000e+01 nan
-9.000000000000000000e+01 -7.600000000000000000e+01 nan
-9.000000000000000000e+01 -7.500000000000000000e+01 nan
-9.000000000000000000e+01 -7.400000000000000000e+01 nan
-9.000000000000000000e+01 -7.300000000000000000e+01 nan
-9.000000000000000000e+01 -7.200000000000000000e+01 nan
-9.000000000000000000e+01 -7.100000000000000000e+01 nan
-9.000000000000000000e+01 -7.000000000000000000e+01 nan
-9.000000000000000000e+01 -6.900000000000000000e+01 nan
-9.000000000000000000e+01 -6.800000000000000000e+01 nan
-9.000000000000000000e+01 -6.700000000000000000e+01 nan
-9.000000000000000000e+01 -6.600000000000000000e+01 nan
-9.000000000000000000e+01 -6.500000000000000000e+01 nan
-9.000000000000000000e+01 -6.400000000000000000e+01 nan
-9.000000000000000000e+01 -6.300000000000000000e+01 nan
-9.000000000000000000e+01 -6.200000000000000000e+01 nan
-9.000000000000000000e+01 -6.100000000000000000e+01 nan
-9.000000000000000000e+01 -6.000000000000000000e+01 nan
-9.000000000000000000e+01 -5.900000000000000000e+01 nan
-9.000000000000000000e+01 -5.800000000000000000e+01 nan
-9.000000000000000000e+01 -5.700000000000000000e+01 nan
-9.000000000000000000e+01 -5.600000000000000000e+01 nan
-9.000000000000000000e+01 -5.500000000000000000e+01 nan
-9.000000000000000000e+01 -5.400000000000000000e+01 nan
-9.000000000000000000e+01 -5.300000000000000000e+01 nan
-9.000000000000000000e+01 -5.200000000000000000e+01 nan
-9.000000000000000000e+01 -5.100000000000000000e+01 nan
-9.000000000000000000e+01 -5.000000000000000000e+01 nan
-9.000000000000000000e+01 -4.900000000000000000e+01 nan
-9.000000000000000000e+01 -4.800000000000000000e+01 nan
-9.000000000000000000e+01 -4.700000000000000000e+01 nan
-9.000000000000000000e+01 -4.600000000000000000e+01 nan
-9.000000000000000000e+01 -4.500000000000000000e+01 nan
-9.000000000000000000e+01 -4.400000000000000000e+01 nan
-9.000000000000000000e+01 -4.300000000000000000e+01 nan
-9.000000000000000000e+01 -4.200000000000000000e+01 nan
-9.000000000000000000e+01 -4.100000000000000000e+01 nan
-9.000000000000000000e+01 -4.000000000000000000e+01 nan
-9.000000000000000000e+01 -3.900000000000000000e+01 nan
-9.000000000000000000e+01 -3.800000000000000000e+01 nan
-9.000000000000000000e+01 -3.700000000000000000e+01 nan
-9.000000000000000000e+01 -3.600000000000000000e+01 nan
-8.900000000000000000e+01 -8.200000000000000000e+01 nan
-8.900000000000000000e+01 -8.100000000000000000e+01 nan
-8.900000000000000000e+01 -8.000000000000000000e+01 nan
-8.900000000000000000e+01 -7.900000000000000000e+01 nan
-8.900000000000000000e+01 -7.800000000000000000e+01 nan
-8.900000000000000000e+01 -7.700000000000000000e+01 nan
-8.900000000000000000e+01 -7.600000000000000000e+01 nan
-8.900000000000000000e+01 -7.500000000000000000e+01 nan
-8.900000000000000000e+01 -7.400000000000000000e+01 nan
-8.900000000000000000e+01 -7.300000000000000000e+01 nan
-8.900000000000000000e+01 -7.200000000000000000e+01 nan
-8.900000000000000000e+01 -7.100000000000000000e+01 nan
-8.900000000000000000e+01 -7.000000000000000000e+01 nan
-8.900000000000000000e+01 -6.900000000000000000e+01 nan
-8.900000000000000000e+01 -6.800000000000000000e+01 nan
-8.900000000000000000e+01 -6.700000000000000000e+01 nan
-8.900000000000000000e+01 -6.600000000000000000e+01 nan
-8.900000000000000000e+01 -6.500000000000000000e+01 nan
-8.900000000000000000e+01 -6.400000000000000000e+01 nan
-8.900000000000000000e+01 -6.300000000000000000e+01 nan
-8.900000000000000000e+01 -6.200000000000000000e+01 nan
-8.900000000000000000e+01 -6.100000000000000000e+01 nan
-8.900000000000000000e+01 -6.000000000000000000e+01 nan
-8.900000000000000000e+01 -5.900000000000000000e+01 nan
-8.900000000000000000e+01 -5.800000000000000000e+01 nan
-8.900000000000000000e+01 -5.700000000000000000e+01 nan
-8.900000000000000000e+01 -5.600000000000000000e+01 nan
-8.900000000000000000e+01 -5.500000000000000000e+01 nan
-8.900000000000000000e+01 -5.400000000000000000e+01 nan
-8.900000000000000000e+01 -5.300000000000000000e+01 nan
-8.900000000000000000e+01 -5.200000000000000000e+01 nan
-8.900000000000000000e+01 -5.100000000000000000e+01 nan
-8.900000000000000000e+01 -5.000000000000000000e+01 nan
-8.900000000000000000e+01 -4.900000000000000000e+01 nan
-8.900000000000000000e+01 -4.800000000000000000e+01 nan
-8.900000000000000000e+01 -4.700000000000000000e+01 nan
-8.900000000000000000e+01 -4.600000000000000000e+01 nan
-8.900000000000000000e+01 -4.500000000000000000e+01 nan
-8.900000000000000000e+01 -4.400000000000000000e+01 nan
-8.900000000000000000e+01 -4.300000000000000000e+01 nan
-8.900000000000000000e+01 -4.200000000000000000e+01 nan
-8.900000000000000000e+01 -4.100000000000000000e+01 nan
-8.900000000000000000e+01 -4.000000000000000000e+01 nan
-8.900000000000000000e+01 -3.900000000000000000e+01 nan
-8.900000000000000000e+01 -3.800000000000000000e+01 nan
-8.900000000000000000e+01 -3.700000000000000000e+01 nan
-8.900000000000000000e+01 -3.600000000000000000e+01 nan
-8.800000000000000000e+01 -8.200000000000000000e+01 nan
-8.800000000000000000e+01 -8.100000000000000000e+01 nan
-8.800000000000000000e+01 -8.000000000000000000e+01 nan
-8.800000000000000000e+01 -7.900000000000000000e+01 nan
-8.800000000000000000e+01 -7.800000000000000000e+01 nan
-8.800000000000000000e+01 -7.700000000000000000e+01 nan
-8.800000000000000000e+01 -7.600000000000000000e+01 nan
-8.800000000000000000e+01 -7.500000000000000000e+01 nan
-8.800000000000000000e+01 -7.400000000000000000e+01 nan
-8.800000000000000000e+01 -7.300000000000000000e+01 nan
-8.800000000000000000e+01 -7.200000000000000000e+01 nan
-8.800000000000000000e+01 -7.100000000000000000e+01 nan
-8.800000000000000000e+01 -7.000000000000000000e+01 nan
-8.800000000000000000e+01 -6.900000000000000000e+01 nan
-8.800000000000000000e+01 -6.800000000000000000e+01 nan
-8.800000000000000000e+01 -6.700000000000000000e+01 nan
-8.800000000000000000e+01 -6.600000000000000000e+01 nan
-8.800000000000000000e+01 -6.500000000000000000e+01 nan
-8.800000000000000000e+01 -6.400000000000000000e+01 nan
-8.800000000000000000e+01 -6.300000000000000000e+01 nan
-8.800000000000000000e+01 -6.200000000000000000e+01 nan
-8.800000000000000000e+01 -6.100000000000000000e+01 nan
-8.800000000000000000e+01 -6.000000000000000000e+01 nan
-8.800000000000000000e+01 -5.900000000000000000e+01 nan
-8.800000000000000000e+01 -5.800000000000000000e+01 nan
-8.800000000000000000e+01 -5.700000000000000000e+01 nan
-8.800000000000000000e+01 -5.600000000000000000e+01 nan
-8.800000000000000000e+01 -5.500000000000000000e+01 nan
-8.800000000000000000e+01 -5.400000000000000000e+01 nan
-8.800000000000000000e+01 -5.300000000000000000e+01 nan
-8.800000000000000000e+01 -5.200000000000000000e+01 nan
-8.800000000000000000e+01 -5.100000000000000000e+01 nan
-8.800000000000000000e+01 -5.000000000000000000e+01 nan
-8.800000000000000000e+01 -4.900000000000000000e+01 nan
-8.800000000000000000e+01 -4.800000000000000000e+01 nan
-8.800000000000000000e+01 -4.700000000000000000e+01 nan
-8.800000000000000000e+01 -4.600000000000000000e+01 nan
-8.800000000000000000e+01 -4.500000000000000000e+01 nan
-8.800000000000000000e+01 -4.400000000000000000e+01 nan
-8.800000000000000000e+01 -4.300000000000000000e+01 nan
-8.800000000000000000e+01 -4.200000000000000000e+01 nan
-8.800000000000000000e+01 -4.100000000000000000e+01 nan
-8.800000000000000000e+01 -4.000000000000000000e+01 nan
-8.800000000000000000e+01 -3.900000000000000000e+01 nan
-8.800000000000000000e+01 -3.800000000000000000e+01 nan
-8.800000000000000000e+01 -3.700000000000000000e+01 nan
-8.800000000000000000e+01 -3.600000000000000000e+01 nan
-8.700000000000000000e+01 -8.200000000000000000e+01 nan
-8.700000000000000000e+01 -8.100000000000000000e+01 nan
-8.700000000000000000e+01 -8.000000000000000000e+01 nan
-8.700000000000000000e+01 -7.900000000000000000e+01 nan
-8.700000000000000000e+01 -7.800000000000000000e+01 nan
-8.700000000000000000e+01 -7.700000000000000000e+01 nan
-8.700000000000000000e+01 -7.600000000000000000e+01 nan
-8.700000000000000000e+01 -7.500000000000000000e+01 nan
-8.700000000000000000e+01 -7.400000000000000000e+01 nan
-8.700000000000000000e+01 -7.300000000000000000e+01 nan
-8.700000000000000000e+01 -7.200000000000000000e+01 nan
-8.700000000000000000e+01 -7.100000000000000000e+01 nan
-8.700000000000000000e+01 -7.000000000000000000e+01 nan
-8.700000000000000000e+01 -6.900000000000000000e+01 nan
-8.700000000000000000e+01 -6.800000000000000000e+01 nan
-8.700000000000000000e+01 -6.700000000000000000e+01 nan
-8.700000000000000000e+01 -6.600000000000000000e+01 nan
-8.700000000000000000e+01 -6.500000000000000000e+01 nan
-8.700000000000000000e+01 -6.400000000000000000e+01 nan
-8.700000000000000000e+01 -6.300000000000000000e+01 nan
-8.700000000000000000e+01 -6.200000000000000000e+01 nan
-8.700000000000000000e+01 -6.100000000000000000e+01 nan
-8.700000000000000000e+01 -6.000000000000000000e+01 nan
-8.700000000000000000e+01 -5.900000000000000000e+01 nan
-8.700000000000000000e+01 -5.800000000000000000e+01 nan
-8.700000000000000000e+01 -5.700000000000000000e+01 nan
-8.700000000000000000e+01 -5.600000000000000000e+01 nan
-8.700000000000000000e+01 -5.500000000000000000e+01 nan
-8.700000000000000000e+01 -5.400000000000000000e+01 nan
-8.700000000000000000e+01 -5.300000000000000000e+01 nan
-8.700000000000000000e+01 -5.200000000000000000e+01 nan
-8.700000000000000000e+01 -5.100000000000000000e+01 nan
-8.700000000000000000e+01 -5.000000000000000000e+01 nan
-8.700000000000000000e+01 -4.900000000000000000e+01 nan
-8.700000000000000000e+01 -4.800000000000000000e+01 nan
-8.700000000000000000e+01 -4.700000000000000000e+01 nan
-8.700000000000000000e+01 -4.600000000000000000e+01 nan
-8.700000000000000000e+01 -4.500000000000000000e+01 nan
-8.700000000000000000e+01 -4.400000000000000000e+01 nan
-8.700000000000000000e+01 -4.300000000000000000e+01 nan
-8.700000000000000000e+01 -4.200000000000000000e+01 nan
-8.700000000000000000e+01 -4.100000000000000000e+01 nan
-8.700000000000000000e+01 -4.000000000000000000e+01 nan
-8.700000000000000000e+01 -3.900000000000000000e+01 nan
-8.700000000000000000e+01 -3.800000000000000000e+01 nan
-8.700000000000000000e+01 -3.700000000000000000e+01 nan
-8.700000000000000000e+01 -3.600000000000000000e+01 nan
-8.600000000000000000e+01 -8.200000000000000000e+01 nan
-8.600000000000000000e+01 -8.100000000000000000e+01 nan
-8.600000000000000000e+01 -8.000000000000000000e+01 nan
-8.600000000000000000e+01 -7.900000000000000000e+01 nan
-8.600000000000000000e+01 -7.800000000000000000e+01 nan
-8.600000000000000000e+01 -7.700000000000000000e+01 nan
-8.600000000000000000e+01 -7.600000000000000000e+01 nan
-8.600000000000000000e+01 -7.500000000000000000e+01 nan
-8.600000000000000000e+01 -7.400000000000000000e+01 nan
-8.600000000000000000e+01 -7.300000000000000000e+01 nan
-8.600000000000000000e+01 -7.200000000000000000e+01 nan
-8.600000000000000000e+01 -7.100000000000000000e+01 nan
-8.600000000000000000e+01 -7.000000000000000000e+01 nan
-8.600000000000000000e+01 -6.900000000000000000e+01 nan
-8.600000000000000000e+01 -6.800000000000000000e+01 nan
-8.600000000000000000e+01 -6.700000000000000000e+01 nan
-8.600000000000000000e+01 -6.600000000000000000e+01 nan
-8.600000000000000000e+01 -6.500000000000000000e+01 nan
-8.600000000000000000e+01 -6.400000000000000000e+01 nan
-8.600000000000000000e+01 -6.300000000000000000e+01 nan
-8.600000000000000000e+01 -6.200000000000000000e+01 nan
-8.600000000000000000e+01 -6.100000000000000000e+01 nan
-8.600000000000000000e+01 -6.000000000000000000e+01 nan
-8.600000000000000000e+01 -5.900000000000000000e+01 nan
-8.600000000000000000e+01 -5.800000000000000000e+01 nan
-8.600000000000000000e+01 -5.700000000000000000e+01 nan
-8.600000000000000000e+01 -5.600000000000000000e+01 nan
-8.600000000000000000e+01 -5.500000000000000000e+01 nan
-8.600000000000000000e+01 -5.400000000000000000e+01 nan
-8.600000000000000000e+01 -5.300000000000000000e+01 nan
-8.600000000000000000e+01 -5.200000000000000000e+01 nan
-8.600000000000000000e+01 -5.100000000000000000e+01 nan
-8.600000000000000000e+01 -5.000000000000000000e+01 nan
-8.600000000000000000e+01 -4.900000000000000000e+01 nan
-8.600000000000000000e+01 -4.800000000000000000e+01 nan
-8.600000000000000000e+01 -4.700000000000000000e+01 nan
-8.600000000000000000e+01 -4.600000000000000000e+01 nan
-8.600000000000000000e+01 -4.500000000000000000e+01 nan
-8.600000000000000000e+01 -4.400000000000000000e+01 nan
-8.600000000000000000e+01 -4.300000000000000000e+01 nan
-8.600000000000000000e+01 -4.200000000000000000e+01 nan
-8.600000000000000000e+01 -4.100000000000000000e+01 nan
-8.600000000000000000e+01 -4.000000000000000000e+01 nan
-8.600000000000000000e+01 -3.900000000000000000e+01 nan
-8.600000000000000000e+01 -3.800000000000000000e+01 nan
-8.600000000000000000e+01 -3.700000000000000000e+01 nan
-8.600000000000000000e+01 -3.600000000000000000e+01 nan
-8.500000000000000000e+01 -8.200000000000000000e+01 nan
-8.500000000000000000e+01 -8.100000000000000000e+01 nan
-8.500000000000000000e+01 -8.000000000000000000e+01 nan
-8.500000000000000000e+01 -7.900000000000000000e+01 nan
-8.500000000000000000e+01 -7.800000000000000000e+01 nan
-8.500000000000000000e+01 -7.700000000000000000e+01 nan
-8.500000000000000000e+01 -7.600000000000000000e+01 nan
-8.500000000000000000e+01 -7.500000000000000000e+01 nan
-8.500000000000000000e+01 -7.400000000000000000e+01 nan
-8.500000000000000000e+01 -7.300000000000000000e+01 nan
-8.500000000000000000e+01 -7.200000000000000000e+01 nan
-8.500000000000000000e+01 -7.100000000000000000e+01 nan
-8.500000000000000000e+01 -7.000000000000000000e+01 nan
-8.500000000000000000e+01 -6.900000000000000000e+01 nan
-8.500000000000000000e+01 -6.800000000000000000e+01 nan
-8.500000000000000000e+01 -6.700000000000000000e+01 nan
-8.500000000000000000e+01 -6.600000000000000000e+01 nan
-8.500000000000000000e+01 -6.500000000000000000e+01 nan
-8.500000000000000000e+01 -6.400000000000000000e+01 nan
-8.500000000000000000e+01 -6.300000000000000000e+01 nan
-8.500000000000000000e+01 -6.200000000000000000e+01 nan
-8.500000000000000000e+01 -6.100000000000000000e+01 nan
-8.500000000000000000e+01 -6.000000000000000000e+01 nan
-8.500000000000000000e+01 -5.900000000000000000e+01 nan
-8.500000000000000000e+01 -5.800000000000000000e+01 nan
-8.500000000000000000e+01 -5.700000000000000000e+01 nan
-8.500000000000000000e+01 -5.600000000000000000e+01 nan
-8.500000000000000000e+01 -5.500000000000000000e+01 nan
-8.500000000000000000e+01 -5.400000000000000000e+01 nan
-8.500000000000000000e+01 -5.300000000000000000e+01 nan
-8.500000000000000000e+01 -5.200000000000000000e+01 nan
-8.500000000000000000e+01 -5.100000000000000000e+01 nan
-8.500000000000000000e+01 -5.000000000000000000e+01 nan
-8.500000000000000000e+01 -4.900000000000000000e+01 nan
-8.500000000000000000e+01 -4.800000000000000000e+01 nan
-8.500000000000000000e+01 -4.700000000000000000e+01 nan
-8.500000000000000000e+01 -4.600000000000000000e+01 nan
-8.500000000000000000e+01 -4.500000000000000000e+01 nan
-8.500000000000000000e+01 -4.400000000000000000e+01 nan
-8.500000000000000000e+01 -4.300000000000000000e+01 nan
-8.500000000000000000e+01 -4.200000000000000000e+01 nan
-8.500000000000000000e+01 -4.100000000000000000e+01 nan
-8.500000000000000000e+01 -4.000000000000000000e+01 nan
-8.500000000000000000e+01 -3.900000000000000000e+01 nan
-8.500000000000000000e+01 -3.800000000000000000e+01 nan
-8.500000000000000000e+01 -3.700000000000000000e+01 nan
-8.500000000000000000e+01 -3.600000000000000000e+01 nan
-8.400000000000000000e+01 -8.200000000000000000e+01 nan
-8.400000000000000000e+01 -8.100000000000000000e+01 nan
-8.400000000000000000e+01 -8.000000000000000000e+01 nan
-8.400000000000000000e+01 -7.900000000000000000e+01 nan
-8.400000000000000000e+01 -7.800000000000000000e+01 nan
-8.400000000000000000e+01 -7.700000000000000000e+01 nan
-8.400000000000000000e+01 -7.600000000000000000e+01 nan
-8.400000000000000000e+01 -7.500000000000000000e+01 nan
-8.400000000000000000e+01 -7.400000000000000000e+01 nan
-8.400000000000000000e+01 -7.300000000000000000e+01 nan
-8.400000000000000000e+01 -7.200000000000000000e+01 nan
-8.400000000000000000e+01 -7.100000000000000000e+01 nan
-8.400000000000000000e+01 -7.000000000000000000e+01 nan
-8.400000000000000000e+01 -6.900000000000000000e+01 nan
-8.400000000000000000e+01 -6.800000000000000000e+01 nan
-8.400000000000000000e+01 -6.700000000000000000e+01 nan
-8.400000000000000000e+01 -6.600000000000000000e+01 nan
-8.400000000000000000e+01 -6.500000000000000000e+01 nan
-8.400000000000000000e+01 -6.400000000000000000e+01 nan
-8.400000000000000000e+01 -6.300000000000000000e+01 nan
-8.400000000000000000e+01 -6.200000000000000000e+01 nan
-8.400000000000000000e+01 -6.100000000000000000e+01 nan
-8.400000000000000000e+01 -6.000000000000000000e+01 nan
-8.400000000000000000e+01 -5.900000000000000000e+01 nan
-8.400000000000000000e+01 -5.800000000000000000e+01 nan
-8.400000000000000000e+01 -5.700000000000000000e+01 nan
-8.400000000000000000e+01 -5.600000000000000000e+01 nan
-8.400000000000000000e+01 -5.500000000000000000e+01 nan
-8.400000000000000000e+01 -5.400000000000000000e+01 nan
-8.400000000000000000e+01 -5.300000000000000000e+01 nan
-8.400000000000000000e+01 -5.200000000000000000e+01 nan
-8.400000000000000000e+01 -5.100000000000000000e+01 nan
-8.400000000000000000e+01 -5.000000000000000000e+01 nan
-8.400000000000000000e+01 -4.900000000000000000e+01 nan
-8.400000000000000000e+01 -4.800000000000000000e+01 nan
-8.400000000000000000e+01 -4.700000000000000000e+01 nan
-8.400000000000000000e+01 -4.600000000000000000e+01 nan
-8.400000000000000000e+01 -4.500000000000000000e+01 nan
-8.400000000000000000e+01 -4.400000000000000000e+01 nan
-8.400000000000000000e+01 -4.300000000000000000e+01 nan
-8.400000000000000000e+01 -4.200000000000000000e+01 nan
-8.400000000000000000e+01 -4.100000000000000000e+01 nan
-8.400000000000000000e+01 -4.000000000000000000e+01 nan
-8.400000000000000000e+01 -3.900000000000000000e+01 nan
-8.400000000000000000e+01 -3.800000000000000000e+01 nan
-8.400000000000000000e+01 -3.700000000000000000e+01 nan
-8.400000000000000000e+01 -3.600000000000000000e+01 nan
-8.300000000000000000e+01 -8.200000000000000000e+01 nan
-8.300000000000000000e+01 -8.100000000000000000e+01 nan
-8.300000000000000000e+01 -8.000000000000000000e+01 nan
-8.300000000000000000e+01 -7.900000000000000000e+01 nan
-8.300000000000000000e+01 -7.800000000000000000e+01 nan
-8.300000000000000000e+01 -7.700000000000000000e+01 nan
-8.300000000000000000e+01 -7.600000000000000000e+01 nan
-8.300000000000000000e+01 -7.500000000000000000e+01 nan
-8.300000000000000000e+01 -7.400000000000000000e+01 nan
-8.300000000000000000e+01 -7.300000000000000000e+01 nan
-8.300000000000000000e+01 -7.200000000000000000e+01 nan
-8.300000000000000000e+01 -7.100000000000000000e+01 nan
-8.300000000000000000e+01 -7.000000000000000000e+01 nan
-8.300000000000000000e+01 -6.900000000000000000e+01 nan
-8.300000000000000000e+01 -6.800000000000000000e+01 nan
-8.300000000000000000e+01 -6.700000000000000000e+01 nan
-8.300000000000000000e+01 -6.600000000000000000e+01 nan
-8.300000000000000000e+01 -6.500000000000000000e+01 nan
-8.300000000000000000e+01 -6.400000000000000000e+01 nan
-8.300000000000000000e+01 -6.300000000000000000e+01 nan
-8.300000000000000000e+01 -6.200000000000000000e+01 nan
-8.300000000000000000e+01 -6.100000000000000000e+01 nan
-8.300000000000000000e+01 -6.000000000000000000e+01 nan
-8.300000000000000000e+01 -5.900000000000000000e+01 nan
-8.300000000000000000e+01 -5.800000000000000000e+01 nan
-8.300000000000000000e+01 -5.700000000000000000e+01 nan
-8.300000000000000000e+01 -5.600000000000000000e+01 nan
-8.300000000000000000e+01 -5.500000000000000000e+01 nan
-8.300000000000000000e+01 -5.400000000000000000e+01 nan
-8.300000000000000000e+01 -5.300000000000000000e+01 nan
-8.300000000000000000e+01 -5.200000000000000000e+01 nan
-8.300000000000000000e+01 -5.100000000000000000e+01 nan
-8.300000000000000000e+01 -5.000000000000000000e+01 nan
-8.300000000000000000e+01 -4.900000000000000000e+01 nan
-8.300000000000000000e+01 -4.800000000000000000e+01 nan
-8.300000000000000000e+01 -4.700000000000000000e+01 nan
-8.300000000000000000e+01 -4.600000000000000000e+01 nan
-8.300000000000000000e+01 -4.500000000000000000e+01 nan
-8.300000000000000000e+01 -4.400000000000000000e+01 nan
-8.300000000000000000e+01 -4.300000000000000000e+01 nan
-8.300000000000000000e+01 -4.200000000000000000e+01 nan
-8.300000000000000000e+01 -4.100000000000000000e+01 nan
-8.300000000000000000e+01 -4.000000000000000000e+01 nan
-8.300000000000000000e+01 -3.900000000000000000e+01 nan
-8.300000000000000000e+01 -3.800000000000000000e+01 nan
-8.300000000000000000e+01 -3.700000000000000000e+01 nan
-8.300000000000000000e+01 -3.600000000000000000e+01 nan
-8.200000000000000000e+01 -8.200000000000000000e+01 nan
-8.200000000000000000e+01 -8.100000000000000000e+01 nan
-8.200000000000000000e+01 -8.000000000000000000e+01 nan
-8.200000000000000000e+01 -7.900000000000000000e+01 nan
-8.200000000000000000e+01 -7.800000000000000000e+01 nan
-8.200000000000000000e+01 -7.700000000000000000e+01 nan
-8.200000000000000000e+01 -7.600000000000000000e+01 nan
-8.200000000000000000e+01 -7.500000000000000000e+01 nan
-8.200000000000000000e+01 -7.400000000000000000e+01 nan
-8.200000000000000000e+01 -7.300000000000000000e+01 nan
-8.200000000000000000e+01 -7.200000000000000000e+01 nan
-8.200000000000000000e+01 -7.100000000000000000e+01 nan
-8.200000000000000000e+01 -7.000000000000000000e+01 nan
-8.200000000000000000e+01 -6.900000000000000000e+01 nan
-8.200000000000000000e+01 -6.800000000000000000e+01 nan
-8.200000000000000000e+01 -6.700000000000000000e+01 nan
-8.200000000000000000e+01 -6.600000000000000000e+01 nan
-8.200000000000000000e+01 -6.500000000000000000e+01 nan
-8.200000000000000000e+01 -6.400000000000000000e+01 nan
-8.200000000000000000e+01 -6.300000000000000000e+01 nan
-8.200000000000000000e+01 -6.200000000000000000e+01 nan
-8.200000000000000000e+01 -6.100000000000000000e+01 nan
-8.200000000000000000e+01 -6.000000000000000000e+01 nan
-8.200000000000000000e+01 -5.900000000000000000e+01 nan
-8.200000000000000000e+01 -5.800000000000000000e+01 nan
-8.200000000000000000e+01 -5.700000000000000000e+01 nan
-8.200000000000000000e+01 -5.600000000000000000e+01 nan
-8.200000000000000000e+01 -5.500000000000000000e+01 nan
-8.200000000000000000e+01 -5.400000000000000000e+01 nan
-8.200000000000000000e+01 -5.300000000000000000e+01 nan
-8.200000000000000000e+01 -5.200000000000000000e+01 nan
-8.200000000000000000e+01 -5.100000000000000000e+01 nan
-8.200000000000000000e+01 -5.000000000000000000e+01 nan
-8.200000000000000000e+01 -4.900000000000000000e+01 nan
-8.200000000000000000e+01 -4.800000000000000000e+01 nan
-8.200000000000000000e+01 -4.700000000000000000e+01 nan
-8.200000000000000000e+01 -4.600000000000000000e+01 nan
-8.200000000000000000e+01 -4.500000000000000000e+01 nan
-8.200000000000000000e+01 -4.400000000000000000e+01 nan
-8.200000000000000000e+01 -4.300000000000000000e+01 nan
-8.200000000000000000e+01 -4.200000000000000000e+01 nan
-8.200000000000000000e+01 -4.100000000000000000e+01 nan
-8.200000000000000000e+01 -4.000000000000000000e+01 nan
-8.200000000000000000e+01 -3.900000000000000000e+01 nan
-8.200000000000000000e+01 -3.800000000000000000e+01 nan
-8.200000000000000000e+01 -3.700000000000000000e+01 nan
-8.200000000000000000e+01 -3.600000000000000000e+01 nan
-8.100000000000000000e+01 -8.200000000000000000e+01 nan
-8.100000000000000000e+01 -8.100000000000000000e+01 nan
-8.100000000000000000e+01 -8.000000000000000000e+01 nan
-8.100000000000000000e+01 -7.900000000000000000e+01 nan
-8.100000000000000000e+01 -7.800000000000000000e+01 nan
-8.100000000000000000e+01 -7.700000000000000000e+01 nan
-8.100000000000000000e+01 -7.600000000000000000e+01 nan
-8.100000000000000000e+01 -7.500000000000000000e+01 nan
-8.100000000000000000e+01 -7.400000000000000000e+01 nan
-8.100000000000000000e+01 -7.300000000000000000e+01 nan
-8.100000000000000000e+01 -7.200000000000000000e+01 nan
-8.100000000000000000e+01 -7.100000000000000000e+01 nan
-8.100000000000000000e+01 -7.000000000000000000e+01 nan
-8.100000000000000000e+01 -6.900000000000000000e+01 nan
-8.100000000000000000e+01 -6.800000000000000000e+01 nan
-8.100000000000000000e+01 -6.700000000000000000e+01 nan
-8.100000000000000000e+01 -6.600000000000000000e+01 nan
-8.100000000000000000e+01 -6.500000000000000000e+01 nan
-8.100000000000000000e+01 -6.400000000000000000e+01 nan
-8.100000000000000000e+01 -6.300000000000000000e+01 nan
-8.100000000000000000e+01 -6.200000000000000000e+01 nan
-8.100000000000000000e+01 -6.100000000000000000e+01 nan
-8.100000000000000000e+01 -6.000000000000000000e+01 nan
-8.100000000000000000e+01 -5.900000000000000000e+01 nan
-8.100000000000000000e+01 -5.800000000000000000e+01 nan
-8.100000000000000000e+01 -5.700000000000000000e+01 nan
-8.100000000000000000e+01 -5.600000000000000000e+01 nan
-8.100000000000000000e+01 -5.500000000000000000e+01 nan
-8.100000000000000000e+01 -5.400000000000000000e+01 nan
-8.100000000000000000e+01 -5.300000000000000000e+01 nan
-8.100000000000000000e+01 -5.200000000000000000e+01 nan
-8.100000000000000000e+01 -5.100000000000000000e+01 nan
-8.100000000000000000e+01 -5.000000000000000000e+01 nan
-8.100000000000000000e+01 -4.900000000000000000e+01 nan
-8.100000000000000000e+01 -4.800000000000000000e+01 nan
-8.100000000000000000e+01 -4.700000000000000000e+01 nan
-8.100000000000000000e+01 -4.600000000000000000e+01 nan
-8.100000000000000000e+01 -4.500000000000000000e+01 nan
-8.100000000000000000e+01 -4.400000000000000000e+01 nan
-8.100000000000000000e+01 -4.300000000000000000e+01 nan
-8.100000000000000000e+01 -4.200000000000000000e+01 nan
-8.100000000000000000e+01 -4.100000000000000000e+01 nan
-8.100000000000000000e+01 -4.000000000000000000e+01 nan
-8.100000000000000000e+01 -3.900000000000000000e+01 nan
-8.100000000000000000e+01 -3.800000000000000000e+01 nan
-8.100000000000000000e+01 -3.700000000000000000e+01 nan
-8.100000000000000000e+01 -3.600000000000000000e+01 nan
-8.000000000000000000e+01 -8.200000000000000000e+01 nan
-8.000000000000000000e+01 -8.100000000000000000e+01 nan
-8.000000000000000000e+01 -8.000000000000000000e+01 nan
-8.000000000000000000e+01 -7.900000000000000000e+01 nan
-8.000000000000000000e+01 -7.800000000000000000e+01 nan
-8.000000000000000000e+01 -7.700000000000000000e+01 nan
-8.000000000000000000e+01 -7.600000000000000000e+01 nan
-8.000000000000000000e+01 -7.500000000000000000e+01 nan
-8.000000000000000000e+01 -7.400000000000000000e+01 nan
-8.000000000000000000e+01 -7.300000000000000000e+01 nan
-8.000000000000000000e+01 -7.200000000000000000e+01 nan
-8.000000000000000000e+01 -7.100000000000000000e+01 nan
-8.000000000000000000e+01 -7.000000000000000000e+01 nan
-8.000000000000000000e+01 -6.900000000000000000e+01 nan
-8.000000000000000000e+01 -6.800000000000000000e+01 nan
-8.000000000000000000e+01 -6.700000000000000000e+01 nan
-8.000000000000000000e+01 -6.600000000000000000e+01 nan
-8.000000000000000000e+01 -6.500000000000000000e+01 nan
-8.000000000000000000e+01 -6.400000000000000000e+01 nan
-8.000000000000000000e+01 -6.300000000000000000e+01 nan
-8.000000000000000000e+01 -6.200000000000000000e+01 nan
-8.000000000000000000e+01 -6.100000000000000000e+01 nan
-8.000000000000000000e+01 -6.000000000000000000e+01 4.664171433381468779e-01
-8.000000000000000000e+01 -5.900000000000000000e+01 4.834421130732564076e-01
-8.000000000000000000e+01 -5.800000000000000000e+01 4.490439704749039640e-01
-8.000000000000000000e+01 -5.700000000000000000e+01 4.167420616734325289e-01
-8.000000000000000000e+01 -5.600000000000000000e+01 3.987116876177647651e-01
-8.000000000000000000e+01 -5.500000000000000000e+01 4.665515470440272372e-01
-8.000000000000000000e+01 -5.400000000000000000e+01 nan
-8.000000000000000000e+01 -5.300000000000000000e+01 nan
-8.000000000000000000e+01 -5.200000000000000000e+01 nan
-8.000000000000000000e+01 -5.100000000000000000e+01 nan
-8.000000000000000000e+01 -5.000000000000000000e+01 nan
-8.000000000000000000e+01 -4.900000000000000000e+01 nan
-8.000000000000000000e+01 -4.800000000000000000e+01 nan
-8.000000000000000000e+01 -4.700000000000000000e+01 nan
-8.000000000000000000e+01 -4.600000000000000000e+01 nan
-8.000000000000000000e+01 -4.500000000000000000e+01 nan
-8.000000000000000000e+01 -4.400000000000000000e+01 nan
-8.000000000000000000e+01 -4.300000000000000000e+01 nan
-8.000000000000000000e+01 -4.200000000000000000e+01 nan
-8.000000000000000000e+01 -4.100000000000000000e+01 nan
-8.000000000000000000e+01 -4.000000000000000000e+01 nan
-8.000000000000000000e+01 -3.900000000000000000e+01 nan
-8.000000000000000000e+01 -3.800000000000000000e+01 nan
-8.000000000000000000e+01 -3.700000000000000000e+01 nan
-8.000000000000000000e+01 -3.600000000000000000e+01 nan
-7.900000000000000000e+01 -8.200000000000000000e+01 nan
-7.900000000000000000e+01 -8.100000000000000000e+01 nan
-7.900000000000000000e+01 -8.000000000000000000e+01 nan
-7.900000000000000000e+01 -7.900000000000000000e+01 nan
-7.900000000000000000e+01 -7.800000000000000000e+01 nan
-7.900000000000000000e+01 -7.700000000000000000e+01 nan
-7.900000000000000000e+01 -7.600000000000000000e+01 nan
-7.900000000000000000e+01 -7.500000000000000000e+01 nan
-7.900000000000000000e+01 -7.400000000000000000e+01 nan
-7.900000000000000000e+01 -7.300000000000000000e+01 nan
-7.900000000000000000e+01 -7.200000000000000000e+01 nan
-7.900000000000000000e+01 -7.100000000000000000e+01 nan
-7.900000000000000000e+01 -7.000000000000000000e+01 nan
-7.900000000000000000e+01 -6.900000000000000000e+01 nan
-7.900000000000000000e+01 -6.800000000000000000e+01 nan
-7.900000000000000000e+01 -6.700000000000000000e+01 nan
-7.900000000000000000e+01 -6.600000000000000000e+01 nan
-7.900000000000000000e+01 -6.500000000000000000e+01 nan
-7.900000000000000000e+01 -6.400000000000000000e+01 nan
-7.900000000000000000e+01 -6.300000000000000000e+01 nan
-7.900000000000000000e+01 -6.200000000000000000e+01 nan
-7.900000000000000000e+01 -6.100000000000000000e+01 nan
-7.900000000000000000e+01 -6.000000000000000000e+01 4.664171433381468779e-01
-7.900000000000000000e+01 -5.900000000000000000e+01 4.834421130732564076e-01
-7.900000000000000000e+01 -5.800000000000000000e+01 4.490439704749039640e-01
-7.900000000000000000e+01 -5.700000000000000000e+01 4.167420616734325289e-01
-7.900000000000000000e+01 -5.600000000000000000e+01 3.993005502296694820e-01
-7.900000000000000000e+01 -5.500000000000000000e+01 5.079756431592634680e-01
-7.900000000000000000e+01 -5.400000000000000000e+01 5.130124739647563548e-01
-7.900000000000000000e+01 -5.300000000000000000e+01 4.491425424888313978e-01
-7.900000000000000000e+01 -5.200000000000000000e+01 4.315039372978347609e-01
-7.900000000000000000e+01 -5.100000000000000000e+01 3.739474173089645803e-01
-7.900000000000000000e+01 -5.000000000000000000e+01 4.437691471582390079e-01
-7.900000000000000000e+01 -4.900000000000000000e+01 5.083563839987511601e-01
-7.900000000000000000e+01 -4.800000000000000000e+01 5.054438699130927581e-01
-7.900000000000000000e+01 -4.700000000000000000e+01 4.759686393912841984e-01
-7.900000000000000000e+01 -4.600000000000000000e+01 5.942201697395452786e-01
-7.900000000000000000e+01 -4.500000000000000000e+01 6.237859385256294686e-01
-7.900000000000000000e+01 -4.400000000000000000e+01 8.728006959006180399e-01
-7.900000000000000000e+01 -4.300000000000000000e+01 7.412280057143961765e-01
-7.900000000000000000e+01 -4.200000000000000000e+01 8.154374445716073838e-01
-7.900000000000000000e+01 -4.100000000000000000e+01 1.010311167325831816e+00
-7.900000000000000000e+01 -4.000000000000000000e+01 1.070121383038589169e+00
-7.900000000000000000e+01 -3.900000000000000000e+01 nan
-7.900000000000000000e+01 -3.800000000000000000e+01 nan
-7.900000000000000000e+01 -3.700000000000000000e+01 nan
-7.900000000000000000e+01 -3.600000000000000000e+01 nan
-7.800000000000000000e+01 -8.200000000000000000e+01 nan
-7.800000000000000000e+01 -8.100000000000000000e+01 nan
-7.800000000000000000e+01 -8.000000000000000000e+01 nan
-7.800000000000000000e+01 -7.900000000000000000e+01 nan
-7.800000000000000000e+01 -7.800000000000000000e+01 nan
-7.800000000000000000e+01 -7.700000000000000000e+01 nan
-7.800000000000000000e+01 -7.600000000000000000e+01 nan
-7.800000000000000000e+01 -7.500000000000000000e+01 nan
-7.800000000000000000e+01 -7.400000000000000000e+01 nan
-7.800000000000000000e+01 -7.300000000000000000e+01 nan
-7.800000000000000000e+01 -7.200000000000000000e+01 nan
-7.800000000000000000e+01 -7.100000000000000000e+01 nan
-7.800000000000000000e+01 -7.000000000000000000e+01 nan
-7.800000000000000000e+01 -6.900000000000000000e+01 nan
-7.800000000000000000e+01 -6.800000000000000000e+01 nan
-7.800000000000000000e+01 -6.700000000000000000e+01 nan
-7.800000000000000000e+01 -6.600000000000000000e+01 nan
-7.800000000000000000e+01 -6.500000000000000000e+01 nan
-7.800000000000000000e+01 -6.400000000000000000e+01 nan
-7.800000000000000000e+01 -6.300000000000000000e+01 nan
-7.800000000000000000e+01 -6.200000000000000000e+01 nan
-7.800000000000000000e+01 -6.100000000000000000e+01 nan
-7.800000000000000000e+01 -6.000000000000000000e+01 nan
-7.800000000000000000e+01 -5.900000000000000000e+01 nan
-7.800000000000000000e+01 -5.800000000000000000e+01 nan
-7.800000000000000000e+01 -5.700000000000000000e+01 nan
-7.800000000000000000e+01 -5.600000000000000000e+01 5.899677935980672805e-01
-7.800000000000000000e+01 -5.500000000000000000e+01 5.155003276129637158e-01
-7.800000000000000000e+01 -5.400000000000000000e+01 5.130124739647563548e-01
-7.800000000000000000e+01 -5.300000000000000000e+01 4.491425424888313978e-01
-7.800000000000000000e+01 -5.200000000000000000e+01 4.315039372978347609e-01
-7.800000000000000000e+01 -5.100000000000000000e+01 3.739474173089645803e-01
-7.800000000000000000e+01 -5.000000000000000000e+01 4.437691471582390079e-01
-7.800000000000000000e+01 -4.900000000000000000e+01 5.083563839987511601e-01
-7.800000000000000000e+01 -4.800000000000000000e+01 5.054438699130927581e-01
-7.800000000000000000e+01 -4.700000000000000000e+01 4.759686393912841984e-01
-7.800000000000000000e+01 -4.600000000000000000e+01 5.942201697395452786e-01
-7.800000000000000000e+01 -4.500000000000000000e+01 6.237859385256294686e-01
-7.800000000000000000e+01 -4.400000000000000000e+01 8.726025988009431522e-01
-7.800000000000000000e+01 -4.300000000000000000e+01 7.254124315008420032e-01
-7.800000000000000000e+01 -4.200000000000000000e+01 8.531080592268680540e-01
-7.800000000000000000e+01 -4.100000000000000000e+01 1.103988545702526691e+00
-7.800000000000000000e+01 -4.000000000000000000e+01 1.112179083373193267e+00
-7.800000000000000000e+01 -3.900000000000000000e+01 1.116830186097980571e+00
-7.800000000000000000e+01 -3.800000000000000000e+01 1.116047885663192574e+00
-7.800000000000000000e+01 -3.700000000000000000e+01 1.112148264503880490e+00
-7.800000000000000000e+01 -3.600000000000000000e+01 nan
-7.700000000000000000e+01 -8.200000000000000000e+01 nan
-7.700000000000000000e+01 -8.100000000000000000e+01 nan
-7.700000000000000000e+01 -8.000000000000000000e+01 nan
-7.700000000000000000e+01 -7.900000000000000000e+01 nan
-7.700000000000000000e+01 -7.800000000000000000e+01 nan
-7.700000000000000000e+01 -7.700000000000000000e+01 nan
-7.700000000000000000e+01 -7.600000000000000000e+01 nan
-7.700000000000000000e+01 -7.500000000000000000e+01 nan
-7.700000000000000000e+01 -7.400000000000000000e+01 nan
-7.700000000000000000e+01 -7.300000000000000000e+01 nan
-7.700000000000000000e+01 -7.200000000000000000e+01 nan
-7.700000000000000000e+01 -7.100000000000000000e+01 nan
-7.700000000000000000e+01 -7.000000000000000000e+01 nan
-7.700000000000000000e+01 -6.900000000000000000e+01 nan
-7.700000000000000000e+01 -6.800000000000000000e+01 nan
-7.700000000000000000e+01 -6.700000000000000000e+01 nan
-7.700000000000000000e+01 -6.600000000000000000e+01 nan
-7.700000000000000000e+01 -6.500000000000000000e+01 nan
-7.700000000000000000e+01 -6.400000000000000000e+01 nan
-7.700000000000000000e+01 -6.300000000000000000e+01 nan
-7.700000000000000000e+01 -6.200000000000000000e+01 nan
-7.700000000000000000e+01 -6.100000000000000000e+01 nan
-7.700000000000000000e+01 -6.000000000000000000e+01 nan
-7.700000000000000000e+01 -5.900000000000000000e+01 nan
-7.700000000000000000e+01 -5.800000000000000000e+01 nan
-7.700000000000000000e+01 -5.700000000000000000e+01 nan
-7.700000000000000000e+01 -5.600000000000000000e+01 nan
-7.700000000000000000e+01 -5.500000000000000000e+01 nan
-7.700000000000000000e+01 -5.400000000000000000e+01 nan
-7.700000000000000000e+01 -5.300000000000000000e+01 nan
-7.700000000000000000e+01 -5.200000000000000000e+01 nan
-7.700000000000000000e+01 -5.100000000000000000e+01 nan
-7.700000000000000000e+01 -5.000000000000000000e+01 nan
-7.700000000000000000e+01 -4.900000000000000000e+01 nan
-7.700000000000000000e+01 -4.800000000000000000e+01 nan
-7.700000000000000000e+01 -4.700000000000000000e+01 nan
-7.700000000000000000e+01 -4.600000000000000000e+01 nan
-7.700000000000000000e+01 -4.500000000000000000e+01 nan
-7.700000000000000000e+01 -4.400000000000000000e+01 nan
-7.700000000000000000e+01 -4.300000000000000000e+01 6.823391114608661212e-01
-7.700000000000000000e+01 -4.200000000000000000e+01 1.050856631208989755e+00
-7.700000000000000000e+01 -4.100000000000000000e+01 1.134185427679179181e+00
-7.700000000000000000e+01 -4.000000000000000000e+01 1.114721421123865408e+00
-7.700000000000000000e+01 -3.900000000000000000e+01 1.118511438068308328e+00
-7.700000000000000000e+01 -3.800000000000000000e+01 1.116047885663192574e+00
-7.700000000000000000e+01 -3.700000000000000000e+01 1.112148264503880490e+00
-7.700000000000000000e+01 -3.600000000000000000e+01 nan
