Longitude[deg], Latitude[deg], Dust optical depth
-1.400000000000000000e+01 3.500000000000000000e+01 nan
-1.400000000000000000e+01 3.600000000000000000e+01 nan
-1.400000000000000000e+01 3.700000000000000000e+01 nan
-1.400000000000000000e+01 3.800000000000000000e+01 nan
-1.400000000000000000e+01 3.900000000000000000e+01 nan
-1.400000000000000000e+01 4.000000000000000000e+01 nan
-1.400000000000000000e+01 4.100000000000000000e+01 nan
-1.400000000000000000e+01 4.200000000000000000e+01 nan
-1.400000000000000000e+01 4.300000000000000000e+01 nan
-1.400000000000000000e+01 4.400000000000000000e+01 nan
-1.400000000000000000e+01 4.500000000000000000e+01 nan
-1.400000000000000000e+01 4.600000000000000000e+01 nan
-1.400000000000000000e+01 4.700000000000000000e+01 nan
-1.400000000000000000e+01 4.800000000000000000e+01 nan
-1.400000000000000000e+01 4.900000000000000000e+01 nan
-1.400000000000000000e+01 5.000000000000000000e+01 nan
-1.400000000000000000e+01 5.100000000000000000e+01 nan
-1.300000000000000000e+01 3.500000000000000000e+01 nan
-1.300000000000000000e+01 3.600000000000000000e+01 nan
-1.300000000000000000e+01 3.700000000000000000e+01 nan
-1.300000000000000000e+01 3.800000000000000000e+01 nan
-1.300000000000000000e+01 3.900000000000000000e+01 nan
-1.300000000000000000e+01 4.000000000000000000e+01 nan
-1.300000000000000000e+01 4.100000000000000000e+01 nan
-1.300000000000000000e+01 4.200000000000000000e+01 nan
-1.300000000000000000e+01 4.300000000000000000e+01 nan
-1.300000000000000000e+01 4.400000000000000000e+01 nan
-1.300000000000000000e+01 4.500000000000000000e+01 nan
-1.300000000000000000e+01 4.600000000000000000e+01 nan
-1.300000000000000000e+01 4.700000000000000000e+01 nan
-1.300000000000000000e+01 4.800000000000000000e+01 nan
-1.300000000000000000e+01 4.900000000000000000e+01 nan
-1.300000000000000000e+01 5.000000000000000000e+01 nan
-1.300000000000000000e+01 5.100000000000000000e+01 nan
-1.200000000000000000e+01 3.500000000000000000e+01 nan
-1.200000000000000000e+01 3.600000000000000000e+01 nan
-1.200000000000000000e+01 3.700000000000000000e+01 nan
-1.200000000000000000e+01 3.800000000000000000e+01 nan
-1.200000000000000000e+01 3.900000000000000000e+01 1.071352812188357095e+00
-1.200000000000000000e+01 4.000000000000000000e+01 1.023051402241141217e+00
-1.200000000000000000e+01 4.100000000000000000e+01 8.289111393468677758e-01
-1.200000000000000000e+01 4.200000000000000000e+01 7.071667537368165890e-01
-1.200000000000000000e+01 4.300000000000000000e+01 nan
-1.200000000000000000e+01 4.400000000000000000e+01 nan
-1.200000000000000000e+01 4.500000000000000000e+01 nan
-1.200000000000000000e+01 4.600000000000000000e+01 nan
-1.200000000000000000e+01 4.700000000000000000e+01 nan
-1.200000000000000000e+01 4.800000000000000000e+01 nan
-1.200000000000000000e+01 4.900000000000000000e+01 nan
-1.200000000000000000e+01 5.000000000000000000e+01 nan
-1.200000000000000000e+01 5.100000000000000000e+01 nan
-1.100000000000000000e+01 3.500000000000000000e+01 1.315823822829365941e+00
-1.100000000000000000e+01 3.600000000000000000e+01 1.219103739571254286e+00
-1.100000000000000000e+01 3.700000000000000000e+01 1.143172982401185589e+00
-1.100000000000000000e+01 3.800000000000000000e+01 1.128516956312550779e+00
-1.100000000000000000e+01 3.900000000000000000e+01 1.093782129961347271e+00
-1.100000000000000000e+01 4.000000000000000000e+01 1.028221811395677587e+00
-1.100000000000000000e+01 4.100000000000000000e+01 8.688201710607897921e-01
-1.100000000000000000e+01 4.200000000000000000e+01 7.329331870518770442e-01
-1.100000000000000000e+01 4.300000000000000000e+01 6.630994446292159950e-01
-1.100000000000000000e+01 4.400000000000000000e+01 nan
-1.100000000000000000e+01 4.500000000000000000e+01 nan
-1.100000000000000000e+01 4.600000000000000000e+01 nan
-1.100000000000000000e+01 4.700000000000000000e+01 nan
-1.100000000000000000e+01 4.800000000000000000e+01 nan
-1.100000000000000000e+01 4.900000000000000000e+01 nan
-1.100000000000000000e+01 5.000000000000000000e+01 nan
-1.100000000000000000e+01 5.100000000000000000e+01 nan
-1.000000000000000000e+01 3.500000000000000000e+01 1.338652917938757181e+00
-1.000000000000000000e+01 3.600000000000000000e+01 1.247915834441541749e+00
-1.000000000000000000e+01 3.700000000000000000e+01 1.128855518637492228e+00
-1.000000000000000000e+01 3.800000000000000000e+01 1.112045038355182980e+00
-1.000000000000000000e+01 3.900000000000000000e+01 1.096252231644837538e+00
-1.000000000000000000e+01 4.000000000000000000e+01 1.051797345140645712e+00
-1.000000000000000000e+01 4.100000000000000000e+01 9.097489577022660479e-01
-1.000000000000000000e+01 4.200000000000000000e+01 7.594390196029926487e-01
-1.000000000000000000e+01 4.300000000000000000e+01 6.709088011773204352e-01
-1.000000000000000000e+01 4.400000000000000000e+01 nan
-1.000000000000000000e+01 4.500000000000000000e+01 nan
-1.000000000000000000e+01 4.600000000000000000e+01 nan
-1.000000000000000000e+01 4.700000000000000000e+01 nan
-1.000000000000000000e+01 4.800000000000000000e+01 nan
-1.000000000000000000e+01 4.900000000000000000e+01 nan
-1.000000000000000000e+01 5.000000000000000000e+01 nan
-1.000000000000000000e+01 5.100000000000000000e+01 nan
-9.000000000000000000e+00 3.500000000000000000e+01 1.345963465319900410e+00
-9.000000000000000000e+00 3.600000000000000000e+01 1.236026441119487229e+00
-9.000000000000000000e+00 3.700000000000000000e+01 1.111543866796593338e+00
-9.000000000000000000e+00 3.800000000000000000e+01 1.090008537865676530e+00
-9.000000000000000000e+00 3.900000000000000000e+01 1.100261095665459710e+00
-9.000000000000000000e+00 4.000000000000000000e+01 1.086234373100589012e+00
-9.000000000000000000e+00 4.100000000000000000e+01 9.578753826210418820e-01
-9.000000000000000000e+00 4.200000000000000000e+01 7.916600438036139886e-01
-9.000000000000000000e+00 4.300000000000000000e+01 7.201818764051717281e-01
-9.000000000000000000e+00 4.400000000000000000e+01 nan
-9.000000000000000000e+00 4.500000000000000000e+01 nan
-9.000000000000000000e+00 4.600000000000000000e+01 nan
-9.000000000000000000e+00 4.700000000000000000e+01 nan
-9.000000000000000000e+00 4.800000000000000000e+01 nan
-9.000000000000000000e+00 4.900000000000000000e+01 nan
-9.000000000000000000e+00 5.000000000000000000e+01 nan
-9.000000000000000000e+00 5.100000000000000000e+01 nan
-8.000000000000000000e+00 3.500000000000000000e+01 1.318268413629808400e+00
-8.000000000000000000e+00 3.600000000000000000e+01 1.205965661114967391e+00
-8.000000000000000000e+00 3.700000000000000000e+01 1.108695876469212305e+00
-8.000000000000000000e+00 3.800000000000000000e+01 1.078518425323233609e+00
-8.000000000000000000e+00 3.900000000000000000e+01 1.083323311208027162e+00
-8.000000000000000000e+00 4.000000000000000000e+01 1.072009049138465064e+00
-8.000000000000000000e+00 4.100000000000000000e+01 9.478485237417040299e-01
-8.000000000000000000e+00 4.200000000000000000e+01 8.001977230644617967e-01
-8.000000000000000000e+00 4.300000000000000000e+01 7.246296228534866435e-01
-8.000000000000000000e+00 4.400000000000000000e+01 nan
-8.000000000000000000e+00 4.500000000000000000e+01 nan
-8.000000000000000000e+00 4.600000000000000000e+01 nan
-8.000000000000000000e+00 4.700000000000000000e+01 nan
-8.000000000000000000e+00 4.800000000000000000e+01 nan
-8.000000000000000000e+00 4.900000000000000000e+01 nan
-8.000000000000000000e+00 5.000000000000000000e+01 nan
-8.000000000000000000e+00 5.100000000000000000e+01 nan
-7.000000000000000000e+00 3.500000000000000000e+01 1.301097408865912408e+00
-7.000000000000000000e+00 3.600000000000000000e+01 1.205711535040533189e+00
-7.000000000000000000e+00 3.700000000000000000e+01 1.108381755910736954e+00
-7.000000000000000000e+00 3.800000000000000000e+01 1.067067756689269897e+00
-7.000000000000000000e+00 3.900000000000000000e+01 1.052110311173555246e+00
-7.000000000000000000e+00 4.000000000000000000e+01 1.032128912572816581e+00
-7.000000000000000000e+00 4.100000000000000000e+01 9.294156619447936363e-01
-7.000000000000000000e+00 4.200000000000000000e+01 7.994141797397924520e-01
-7.000000000000000000e+00 4.300000000000000000e+01 7.157482523712956901e-01
-7.000000000000000000e+00 4.400000000000000000e+01 nan
-7.000000000000000000e+00 4.500000000000000000e+01 nan
-7.000000000000000000e+00 4.600000000000000000e+01 nan
-7.000000000000000000e+00 4.700000000000000000e+01 nan
-7.000000000000000000e+00 4.800000000000000000e+01 nan
-7.000000000000000000e+00 4.900000000000000000e+01 nan
-7.000000000000000000e+00 5.000000000000000000e+01 nan
-7.000000000000000000e+00 5.100000000000000000e+01 nan
-6.000000000000000000e+00 3.500000000000000000e+01 nan
-6.000000000000000000e+00 3.600000000000000000e+01 nan
-6.000000000000000000e+00 3.700000000000000000e+01 nan
-6.000000000000000000e+00 3.800000000000000000e+01 nan
-6.000000000000000000e+00 3.900000000000000000e+01 nan
-6.000000000000000000e+00 4.000000000000000000e+01 nan
-6.000000000000000000e+00 4.100000000000000000e+01 nan
-6.000000000000000000e+00 4.200000000000000000e+01 nan
-6.000000000000000000e+00 4.300000000000000000e+01 nan
-6.000000000000000000e+00 4.400000000000000000e+01 nan
-6.000000000000000000e+00 4.500000000000000000e+01 nan
-6.000000000000000000e+00 4.600000000000000000e+01 nan
-6.000000000000000000e+00 4.700000000000000000e+01 nan
-6.000000000000000000e+00 4.800000000000000000e+01 nan
-6.000000000000000000e+00 4.900000000000000000e+01 nan
-6.000000000000000000e+00 5.000000000000000000e+01 nan
-6.000000000000000000e+00 5.100000000000000000e+01 nan
