Longitude[deg], Latitude[deg], Dust optical depth
-4.800000000000000000e+01 -3.800000000000000000e+01 8.845569038488616531e-01
-4.800000000000000000e+01 -3.700000000000000000e+01 9.627500923098496477e-01
-4.800000000000000000e+01 -3.600000000000000000e+01 9.256020387783228109e-01
-4.800000000000000000e+01 -3.500000000000000000e+01 8.084128651289143042e-01
-4.800000000000000000e+01 -3.400000000000000000e+01 7.824705255868705800e-01
-4.800000000000000000e+01 -3.300000000000000000e+01 7.404435219264131618e-01
-4.800000000000000000e+01 -3.200000000000000000e+01 9.074782516594330772e-01
-4.800000000000000000e+01 -3.100000000000000000e+01 1.153299353681437545e+00
-4.800000000000000000e+01 -3.000000000000000000e+01 1.070984770041342404e+00
-4.800000000000000000e+01 -2.900000000000000000e+01 1.035184701949224628e+00
-4.800000000000000000e+01 -2.800000000000000000e+01 1.022757082336927414e+00
-4.800000000000000000e+01 -2.700000000000000000e+01 9.344825925679455247e-01
-4.800000000000000000e+01 -2.600000000000000000e+01 1.017958215538324440e+00
-4.800000000000000000e+01 -2.500000000000000000e+01 1.055888946502242520e+00
-4.800000000000000000e+01 -2.400000000000000000e+01 1.059537838094535278e+00
-4.800000000000000000e+01 -2.300000000000000000e+01 1.072705701313265703e+00
-4.800000000000000000e+01 -2.200000000000000000e+01 1.040611845690484927e+00
-4.800000000000000000e+01 -2.100000000000000000e+01 8.794308396949332973e-01
-4.800000000000000000e+01 -2.000000000000000000e+01 9.134414499430288936e-01
-4.800000000000000000e+01 -1.900000000000000000e+01 1.085952219627106974e+00
-4.800000000000000000e+01 -1.800000000000000000e+01 1.119244964715617741e+00
-4.800000000000000000e+01 -1.700000000000000000e+01 7.961320123858209863e-01
-4.800000000000000000e+01 -1.600000000000000000e+01 7.314183275385709448e-01
-4.800000000000000000e+01 -1.500000000000000000e+01 8.752137181213421879e-01
-4.800000000000000000e+01 -1.400000000000000000e+01 1.192801467738977772e+00
-4.800000000000000000e+01 -1.300000000000000000e+01 1.267810880528543960e+00
-4.800000000000000000e+01 -1.200000000000000000e+01 nan
-4.700000000000000000e+01 -3.800000000000000000e+01 8.845569038488616531e-01
-4.700000000000000000e+01 -3.700000000000000000e+01 9.636909814797951501e-01
-4.700000000000000000e+01 -3.600000000000000000e+01 9.160308412359979835e-01
-4.700000000000000000e+01 -3.500000000000000000e+01 8.146434745880267725e-01
-4.700000000000000000e+01 -3.400000000000000000e+01 7.858151828447421661e-01
-4.700000000000000000e+01 -3.300000000000000000e+01 7.284171454947622193e-01
-4.700000000000000000e+01 -3.200000000000000000e+01 9.086701784848674190e-01
-4.700000000000000000e+01 -3.100000000000000000e+01 1.157429456593700445e+00
-4.700000000000000000e+01 -3.000000000000000000e+01 1.060122584140424484e+00
-4.700000000000000000e+01 -2.900000000000000000e+01 1.029349365147311346e+00
-4.700000000000000000e+01 -2.800000000000000000e+01 1.004314774405451249e+00
-4.700000000000000000e+01 -2.700000000000000000e+01 9.380832751932555169e-01
-4.700000000000000000e+01 -2.600000000000000000e+01 1.030728109039949159e+00
-4.700000000000000000e+01 -2.500000000000000000e+01 1.046187038417533355e+00
-4.700000000000000000e+01 -2.400000000000000000e+01 1.028367299416928837e+00
-4.700000000000000000e+01 -2.300000000000000000e+01 1.058087809793716083e+00
-4.700000000000000000e+01 -2.200000000000000000e+01 1.028734956777240361e+00
-4.700000000000000000e+01 -2.100000000000000000e+01 8.871323589225844630e-01
-4.700000000000000000e+01 -2.000000000000000000e+01 9.083154186478702430e-01
-4.700000000000000000e+01 -1.900000000000000000e+01 1.064367855215427650e+00
-4.700000000000000000e+01 -1.800000000000000000e+01 1.119849217945265485e+00
-4.700000000000000000e+01 -1.700000000000000000e+01 8.154760717281017701e-01
-4.700000000000000000e+01 -1.600000000000000000e+01 7.291066452350275506e-01
-4.700000000000000000e+01 -1.500000000000000000e+01 8.650124428933441134e-01
-4.700000000000000000e+01 -1.400000000000000000e+01 1.184338054042297417e+00
-4.700000000000000000e+01 -1.300000000000000000e+01 1.262724061633746286e+00
-4.700000000000000000e+01 -1.200000000000000000e+01 nan
-4.600000000000000000e+01 -3.800000000000000000e+01 nan
-4.600000000000000000e+01 -3.700000000000000000e+01 nan
-4.600000000000000000e+01 -3.600000000000000000e+01 8.484368654837950441e-01
-4.600000000000000000e+01 -3.500000000000000000e+01 8.696176124901212612e-01
-4.600000000000000000e+01 -3.400000000000000000e+01 7.977578920846613020e-01
-4.600000000000000000e+01 -3.300000000000000000e+01 6.914287227315295548e-01
-4.600000000000000000e+01 -3.200000000000000000e+01 9.134425989195810169e-01
-4.600000000000000000e+01 -3.100000000000000000e+01 1.169538647974548651e+00
-4.600000000000000000e+01 -3.000000000000000000e+01 1.046445916720546654e+00
-4.600000000000000000e+01 -2.900000000000000000e+01 1.009148300291131672e+00
-4.600000000000000000e+01 -2.800000000000000000e+01 9.746463963770882755e-01
-4.600000000000000000e+01 -2.700000000000000000e+01 9.415330049432588666e-01
-4.600000000000000000e+01 -2.600000000000000000e+01 1.050912561907066722e+00
-4.600000000000000000e+01 -2.500000000000000000e+01 1.035640910945988313e+00
-4.600000000000000000e+01 -2.400000000000000000e+01 9.876179275407905855e-01
-4.600000000000000000e+01 -2.300000000000000000e+01 1.041582097960105147e+00
-4.600000000000000000e+01 -2.200000000000000000e+01 9.943725488423353909e-01
-4.600000000000000000e+01 -2.100000000000000000e+01 8.910131201982390836e-01
-4.600000000000000000e+01 -2.000000000000000000e+01 8.879097838664103959e-01
-4.600000000000000000e+01 -1.900000000000000000e+01 1.038235048121566972e+00
-4.600000000000000000e+01 -1.800000000000000000e+01 1.122511291553210055e+00
-4.600000000000000000e+01 -1.700000000000000000e+01 9.497233555354802625e-01
-4.600000000000000000e+01 -1.600000000000000000e+01 7.218870284624011591e-01
-4.600000000000000000e+01 -1.500000000000000000e+01 8.239102900730286283e-01
-4.600000000000000000e+01 -1.400000000000000000e+01 9.202302096484744620e-01
-4.600000000000000000e+01 -1.300000000000000000e+01 1.249819897084143205e+00
-4.600000000000000000e+01 -1.200000000000000000e+01 nan
