Longitude[deg], Latitude[deg], Dust optical depth
-8.200000000000000000e+01 7.000000000000000000e+00 nan
-8.200000000000000000e+01 8.000000000000000000e+00 nan
-8.200000000000000000e+01 9.000000000000000000e+00 nan
-8.200000000000000000e+01 1.000000000000000000e+01 nan
-8.200000000000000000e+01 1.100000000000000000e+01 nan
-8.200000000000000000e+01 1.200000000000000000e+01 nan
-8.200000000000000000e+01 1.300000000000000000e+01 nan
-8.200000000000000000e+01 1.400000000000000000e+01 nan
-8.200000000000000000e+01 1.500000000000000000e+01 nan
-8.200000000000000000e+01 1.600000000000000000e+01 nan
-8.200000000000000000e+01 1.700000000000000000e+01 nan
-8.200000000000000000e+01 1.800000000000000000e+01 nan
-8.200000000000000000e+01 1.900000000000000000e+01 nan
-8.200000000000000000e+01 2.000000000000000000e+01 nan
-8.200000000000000000e+01 2.100000000000000000e+01 nan
-8.200000000000000000e+01 2.200000000000000000e+01 nan
-8.200000000000000000e+01 2.300000000000000000e+01 nan
-8.200000000000000000e+01 2.400000000000000000e+01 nan
-8.200000000000000000e+01 2.500000000000000000e+01 3.437277328046247082e-01
-8.200000000000000000e+01 2.600000000000000000e+01 3.520530813302130690e-01
-8.200000000000000000e+01 2.700000000000000000e+01 nan
-8.100000000000000000e+01 7.000000000000000000e+00 nan
-8.100000000000000000e+01 8.000000000000000000e+00 nan
-8.100000000000000000e+01 9.000000000000000000e+00 nan
-8.100000000000000000e+01 1.000000000000000000e+01 nan
-8.100000000000000000e+01 1.100000000000000000e+01 nan
-8.100000000000000000e+01 1.200000000000000000e+01 nan
-8.100000000000000000e+01 1.300000000000000000e+01 nan
-8.100000000000000000e+01 1.400000000000000000e+01 nan
-8.100000000000000000e+01 1.500000000000000000e+01 5.544871512657808532e-01
-8.100000000000000000e+01 1.600000000000000000e+01 4.855358059444919161e-01
-8.100000000000000000e+01 1.700000000000000000e+01 3.288977869974966661e-01
-8.100000000000000000e+01 1.800000000000000000e+01 4.367494886424069800e-01
-8.100000000000000000e+01 1.900000000000000000e+01 4.068698617371883652e-01
-8.100000000000000000e+01 2.000000000000000000e+01 4.165692778373997207e-01
-8.100000000000000000e+01 2.100000000000000000e+01 4.042257306242274528e-01
-8.100000000000000000e+01 2.200000000000000000e+01 3.642582123092031887e-01
-8.100000000000000000e+01 2.300000000000000000e+01 3.203633277190112150e-01
-8.100000000000000000e+01 2.400000000000000000e+01 3.086928852709600046e-01
-8.100000000000000000e+01 2.500000000000000000e+01 3.353466112228887797e-01
-8.100000000000000000e+01 2.600000000000000000e+01 3.521514921837646250e-01
-8.100000000000000000e+01 2.700000000000000000e+01 nan
-8.000000000000000000e+01 7.000000000000000000e+00 6.638965920683236321e-01
-8.000000000000000000e+01 8.000000000000000000e+00 5.136536792889386804e-01
-8.000000000000000000e+01 9.000000000000000000e+00 3.918267608303738214e-01
-8.000000000000000000e+01 1.000000000000000000e+01 3.786254253718624452e-01
-8.000000000000000000e+01 1.100000000000000000e+01 5.057200917084887504e-01
-8.000000000000000000e+01 1.200000000000000000e+01 5.620008164684096030e-01
-8.000000000000000000e+01 1.300000000000000000e+01 5.262840321444423042e-01
-8.000000000000000000e+01 1.400000000000000000e+01 5.280103181229843790e-01
-8.000000000000000000e+01 1.500000000000000000e+01 5.476664028163461539e-01
-8.000000000000000000e+01 1.600000000000000000e+01 5.208162080446360198e-01
-8.000000000000000000e+01 1.700000000000000000e+01 3.863595454870405455e-01
-8.000000000000000000e+01 1.800000000000000000e+01 3.983580597966364101e-01
-8.000000000000000000e+01 1.900000000000000000e+01 4.049266421807333205e-01
-8.000000000000000000e+01 2.000000000000000000e+01 4.175691478172935955e-01
-8.000000000000000000e+01 2.100000000000000000e+01 3.802410953523332471e-01
-8.000000000000000000e+01 2.200000000000000000e+01 3.638025355280840034e-01
-8.000000000000000000e+01 2.300000000000000000e+01 3.122597998125601348e-01
-8.000000000000000000e+01 2.400000000000000000e+01 3.080681882388041637e-01
-8.000000000000000000e+01 2.500000000000000000e+01 3.343887258631242920e-01
-8.000000000000000000e+01 2.600000000000000000e+01 3.618042091171547181e-01
-8.000000000000000000e+01 2.700000000000000000e+01 3.168331828122182281e-01
-7.900000000000000000e+01 7.000000000000000000e+00 6.675659464820197231e-01
-7.900000000000000000e+01 8.000000000000000000e+00 5.954304605828242281e-01
-7.900000000000000000e+01 9.000000000000000000e+00 4.902633956058259912e-01
-7.900000000000000000e+01 1.000000000000000000e+01 4.367452328107035431e-01
-7.900000000000000000e+01 1.100000000000000000e+01 5.360822373714424494e-01
-7.900000000000000000e+01 1.200000000000000000e+01 5.492745965185016344e-01
-7.900000000000000000e+01 1.300000000000000000e+01 4.909103356376203764e-01
-7.900000000000000000e+01 1.400000000000000000e+01 5.484373121800366624e-01
-7.900000000000000000e+01 1.500000000000000000e+01 5.720224168691560029e-01
-7.900000000000000000e+01 1.600000000000000000e+01 5.293411322233270155e-01
-7.900000000000000000e+01 1.700000000000000000e+01 3.599529227820607580e-01
-7.900000000000000000e+01 1.800000000000000000e+01 3.641014668463646298e-01
-7.900000000000000000e+01 1.900000000000000000e+01 3.985037791565443910e-01
-7.900000000000000000e+01 2.000000000000000000e+01 4.031170411814393173e-01
-7.900000000000000000e+01 2.100000000000000000e+01 3.713377867594017112e-01
-7.900000000000000000e+01 2.200000000000000000e+01 3.664563567194189520e-01
-7.900000000000000000e+01 2.300000000000000000e+01 3.132791472242807962e-01
-7.900000000000000000e+01 2.400000000000000000e+01 2.978443471385508468e-01
-7.900000000000000000e+01 2.500000000000000000e+01 3.334742482148053688e-01
-7.900000000000000000e+01 2.600000000000000000e+01 3.624380326943852371e-01
-7.900000000000000000e+01 2.700000000000000000e+01 3.156478847788392050e-01
-7.800000000000000000e+01 7.000000000000000000e+00 6.634277474262734176e-01
-7.800000000000000000e+01 8.000000000000000000e+00 6.313098093196659599e-01
-7.800000000000000000e+01 9.000000000000000000e+00 5.759008443391074872e-01
-7.800000000000000000e+01 1.000000000000000000e+01 5.252080077967945515e-01
-7.800000000000000000e+01 1.100000000000000000e+01 5.434213354574387589e-01
-7.800000000000000000e+01 1.200000000000000000e+01 5.397605366938905691e-01
-7.800000000000000000e+01 1.300000000000000000e+01 4.817906506548921830e-01
-7.800000000000000000e+01 1.400000000000000000e+01 5.894050303568977300e-01
-7.800000000000000000e+01 1.500000000000000000e+01 5.917485387374000760e-01
-7.800000000000000000e+01 1.600000000000000000e+01 5.289143714572812627e-01
-7.800000000000000000e+01 1.700000000000000000e+01 3.193860728718026509e-01
-7.800000000000000000e+01 1.800000000000000000e+01 3.329128738900681839e-01
-7.800000000000000000e+01 1.900000000000000000e+01 3.743191588984144391e-01
-7.800000000000000000e+01 2.000000000000000000e+01 3.697695196331902134e-01
-7.800000000000000000e+01 2.100000000000000000e+01 3.708027870876398624e-01
-7.800000000000000000e+01 2.200000000000000000e+01 3.683346987336271749e-01
-7.800000000000000000e+01 2.300000000000000000e+01 3.149303863080267774e-01
-7.800000000000000000e+01 2.400000000000000000e+01 2.930973453458826095e-01
-7.800000000000000000e+01 2.500000000000000000e+01 3.263815743350101384e-01
-7.800000000000000000e+01 2.600000000000000000e+01 3.607118596113324527e-01
-7.800000000000000000e+01 2.700000000000000000e+01 3.094887082892108232e-01
-7.700000000000000000e+01 7.000000000000000000e+00 5.141982715965811579e-01
-7.700000000000000000e+01 8.000000000000000000e+00 5.172524916657136318e-01
-7.700000000000000000e+01 9.000000000000000000e+00 6.126364699390995927e-01
-7.700000000000000000e+01 1.000000000000000000e+01 5.769727883771277321e-01
-7.700000000000000000e+01 1.100000000000000000e+01 4.379460230069737170e-01
-7.700000000000000000e+01 1.200000000000000000e+01 5.440529603140121795e-01
-7.700000000000000000e+01 1.300000000000000000e+01 5.334656305155013323e-01
-7.700000000000000000e+01 1.400000000000000000e+01 5.353187334375925088e-01
-7.700000000000000000e+01 1.500000000000000000e+01 5.976073012545658480e-01
-7.700000000000000000e+01 1.600000000000000000e+01 5.259945529676306464e-01
-7.700000000000000000e+01 1.700000000000000000e+01 2.857764561657723523e-01
-7.700000000000000000e+01 1.800000000000000000e+01 3.305953620776906354e-01
-7.700000000000000000e+01 1.900000000000000000e+01 nan
-7.700000000000000000e+01 2.000000000000000000e+01 nan
-7.700000000000000000e+01 2.100000000000000000e+01 nan
-7.700000000000000000e+01 2.200000000000000000e+01 nan
-7.700000000000000000e+01 2.300000000000000000e+01 nan
-7.700000000000000000e+01 2.400000000000000000e+01 nan
-7.700000000000000000e+01 2.500000000000000000e+01 nan
-7.700000000000000000e+01 2.600000000000000000e+01 nan
-7.700000000000000000e+01 2.700000000000000000e+01 nan
