Longitude[deg], Latitude[deg], Dust optical depth
7.700000000000000000e+01 -4.900000000000000000e+01 5.399446669964770962e+00
7.700000000000000000e+01 -4.800000000000000000e+01 5.677219698950854543e+00
7.700000000000000000e+01 -4.700000000000000000e+01 6.028145100170999804e+00
7.700000000000000000e+01 -4.600000000000000000e+01 6.094896769018713023e+00
7.700000000000000000e+01 -4.500000000000000000e+01 5.822515090233149948e+00
7.700000000000000000e+01 -4.400000000000000000e+01 5.462869629077699685e+00
7.700000000000000000e+01 -4.300000000000000000e+01 5.550873261665475233e+00
7.700000000000000000e+01 -4.200000000000000000e+01 5.935008040564523135e+00
7.700000000000000000e+01 -4.100000000000000000e+01 6.158878749750337001e+00
7.700000000000000000e+01 -4.000000000000000000e+01 6.214755247996826881e+00
7.700000000000000000e+01 -3.900000000000000000e+01 6.266290145005100953e+00
7.700000000000000000e+01 -3.800000000000000000e+01 6.379022368171135327e+00
7.700000000000000000e+01 -3.700000000000000000e+01 6.227977217724318670e+00
7.700000000000000000e+01 -3.600000000000000000e+01 6.113856285287348591e+00
7.700000000000000000e+01 -3.500000000000000000e+01 6.120078429877439774e+00
7.700000000000000000e+01 -3.400000000000000000e+01 6.135771110154307983e+00
7.700000000000000000e+01 -3.300000000000000000e+01 6.087535497574756427e+00
7.700000000000000000e+01 -3.200000000000000000e+01 5.755661799525207734e+00
7.700000000000000000e+01 -3.100000000000000000e+01 5.540507692053026290e+00
7.700000000000000000e+01 -3.000000000000000000e+01 5.406528431163440729e+00
7.700000000000000000e+01 -2.900000000000000000e+01 5.518720149884281057e+00
7.700000000000000000e+01 -2.800000000000000000e+01 5.509239372964882087e+00
7.700000000000000000e+01 -2.700000000000000000e+01 5.451325087854952400e+00
7.700000000000000000e+01 -2.600000000000000000e+01 5.268970330576438599e+00
7.700000000000000000e+01 -2.500000000000000000e+01 5.081555184925151458e+00
7.700000000000000000e+01 -2.400000000000000000e+01 5.093926965060383338e+00
7.700000000000000000e+01 -2.300000000000000000e+01 5.137507436644431102e+00
7.700000000000000000e+01 -2.200000000000000000e+01 nan
7.800000000000000000e+01 -4.900000000000000000e+01 5.399446669964770962e+00
7.800000000000000000e+01 -4.800000000000000000e+01 5.677219698950854543e+00
7.800000000000000000e+01 -4.700000000000000000e+01 6.028145100170999804e+00
7.800000000000000000e+01 -4.600000000000000000e+01 6.094896769018713023e+00
7.800000000000000000e+01 -4.500000000000000000e+01 5.822515090233149948e+00
7.800000000000000000e+01 -4.400000000000000000e+01 5.463205205561290079e+00
7.800000000000000000e+01 -4.300000000000000000e+01 5.570308096012408505e+00
7.800000000000000000e+01 -4.200000000000000000e+01 5.937558381666649510e+00
7.800000000000000000e+01 -4.100000000000000000e+01 6.142580405310604341e+00
7.800000000000000000e+01 -4.000000000000000000e+01 6.213166865718251053e+00
7.800000000000000000e+01 -3.900000000000000000e+01 6.269549797420320481e+00
7.800000000000000000e+01 -3.800000000000000000e+01 6.351588669322802971e+00
7.800000000000000000e+01 -3.700000000000000000e+01 6.213854627177346934e+00
7.800000000000000000e+01 -3.600000000000000000e+01 6.195112731158871178e+00
7.800000000000000000e+01 -3.500000000000000000e+01 6.125601520758624297e+00
7.800000000000000000e+01 -3.400000000000000000e+01 6.125467992420609242e+00
7.800000000000000000e+01 -3.300000000000000000e+01 6.029864008508039497e+00
7.800000000000000000e+01 -3.200000000000000000e+01 5.745865546068372076e+00
7.800000000000000000e+01 -3.100000000000000000e+01 5.502234567131780274e+00
7.800000000000000000e+01 -3.000000000000000000e+01 5.404871994280791903e+00
7.800000000000000000e+01 -2.900000000000000000e+01 5.507475163308516386e+00
7.800000000000000000e+01 -2.800000000000000000e+01 5.507471318168078334e+00
7.800000000000000000e+01 -2.700000000000000000e+01 5.433098262066466511e+00
7.800000000000000000e+01 -2.600000000000000000e+01 5.248533495409380301e+00
7.800000000000000000e+01 -2.500000000000000000e+01 5.068014478149966529e+00
7.800000000000000000e+01 -2.400000000000000000e+01 5.070275346073353617e+00
7.800000000000000000e+01 -2.300000000000000000e+01 5.138861129036139452e+00
7.800000000000000000e+01 -2.200000000000000000e+01 nan
7.900000000000000000e+01 -4.900000000000000000e+01 nan
7.900000000000000000e+01 -4.800000000000000000e+01 nan
7.900000000000000000e+01 -4.700000000000000000e+01 nan
7.900000000000000000e+01 -4.600000000000000000e+01 nan
7.900000000000000000e+01 -4.500000000000000000e+01 nan
7.900000000000000000e+01 -4.400000000000000000e+01 nan
7.900000000000000000e+01 -4.300000000000000000e+01 5.670225688966129773e+00
7.900000000000000000e+01 -4.200000000000000000e+01 5.941205131125554928e+00
7.900000000000000000e+01 -4.100000000000000000e+01 6.075966898198082333e+00
7.900000000000000000e+01 -4.000000000000000000e+01 6.211820948799299025e+00
7.900000000000000000e+01 -3.900000000000000000e+01 6.317724266800016863e+00
7.900000000000000000e+01 -3.800000000000000000e+01 6.285780092628169946e+00
7.900000000000000000e+01 -3.700000000000000000e+01 6.188519323670400141e+00
7.900000000000000000e+01 -3.600000000000000000e+01 6.206006905858225231e+00
7.900000000000000000e+01 -3.500000000000000000e+01 6.132418471086627854e+00
7.900000000000000000e+01 -3.400000000000000000e+01 6.115941426847206763e+00
7.900000000000000000e+01 -3.300000000000000000e+01 5.983946101960317066e+00
7.900000000000000000e+01 -3.200000000000000000e+01 5.742251900392371766e+00
7.900000000000000000e+01 -3.100000000000000000e+01 5.488946162809234863e+00
7.900000000000000000e+01 -3.000000000000000000e+01 5.402936006494281074e+00
7.900000000000000000e+01 -2.900000000000000000e+01 5.501599052091977526e+00
7.900000000000000000e+01 -2.800000000000000000e+01 5.506451337362218368e+00
7.900000000000000000e+01 -2.700000000000000000e+01 5.423632661845646297e+00
7.900000000000000000e+01 -2.600000000000000000e+01 5.231076878088441795e+00
7.900000000000000000e+01 -2.500000000000000000e+01 5.059607620429702912e+00
7.900000000000000000e+01 -2.400000000000000000e+01 5.057789171599227807e+00
7.900000000000000000e+01 -2.300000000000000000e+01 5.139533850562214568e+00
7.900000000000000000e+01 -2.200000000000000000e+01 nan
