Longitude[deg], Latitude[deg], Dust optical depth
9.000000000000000000e+01 -2.700000000000000000e+01 nan
9.000000000000000000e+01 -2.600000000000000000e+01 nan
9.000000000000000000e+01 -2.500000000000000000e+01 nan
9.000000000000000000e+01 -2.400000000000000000e+01 nan
9.000000000000000000e+01 -2.300000000000000000e+01 nan
9.000000000000000000e+01 -2.200000000000000000e+01 nan
9.000000000000000000e+01 -2.100000000000000000e+01 nan
9.000000000000000000e+01 -2.000000000000000000e+01 nan
9.000000000000000000e+01 -1.900000000000000000e+01 nan
9.000000000000000000e+01 -1.800000000000000000e+01 nan
9.000000000000000000e+01 -1.700000000000000000e+01 nan
9.000000000000000000e+01 -1.600000000000000000e+01 nan
9.000000000000000000e+01 -1.500000000000000000e+01 nan
9.000000000000000000e+01 -1.400000000000000000e+01 nan
9.000000000000000000e+01 -1.300000000000000000e+01 nan
9.000000000000000000e+01 -1.200000000000000000e+01 nan
9.000000000000000000e+01 -1.100000000000000000e+01 7.062497211084881599e-01
9.000000000000000000e+01 -1.000000000000000000e+01 5.936613088315056963e-01
9.000000000000000000e+01 -9.000000000000000000e+00 6.814371175729099228e-01
9.000000000000000000e+01 -8.000000000000000000e+00 7.984728210274397719e-01
9.000000000000000000e+01 -7.000000000000000000e+00 7.984728210274397719e-01
9.000000000000000000e+01 -6.000000000000000000e+00 8.084770329411095080e-01
9.000000000000000000e+01 -5.000000000000000000e+00 8.497669194205368370e-01
9.000000000000000000e+01 -4.000000000000000000e+00 9.226478156789074125e-01
9.000000000000000000e+01 -3.000000000000000000e+00 1.140411743625841190e+00
9.000000000000000000e+01 -2.000000000000000000e+00 1.178058342355391863e+00
9.000000000000000000e+01 -1.000000000000000000e+00 1.375928364411166172e+00
9.000000000000000000e+01 0.000000000000000000e+00 nan
9.100000000000000000e+01 -2.700000000000000000e+01 1.061859885659118596e+00
9.100000000000000000e+01 -2.600000000000000000e+01 1.116548127174330052e+00
9.100000000000000000e+01 -2.500000000000000000e+01 1.380282556202334421e+00
9.100000000000000000e+01 -2.400000000000000000e+01 1.450414674398392778e+00
9.100000000000000000e+01 -2.300000000000000000e+01 1.687804665641422064e+00
9.100000000000000000e+01 -2.200000000000000000e+01 1.679828785506424671e+00
9.100000000000000000e+01 -2.100000000000000000e+01 1.631840547076541137e+00
9.100000000000000000e+01 -2.000000000000000000e+01 1.459371654356574233e+00
9.100000000000000000e+01 -1.900000000000000000e+01 1.054507992607790268e+00
9.100000000000000000e+01 -1.800000000000000000e+01 8.299703943206315770e-01
9.100000000000000000e+01 -1.700000000000000000e+01 8.204756906999063348e-01
9.100000000000000000e+01 -1.600000000000000000e+01 8.635901378572691245e-01
9.100000000000000000e+01 -1.500000000000000000e+01 8.319235848483382822e-01
9.100000000000000000e+01 -1.400000000000000000e+01 8.292068098338162274e-01
9.100000000000000000e+01 -1.300000000000000000e+01 7.537847696935695563e-01
9.100000000000000000e+01 -1.200000000000000000e+01 6.515220092304183641e-01
9.100000000000000000e+01 -1.100000000000000000e+01 6.421361822860303104e-01
9.100000000000000000e+01 -1.000000000000000000e+01 7.003859250245237922e-01
9.100000000000000000e+01 -9.000000000000000000e+00 6.512489375239843836e-01
9.100000000000000000e+01 -8.000000000000000000e+00 7.606080549020363124e-01
9.100000000000000000e+01 -7.000000000000000000e+00 7.978829872837190917e-01
9.100000000000000000e+01 -6.000000000000000000e+00 8.135267223408485515e-01
9.100000000000000000e+01 -5.000000000000000000e+00 8.210871303676460231e-01
9.100000000000000000e+01 -4.000000000000000000e+00 9.053228141325764255e-01
9.100000000000000000e+01 -3.000000000000000000e+00 1.105559488616890018e+00
9.100000000000000000e+01 -2.000000000000000000e+00 1.165059247865960934e+00
9.100000000000000000e+01 -1.000000000000000000e+00 1.366706788707948039e+00
9.100000000000000000e+01 0.000000000000000000e+00 nan
9.200000000000000000e+01 -2.700000000000000000e+01 1.061859885659118596e+00
9.200000000000000000e+01 -2.600000000000000000e+01 1.116548127174330052e+00
9.200000000000000000e+01 -2.500000000000000000e+01 1.380282556202334421e+00
9.200000000000000000e+01 -2.400000000000000000e+01 1.450414674398392778e+00
9.200000000000000000e+01 -2.300000000000000000e+01 1.687804665641422064e+00
9.200000000000000000e+01 -2.200000000000000000e+01 1.679828785506424671e+00
9.200000000000000000e+01 -2.100000000000000000e+01 1.631840547076541137e+00
9.200000000000000000e+01 -2.000000000000000000e+01 1.459371654356574233e+00
9.200000000000000000e+01 -1.900000000000000000e+01 1.054507992607790268e+00
9.200000000000000000e+01 -1.800000000000000000e+01 8.299703943206315770e-01
9.200000000000000000e+01 -1.700000000000000000e+01 8.204756906999063348e-01
9.200000000000000000e+01 -1.600000000000000000e+01 8.635901378572691245e-01
9.200000000000000000e+01 -1.500000000000000000e+01 8.319235848483382822e-01
9.200000000000000000e+01 -1.400000000000000000e+01 8.292068098338162274e-01
9.200000000000000000e+01 -1.300000000000000000e+01 7.537847696935695563e-01
9.200000000000000000e+01 -1.200000000000000000e+01 6.510094922740796708e-01
9.200000000000000000e+01 -1.100000000000000000e+01 6.403133548219938076e-01
9.200000000000000000e+01 -1.000000000000000000e+01 7.184759764142067962e-01
9.200000000000000000e+01 -9.000000000000000000e+00 6.493558176629786738e-01
9.200000000000000000e+01 -8.000000000000000000e+00 7.459230244847063762e-01
9.200000000000000000e+01 -7.000000000000000000e+00 7.978070186786161422e-01
9.200000000000000000e+01 -6.000000000000000000e+00 8.162141864012064651e-01
9.200000000000000000e+01 -5.000000000000000000e+00 8.083936920213933286e-01
9.200000000000000000e+01 -4.000000000000000000e+00 8.785963455580479975e-01
9.200000000000000000e+01 -3.000000000000000000e+00 1.077082862965562660e+00
9.200000000000000000e+01 -2.000000000000000000e+00 1.149603009372773821e+00
9.200000000000000000e+01 -1.000000000000000000e+00 1.157022487697315416e+00
9.200000000000000000e+01 0.000000000000000000e+00 nan
