Longitude[deg], Latitude[deg], Dust optical depth
-1.250000000000000000e+02 -5.700000000000000000e+01 3.181479233910261772e+00
-1.250000000000000000e+02 -5.600000000000000000e+01 3.418542146426056583e+00
-1.250000000000000000e+02 -5.500000000000000000e+01 3.572689624221021099e+00
-1.250000000000000000e+02 -5.400000000000000000e+01 3.738494033331627442e+00
-1.250000000000000000e+02 -5.300000000000000000e+01 nan
-1.250000000000000000e+02 -5.200000000000000000e+01 nan
-1.250000000000000000e+02 -5.100000000000000000e+01 nan
-1.250000000000000000e+02 -5.000000000000000000e+01 nan
-1.250000000000000000e+02 -4.900000000000000000e+01 nan
-1.250000000000000000e+02 -4.800000000000000000e+01 nan
-1.250000000000000000e+02 -4.700000000000000000e+01 nan
-1.250000000000000000e+02 -4.600000000000000000e+01 nan
-1.250000000000000000e+02 -4.500000000000000000e+01 nan
-1.250000000000000000e+02 -4.400000000000000000e+01 nan
-1.250000000000000000e+02 -4.300000000000000000e+01 nan
-1.250000000000000000e+02 -4.200000000000000000e+01 nan
-1.250000000000000000e+02 -4.100000000000000000e+01 nan
-1.250000000000000000e+02 -4.000000000000000000e+01 nan
-1.250000000000000000e+02 -3.900000000000000000e+01 nan
-1.250000000000000000e+02 -3.800000000000000000e+01 nan
-1.250000000000000000e+02 -3.700000000000000000e+01 nan
-1.250000000000000000e+02 -3.600000000000000000e+01 nan
-1.250000000000000000e+02 -3.500000000000000000e+01 nan
-1.250000000000000000e+02 -3.400000000000000000e+01 nan
-1.250000000000000000e+02 -3.300000000000000000e+01 nan
-1.250000000000000000e+02 -3.200000000000000000e+01 nan
-1.250000000000000000e+02 -3.100000000000000000e+01 nan
-1.250000000000000000e+02 -3.000000000000000000e+01 nan
-1.240000000000000000e+02 -5.700000000000000000e+01 3.206358064545788977e+00
-1.240000000000000000e+02 -5.600000000000000000e+01 3.446754960298092474e+00
-1.240000000000000000e+02 -5.500000000000000000e+01 3.506045835243953857e+00
-1.240000000000000000e+02 -5.400000000000000000e+01 3.707461628944064724e+00
-1.240000000000000000e+02 -5.300000000000000000e+01 3.732407586337913141e+00
-1.240000000000000000e+02 -5.200000000000000000e+01 3.771662188933470716e+00
-1.240000000000000000e+02 -5.100000000000000000e+01 3.700832925339427426e+00
-1.240000000000000000e+02 -5.000000000000000000e+01 3.931143169624872868e+00
-1.240000000000000000e+02 -4.900000000000000000e+01 4.020098992508737368e+00
-1.240000000000000000e+02 -4.800000000000000000e+01 4.226810318779814502e+00
-1.240000000000000000e+02 -4.700000000000000000e+01 4.372093307594909106e+00
-1.240000000000000000e+02 -4.600000000000000000e+01 4.323770451386777403e+00
-1.240000000000000000e+02 -4.500000000000000000e+01 4.511372068580455696e+00
-1.240000000000000000e+02 -4.400000000000000000e+01 4.546337969312093996e+00
-1.240000000000000000e+02 -4.300000000000000000e+01 4.685602243089300956e+00
-1.240000000000000000e+02 -4.200000000000000000e+01 4.693765813191661529e+00
-1.240000000000000000e+02 -4.100000000000000000e+01 4.938253200994357606e+00
-1.240000000000000000e+02 -4.000000000000000000e+01 5.347080161386211117e+00
-1.240000000000000000e+02 -3.900000000000000000e+01 5.628143067736650629e+00
-1.240000000000000000e+02 -3.800000000000000000e+01 5.923693297040853345e+00
-1.240000000000000000e+02 -3.700000000000000000e+01 5.954471551956124209e+00
-1.240000000000000000e+02 -3.600000000000000000e+01 5.840289302301752805e+00
-1.240000000000000000e+02 -3.500000000000000000e+01 5.755390798509736783e+00
-1.240000000000000000e+02 -3.400000000000000000e+01 5.740005603138230050e+00
-1.240000000000000000e+02 -3.300000000000000000e+01 5.729980497888522706e+00
-1.240000000000000000e+02 -3.200000000000000000e+01 5.763289219534590835e+00
-1.240000000000000000e+02 -3.100000000000000000e+01 5.897297899893167994e+00
-1.240000000000000000e+02 -3.000000000000000000e+01 nan
-1.230000000000000000e+02 -5.700000000000000000e+01 3.221112119813978047e+00
-1.230000000000000000e+02 -5.600000000000000000e+01 3.459890668131891722e+00
-1.230000000000000000e+02 -5.500000000000000000e+01 3.479749679784773786e+00
-1.230000000000000000e+02 -5.400000000000000000e+01 3.705485347977772737e+00
-1.230000000000000000e+02 -5.300000000000000000e+01 3.732407586337913141e+00
-1.230000000000000000e+02 -5.200000000000000000e+01 3.771662188933470716e+00
-1.230000000000000000e+02 -5.100000000000000000e+01 3.700832925339427426e+00
-1.230000000000000000e+02 -5.000000000000000000e+01 3.931143169624872868e+00
-1.230000000000000000e+02 -4.900000000000000000e+01 4.020098992508737368e+00
-1.230000000000000000e+02 -4.800000000000000000e+01 4.362092865387798390e+00
-1.230000000000000000e+02 -4.700000000000000000e+01 4.371753669353370952e+00
-1.230000000000000000e+02 -4.600000000000000000e+01 4.328517083449177072e+00
-1.230000000000000000e+02 -4.500000000000000000e+01 4.509239442405066356e+00
-1.230000000000000000e+02 -4.400000000000000000e+01 4.544063007440170665e+00
-1.230000000000000000e+02 -4.300000000000000000e+01 4.668416950635638329e+00
-1.230000000000000000e+02 -4.200000000000000000e+01 4.698657764357950128e+00
-1.230000000000000000e+02 -4.100000000000000000e+01 4.943902992061922852e+00
-1.230000000000000000e+02 -4.000000000000000000e+01 5.339091165157538121e+00
-1.230000000000000000e+02 -3.900000000000000000e+01 5.638275434393436036e+00
-1.230000000000000000e+02 -3.800000000000000000e+01 5.903270866927705640e+00
-1.230000000000000000e+02 -3.700000000000000000e+01 5.901991953277150316e+00
-1.230000000000000000e+02 -3.600000000000000000e+01 5.811651571846589093e+00
-1.230000000000000000e+02 -3.500000000000000000e+01 5.748247795183819342e+00
-1.230000000000000000e+02 -3.400000000000000000e+01 5.745037599190382593e+00
-1.230000000000000000e+02 -3.300000000000000000e+01 5.723203015572147834e+00
-1.230000000000000000e+02 -3.200000000000000000e+01 5.741987718028926935e+00
-1.230000000000000000e+02 -3.100000000000000000e+01 5.910728471704631559e+00
-1.230000000000000000e+02 -3.000000000000000000e+01 nan
-1.220000000000000000e+02 -5.700000000000000000e+01 nan
-1.220000000000000000e+02 -5.600000000000000000e+01 nan
-1.220000000000000000e+02 -5.500000000000000000e+01 nan
-1.220000000000000000e+02 -5.400000000000000000e+01 nan
-1.220000000000000000e+02 -5.300000000000000000e+01 nan
-1.220000000000000000e+02 -5.200000000000000000e+01 nan
-1.220000000000000000e+02 -5.100000000000000000e+01 nan
-1.220000000000000000e+02 -5.000000000000000000e+01 nan
-1.220000000000000000e+02 -4.900000000000000000e+01 nan
-1.220000000000000000e+02 -4.800000000000000000e+01 nan
-1.220000000000000000e+02 -4.700000000000000000e+01 4.367741204099146124e+00
-1.220000000000000000e+02 -4.600000000000000000e+01 4.483475934717991329e+00
-1.220000000000000000e+02 -4.500000000000000000e+01 4.506291142371770420e+00
-1.220000000000000000e+02 -4.400000000000000000e+01 4.540631381066302374e+00
-1.220000000000000000e+02 -4.300000000000000000e+01 4.646768774707182637e+00
-1.220000000000000000e+02 -4.200000000000000000e+01 4.701161477876189210e+00
-1.220000000000000000e+02 -4.100000000000000000e+01 4.951519298161407789e+00
-1.220000000000000000e+02 -4.000000000000000000e+01 5.329085545384121048e+00
-1.220000000000000000e+02 -3.900000000000000000e+01 5.642446684852066241e+00
-1.220000000000000000e+02 -3.800000000000000000e+01 5.896796609572797720e+00
-1.220000000000000000e+02 -3.700000000000000000e+01 5.895212819772782886e+00
-1.220000000000000000e+02 -3.600000000000000000e+01 5.804173556042398374e+00
-1.220000000000000000e+02 -3.500000000000000000e+01 5.747389607928922395e+00
-1.220000000000000000e+02 -3.400000000000000000e+01 5.746253678617993188e+00
-1.220000000000000000e+02 -3.300000000000000000e+01 5.719192364694833941e+00
-1.220000000000000000e+02 -3.200000000000000000e+01 5.735429946004327206e+00
-1.220000000000000000e+02 -3.100000000000000000e+01 5.911580944515307579e+00
-1.220000000000000000e+02 -3.000000000000000000e+01 nan
