Longitude[deg], Latitude[deg], Dust optical depth
-1.530000000000000000e+02 -5.000000000000000000e+01 4.052006148737000046e+00
-1.530000000000000000e+02 -4.900000000000000000e+01 4.242422488137152392e+00
-1.530000000000000000e+02 -4.800000000000000000e+01 4.456074767961716532e+00
-1.530000000000000000e+02 -4.700000000000000000e+01 nan
-1.530000000000000000e+02 -4.600000000000000000e+01 nan
-1.530000000000000000e+02 -4.500000000000000000e+01 nan
-1.530000000000000000e+02 -4.400000000000000000e+01 nan
-1.530000000000000000e+02 -4.300000000000000000e+01 nan
-1.530000000000000000e+02 -4.200000000000000000e+01 nan
-1.530000000000000000e+02 -4.100000000000000000e+01 nan
-1.530000000000000000e+02 -4.000000000000000000e+01 nan
-1.530000000000000000e+02 -3.900000000000000000e+01 nan
-1.530000000000000000e+02 -3.800000000000000000e+01 nan
-1.530000000000000000e+02 -3.700000000000000000e+01 nan
-1.530000000000000000e+02 -3.600000000000000000e+01 nan
-1.530000000000000000e+02 -3.500000000000000000e+01 nan
-1.530000000000000000e+02 -3.400000000000000000e+01 nan
-1.530000000000000000e+02 -3.300000000000000000e+01 nan
-1.530000000000000000e+02 -3.200000000000000000e+01 nan
-1.530000000000000000e+02 -3.100000000000000000e+01 nan
-1.530000000000000000e+02 -3.000000000000000000e+01 nan
-1.530000000000000000e+02 -2.900000000000000000e+01 nan
-1.530000000000000000e+02 -2.800000000000000000e+01 nan
-1.530000000000000000e+02 -2.700000000000000000e+01 nan
-1.530000000000000000e+02 -2.600000000000000000e+01 nan
-1.530000000000000000e+02 -2.500000000000000000e+01 nan
-1.530000000000000000e+02 -2.400000000000000000e+01 nan
-1.530000000000000000e+02 -2.300000000000000000e+01 nan
-1.520000000000000000e+02 -5.000000000000000000e+01 4.230620882790350201e+00
-1.520000000000000000e+02 -4.900000000000000000e+01 4.297604214604113793e+00
-1.520000000000000000e+02 -4.800000000000000000e+01 4.462973861424988087e+00
-1.520000000000000000e+02 -4.700000000000000000e+01 4.740139561781527178e+00
-1.520000000000000000e+02 -4.600000000000000000e+01 5.083906478875269919e+00
-1.520000000000000000e+02 -4.500000000000000000e+01 5.335224083559579888e+00
-1.520000000000000000e+02 -4.400000000000000000e+01 5.549191943328082743e+00
-1.520000000000000000e+02 -4.300000000000000000e+01 5.728269127557351403e+00
-1.520000000000000000e+02 -4.200000000000000000e+01 5.743455022814207389e+00
-1.520000000000000000e+02 -4.100000000000000000e+01 5.854703339078785262e+00
-1.520000000000000000e+02 -4.000000000000000000e+01 6.054271188281978411e+00
-1.520000000000000000e+02 -3.900000000000000000e+01 5.949651023529188620e+00
-1.520000000000000000e+02 -3.800000000000000000e+01 5.975260651215123175e+00
-1.520000000000000000e+02 -3.700000000000000000e+01 6.121651932742127933e+00
-1.520000000000000000e+02 -3.600000000000000000e+01 6.166912610310186338e+00
-1.520000000000000000e+02 -3.500000000000000000e+01 6.430325249915116892e+00
-1.520000000000000000e+02 -3.400000000000000000e+01 6.627262031708900381e+00
-1.520000000000000000e+02 -3.300000000000000000e+01 6.830902440473177073e+00
-1.520000000000000000e+02 -3.200000000000000000e+01 6.982926461854668254e+00
-1.520000000000000000e+02 -3.100000000000000000e+01 7.200914971245437890e+00
-1.520000000000000000e+02 -3.000000000000000000e+01 7.322227756847634161e+00
-1.520000000000000000e+02 -2.900000000000000000e+01 7.449467743153870281e+00
-1.520000000000000000e+02 -2.800000000000000000e+01 7.252385768070713112e+00
-1.520000000000000000e+02 -2.700000000000000000e+01 7.018271923492430453e+00
-1.520000000000000000e+02 -2.600000000000000000e+01 6.869409539946676801e+00
-1.520000000000000000e+02 -2.500000000000000000e+01 6.859602884014859292e+00
-1.520000000000000000e+02 -2.400000000000000000e+01 6.666852692199858765e+00
-1.520000000000000000e+02 -2.300000000000000000e+01 nan
-1.510000000000000000e+02 -5.000000000000000000e+01 4.240756855497370914e+00
-1.510000000000000000e+02 -4.900000000000000000e+01 4.307573807673608535e+00
-1.510000000000000000e+02 -4.800000000000000000e+01 4.464041577927852167e+00
-1.510000000000000000e+02 -4.700000000000000000e+01 4.740788717927645557e+00
-1.510000000000000000e+02 -4.600000000000000000e+01 5.083906478875269919e+00
-1.510000000000000000e+02 -4.500000000000000000e+01 5.335224083559579888e+00
-1.510000000000000000e+02 -4.400000000000000000e+01 5.549191943328082743e+00
-1.510000000000000000e+02 -4.300000000000000000e+01 5.728269127557351403e+00
-1.510000000000000000e+02 -4.200000000000000000e+01 5.743455022814207389e+00
-1.510000000000000000e+02 -4.100000000000000000e+01 5.854703339078785262e+00
-1.510000000000000000e+02 -4.000000000000000000e+01 6.054271188281978411e+00
-1.510000000000000000e+02 -3.900000000000000000e+01 5.949651023529188620e+00
-1.510000000000000000e+02 -3.800000000000000000e+01 5.975260651215123175e+00
-1.510000000000000000e+02 -3.700000000000000000e+01 6.121651932742127933e+00
-1.510000000000000000e+02 -3.600000000000000000e+01 6.166912610310186338e+00
-1.510000000000000000e+02 -3.500000000000000000e+01 6.430325249915116892e+00
-1.510000000000000000e+02 -3.400000000000000000e+01 6.627262031708900381e+00
-1.510000000000000000e+02 -3.300000000000000000e+01 6.830902440473177073e+00
-1.510000000000000000e+02 -3.200000000000000000e+01 6.982926461854668254e+00
-1.510000000000000000e+02 -3.100000000000000000e+01 7.200914971245437890e+00
-1.510000000000000000e+02 -3.000000000000000000e+01 7.322227756847634161e+00
-1.510000000000000000e+02 -2.900000000000000000e+01 7.449467743153870281e+00
-1.510000000000000000e+02 -2.800000000000000000e+01 7.252385768070713112e+00
-1.510000000000000000e+02 -2.700000000000000000e+01 7.018271923492430453e+00
-1.510000000000000000e+02 -2.600000000000000000e+01 6.869409539946676801e+00
-1.510000000000000000e+02 -2.500000000000000000e+01 6.859602884014859292e+00
-1.510000000000000000e+02 -2.400000000000000000e+01 6.666852692199858765e+00
-1.510000000000000000e+02 -2.300000000000000000e+01 nan
