Longitude[deg], Latitude[deg], Dust optical depth
5.200000000000000000e+01 -7.200000000000000000e+01 nan
5.200000000000000000e+01 -7.100000000000000000e+01 nan
5.200000000000000000e+01 -7.000000000000000000e+01 nan
5.200000000000000000e+01 -6.900000000000000000e+01 nan
5.200000000000000000e+01 -6.800000000000000000e+01 nan
5.200000000000000000e+01 -6.700000000000000000e+01 nan
5.200000000000000000e+01 -6.600000000000000000e+01 nan
5.200000000000000000e+01 -6.500000000000000000e+01 nan
5.200000000000000000e+01 -6.400000000000000000e+01 nan
5.200000000000000000e+01 -6.300000000000000000e+01 nan
5.200000000000000000e+01 -6.200000000000000000e+01 nan
5.200000000000000000e+01 -6.100000000000000000e+01 nan
5.200000000000000000e+01 -6.000000000000000000e+01 nan
5.200000000000000000e+01 -5.900000000000000000e+01 nan
5.200000000000000000e+01 -5.800000000000000000e+01 nan
5.200000000000000000e+01 -5.700000000000000000e+01 nan
5.200000000000000000e+01 -5.600000000000000000e+01 nan
5.200000000000000000e+01 -5.500000000000000000e+01 nan
5.200000000000000000e+01 -5.400000000000000000e+01 nan
5.200000000000000000e+01 -5.300000000000000000e+01 nan
5.200000000000000000e+01 -5.200000000000000000e+01 nan
5.200000000000000000e+01 -5.100000000000000000e+01 nan
5.200000000000000000e+01 -5.000000000000000000e+01 nan
5.200000000000000000e+01 -4.900000000000000000e+01 nan
5.200000000000000000e+01 -4.800000000000000000e+01 nan
5.200000000000000000e+01 -4.700000000000000000e+01 nan
5.200000000000000000e+01 -4.600000000000000000e+01 nan
5.200000000000000000e+01 -4.500000000000000000e+01 nan
5.200000000000000000e+01 -4.400000000000000000e+01 nan
5.200000000000000000e+01 -4.300000000000000000e+01 nan
5.200000000000000000e+01 -4.200000000000000000e+01 nan
5.200000000000000000e+01 -4.100000000000000000e+01 nan
5.200000000000000000e+01 -4.000000000000000000e+01 nan
5.200000000000000000e+01 -3.900000000000000000e+01 nan
5.200000000000000000e+01 -3.800000000000000000e+01 nan
5.200000000000000000e+01 -3.700000000000000000e+01 nan
5.200000000000000000e+01 -3.600000000000000000e+01 nan
5.200000000000000000e+01 -3.500000000000000000e+01 nan
5.200000000000000000e+01 -3.400000000000000000e+01 nan
5.200000000000000000e+01 -3.300000000000000000e+01 nan
5.200000000000000000e+01 -3.200000000000000000e+01 nan
5.200000000000000000e+01 -3.100000000000000000e+01 nan
5.200000000000000000e+01 -3.000000000000000000e+01 nan
5.200000000000000000e+01 -2.900000000000000000e+01 nan
5.200000000000000000e+01 -2.800000000000000000e+01 nan
5.300000000000000000e+01 -7.200000000000000000e+01 nan
5.300000000000000000e+01 -7.100000000000000000e+01 nan
5.300000000000000000e+01 -7.000000000000000000e+01 nan
5.300000000000000000e+01 -6.900000000000000000e+01 nan
5.300000000000000000e+01 -6.800000000000000000e+01 nan
5.300000000000000000e+01 -6.700000000000000000e+01 nan
5.300000000000000000e+01 -6.600000000000000000e+01 nan
5.300000000000000000e+01 -6.500000000000000000e+01 nan
5.300000000000000000e+01 -6.400000000000000000e+01 nan
5.300000000000000000e+01 -6.300000000000000000e+01 nan
5.300000000000000000e+01 -6.200000000000000000e+01 nan
5.300000000000000000e+01 -6.100000000000000000e+01 nan
5.300000000000000000e+01 -6.000000000000000000e+01 nan
5.300000000000000000e+01 -5.900000000000000000e+01 nan
5.300000000000000000e+01 -5.800000000000000000e+01 nan
5.300000000000000000e+01 -5.700000000000000000e+01 nan
5.300000000000000000e+01 -5.600000000000000000e+01 nan
5.300000000000000000e+01 -5.500000000000000000e+01 nan
5.300000000000000000e+01 -5.400000000000000000e+01 nan
5.300000000000000000e+01 -5.300000000000000000e+01 nan
5.300000000000000000e+01 -5.200000000000000000e+01 nan
5.300000000000000000e+01 -5.100000000000000000e+01 nan
5.300000000000000000e+01 -5.000000000000000000e+01 nan
5.300000000000000000e+01 -4.900000000000000000e+01 nan
5.300000000000000000e+01 -4.800000000000000000e+01 nan
5.300000000000000000e+01 -4.700000000000000000e+01 nan
5.300000000000000000e+01 -4.600000000000000000e+01 nan
5.300000000000000000e+01 -4.500000000000000000e+01 nan
5.300000000000000000e+01 -4.400000000000000000e+01 nan
5.300000000000000000e+01 -4.300000000000000000e+01 nan
5.300000000000000000e+01 -4.200000000000000000e+01 nan
5.300000000000000000e+01 -4.100000000000000000e+01 nan
5.300000000000000000e+01 -4.000000000000000000e+01 nan
5.300000000000000000e+01 -3.900000000000000000e+01 nan
5.300000000000000000e+01 -3.800000000000000000e+01 nan
5.300000000000000000e+01 -3.700000000000000000e+01 nan
5.300000000000000000e+01 -3.600000000000000000e+01 nan
5.300000000000000000e+01 -3.500000000000000000e+01 nan
5.300000000000000000e+01 -3.400000000000000000e+01 nan
5.300000000000000000e+01 -3.300000000000000000e+01 nan
5.300000000000000000e+01 -3.200000000000000000e+01 nan
5.300000000000000000e+01 -3.100000000000000000e+01 nan
5.300000000000000000e+01 -3.000000000000000000e+01 nan
5.300000000000000000e+01 -2.900000000000000000e+01 nan
5.300000000000000000e+01 -2.800000000000000000e+01 nan
5.400000000000000000e+01 -7.200000000000000000e+01 nan
5.400000000000000000e+01 -7.100000000000000000e+01 nan
5.400000000000000000e+01 -7.000000000000000000e+01 nan
5.400000000000000000e+01 -6.900000000000000000e+01 nan
5.400000000000000000e+01 -6.800000000000000000e+01 nan
5.400000000000000000e+01 -6.700000000000000000e+01 nan
5.400000000000000000e+01 -6.600000000000000000e+01 nan
5.400000000000000000e+01 -6.500000000000000000e+01 nan
5.400000000000000000e+01 -6.400000000000000000e+01 nan
5.400000000000000000e+01 -6.300000000000000000e+01 nan
5.400000000000000000e+01 -6.200000000000000000e+01 nan
5.400000000000000000e+01 -6.100000000000000000e+01 nan
5.400000000000000000e+01 -6.000000000000000000e+01 nan
5.400000000000000000e+01 -5.900000000000000000e+01 nan
5.400000000000000000e+01 -5.800000000000000000e+01 nan
5.400000000000000000e+01 -5.700000000000000000e+01 nan
5.400000000000000000e+01 -5.600000000000000000e+01 nan
5.400000000000000000e+01 -5.500000000000000000e+01 nan
5.400000000000000000e+01 -5.400000000000000000e+01 nan
5.400000000000000000e+01 -5.300000000000000000e+01 nan
5.400000000000000000e+01 -5.200000000000000000e+01 nan
5.400000000000000000e+01 -5.100000000000000000e+01 nan
5.400000000000000000e+01 -5.000000000000000000e+01 nan
5.400000000000000000e+01 -4.900000000000000000e+01 nan
5.400000000000000000e+01 -4.800000000000000000e+01 nan
5.400000000000000000e+01 -4.700000000000000000e+01 nan
5.400000000000000000e+01 -4.600000000000000000e+01 nan
5.400000000000000000e+01 -4.500000000000000000e+01 nan
5.400000000000000000e+01 -4.400000000000000000e+01 nan
5.400000000000000000e+01 -4.300000000000000000e+01 nan
5.400000000000000000e+01 -4.200000000000000000e+01 nan
5.400000000000000000e+01 -4.100000000000000000e+01 nan
5.400000000000000000e+01 -4.000000000000000000e+01 nan
5.400000000000000000e+01 -3.900000000000000000e+01 nan
5.400000000000000000e+01 -3.800000000000000000e+01 nan
5.400000000000000000e+01 -3.700000000000000000e+01 nan
5.400000000000000000e+01 -3.600000000000000000e+01 nan
5.400000000000000000e+01 -3.500000000000000000e+01 nan
5.400000000000000000e+01 -3.400000000000000000e+01 nan
5.400000000000000000e+01 -3.300000000000000000e+01 nan
5.400000000000000000e+01 -3.200000000000000000e+01 nan
5.400000000000000000e+01 -3.100000000000000000e+01 nan
5.400000000000000000e+01 -3.000000000000000000e+01 nan
5.400000000000000000e+01 -2.900000000000000000e+01 nan
5.400000000000000000e+01 -2.800000000000000000e+01 nan
5.500000000000000000e+01 -7.200000000000000000e+01 nan
5.500000000000000000e+01 -7.100000000000000000e+01 nan
5.500000000000000000e+01 -7.000000000000000000e+01 nan
5.500000000000000000e+01 -6.900000000000000000e+01 nan
5.500000000000000000e+01 -6.800000000000000000e+01 nan
5.500000000000000000e+01 -6.700000000000000000e+01 nan
5.500000000000000000e+01 -6.600000000000000000e+01 nan
5.500000000000000000e+01 -6.500000000000000000e+01 nan
5.500000000000000000e+01 -6.400000000000000000e+01 nan
5.500000000000000000e+01 -6.300000000000000000e+01 nan
5.500000000000000000e+01 -6.200000000000000000e+01 nan
5.500000000000000000e+01 -6.100000000000000000e+01 nan
5.500000000000000000e+01 -6.000000000000000000e+01 nan
5.500000000000000000e+01 -5.900000000000000000e+01 nan
5.500000000000000000e+01 -5.800000000000000000e+01 nan
5.500000000000000000e+01 -5.700000000000000000e+01 nan
5.500000000000000000e+01 -5.600000000000000000e+01 nan
5.500000000000000000e+01 -5.500000000000000000e+01 nan
5.500000000000000000e+01 -5.400000000000000000e+01 nan
5.500000000000000000e+01 -5.300000000000000000e+01 nan
5.500000000000000000e+01 -5.200000000000000000e+01 nan
5.500000000000000000e+01 -5.100000000000000000e+01 nan
5.500000000000000000e+01 -5.000000000000000000e+01 nan
5.500000000000000000e+01 -4.900000000000000000e+01 nan
5.500000000000000000e+01 -4.800000000000000000e+01 nan
5.500000000000000000e+01 -4.700000000000000000e+01 nan
5.500000000000000000e+01 -4.600000000000000000e+01 nan
5.500000000000000000e+01 -4.500000000000000000e+01 nan
5.500000000000000000e+01 -4.400000000000000000e+01 nan
5.500000000000000000e+01 -4.300000000000000000e+01 nan
5.500000000000000000e+01 -4.200000000000000000e+01 nan
5.500000000000000000e+01 -4.100000000000000000e+01 nan
5.500000000000000000e+01 -4.000000000000000000e+01 nan
5.500000000000000000e+01 -3.900000000000000000e+01 nan
5.500000000000000000e+01 -3.800000000000000000e+01 nan
5.500000000000000000e+01 -3.700000000000000000e+01 nan
5.500000000000000000e+01 -3.600000000000000000e+01 nan
5.500000000000000000e+01 -3.500000000000000000e+01 nan
5.500000000000000000e+01 -3.400000000000000000e+01 nan
5.500000000000000000e+01 -3.300000000000000000e+01 nan
5.500000000000000000e+01 -3.200000000000000000e+01 nan
5.500000000000000000e+01 -3.100000000000000000e+01 nan
5.500000000000000000e+01 -3.000000000000000000e+01 nan
5.500000000000000000e+01 -2.900000000000000000e+01 nan
5.500000000000000000e+01 -2.800000000000000000e+01 nan
5.600000000000000000e+01 -7.200000000000000000e+01 nan
5.600000000000000000e+01 -7.100000000000000000e+01 nan
5.600000000000000000e+01 -7.000000000000000000e+01 nan
5.600000000000000000e+01 -6.900000000000000000e+01 nan
5.600000000000000000e+01 -6.800000000000000000e+01 nan
5.600000000000000000e+01 -6.700000000000000000e+01 nan
5.600000000000000000e+01 -6.600000000000000000e+01 nan
5.600000000000000000e+01 -6.500000000000000000e+01 nan
5.600000000000000000e+01 -6.400000000000000000e+01 nan
5.600000000000000000e+01 -6.300000000000000000e+01 nan
5.600000000000000000e+01 -6.200000000000000000e+01 nan
5.600000000000000000e+01 -6.100000000000000000e+01 nan
5.600000000000000000e+01 -6.000000000000000000e+01 7.723804316419019544e-01
5.600000000000000000e+01 -5.900000000000000000e+01 8.424265299739811530e-01
5.600000000000000000e+01 -5.800000000000000000e+01 9.017343068734262612e-01
5.600000000000000000e+01 -5.700000000000000000e+01 1.128095499610531238e+00
5.600000000000000000e+01 -5.600000000000000000e+01 1.168108652550719606e+00
5.600000000000000000e+01 -5.500000000000000000e+01 9.643979395875919014e-01
5.600000000000000000e+01 -5.400000000000000000e+01 9.281359894325362792e-01
5.600000000000000000e+01 -5.300000000000000000e+01 8.937777858942950182e-01
5.600000000000000000e+01 -5.200000000000000000e+01 nan
5.600000000000000000e+01 -5.100000000000000000e+01 nan
5.600000000000000000e+01 -5.000000000000000000e+01 nan
5.600000000000000000e+01 -4.900000000000000000e+01 nan
5.600000000000000000e+01 -4.800000000000000000e+01 nan
5.600000000000000000e+01 -4.700000000000000000e+01 nan
5.600000000000000000e+01 -4.600000000000000000e+01 nan
5.600000000000000000e+01 -4.500000000000000000e+01 nan
5.600000000000000000e+01 -4.400000000000000000e+01 nan
5.600000000000000000e+01 -4.300000000000000000e+01 nan
5.600000000000000000e+01 -4.200000000000000000e+01 nan
5.600000000000000000e+01 -4.100000000000000000e+01 nan
5.600000000000000000e+01 -4.000000000000000000e+01 nan
5.600000000000000000e+01 -3.900000000000000000e+01 nan
5.600000000000000000e+01 -3.800000000000000000e+01 nan
5.600000000000000000e+01 -3.700000000000000000e+01 nan
5.600000000000000000e+01 -3.600000000000000000e+01 nan
5.600000000000000000e+01 -3.500000000000000000e+01 nan
5.600000000000000000e+01 -3.400000000000000000e+01 nan
5.600000000000000000e+01 -3.300000000000000000e+01 nan
5.600000000000000000e+01 -3.200000000000000000e+01 nan
5.600000000000000000e+01 -3.100000000000000000e+01 nan
5.600000000000000000e+01 -3.000000000000000000e+01 nan
5.600000000000000000e+01 -2.900000000000000000e+01 nan
5.600000000000000000e+01 -2.800000000000000000e+01 nan
5.700000000000000000e+01 -7.200000000000000000e+01 nan
5.700000000000000000e+01 -7.100000000000000000e+01 nan
5.700000000000000000e+01 -7.000000000000000000e+01 nan
5.700000000000000000e+01 -6.900000000000000000e+01 nan
5.700000000000000000e+01 -6.800000000000000000e+01 nan
5.700000000000000000e+01 -6.700000000000000000e+01 nan
5.700000000000000000e+01 -6.600000000000000000e+01 nan
5.700000000000000000e+01 -6.500000000000000000e+01 nan
5.700000000000000000e+01 -6.400000000000000000e+01 nan
5.700000000000000000e+01 -6.300000000000000000e+01 nan
5.700000000000000000e+01 -6.200000000000000000e+01 nan
5.700000000000000000e+01 -6.100000000000000000e+01 nan
5.700000000000000000e+01 -6.000000000000000000e+01 7.723804316419019544e-01
5.700000000000000000e+01 -5.900000000000000000e+01 8.424265299739811530e-01
5.700000000000000000e+01 -5.800000000000000000e+01 9.017343068734262612e-01
5.700000000000000000e+01 -5.700000000000000000e+01 1.128095499610531238e+00
5.700000000000000000e+01 -5.600000000000000000e+01 1.168108652550719606e+00
5.700000000000000000e+01 -5.500000000000000000e+01 9.634091817966830007e-01
5.700000000000000000e+01 -5.400000000000000000e+01 9.031950740461998084e-01
5.700000000000000000e+01 -5.300000000000000000e+01 6.019773878708896131e-01
5.700000000000000000e+01 -5.200000000000000000e+01 3.994875387273492673e-01
5.700000000000000000e+01 -5.100000000000000000e+01 4.054393047091864322e-01
5.700000000000000000e+01 -5.000000000000000000e+01 4.025720341687156756e-01
5.700000000000000000e+01 -4.900000000000000000e+01 2.644879663505825262e-01
5.700000000000000000e+01 -4.800000000000000000e+01 5.373927298546957720e-01
5.700000000000000000e+01 -4.700000000000000000e+01 5.506151021031265858e-01
5.700000000000000000e+01 -4.600000000000000000e+01 5.170526199052050131e-01
5.700000000000000000e+01 -4.500000000000000000e+01 2.913622180208266244e-01
5.700000000000000000e+01 -4.400000000000000000e+01 3.581278582089539864e-01
5.700000000000000000e+01 -4.300000000000000000e+01 6.579393887971647370e-01
5.700000000000000000e+01 -4.200000000000000000e+01 7.028392863241678112e-01
5.700000000000000000e+01 -4.100000000000000000e+01 9.793960759235585956e-01
5.700000000000000000e+01 -4.000000000000000000e+01 1.315192445472890492e+00
5.700000000000000000e+01 -3.900000000000000000e+01 1.351225677978382222e+00
5.700000000000000000e+01 -3.800000000000000000e+01 1.096520365927734053e+00
5.700000000000000000e+01 -3.700000000000000000e+01 7.805921915678090128e-01
5.700000000000000000e+01 -3.600000000000000000e+01 8.493318235794709015e-01
5.700000000000000000e+01 -3.500000000000000000e+01 1.167668186767351513e+00
5.700000000000000000e+01 -3.400000000000000000e+01 1.254694259059242034e+00
5.700000000000000000e+01 -3.300000000000000000e+01 nan
5.700000000000000000e+01 -3.200000000000000000e+01 nan
5.700000000000000000e+01 -3.100000000000000000e+01 nan
5.700000000000000000e+01 -3.000000000000000000e+01 nan
5.700000000000000000e+01 -2.900000000000000000e+01 nan
5.700000000000000000e+01 -2.800000000000000000e+01 nan
5.800000000000000000e+01 -7.200000000000000000e+01 nan
5.800000000000000000e+01 -7.100000000000000000e+01 nan
5.800000000000000000e+01 -7.000000000000000000e+01 nan
5.800000000000000000e+01 -6.900000000000000000e+01 nan
5.800000000000000000e+01 -6.800000000000000000e+01 nan
5.800000000000000000e+01 -6.700000000000000000e+01 nan
5.800000000000000000e+01 -6.600000000000000000e+01 nan
5.800000000000000000e+01 -6.500000000000000000e+01 nan
5.800000000000000000e+01 -6.400000000000000000e+01 nan
5.800000000000000000e+01 -6.300000000000000000e+01 nan
5.800000000000000000e+01 -6.200000000000000000e+01 nan
5.800000000000000000e+01 -6.100000000000000000e+01 nan
5.800000000000000000e+01 -6.000000000000000000e+01 nan
5.800000000000000000e+01 -5.900000000000000000e+01 nan
5.800000000000000000e+01 -5.800000000000000000e+01 nan
5.800000000000000000e+01 -5.700000000000000000e+01 nan
5.800000000000000000e+01 -5.600000000000000000e+01 nan
5.800000000000000000e+01 -5.500000000000000000e+01 8.795432427298663924e-01
5.800000000000000000e+01 -5.400000000000000000e+01 8.542506371053929515e-01
5.800000000000000000e+01 -5.300000000000000000e+01 5.905502675220761777e-01
5.800000000000000000e+01 -5.200000000000000000e+01 3.994875387273492673e-01
5.800000000000000000e+01 -5.100000000000000000e+01 4.054393047091864322e-01
5.800000000000000000e+01 -5.000000000000000000e+01 4.025720341687156756e-01
5.800000000000000000e+01 -4.900000000000000000e+01 2.644879663505825262e-01
5.800000000000000000e+01 -4.800000000000000000e+01 5.373927298546957720e-01
5.800000000000000000e+01 -4.700000000000000000e+01 5.506151021031265858e-01
5.800000000000000000e+01 -4.600000000000000000e+01 5.170526199052050131e-01
5.800000000000000000e+01 -4.500000000000000000e+01 2.913622180208266244e-01
5.800000000000000000e+01 -4.400000000000000000e+01 3.581278582089539864e-01
5.800000000000000000e+01 -4.300000000000000000e+01 6.579393887971647370e-01
5.800000000000000000e+01 -4.200000000000000000e+01 7.028392863241678112e-01
5.800000000000000000e+01 -4.100000000000000000e+01 9.793960759235585956e-01
5.800000000000000000e+01 -4.000000000000000000e+01 1.315192445472890492e+00
5.800000000000000000e+01 -3.900000000000000000e+01 1.318399562253942392e+00
5.800000000000000000e+01 -3.800000000000000000e+01 1.079882237695540148e+00
5.800000000000000000e+01 -3.700000000000000000e+01 7.728092310663193798e-01
5.800000000000000000e+01 -3.600000000000000000e+01 8.579920699773310178e-01
5.800000000000000000e+01 -3.500000000000000000e+01 1.208866103826956584e+00
5.800000000000000000e+01 -3.400000000000000000e+01 1.287169342063716915e+00
5.800000000000000000e+01 -3.300000000000000000e+01 1.007873059131305427e+00
5.800000000000000000e+01 -3.200000000000000000e+01 9.944964781061004233e-01
5.800000000000000000e+01 -3.100000000000000000e+01 1.238288111521944845e+00
5.800000000000000000e+01 -3.000000000000000000e+01 1.204063144819967235e+00
5.800000000000000000e+01 -2.900000000000000000e+01 1.180109690750310580e+00
5.800000000000000000e+01 -2.800000000000000000e+01 nan
5.900000000000000000e+01 -7.200000000000000000e+01 nan
5.900000000000000000e+01 -7.100000000000000000e+01 nan
5.900000000000000000e+01 -7.000000000000000000e+01 nan
5.900000000000000000e+01 -6.900000000000000000e+01 nan
5.900000000000000000e+01 -6.800000000000000000e+01 nan
5.900000000000000000e+01 -6.700000000000000000e+01 nan
5.900000000000000000e+01 -6.600000000000000000e+01 nan
5.900000000000000000e+01 -6.500000000000000000e+01 nan
5.900000000000000000e+01 -6.400000000000000000e+01 nan
5.900000000000000000e+01 -6.300000000000000000e+01 nan
5.900000000000000000e+01 -6.200000000000000000e+01 nan
5.900000000000000000e+01 -6.100000000000000000e+01 nan
5.900000000000000000e+01 -6.000000000000000000e+01 nan
5.900000000000000000e+01 -5.900000000000000000e+01 nan
5.900000000000000000e+01 -5.800000000000000000e+01 nan
5.900000000000000000e+01 -5.700000000000000000e+01 nan
5.900000000000000000e+01 -5.600000000000000000e+01 nan
5.900000000000000000e+01 -5.500000000000000000e+01 nan
5.900000000000000000e+01 -5.400000000000000000e+01 nan
5.900000000000000000e+01 -5.300000000000000000e+01 nan
5.900000000000000000e+01 -5.200000000000000000e+01 nan
5.900000000000000000e+01 -5.100000000000000000e+01 nan
5.900000000000000000e+01 -5.000000000000000000e+01 nan
5.900000000000000000e+01 -4.900000000000000000e+01 nan
5.900000000000000000e+01 -4.800000000000000000e+01 nan
5.900000000000000000e+01 -4.700000000000000000e+01 nan
5.900000000000000000e+01 -4.600000000000000000e+01 nan
5.900000000000000000e+01 -4.500000000000000000e+01 nan
5.900000000000000000e+01 -4.400000000000000000e+01 nan
5.900000000000000000e+01 -4.300000000000000000e+01 nan
5.900000000000000000e+01 -4.200000000000000000e+01 nan
5.900000000000000000e+01 -4.100000000000000000e+01 nan
5.900000000000000000e+01 -4.000000000000000000e+01 nan
5.900000000000000000e+01 -3.900000000000000000e+01 1.238732594851712276e+00
5.900000000000000000e+01 -3.800000000000000000e+01 8.124001171048433889e-01
5.900000000000000000e+01 -3.700000000000000000e+01 5.289799666204824113e-01
5.900000000000000000e+01 -3.600000000000000000e+01 8.860136292211557851e-01
5.900000000000000000e+01 -3.500000000000000000e+01 1.214965769100201820e+00
5.900000000000000000e+01 -3.400000000000000000e+01 1.289285273235051488e+00
5.900000000000000000e+01 -3.300000000000000000e+01 1.007873059131305427e+00
5.900000000000000000e+01 -3.200000000000000000e+01 9.944964781061004233e-01
5.900000000000000000e+01 -3.100000000000000000e+01 1.238288111521944845e+00
5.900000000000000000e+01 -3.000000000000000000e+01 1.204063144819967235e+00
5.900000000000000000e+01 -2.900000000000000000e+01 1.180109690750310580e+00
5.900000000000000000e+01 -2.800000000000000000e+01 nan
