Longitude[deg], Latitude[deg], Dust optical depth
-8.700000000000000000e+01 -2.000000000000000000e+00 nan
-8.700000000000000000e+01 -1.000000000000000000e+00 nan
-8.700000000000000000e+01 0.000000000000000000e+00 nan
-8.700000000000000000e+01 1.000000000000000000e+00 nan
-8.700000000000000000e+01 2.000000000000000000e+00 nan
-8.700000000000000000e+01 3.000000000000000000e+00 nan
-8.700000000000000000e+01 4.000000000000000000e+00 nan
-8.700000000000000000e+01 5.000000000000000000e+00 nan
-8.700000000000000000e+01 6.000000000000000000e+00 nan
-8.700000000000000000e+01 7.000000000000000000e+00 nan
-8.700000000000000000e+01 8.000000000000000000e+00 nan
-8.700000000000000000e+01 9.000000000000000000e+00 nan
-8.700000000000000000e+01 1.000000000000000000e+01 nan
-8.700000000000000000e+01 1.100000000000000000e+01 nan
-8.700000000000000000e+01 1.200000000000000000e+01 3.298274948723696198e+00
-8.700000000000000000e+01 1.300000000000000000e+01 3.301910889189473952e+00
-8.700000000000000000e+01 1.400000000000000000e+01 3.250564562609329577e+00
-8.700000000000000000e+01 1.500000000000000000e+01 3.290237773563179147e+00
-8.700000000000000000e+01 1.600000000000000000e+01 3.335122530260733242e+00
-8.700000000000000000e+01 1.700000000000000000e+01 3.311892094950288801e+00
-8.600000000000000000e+01 -2.000000000000000000e+00 nan
-8.600000000000000000e+01 -1.000000000000000000e+00 nan
-8.600000000000000000e+01 0.000000000000000000e+00 nan
-8.600000000000000000e+01 1.000000000000000000e+00 nan
-8.600000000000000000e+01 2.000000000000000000e+00 3.665447024076722737e+00
-8.600000000000000000e+01 3.000000000000000000e+00 3.691290497050998987e+00
-8.600000000000000000e+01 4.000000000000000000e+00 3.617153490185014419e+00
-8.600000000000000000e+01 5.000000000000000000e+00 3.553905919076188802e+00
-8.600000000000000000e+01 6.000000000000000000e+00 3.423041944510816670e+00
-8.600000000000000000e+01 7.000000000000000000e+00 3.312778410478419033e+00
-8.600000000000000000e+01 8.000000000000000000e+00 3.321176861709090211e+00
-8.600000000000000000e+01 9.000000000000000000e+00 3.305873572931483650e+00
-8.600000000000000000e+01 1.000000000000000000e+01 3.213218661465664816e+00
-8.600000000000000000e+01 1.100000000000000000e+01 3.170846892821954643e+00
-8.600000000000000000e+01 1.200000000000000000e+01 3.300412389337987751e+00
-8.600000000000000000e+01 1.300000000000000000e+01 3.300471753600141334e+00
-8.600000000000000000e+01 1.400000000000000000e+01 3.224595311060577174e+00
-8.600000000000000000e+01 1.500000000000000000e+01 3.210710495656652785e+00
-8.600000000000000000e+01 1.600000000000000000e+01 3.211457426952216476e+00
-8.600000000000000000e+01 1.700000000000000000e+01 3.211763617238792001e+00
-8.500000000000000000e+01 -2.000000000000000000e+00 3.916150186999060701e+00
-8.500000000000000000e+01 -1.000000000000000000e+00 3.813391422094669192e+00
-8.500000000000000000e+01 0.000000000000000000e+00 3.659697945694710075e+00
-8.500000000000000000e+01 1.000000000000000000e+00 3.707747514611595907e+00
-8.500000000000000000e+01 2.000000000000000000e+00 3.830589379195750155e+00
-8.500000000000000000e+01 3.000000000000000000e+00 3.830261401854095027e+00
-8.500000000000000000e+01 4.000000000000000000e+00 3.699947455152963194e+00
-8.500000000000000000e+01 5.000000000000000000e+00 3.609653841001659202e+00
-8.500000000000000000e+01 6.000000000000000000e+00 3.531059370589316071e+00
-8.500000000000000000e+01 7.000000000000000000e+00 3.413383594020340084e+00
-8.500000000000000000e+01 8.000000000000000000e+00 3.342536645070056434e+00
-8.500000000000000000e+01 9.000000000000000000e+00 3.316225860794959512e+00
-8.500000000000000000e+01 1.000000000000000000e+01 3.241946945461327445e+00
-8.500000000000000000e+01 1.100000000000000000e+01 3.223648933014969575e+00
-8.500000000000000000e+01 1.200000000000000000e+01 3.338468523913003860e+00
-8.500000000000000000e+01 1.300000000000000000e+01 3.355697097206213009e+00
-8.500000000000000000e+01 1.400000000000000000e+01 3.216233895459566394e+00
-8.500000000000000000e+01 1.500000000000000000e+01 3.157464938523753428e+00
-8.500000000000000000e+01 1.600000000000000000e+01 3.148511258316542438e+00
-8.500000000000000000e+01 1.700000000000000000e+01 3.138126260873928874e+00
-8.400000000000000000e+01 -2.000000000000000000e+00 4.007535810239333252e+00
-8.400000000000000000e+01 -1.000000000000000000e+00 3.856555528995476489e+00
-8.400000000000000000e+01 0.000000000000000000e+00 3.742155068752431646e+00
-8.400000000000000000e+01 1.000000000000000000e+00 3.731777578653683314e+00
-8.400000000000000000e+01 2.000000000000000000e+00 3.833137441002243850e+00
-8.400000000000000000e+01 3.000000000000000000e+00 3.856992151801821311e+00
-8.400000000000000000e+01 4.000000000000000000e+00 3.753720587944176845e+00
-8.400000000000000000e+01 5.000000000000000000e+00 3.646088969529814872e+00
-8.400000000000000000e+01 6.000000000000000000e+00 3.591467280946957885e+00
-8.400000000000000000e+01 7.000000000000000000e+00 3.443436074887474607e+00
-8.400000000000000000e+01 8.000000000000000000e+00 3.347690836232076084e+00
-8.400000000000000000e+01 9.000000000000000000e+00 3.324177904790148297e+00
-8.400000000000000000e+01 1.000000000000000000e+01 3.291013918847109032e+00
-8.400000000000000000e+01 1.100000000000000000e+01 3.326659590968893188e+00
-8.400000000000000000e+01 1.200000000000000000e+01 3.382416964671266069e+00
-8.400000000000000000e+01 1.300000000000000000e+01 3.410175949551085051e+00
-8.400000000000000000e+01 1.400000000000000000e+01 3.235687202640385784e+00
-8.400000000000000000e+01 1.500000000000000000e+01 3.148416960260635111e+00
-8.400000000000000000e+01 1.600000000000000000e+01 3.106218526785598399e+00
-8.400000000000000000e+01 1.700000000000000000e+01 3.109151586019027302e+00
-8.300000000000000000e+01 -2.000000000000000000e+00 4.069322294926502437e+00
-8.300000000000000000e+01 -1.000000000000000000e+00 3.889453337216941975e+00
-8.300000000000000000e+01 0.000000000000000000e+00 3.790746261370791625e+00
-8.300000000000000000e+01 1.000000000000000000e+00 3.759343221116184353e+00
-8.300000000000000000e+01 2.000000000000000000e+00 3.811852212853990451e+00
-8.300000000000000000e+01 3.000000000000000000e+00 3.877031851452127587e+00
-8.300000000000000000e+01 4.000000000000000000e+00 3.795731363029286598e+00
-8.300000000000000000e+01 5.000000000000000000e+00 3.684548547028837717e+00
-8.300000000000000000e+01 6.000000000000000000e+00 3.614126655412961409e+00
-8.300000000000000000e+01 7.000000000000000000e+00 3.430720381794475138e+00
-8.300000000000000000e+01 8.000000000000000000e+00 3.342312598899540799e+00
-8.300000000000000000e+01 9.000000000000000000e+00 3.322902864973701575e+00
-8.300000000000000000e+01 1.000000000000000000e+01 3.331453156027155860e+00
-8.300000000000000000e+01 1.100000000000000000e+01 3.347182393374142695e+00
-8.300000000000000000e+01 1.200000000000000000e+01 3.384440128996922148e+00
-8.300000000000000000e+01 1.300000000000000000e+01 3.446205708281512958e+00
-8.300000000000000000e+01 1.400000000000000000e+01 3.348475726117335682e+00
-8.300000000000000000e+01 1.500000000000000000e+01 3.211583623622912942e+00
-8.300000000000000000e+01 1.600000000000000000e+01 3.145397510250480089e+00
-8.300000000000000000e+01 1.700000000000000000e+01 3.143013657334908562e+00
-8.200000000000000000e+01 -2.000000000000000000e+00 nan
-8.200000000000000000e+01 -1.000000000000000000e+00 nan
-8.200000000000000000e+01 0.000000000000000000e+00 nan
-8.200000000000000000e+01 1.000000000000000000e+00 nan
-8.200000000000000000e+01 2.000000000000000000e+00 nan
-8.200000000000000000e+01 3.000000000000000000e+00 nan
-8.200000000000000000e+01 4.000000000000000000e+00 nan
-8.200000000000000000e+01 5.000000000000000000e+00 nan
-8.200000000000000000e+01 6.000000000000000000e+00 nan
-8.200000000000000000e+01 7.000000000000000000e+00 nan
-8.200000000000000000e+01 8.000000000000000000e+00 nan
-8.200000000000000000e+01 9.000000000000000000e+00 nan
-8.200000000000000000e+01 1.000000000000000000e+01 nan
-8.200000000000000000e+01 1.100000000000000000e+01 nan
-8.200000000000000000e+01 1.200000000000000000e+01 nan
-8.200000000000000000e+01 1.300000000000000000e+01 nan
-8.200000000000000000e+01 1.400000000000000000e+01 nan
-8.200000000000000000e+01 1.500000000000000000e+01 nan
-8.200000000000000000e+01 1.600000000000000000e+01 nan
-8.200000000000000000e+01 1.700000000000000000e+01 nan
