Longitude[deg], Latitude[deg], Dust optical depth
-1.230000000000000000e+02 1.200000000000000000e+01 nan
-1.230000000000000000e+02 1.300000000000000000e+01 nan
-1.230000000000000000e+02 1.400000000000000000e+01 nan
-1.230000000000000000e+02 1.500000000000000000e+01 nan
-1.230000000000000000e+02 1.600000000000000000e+01 nan
-1.230000000000000000e+02 1.700000000000000000e+01 nan
-1.230000000000000000e+02 1.800000000000000000e+01 nan
-1.220000000000000000e+02 1.200000000000000000e+01 6.081442693138347622e+00
-1.220000000000000000e+02 1.300000000000000000e+01 6.030198164788976634e+00
-1.220000000000000000e+02 1.400000000000000000e+01 5.968753092244149627e+00
-1.220000000000000000e+02 1.500000000000000000e+01 5.819856875332483526e+00
-1.220000000000000000e+02 1.600000000000000000e+01 5.666105736512321300e+00
-1.220000000000000000e+02 1.700000000000000000e+01 5.573685271337060598e+00
-1.220000000000000000e+02 1.800000000000000000e+01 nan
-1.210000000000000000e+02 1.200000000000000000e+01 5.977921576449197971e+00
-1.210000000000000000e+02 1.300000000000000000e+01 5.966254019770327766e+00
-1.210000000000000000e+02 1.400000000000000000e+01 5.935527681382029463e+00
-1.210000000000000000e+02 1.500000000000000000e+01 5.832011419031049471e+00
-1.210000000000000000e+02 1.600000000000000000e+01 5.687224915353228383e+00
-1.210000000000000000e+02 1.700000000000000000e+01 5.572700168630593254e+00
-1.210000000000000000e+02 1.800000000000000000e+01 5.348737294073004911e+00
-1.200000000000000000e+02 1.200000000000000000e+01 5.852927366884428828e+00
-1.200000000000000000e+02 1.300000000000000000e+01 5.878953142692335376e+00
-1.200000000000000000e+02 1.400000000000000000e+01 5.898308944427400391e+00
-1.200000000000000000e+02 1.500000000000000000e+01 5.845261456939573996e+00
-1.200000000000000000e+02 1.600000000000000000e+01 5.740468192166096273e+00
-1.200000000000000000e+02 1.700000000000000000e+01 5.620165072966245567e+00
-1.200000000000000000e+02 1.800000000000000000e+01 5.403923846387904462e+00
-1.190000000000000000e+02 1.200000000000000000e+01 5.795174135300635854e+00
-1.190000000000000000e+02 1.300000000000000000e+01 5.820541126891486172e+00
-1.190000000000000000e+02 1.400000000000000000e+01 5.868261166592318112e+00
-1.190000000000000000e+02 1.500000000000000000e+01 5.862658440692016804e+00
-1.190000000000000000e+02 1.600000000000000000e+01 5.794035684934200070e+00
-1.190000000000000000e+02 1.700000000000000000e+01 5.690530140258654335e+00
-1.190000000000000000e+02 1.800000000000000000e+01 5.534669557379031879e+00
-1.180000000000000000e+02 1.200000000000000000e+01 5.754848642899584199e+00
-1.180000000000000000e+02 1.300000000000000000e+01 5.780822861368020149e+00
-1.180000000000000000e+02 1.400000000000000000e+01 5.857722611764729415e+00
-1.180000000000000000e+02 1.500000000000000000e+01 5.922811144068539591e+00
-1.180000000000000000e+02 1.600000000000000000e+01 5.825660182448692659e+00
-1.180000000000000000e+02 1.700000000000000000e+01 5.737792622517101648e+00
-1.180000000000000000e+02 1.800000000000000000e+01 nan
