Longitude[deg], Latitude[deg], Dust optical depth
-1.420000000000000000e+02 -7.200000000000000000e+01 nan
-1.420000000000000000e+02 -7.100000000000000000e+01 nan
-1.420000000000000000e+02 -7.000000000000000000e+01 nan
-1.420000000000000000e+02 -6.900000000000000000e+01 nan
-1.420000000000000000e+02 -6.800000000000000000e+01 nan
-1.420000000000000000e+02 -6.700000000000000000e+01 nan
-1.420000000000000000e+02 -6.600000000000000000e+01 nan
-1.420000000000000000e+02 -6.500000000000000000e+01 nan
-1.420000000000000000e+02 -6.400000000000000000e+01 nan
-1.420000000000000000e+02 -6.300000000000000000e+01 nan
-1.420000000000000000e+02 -6.200000000000000000e+01 nan
-1.420000000000000000e+02 -6.100000000000000000e+01 nan
-1.420000000000000000e+02 -6.000000000000000000e+01 nan
-1.420000000000000000e+02 -5.900000000000000000e+01 nan
-1.420000000000000000e+02 -5.800000000000000000e+01 nan
-1.420000000000000000e+02 -5.700000000000000000e+01 nan
-1.420000000000000000e+02 -5.600000000000000000e+01 nan
-1.420000000000000000e+02 -5.500000000000000000e+01 nan
-1.420000000000000000e+02 -5.400000000000000000e+01 nan
-1.420000000000000000e+02 -5.300000000000000000e+01 nan
-1.420000000000000000e+02 -5.200000000000000000e+01 nan
-1.420000000000000000e+02 -5.100000000000000000e+01 nan
-1.420000000000000000e+02 -5.000000000000000000e+01 nan
-1.420000000000000000e+02 -4.900000000000000000e+01 nan
-1.420000000000000000e+02 -4.800000000000000000e+01 nan
-1.420000000000000000e+02 -4.700000000000000000e+01 nan
-1.420000000000000000e+02 -4.600000000000000000e+01 nan
-1.420000000000000000e+02 -4.500000000000000000e+01 nan
-1.420000000000000000e+02 -4.400000000000000000e+01 nan
-1.420000000000000000e+02 -4.300000000000000000e+01 nan
-1.420000000000000000e+02 -4.200000000000000000e+01 nan
-1.420000000000000000e+02 -4.100000000000000000e+01 nan
-1.420000000000000000e+02 -4.000000000000000000e+01 nan
-1.420000000000000000e+02 -3.900000000000000000e+01 nan
-1.420000000000000000e+02 -3.800000000000000000e+01 nan
-1.420000000000000000e+02 -3.700000000000000000e+01 nan
-1.420000000000000000e+02 -3.600000000000000000e+01 nan
-1.420000000000000000e+02 -3.500000000000000000e+01 nan
-1.420000000000000000e+02 -3.400000000000000000e+01 nan
-1.420000000000000000e+02 -3.300000000000000000e+01 nan
-1.420000000000000000e+02 -3.200000000000000000e+01 nan
-1.420000000000000000e+02 -3.100000000000000000e+01 nan
-1.420000000000000000e+02 -3.000000000000000000e+01 nan
-1.420000000000000000e+02 -2.900000000000000000e+01 nan
-1.420000000000000000e+02 -2.800000000000000000e+01 nan
-1.410000000000000000e+02 -7.200000000000000000e+01 nan
-1.410000000000000000e+02 -7.100000000000000000e+01 nan
-1.410000000000000000e+02 -7.000000000000000000e+01 nan
-1.410000000000000000e+02 -6.900000000000000000e+01 nan
-1.410000000000000000e+02 -6.800000000000000000e+01 nan
-1.410000000000000000e+02 -6.700000000000000000e+01 nan
-1.410000000000000000e+02 -6.600000000000000000e+01 nan
-1.410000000000000000e+02 -6.500000000000000000e+01 nan
-1.410000000000000000e+02 -6.400000000000000000e+01 nan
-1.410000000000000000e+02 -6.300000000000000000e+01 nan
-1.410000000000000000e+02 -6.200000000000000000e+01 nan
-1.410000000000000000e+02 -6.100000000000000000e+01 nan
-1.410000000000000000e+02 -6.000000000000000000e+01 nan
-1.410000000000000000e+02 -5.900000000000000000e+01 nan
-1.410000000000000000e+02 -5.800000000000000000e+01 nan
-1.410000000000000000e+02 -5.700000000000000000e+01 nan
-1.410000000000000000e+02 -5.600000000000000000e+01 nan
-1.410000000000000000e+02 -5.500000000000000000e+01 nan
-1.410000000000000000e+02 -5.400000000000000000e+01 nan
-1.410000000000000000e+02 -5.300000000000000000e+01 nan
-1.410000000000000000e+02 -5.200000000000000000e+01 nan
-1.410000000000000000e+02 -5.100000000000000000e+01 nan
-1.410000000000000000e+02 -5.000000000000000000e+01 nan
-1.410000000000000000e+02 -4.900000000000000000e+01 nan
-1.410000000000000000e+02 -4.800000000000000000e+01 nan
-1.410000000000000000e+02 -4.700000000000000000e+01 nan
-1.410000000000000000e+02 -4.600000000000000000e+01 nan
-1.410000000000000000e+02 -4.500000000000000000e+01 nan
-1.410000000000000000e+02 -4.400000000000000000e+01 nan
-1.410000000000000000e+02 -4.300000000000000000e+01 nan
-1.410000000000000000e+02 -4.200000000000000000e+01 nan
-1.410000000000000000e+02 -4.100000000000000000e+01 nan
-1.410000000000000000e+02 -4.000000000000000000e+01 nan
-1.410000000000000000e+02 -3.900000000000000000e+01 nan
-1.410000000000000000e+02 -3.800000000000000000e+01 nan
-1.410000000000000000e+02 -3.700000000000000000e+01 nan
-1.410000000000000000e+02 -3.600000000000000000e+01 nan
-1.410000000000000000e+02 -3.500000000000000000e+01 nan
-1.410000000000000000e+02 -3.400000000000000000e+01 nan
-1.410000000000000000e+02 -3.300000000000000000e+01 nan
-1.410000000000000000e+02 -3.200000000000000000e+01 nan
-1.410000000000000000e+02 -3.100000000000000000e+01 nan
-1.410000000000000000e+02 -3.000000000000000000e+01 nan
-1.410000000000000000e+02 -2.900000000000000000e+01 nan
-1.410000000000000000e+02 -2.800000000000000000e+01 nan
-1.400000000000000000e+02 -7.200000000000000000e+01 nan
-1.400000000000000000e+02 -7.100000000000000000e+01 nan
-1.400000000000000000e+02 -7.000000000000000000e+01 nan
-1.400000000000000000e+02 -6.900000000000000000e+01 nan
-1.400000000000000000e+02 -6.800000000000000000e+01 nan
-1.400000000000000000e+02 -6.700000000000000000e+01 nan
-1.400000000000000000e+02 -6.600000000000000000e+01 nan
-1.400000000000000000e+02 -6.500000000000000000e+01 nan
-1.400000000000000000e+02 -6.400000000000000000e+01 nan
-1.400000000000000000e+02 -6.300000000000000000e+01 nan
-1.400000000000000000e+02 -6.200000000000000000e+01 nan
-1.400000000000000000e+02 -6.100000000000000000e+01 nan
-1.400000000000000000e+02 -6.000000000000000000e+01 nan
-1.400000000000000000e+02 -5.900000000000000000e+01 nan
-1.400000000000000000e+02 -5.800000000000000000e+01 nan
-1.400000000000000000e+02 -5.700000000000000000e+01 nan
-1.400000000000000000e+02 -5.600000000000000000e+01 nan
-1.400000000000000000e+02 -5.500000000000000000e+01 nan
-1.400000000000000000e+02 -5.400000000000000000e+01 nan
-1.400000000000000000e+02 -5.300000000000000000e+01 nan
-1.400000000000000000e+02 -5.200000000000000000e+01 nan
-1.400000000000000000e+02 -5.100000000000000000e+01 nan
-1.400000000000000000e+02 -5.000000000000000000e+01 nan
-1.400000000000000000e+02 -4.900000000000000000e+01 nan
-1.400000000000000000e+02 -4.800000000000000000e+01 nan
-1.400000000000000000e+02 -4.700000000000000000e+01 nan
-1.400000000000000000e+02 -4.600000000000000000e+01 nan
-1.400000000000000000e+02 -4.500000000000000000e+01 nan
-1.400000000000000000e+02 -4.400000000000000000e+01 nan
-1.400000000000000000e+02 -4.300000000000000000e+01 nan
-1.400000000000000000e+02 -4.200000000000000000e+01 nan
-1.400000000000000000e+02 -4.100000000000000000e+01 nan
-1.400000000000000000e+02 -4.000000000000000000e+01 nan
-1.400000000000000000e+02 -3.900000000000000000e+01 nan
-1.400000000000000000e+02 -3.800000000000000000e+01 nan
-1.400000000000000000e+02 -3.700000000000000000e+01 nan
-1.400000000000000000e+02 -3.600000000000000000e+01 nan
-1.400000000000000000e+02 -3.500000000000000000e+01 nan
-1.400000000000000000e+02 -3.400000000000000000e+01 nan
-1.400000000000000000e+02 -3.300000000000000000e+01 nan
-1.400000000000000000e+02 -3.200000000000000000e+01 nan
-1.400000000000000000e+02 -3.100000000000000000e+01 nan
-1.400000000000000000e+02 -3.000000000000000000e+01 nan
-1.400000000000000000e+02 -2.900000000000000000e+01 nan
-1.400000000000000000e+02 -2.800000000000000000e+01 nan
-1.390000000000000000e+02 -7.200000000000000000e+01 nan
-1.390000000000000000e+02 -7.100000000000000000e+01 nan
-1.390000000000000000e+02 -7.000000000000000000e+01 nan
-1.390000000000000000e+02 -6.900000000000000000e+01 nan
-1.390000000000000000e+02 -6.800000000000000000e+01 nan
-1.390000000000000000e+02 -6.700000000000000000e+01 nan
-1.390000000000000000e+02 -6.600000000000000000e+01 nan
-1.390000000000000000e+02 -6.500000000000000000e+01 nan
-1.390000000000000000e+02 -6.400000000000000000e+01 nan
-1.390000000000000000e+02 -6.300000000000000000e+01 nan
-1.390000000000000000e+02 -6.200000000000000000e+01 nan
-1.390000000000000000e+02 -6.100000000000000000e+01 nan
-1.390000000000000000e+02 -6.000000000000000000e+01 5.319598477600273601e-01
-1.390000000000000000e+02 -5.900000000000000000e+01 5.498206766231248377e-01
-1.390000000000000000e+02 -5.800000000000000000e+01 5.198151240996154998e-01
-1.390000000000000000e+02 -5.700000000000000000e+01 4.697916944775468728e-01
-1.390000000000000000e+02 -5.600000000000000000e+01 3.132256881171207596e-01
-1.390000000000000000e+02 -5.500000000000000000e+01 3.154809086530728779e-01
-1.390000000000000000e+02 -5.400000000000000000e+01 4.366652541351222494e-01
-1.390000000000000000e+02 -5.300000000000000000e+01 4.834972786519947108e-01
-1.390000000000000000e+02 -5.200000000000000000e+01 nan
-1.390000000000000000e+02 -5.100000000000000000e+01 nan
-1.390000000000000000e+02 -5.000000000000000000e+01 nan
-1.390000000000000000e+02 -4.900000000000000000e+01 nan
-1.390000000000000000e+02 -4.800000000000000000e+01 nan
-1.390000000000000000e+02 -4.700000000000000000e+01 nan
-1.390000000000000000e+02 -4.600000000000000000e+01 nan
-1.390000000000000000e+02 -4.500000000000000000e+01 nan
-1.390000000000000000e+02 -4.400000000000000000e+01 nan
-1.390000000000000000e+02 -4.300000000000000000e+01 nan
-1.390000000000000000e+02 -4.200000000000000000e+01 nan
-1.390000000000000000e+02 -4.100000000000000000e+01 nan
-1.390000000000000000e+02 -4.000000000000000000e+01 nan
-1.390000000000000000e+02 -3.900000000000000000e+01 nan
-1.390000000000000000e+02 -3.800000000000000000e+01 nan
-1.390000000000000000e+02 -3.700000000000000000e+01 nan
-1.390000000000000000e+02 -3.600000000000000000e+01 nan
-1.390000000000000000e+02 -3.500000000000000000e+01 nan
-1.390000000000000000e+02 -3.400000000000000000e+01 nan
-1.390000000000000000e+02 -3.300000000000000000e+01 nan
-1.390000000000000000e+02 -3.200000000000000000e+01 nan
-1.390000000000000000e+02 -3.100000000000000000e+01 nan
-1.390000000000000000e+02 -3.000000000000000000e+01 nan
-1.390000000000000000e+02 -2.900000000000000000e+01 nan
-1.390000000000000000e+02 -2.800000000000000000e+01 nan
-1.380000000000000000e+02 -7.200000000000000000e+01 nan
-1.380000000000000000e+02 -7.100000000000000000e+01 nan
-1.380000000000000000e+02 -7.000000000000000000e+01 nan
-1.380000000000000000e+02 -6.900000000000000000e+01 nan
-1.380000000000000000e+02 -6.800000000000000000e+01 nan
-1.380000000000000000e+02 -6.700000000000000000e+01 nan
-1.380000000000000000e+02 -6.600000000000000000e+01 nan
-1.380000000000000000e+02 -6.500000000000000000e+01 nan
-1.380000000000000000e+02 -6.400000000000000000e+01 nan
-1.380000000000000000e+02 -6.300000000000000000e+01 nan
-1.380000000000000000e+02 -6.200000000000000000e+01 nan
-1.380000000000000000e+02 -6.100000000000000000e+01 nan
-1.380000000000000000e+02 -6.000000000000000000e+01 5.319598477600273601e-01
-1.380000000000000000e+02 -5.900000000000000000e+01 5.498206766231248377e-01
-1.380000000000000000e+02 -5.800000000000000000e+01 5.198151240996154998e-01
-1.380000000000000000e+02 -5.700000000000000000e+01 4.697916944775468728e-01
-1.380000000000000000e+02 -5.600000000000000000e+01 3.144759005277275588e-01
-1.380000000000000000e+02 -5.500000000000000000e+01 3.630474084949855129e-01
-1.380000000000000000e+02 -5.400000000000000000e+01 5.283349643509011040e-01
-1.380000000000000000e+02 -5.300000000000000000e+01 7.206977517124635302e-01
-1.380000000000000000e+02 -5.200000000000000000e+01 7.377624109760686499e-01
-1.380000000000000000e+02 -5.100000000000000000e+01 7.561265268601767842e-01
-1.380000000000000000e+02 -5.000000000000000000e+01 7.228043612358623360e-01
-1.380000000000000000e+02 -4.900000000000000000e+01 6.903418880483896958e-01
-1.380000000000000000e+02 -4.800000000000000000e+01 6.988054910359028371e-01
-1.380000000000000000e+02 -4.700000000000000000e+01 7.772560647264857847e-01
-1.380000000000000000e+02 -4.600000000000000000e+01 8.418600828241391554e-01
-1.380000000000000000e+02 -4.500000000000000000e+01 8.422558344039633438e-01
-1.380000000000000000e+02 -4.400000000000000000e+01 8.240118501926436689e-01
-1.380000000000000000e+02 -4.300000000000000000e+01 7.355619331417674323e-01
-1.380000000000000000e+02 -4.200000000000000000e+01 5.565869461053271072e-01
-1.380000000000000000e+02 -4.100000000000000000e+01 5.327950369607304948e-01
-1.380000000000000000e+02 -4.000000000000000000e+01 6.625508923370616587e-01
-1.380000000000000000e+02 -3.900000000000000000e+01 6.226441892015248669e-01
-1.380000000000000000e+02 -3.800000000000000000e+01 7.913185240449732705e-01
-1.380000000000000000e+02 -3.700000000000000000e+01 1.022544096222574250e+00
-1.380000000000000000e+02 -3.600000000000000000e+01 9.797678187475323819e-01
-1.380000000000000000e+02 -3.500000000000000000e+01 9.329861118712834411e-01
-1.380000000000000000e+02 -3.400000000000000000e+01 8.598026875896270793e-01
-1.380000000000000000e+02 -3.300000000000000000e+01 7.555746750735439221e-01
-1.380000000000000000e+02 -3.200000000000000000e+01 7.446363890740279601e-01
-1.380000000000000000e+02 -3.100000000000000000e+01 7.305961289963897043e-01
-1.380000000000000000e+02 -3.000000000000000000e+01 4.207626009931792477e-01
-1.380000000000000000e+02 -2.900000000000000000e+01 4.239151390695158339e-01
-1.380000000000000000e+02 -2.800000000000000000e+01 nan
-1.370000000000000000e+02 -7.200000000000000000e+01 nan
-1.370000000000000000e+02 -7.100000000000000000e+01 nan
-1.370000000000000000e+02 -7.000000000000000000e+01 nan
-1.370000000000000000e+02 -6.900000000000000000e+01 nan
-1.370000000000000000e+02 -6.800000000000000000e+01 nan
-1.370000000000000000e+02 -6.700000000000000000e+01 nan
-1.370000000000000000e+02 -6.600000000000000000e+01 nan
-1.370000000000000000e+02 -6.500000000000000000e+01 nan
-1.370000000000000000e+02 -6.400000000000000000e+01 nan
-1.370000000000000000e+02 -6.300000000000000000e+01 nan
-1.370000000000000000e+02 -6.200000000000000000e+01 nan
-1.370000000000000000e+02 -6.100000000000000000e+01 nan
-1.370000000000000000e+02 -6.000000000000000000e+01 nan
-1.370000000000000000e+02 -5.900000000000000000e+01 nan
-1.370000000000000000e+02 -5.800000000000000000e+01 nan
-1.370000000000000000e+02 -5.700000000000000000e+01 nan
-1.370000000000000000e+02 -5.600000000000000000e+01 nan
-1.370000000000000000e+02 -5.500000000000000000e+01 6.258550979376733547e-01
-1.370000000000000000e+02 -5.400000000000000000e+01 5.351488130161629053e-01
-1.370000000000000000e+02 -5.300000000000000000e+01 7.240266459500459550e-01
-1.370000000000000000e+02 -5.200000000000000000e+01 7.377624109760686499e-01
-1.370000000000000000e+02 -5.100000000000000000e+01 7.561265268601767842e-01
-1.370000000000000000e+02 -5.000000000000000000e+01 7.228043612358623360e-01
-1.370000000000000000e+02 -4.900000000000000000e+01 6.903418880483896958e-01
-1.370000000000000000e+02 -4.800000000000000000e+01 6.988054910359028371e-01
-1.370000000000000000e+02 -4.700000000000000000e+01 7.772560647264857847e-01
-1.370000000000000000e+02 -4.600000000000000000e+01 8.418600828241391554e-01
-1.370000000000000000e+02 -4.500000000000000000e+01 8.422558344039633438e-01
-1.370000000000000000e+02 -4.400000000000000000e+01 8.240118501926436689e-01
-1.370000000000000000e+02 -4.300000000000000000e+01 7.355619331417674323e-01
-1.370000000000000000e+02 -4.200000000000000000e+01 5.565869461053271072e-01
-1.370000000000000000e+02 -4.100000000000000000e+01 5.327950369607304948e-01
-1.370000000000000000e+02 -4.000000000000000000e+01 6.625508923370616587e-01
-1.370000000000000000e+02 -3.900000000000000000e+01 6.226441892015248669e-01
-1.370000000000000000e+02 -3.800000000000000000e+01 7.913185240449732705e-01
-1.370000000000000000e+02 -3.700000000000000000e+01 1.022544096222574250e+00
-1.370000000000000000e+02 -3.600000000000000000e+01 9.797678187475323819e-01
-1.370000000000000000e+02 -3.500000000000000000e+01 9.329861118712834411e-01
-1.370000000000000000e+02 -3.400000000000000000e+01 8.598026875896270793e-01
-1.370000000000000000e+02 -3.300000000000000000e+01 7.555746750735439221e-01
-1.370000000000000000e+02 -3.200000000000000000e+01 7.446363890740279601e-01
-1.370000000000000000e+02 -3.100000000000000000e+01 7.305961289963897043e-01
-1.370000000000000000e+02 -3.000000000000000000e+01 4.207626009931792477e-01
-1.370000000000000000e+02 -2.900000000000000000e+01 4.239151390695158339e-01
-1.370000000000000000e+02 -2.800000000000000000e+01 nan
