Longitude[deg], Latitude[deg], Dust optical depth
-8.500000000000000000e+01 -1.800000000000000000e+01 nan
-8.500000000000000000e+01 -1.700000000000000000e+01 nan
-8.500000000000000000e+01 -1.600000000000000000e+01 nan
-8.500000000000000000e+01 -1.500000000000000000e+01 3.217203942048776355e+00
-8.500000000000000000e+01 -1.400000000000000000e+01 3.014711908584807531e+00
-8.500000000000000000e+01 -1.300000000000000000e+01 3.245634758222108118e+00
-8.500000000000000000e+01 -1.200000000000000000e+01 3.495674889427834664e+00
-8.500000000000000000e+01 -1.100000000000000000e+01 3.831575400133193199e+00
-8.500000000000000000e+01 -1.000000000000000000e+01 3.889251691184420157e+00
-8.500000000000000000e+01 -9.000000000000000000e+00 3.793883609818915925e+00
-8.500000000000000000e+01 -8.000000000000000000e+00 3.920865966880801690e+00
-8.500000000000000000e+01 -7.000000000000000000e+00 3.847834426278784470e+00
-8.500000000000000000e+01 -6.000000000000000000e+00 3.917152486316943794e+00
-8.500000000000000000e+01 -5.000000000000000000e+00 3.829686211827686648e+00
-8.500000000000000000e+01 -4.000000000000000000e+00 3.674478641132264300e+00
-8.500000000000000000e+01 -3.000000000000000000e+00 4.004332835324955653e+00
-8.500000000000000000e+01 -2.000000000000000000e+00 nan
-8.400000000000000000e+01 -1.800000000000000000e+01 3.760450252459690113e+00
-8.400000000000000000e+01 -1.700000000000000000e+01 3.731470616901255255e+00
-8.400000000000000000e+01 -1.600000000000000000e+01 3.603536674687911834e+00
-8.400000000000000000e+01 -1.500000000000000000e+01 3.296417013107642457e+00
-8.400000000000000000e+01 -1.400000000000000000e+01 3.239738428619370669e+00
-8.400000000000000000e+01 -1.300000000000000000e+01 3.274430646456421456e+00
-8.400000000000000000e+01 -1.200000000000000000e+01 3.468808463209693826e+00
-8.400000000000000000e+01 -1.100000000000000000e+01 3.616525919746124362e+00
-8.400000000000000000e+01 -1.000000000000000000e+01 3.896766396340766381e+00
-8.400000000000000000e+01 -9.000000000000000000e+00 3.898863871357028277e+00
-8.400000000000000000e+01 -8.000000000000000000e+00 3.945122344056804842e+00
-8.400000000000000000e+01 -7.000000000000000000e+00 3.960910846553626463e+00
-8.400000000000000000e+01 -6.000000000000000000e+00 4.020862123736177018e+00
-8.400000000000000000e+01 -5.000000000000000000e+00 3.975000470819550991e+00
-8.400000000000000000e+01 -4.000000000000000000e+00 3.957426021079921252e+00
-8.400000000000000000e+01 -3.000000000000000000e+00 4.178575227099295297e+00
-8.400000000000000000e+01 -2.000000000000000000e+00 nan
-8.300000000000000000e+01 -1.800000000000000000e+01 3.777987378298016452e+00
-8.300000000000000000e+01 -1.700000000000000000e+01 3.776395825937259421e+00
-8.300000000000000000e+01 -1.600000000000000000e+01 3.632823282809424903e+00
-8.300000000000000000e+01 -1.500000000000000000e+01 3.368368697580287119e+00
-8.300000000000000000e+01 -1.400000000000000000e+01 3.260346596254316776e+00
-8.300000000000000000e+01 -1.300000000000000000e+01 3.287753974101446985e+00
-8.300000000000000000e+01 -1.200000000000000000e+01 3.473519021063383949e+00
-8.300000000000000000e+01 -1.100000000000000000e+01 3.610170509912376868e+00
-8.300000000000000000e+01 -1.000000000000000000e+01 3.882501666107684990e+00
-8.300000000000000000e+01 -9.000000000000000000e+00 3.812862499306362007e+00
-8.300000000000000000e+01 -8.000000000000000000e+00 3.945860211955104724e+00
-8.300000000000000000e+01 -7.000000000000000000e+00 3.986128092571056936e+00
-8.300000000000000000e+01 -6.000000000000000000e+00 4.055210472144741729e+00
-8.300000000000000000e+01 -5.000000000000000000e+00 4.156719085722765605e+00
-8.300000000000000000e+01 -4.000000000000000000e+00 4.039041356767794078e+00
-8.300000000000000000e+01 -3.000000000000000000e+00 4.227342899559811684e+00
-8.300000000000000000e+01 -2.000000000000000000e+00 nan
-8.200000000000000000e+01 -1.800000000000000000e+01 3.875640515525229368e+00
-8.200000000000000000e+01 -1.700000000000000000e+01 3.910520639821308819e+00
-8.200000000000000000e+01 -1.600000000000000000e+01 3.715628700205079404e+00
-8.200000000000000000e+01 -1.500000000000000000e+01 3.628181928355394881e+00
-8.200000000000000000e+01 -1.400000000000000000e+01 3.432619237756979302e+00
-8.200000000000000000e+01 -1.300000000000000000e+01 3.315296723853402572e+00
-8.200000000000000000e+01 -1.200000000000000000e+01 3.501744560434635556e+00
-8.200000000000000000e+01 -1.100000000000000000e+01 3.605649725144502327e+00
-8.200000000000000000e+01 -1.000000000000000000e+01 3.702229947814473121e+00
-8.200000000000000000e+01 -9.000000000000000000e+00 3.607636497768628381e+00
-8.200000000000000000e+01 -8.000000000000000000e+00 3.800762903874097542e+00
-8.200000000000000000e+01 -7.000000000000000000e+00 3.934804844291001302e+00
-8.200000000000000000e+01 -6.000000000000000000e+00 4.012809286454770863e+00
-8.200000000000000000e+01 -5.000000000000000000e+00 4.183065691950302423e+00
-8.200000000000000000e+01 -4.000000000000000000e+00 4.299492964926511895e+00
-8.200000000000000000e+01 -3.000000000000000000e+00 4.375985637898478053e+00
-8.200000000000000000e+01 -2.000000000000000000e+00 nan
