Longitude[deg], Latitude[deg], Dust optical depth
5.800000000000000000e+01 -2.600000000000000000e+01 1.083147705219331458e+00
5.800000000000000000e+01 -2.500000000000000000e+01 1.113573208808420478e+00
5.800000000000000000e+01 -2.400000000000000000e+01 1.128983482816857231e+00
5.800000000000000000e+01 -2.300000000000000000e+01 1.296613877868565856e+00
5.800000000000000000e+01 -2.200000000000000000e+01 1.263938489294612388e+00
5.800000000000000000e+01 -2.100000000000000000e+01 1.196098730181732295e+00
5.800000000000000000e+01 -2.000000000000000000e+01 1.128849561081112007e+00
5.800000000000000000e+01 -1.900000000000000000e+01 1.104545245150946320e+00
5.800000000000000000e+01 -1.800000000000000000e+01 1.162085254392577038e+00
5.800000000000000000e+01 -1.700000000000000000e+01 1.208658932666187846e+00
5.800000000000000000e+01 -1.600000000000000000e+01 1.226001693735914166e+00
5.800000000000000000e+01 -1.500000000000000000e+01 1.238516287482424483e+00
5.800000000000000000e+01 -1.400000000000000000e+01 1.262364370005972125e+00
5.800000000000000000e+01 -1.300000000000000000e+01 1.262998476721201024e+00
5.800000000000000000e+01 -1.200000000000000000e+01 1.201871008145958930e+00
5.800000000000000000e+01 -1.100000000000000000e+01 1.114949346542070785e+00
5.800000000000000000e+01 -1.000000000000000000e+01 1.152258847079362880e+00
5.800000000000000000e+01 -9.000000000000000000e+00 1.406975953500209542e+00
5.800000000000000000e+01 -8.000000000000000000e+00 1.171467114014682842e+00
5.800000000000000000e+01 -7.000000000000000000e+00 1.169355805857368980e+00
5.800000000000000000e+01 -6.000000000000000000e+00 1.289553395798505031e+00
5.800000000000000000e+01 -5.000000000000000000e+00 1.305139106898394852e+00
5.800000000000000000e+01 -4.000000000000000000e+00 1.344179522551782968e+00
5.800000000000000000e+01 -3.000000000000000000e+00 1.379497376336584979e+00
5.800000000000000000e+01 -2.000000000000000000e+00 1.357803321302439636e+00
5.800000000000000000e+01 -1.000000000000000000e+00 1.320334185448096997e+00
5.800000000000000000e+01 0.000000000000000000e+00 1.225045256300931085e+00
5.800000000000000000e+01 1.000000000000000000e+00 nan
5.900000000000000000e+01 -2.600000000000000000e+01 1.117806725642845889e+00
5.900000000000000000e+01 -2.500000000000000000e+01 1.121141359771962609e+00
5.900000000000000000e+01 -2.400000000000000000e+01 1.123450459378560806e+00
5.900000000000000000e+01 -2.300000000000000000e+01 1.285068943380575979e+00
5.900000000000000000e+01 -2.200000000000000000e+01 1.264575310844102685e+00
5.900000000000000000e+01 -2.100000000000000000e+01 1.210051902505219656e+00
5.900000000000000000e+01 -2.000000000000000000e+01 1.146806946674707062e+00
5.900000000000000000e+01 -1.900000000000000000e+01 1.106312374190882464e+00
5.900000000000000000e+01 -1.800000000000000000e+01 1.178571673405280906e+00
5.900000000000000000e+01 -1.700000000000000000e+01 1.208354386294582028e+00
5.900000000000000000e+01 -1.600000000000000000e+01 1.238377236622208999e+00
5.900000000000000000e+01 -1.500000000000000000e+01 1.254665371913222360e+00
5.900000000000000000e+01 -1.400000000000000000e+01 1.271228582722806255e+00
5.900000000000000000e+01 -1.300000000000000000e+01 1.262603948735442572e+00
5.900000000000000000e+01 -1.200000000000000000e+01 1.223938629614799378e+00
5.900000000000000000e+01 -1.100000000000000000e+01 1.130988329640988388e+00
5.900000000000000000e+01 -1.000000000000000000e+01 1.145715025065727311e+00
5.900000000000000000e+01 -9.000000000000000000e+00 1.397296685455949206e+00
5.900000000000000000e+01 -8.000000000000000000e+00 1.180787868115713790e+00
5.900000000000000000e+01 -7.000000000000000000e+00 1.164101712123459142e+00
5.900000000000000000e+01 -6.000000000000000000e+00 1.287679440302759826e+00
5.900000000000000000e+01 -5.000000000000000000e+00 1.305995648841465462e+00
5.900000000000000000e+01 -4.000000000000000000e+00 1.341318420335653627e+00
5.900000000000000000e+01 -3.000000000000000000e+00 1.377805185409536337e+00
5.900000000000000000e+01 -2.000000000000000000e+00 1.359754116707619698e+00
5.900000000000000000e+01 -1.000000000000000000e+00 1.321310658913267266e+00
5.900000000000000000e+01 0.000000000000000000e+00 1.230733606904834687e+00
5.900000000000000000e+01 1.000000000000000000e+00 nan
6.000000000000000000e+01 -2.600000000000000000e+01 1.154460680989243704e+00
6.000000000000000000e+01 -2.500000000000000000e+01 1.126487394242452034e+00
6.000000000000000000e+01 -2.400000000000000000e+01 1.116464234736020078e+00
6.000000000000000000e+01 -2.300000000000000000e+01 1.279482742970994069e+00
6.000000000000000000e+01 -2.200000000000000000e+01 1.265190122745995183e+00
6.000000000000000000e+01 -2.100000000000000000e+01 1.216609329412432272e+00
6.000000000000000000e+01 -2.000000000000000000e+01 1.162715492709574194e+00
6.000000000000000000e+01 -1.900000000000000000e+01 1.106474787906611246e+00
6.000000000000000000e+01 -1.800000000000000000e+01 1.187239910084217920e+00
6.000000000000000000e+01 -1.700000000000000000e+01 1.208297016360459830e+00
6.000000000000000000e+01 -1.600000000000000000e+01 1.248642079791669079e+00
6.000000000000000000e+01 -1.500000000000000000e+01 1.265890696964222295e+00
6.000000000000000000e+01 -1.400000000000000000e+01 1.277509998408922431e+00
6.000000000000000000e+01 -1.300000000000000000e+01 1.262283025770924549e+00
6.000000000000000000e+01 -1.200000000000000000e+01 1.245675085414018168e+00
6.000000000000000000e+01 -1.100000000000000000e+01 1.146933797022259283e+00
6.000000000000000000e+01 -1.000000000000000000e+01 1.141945849983613037e+00
6.000000000000000000e+01 -9.000000000000000000e+00 1.366115255665450112e+00
6.000000000000000000e+01 -8.000000000000000000e+00 1.378584918486857269e+00
6.000000000000000000e+01 -7.000000000000000000e+00 1.143864773409955404e+00
6.000000000000000000e+01 -6.000000000000000000e+00 1.258680671932008055e+00
6.000000000000000000e+01 -5.000000000000000000e+00 1.309027858417714629e+00
6.000000000000000000e+01 -4.000000000000000000e+00 1.325892517803084703e+00
6.000000000000000000e+01 -3.000000000000000000e+00 1.365032081900160676e+00
6.000000000000000000e+01 -2.000000000000000000e+00 1.379575179902866822e+00
6.000000000000000000e+01 -1.000000000000000000e+00 1.344362159420035008e+00
6.000000000000000000e+01 0.000000000000000000e+00 1.262128598279653513e+00
6.000000000000000000e+01 1.000000000000000000e+00 nan
