Longitude[deg], Latitude[deg], Dust optical depth
-1.600000000000000000e+01 -4.200000000000000000e+01 3.901700631633920224e+00
-1.600000000000000000e+01 -4.100000000000000000e+01 3.958358975576792727e+00
-1.600000000000000000e+01 -4.000000000000000000e+01 3.332569374876652279e+00
-1.600000000000000000e+01 -3.900000000000000000e+01 3.106132802288099182e+00
-1.600000000000000000e+01 -3.800000000000000000e+01 3.506615682748670970e+00
-1.600000000000000000e+01 -3.700000000000000000e+01 3.490566264024925314e+00
-1.600000000000000000e+01 -3.600000000000000000e+01 2.538868103421302536e+00
-1.600000000000000000e+01 -3.500000000000000000e+01 2.111084631546603863e+00
-1.600000000000000000e+01 -3.400000000000000000e+01 2.101698303745455743e+00
-1.600000000000000000e+01 -3.300000000000000000e+01 2.329230500955304262e+00
-1.600000000000000000e+01 -3.200000000000000000e+01 2.191322955656820337e+00
-1.600000000000000000e+01 -3.100000000000000000e+01 2.074477050886288421e+00
-1.600000000000000000e+01 -3.000000000000000000e+01 2.123951452512842675e+00
-1.600000000000000000e+01 -2.900000000000000000e+01 2.117782929124051972e+00
-1.600000000000000000e+01 -2.800000000000000000e+01 2.222479223523989411e+00
-1.600000000000000000e+01 -2.700000000000000000e+01 2.272743443111919337e+00
-1.600000000000000000e+01 -2.600000000000000000e+01 2.118592975676182544e+00
-1.600000000000000000e+01 -2.500000000000000000e+01 2.216466994146258251e+00
-1.600000000000000000e+01 -2.400000000000000000e+01 2.554667064830670409e+00
-1.600000000000000000e+01 -2.300000000000000000e+01 2.801175138272651743e+00
-1.600000000000000000e+01 -2.200000000000000000e+01 3.066195906203418087e+00
-1.600000000000000000e+01 -2.100000000000000000e+01 3.327502259870803059e+00
-1.600000000000000000e+01 -2.000000000000000000e+01 3.425086365811057743e+00
-1.600000000000000000e+01 -1.900000000000000000e+01 3.375633525998687379e+00
-1.600000000000000000e+01 -1.800000000000000000e+01 3.154821736364785689e+00
-1.600000000000000000e+01 -1.700000000000000000e+01 3.086619167034569955e+00
-1.600000000000000000e+01 -1.600000000000000000e+01 2.911313373371858138e+00
-1.600000000000000000e+01 -1.500000000000000000e+01 nan
-1.500000000000000000e+01 -4.200000000000000000e+01 3.901700631633920224e+00
-1.500000000000000000e+01 -4.100000000000000000e+01 3.958358975576792727e+00
-1.500000000000000000e+01 -4.000000000000000000e+01 3.332569374876652279e+00
-1.500000000000000000e+01 -3.900000000000000000e+01 3.106132802288099182e+00
-1.500000000000000000e+01 -3.800000000000000000e+01 3.506615682748670970e+00
-1.500000000000000000e+01 -3.700000000000000000e+01 3.490566264024925314e+00
-1.500000000000000000e+01 -3.600000000000000000e+01 2.538868103421302536e+00
-1.500000000000000000e+01 -3.500000000000000000e+01 2.111084631546603863e+00
-1.500000000000000000e+01 -3.400000000000000000e+01 2.101698303745455743e+00
-1.500000000000000000e+01 -3.300000000000000000e+01 2.329230500955304262e+00
-1.500000000000000000e+01 -3.200000000000000000e+01 2.191322955656820337e+00
-1.500000000000000000e+01 -3.100000000000000000e+01 2.074477050886288421e+00
-1.500000000000000000e+01 -3.000000000000000000e+01 2.123951452512842675e+00
-1.500000000000000000e+01 -2.900000000000000000e+01 2.117782929124051972e+00
-1.500000000000000000e+01 -2.800000000000000000e+01 2.222479223523989411e+00
-1.500000000000000000e+01 -2.700000000000000000e+01 2.272743443111919337e+00
-1.500000000000000000e+01 -2.600000000000000000e+01 2.118592975676182544e+00
-1.500000000000000000e+01 -2.500000000000000000e+01 2.216466994146258251e+00
-1.500000000000000000e+01 -2.400000000000000000e+01 2.554667064830670409e+00
-1.500000000000000000e+01 -2.300000000000000000e+01 2.801175138272651743e+00
-1.500000000000000000e+01 -2.200000000000000000e+01 3.066195906203418087e+00
-1.500000000000000000e+01 -2.100000000000000000e+01 3.327502259870803059e+00
-1.500000000000000000e+01 -2.000000000000000000e+01 3.425086365811057743e+00
-1.500000000000000000e+01 -1.900000000000000000e+01 3.375633525998687379e+00
-1.500000000000000000e+01 -1.800000000000000000e+01 3.154821736364785689e+00
-1.500000000000000000e+01 -1.700000000000000000e+01 3.086619167034569955e+00
-1.500000000000000000e+01 -1.600000000000000000e+01 2.911313373371858138e+00
-1.500000000000000000e+01 -1.500000000000000000e+01 nan
