Longitude[deg], Latitude[deg], Dust optical depth
2.100000000000000000e+01 -3.300000000000000000e+01 7.982320674969838326e-01
2.100000000000000000e+01 -3.200000000000000000e+01 7.168749046660338742e-01
2.100000000000000000e+01 -3.100000000000000000e+01 7.217374079988385649e-01
2.100000000000000000e+01 -3.000000000000000000e+01 9.289973161584578198e-01
2.100000000000000000e+01 -2.900000000000000000e+01 1.027161990688433946e+00
2.100000000000000000e+01 -2.800000000000000000e+01 1.037797443540056763e+00
2.100000000000000000e+01 -2.700000000000000000e+01 1.187129834882506341e+00
2.100000000000000000e+01 -2.600000000000000000e+01 1.200670612271607762e+00
2.100000000000000000e+01 -2.500000000000000000e+01 1.075208801533365399e+00
2.100000000000000000e+01 -2.400000000000000000e+01 9.483093197189158552e-01
2.100000000000000000e+01 -2.300000000000000000e+01 1.025869675330966402e+00
2.100000000000000000e+01 -2.200000000000000000e+01 1.282106683165332495e+00
2.100000000000000000e+01 -2.100000000000000000e+01 1.323987517931918934e+00
2.100000000000000000e+01 -2.000000000000000000e+01 1.332813265985853812e+00
2.100000000000000000e+01 -1.900000000000000000e+01 1.352843867835940239e+00
2.100000000000000000e+01 -1.800000000000000000e+01 1.240556914635815966e+00
2.100000000000000000e+01 -1.700000000000000000e+01 1.211788588413373224e+00
2.100000000000000000e+01 -1.600000000000000000e+01 1.153432744746973215e+00
2.100000000000000000e+01 -1.500000000000000000e+01 1.115641451221637492e+00
2.100000000000000000e+01 -1.400000000000000000e+01 1.155632191991329494e+00
2.100000000000000000e+01 -1.300000000000000000e+01 1.269774697131062169e+00
2.100000000000000000e+01 -1.200000000000000000e+01 1.470271448606249143e+00
2.100000000000000000e+01 -1.100000000000000000e+01 1.512845891331795256e+00
2.100000000000000000e+01 -1.000000000000000000e+01 1.480110673472587957e+00
2.100000000000000000e+01 -9.000000000000000000e+00 1.541936477981318054e+00
2.100000000000000000e+01 -8.000000000000000000e+00 1.642900360521070580e+00
2.100000000000000000e+01 -7.000000000000000000e+00 nan
2.100000000000000000e+01 -6.000000000000000000e+00 nan
2.200000000000000000e+01 -3.300000000000000000e+01 7.982320674969838326e-01
2.200000000000000000e+01 -3.200000000000000000e+01 7.168749046660338742e-01
2.200000000000000000e+01 -3.100000000000000000e+01 7.217374079988385649e-01
2.200000000000000000e+01 -3.000000000000000000e+01 9.289973161584578198e-01
2.200000000000000000e+01 -2.900000000000000000e+01 1.027161990688433946e+00
2.200000000000000000e+01 -2.800000000000000000e+01 1.037797443540056763e+00
2.200000000000000000e+01 -2.700000000000000000e+01 1.187129834882506341e+00
2.200000000000000000e+01 -2.600000000000000000e+01 1.200670612271607762e+00
2.200000000000000000e+01 -2.500000000000000000e+01 1.075208801533365399e+00
2.200000000000000000e+01 -2.400000000000000000e+01 9.483093197189158552e-01
2.200000000000000000e+01 -2.300000000000000000e+01 1.025869675330966402e+00
2.200000000000000000e+01 -2.200000000000000000e+01 1.282106683165332495e+00
2.200000000000000000e+01 -2.100000000000000000e+01 1.323987517931918934e+00
2.200000000000000000e+01 -2.000000000000000000e+01 1.332813265985853812e+00
2.200000000000000000e+01 -1.900000000000000000e+01 1.352843867835940239e+00
2.200000000000000000e+01 -1.800000000000000000e+01 1.240556914635815966e+00
2.200000000000000000e+01 -1.700000000000000000e+01 1.211788588413373224e+00
2.200000000000000000e+01 -1.600000000000000000e+01 1.153432744746973215e+00
2.200000000000000000e+01 -1.500000000000000000e+01 1.115641451221637492e+00
2.200000000000000000e+01 -1.400000000000000000e+01 1.155632191991329494e+00
2.200000000000000000e+01 -1.300000000000000000e+01 1.269774697131062169e+00
2.200000000000000000e+01 -1.200000000000000000e+01 1.470271448606249143e+00
2.200000000000000000e+01 -1.100000000000000000e+01 1.512845891331795256e+00
2.200000000000000000e+01 -1.000000000000000000e+01 1.480110673472587957e+00
2.200000000000000000e+01 -9.000000000000000000e+00 1.541936477981318054e+00
2.200000000000000000e+01 -8.000000000000000000e+00 1.642900360521070580e+00
2.200000000000000000e+01 -7.000000000000000000e+00 nan
2.200000000000000000e+01 -6.000000000000000000e+00 nan
