Longitude[deg], Latitude[deg], Dust optical depth
-7.900000000000000000e+01 -3.500000000000000000e+01 nan
-7.900000000000000000e+01 -3.400000000000000000e+01 nan
-7.900000000000000000e+01 -3.300000000000000000e+01 nan
-7.900000000000000000e+01 -3.200000000000000000e+01 nan
-7.900000000000000000e+01 -3.100000000000000000e+01 nan
-7.900000000000000000e+01 -3.000000000000000000e+01 nan
-7.900000000000000000e+01 -2.900000000000000000e+01 nan
-7.900000000000000000e+01 -2.800000000000000000e+01 nan
-7.900000000000000000e+01 -2.700000000000000000e+01 nan
-7.900000000000000000e+01 -2.600000000000000000e+01 nan
-7.900000000000000000e+01 -2.500000000000000000e+01 nan
-7.900000000000000000e+01 -2.400000000000000000e+01 nan
-7.900000000000000000e+01 -2.300000000000000000e+01 nan
-7.900000000000000000e+01 -2.200000000000000000e+01 nan
-7.900000000000000000e+01 -2.100000000000000000e+01 nan
-7.900000000000000000e+01 -2.000000000000000000e+01 nan
-7.900000000000000000e+01 -1.900000000000000000e+01 nan
-7.900000000000000000e+01 -1.800000000000000000e+01 nan
-7.900000000000000000e+01 -1.700000000000000000e+01 1.156968048981411590e+00
-7.900000000000000000e+01 -1.600000000000000000e+01 1.152787308664499522e+00
-7.900000000000000000e+01 -1.500000000000000000e+01 1.191296057216684412e+00
-7.900000000000000000e+01 -1.400000000000000000e+01 1.186667562947764765e+00
-7.900000000000000000e+01 -1.300000000000000000e+01 1.072268628285507175e+00
-7.900000000000000000e+01 -1.200000000000000000e+01 1.022995266677410475e+00
-7.900000000000000000e+01 -1.100000000000000000e+01 1.203028884714512747e+00
-7.900000000000000000e+01 -1.000000000000000000e+01 1.187575562901694637e+00
-7.900000000000000000e+01 -9.000000000000000000e+00 nan
-7.900000000000000000e+01 -8.000000000000000000e+00 nan
-7.800000000000000000e+01 -3.500000000000000000e+01 1.324595251027763876e+00
-7.800000000000000000e+01 -3.400000000000000000e+01 1.240870419162791505e+00
-7.800000000000000000e+01 -3.300000000000000000e+01 1.217185668709610979e+00
-7.800000000000000000e+01 -3.200000000000000000e+01 1.167748574796487748e+00
-7.800000000000000000e+01 -3.100000000000000000e+01 1.118629814073787809e+00
-7.800000000000000000e+01 -3.000000000000000000e+01 1.207050276032071601e+00
-7.800000000000000000e+01 -2.900000000000000000e+01 1.189332040540892921e+00
-7.800000000000000000e+01 -2.800000000000000000e+01 1.150985597365763002e+00
-7.800000000000000000e+01 -2.700000000000000000e+01 1.055595506000024164e+00
-7.800000000000000000e+01 -2.600000000000000000e+01 1.008693969036898341e+00
-7.800000000000000000e+01 -2.500000000000000000e+01 1.089697386285345626e+00
-7.800000000000000000e+01 -2.400000000000000000e+01 1.114237662025302944e+00
-7.800000000000000000e+01 -2.300000000000000000e+01 1.128994406300414699e+00
-7.800000000000000000e+01 -2.200000000000000000e+01 1.167332561585195716e+00
-7.800000000000000000e+01 -2.100000000000000000e+01 1.162797339713371958e+00
-7.800000000000000000e+01 -2.000000000000000000e+01 1.085647601943187324e+00
-7.800000000000000000e+01 -1.900000000000000000e+01 9.298597226284597284e-01
-7.800000000000000000e+01 -1.800000000000000000e+01 1.171387628952252680e+00
-7.800000000000000000e+01 -1.700000000000000000e+01 1.396797003052167696e+00
-7.800000000000000000e+01 -1.600000000000000000e+01 1.223863689471186289e+00
-7.800000000000000000e+01 -1.500000000000000000e+01 1.187248813927523239e+00
-7.800000000000000000e+01 -1.400000000000000000e+01 1.195168931499377196e+00
-7.800000000000000000e+01 -1.300000000000000000e+01 1.139172437006467087e+00
-7.800000000000000000e+01 -1.200000000000000000e+01 1.044461049228401217e+00
-7.800000000000000000e+01 -1.100000000000000000e+01 1.193780522898194141e+00
-7.800000000000000000e+01 -1.000000000000000000e+01 1.194465649219617953e+00
-7.800000000000000000e+01 -9.000000000000000000e+00 nan
-7.800000000000000000e+01 -8.000000000000000000e+00 nan
-7.700000000000000000e+01 -3.500000000000000000e+01 1.324595251027763876e+00
-7.700000000000000000e+01 -3.400000000000000000e+01 1.240870419162791505e+00
-7.700000000000000000e+01 -3.300000000000000000e+01 1.217185668709610979e+00
-7.700000000000000000e+01 -3.200000000000000000e+01 1.167748574796487748e+00
-7.700000000000000000e+01 -3.100000000000000000e+01 1.118629814073787809e+00
-7.700000000000000000e+01 -3.000000000000000000e+01 1.207050276032071601e+00
-7.700000000000000000e+01 -2.900000000000000000e+01 1.189332040540892921e+00
-7.700000000000000000e+01 -2.800000000000000000e+01 1.150985597365763002e+00
-7.700000000000000000e+01 -2.700000000000000000e+01 1.055595506000024164e+00
-7.700000000000000000e+01 -2.600000000000000000e+01 1.008693969036898341e+00
-7.700000000000000000e+01 -2.500000000000000000e+01 1.089697386285345626e+00
-7.700000000000000000e+01 -2.400000000000000000e+01 1.114237662025302944e+00
-7.700000000000000000e+01 -2.300000000000000000e+01 1.128994406300414699e+00
-7.700000000000000000e+01 -2.200000000000000000e+01 1.167332561585195716e+00
-7.700000000000000000e+01 -2.100000000000000000e+01 1.162797339713371958e+00
-7.700000000000000000e+01 -2.000000000000000000e+01 1.085647601943187324e+00
-7.700000000000000000e+01 -1.900000000000000000e+01 9.298597226284597284e-01
-7.700000000000000000e+01 -1.800000000000000000e+01 1.173659975910516629e+00
-7.700000000000000000e+01 -1.700000000000000000e+01 1.399894917322212162e+00
-7.700000000000000000e+01 -1.600000000000000000e+01 1.227343386402229841e+00
-7.700000000000000000e+01 -1.500000000000000000e+01 1.186422595912840716e+00
-7.700000000000000000e+01 -1.400000000000000000e+01 1.196409451523605227e+00
-7.700000000000000000e+01 -1.300000000000000000e+01 1.170605561448978760e+00
-7.700000000000000000e+01 -1.200000000000000000e+01 1.047879578265446865e+00
-7.700000000000000000e+01 -1.100000000000000000e+01 1.188604192056095021e+00
-7.700000000000000000e+01 -1.000000000000000000e+01 1.206947751736020757e+00
-7.700000000000000000e+01 -9.000000000000000000e+00 nan
-7.700000000000000000e+01 -8.000000000000000000e+00 nan
