Longitude[deg], Latitude[deg], Dust optical depth
8.300000000000000000e+01 8.000000000000000000e+00 nan
8.300000000000000000e+01 9.000000000000000000e+00 nan
8.300000000000000000e+01 1.000000000000000000e+01 nan
8.300000000000000000e+01 1.100000000000000000e+01 nan
8.300000000000000000e+01 1.200000000000000000e+01 nan
8.300000000000000000e+01 1.300000000000000000e+01 nan
8.300000000000000000e+01 1.400000000000000000e+01 nan
8.300000000000000000e+01 1.500000000000000000e+01 nan
8.300000000000000000e+01 1.600000000000000000e+01 nan
8.300000000000000000e+01 1.700000000000000000e+01 nan
8.300000000000000000e+01 1.800000000000000000e+01 nan
8.300000000000000000e+01 1.900000000000000000e+01 nan
8.300000000000000000e+01 2.000000000000000000e+01 nan
8.300000000000000000e+01 2.100000000000000000e+01 nan
8.300000000000000000e+01 2.200000000000000000e+01 1.019142610700196183e+00
8.300000000000000000e+01 2.300000000000000000e+01 9.728434826665086632e-01
8.300000000000000000e+01 2.400000000000000000e+01 9.725927023057755472e-01
8.300000000000000000e+01 2.500000000000000000e+01 9.479184930925547148e-01
8.300000000000000000e+01 2.600000000000000000e+01 9.171774060483419699e-01
8.300000000000000000e+01 2.700000000000000000e+01 8.872306748260404552e-01
8.300000000000000000e+01 2.800000000000000000e+01 8.680538718143773202e-01
8.400000000000000000e+01 8.000000000000000000e+00 nan
8.400000000000000000e+01 9.000000000000000000e+00 nan
8.400000000000000000e+01 1.000000000000000000e+01 nan
8.400000000000000000e+01 1.100000000000000000e+01 1.176963388654563625e+00
8.400000000000000000e+01 1.200000000000000000e+01 1.242540101276705888e+00
8.400000000000000000e+01 1.300000000000000000e+01 1.266455446040173793e+00
8.400000000000000000e+01 1.400000000000000000e+01 1.257728654023138715e+00
8.400000000000000000e+01 1.500000000000000000e+01 1.250076093766541829e+00
8.400000000000000000e+01 1.600000000000000000e+01 1.243616028039916888e+00
8.400000000000000000e+01 1.700000000000000000e+01 1.257497499121098539e+00
8.400000000000000000e+01 1.800000000000000000e+01 1.273383105427224882e+00
8.400000000000000000e+01 1.900000000000000000e+01 1.228631918303111137e+00
8.400000000000000000e+01 2.000000000000000000e+01 1.189988290215871380e+00
8.400000000000000000e+01 2.100000000000000000e+01 1.153010145670033459e+00
8.400000000000000000e+01 2.200000000000000000e+01 1.075417286734386302e+00
8.400000000000000000e+01 2.300000000000000000e+01 9.651298260279870256e-01
8.400000000000000000e+01 2.400000000000000000e+01 9.169281689558144155e-01
8.400000000000000000e+01 2.500000000000000000e+01 9.100105363527298818e-01
8.400000000000000000e+01 2.600000000000000000e+01 8.844736544995711602e-01
8.400000000000000000e+01 2.700000000000000000e+01 8.611188987334001954e-01
8.400000000000000000e+01 2.800000000000000000e+01 8.624640754175390001e-01
8.500000000000000000e+01 8.000000000000000000e+00 1.289084577029279366e+00
8.500000000000000000e+01 9.000000000000000000e+00 1.186444232213640149e+00
8.500000000000000000e+01 1.000000000000000000e+01 1.109212554078270685e+00
8.500000000000000000e+01 1.100000000000000000e+01 1.163645368147006032e+00
8.500000000000000000e+01 1.200000000000000000e+01 1.241101218479570223e+00
8.500000000000000000e+01 1.300000000000000000e+01 1.264561957374036538e+00
8.500000000000000000e+01 1.400000000000000000e+01 1.259548320033079927e+00
8.500000000000000000e+01 1.500000000000000000e+01 1.240498519011698386e+00
8.500000000000000000e+01 1.600000000000000000e+01 1.230803274904396893e+00
8.500000000000000000e+01 1.700000000000000000e+01 1.233191821598174975e+00
8.500000000000000000e+01 1.800000000000000000e+01 1.235911500659669704e+00
8.500000000000000000e+01 1.900000000000000000e+01 1.219910051862167055e+00
8.500000000000000000e+01 2.000000000000000000e+01 1.183279052615963778e+00
8.500000000000000000e+01 2.100000000000000000e+01 1.144924657872042228e+00
8.500000000000000000e+01 2.200000000000000000e+01 1.083388760069667445e+00
8.500000000000000000e+01 2.300000000000000000e+01 9.808477754707959351e-01
8.500000000000000000e+01 2.400000000000000000e+01 9.066420498322352861e-01
8.500000000000000000e+01 2.500000000000000000e+01 8.957211224226363511e-01
8.500000000000000000e+01 2.600000000000000000e+01 8.857056859832274087e-01
8.500000000000000000e+01 2.700000000000000000e+01 8.550836285193282871e-01
8.500000000000000000e+01 2.800000000000000000e+01 8.561142433949605612e-01
8.600000000000000000e+01 8.000000000000000000e+00 1.285591041378800758e+00
8.600000000000000000e+01 9.000000000000000000e+00 1.178725252725034922e+00
8.600000000000000000e+01 1.000000000000000000e+01 1.107755088662089937e+00
8.600000000000000000e+01 1.100000000000000000e+01 1.151059849581303141e+00
8.600000000000000000e+01 1.200000000000000000e+01 1.195158690891544584e+00
8.600000000000000000e+01 1.300000000000000000e+01 1.241984910945383991e+00
8.600000000000000000e+01 1.400000000000000000e+01 1.248766248155298353e+00
8.600000000000000000e+01 1.500000000000000000e+01 1.246547284464596617e+00
8.600000000000000000e+01 1.600000000000000000e+01 1.240233127691758863e+00
8.600000000000000000e+01 1.700000000000000000e+01 1.221023128514403089e+00
8.600000000000000000e+01 1.800000000000000000e+01 1.217203588958856386e+00
8.600000000000000000e+01 1.900000000000000000e+01 1.209368572949299114e+00
8.600000000000000000e+01 2.000000000000000000e+01 1.181936024425185527e+00
8.600000000000000000e+01 2.100000000000000000e+01 1.144924657872042228e+00
8.600000000000000000e+01 2.200000000000000000e+01 1.090000455108085964e+00
8.600000000000000000e+01 2.300000000000000000e+01 9.843798678996791285e-01
8.600000000000000000e+01 2.400000000000000000e+01 9.040472317045347150e-01
8.600000000000000000e+01 2.500000000000000000e+01 8.921993586449407099e-01
8.600000000000000000e+01 2.600000000000000000e+01 8.994245634110740184e-01
8.600000000000000000e+01 2.700000000000000000e+01 8.667275113111300167e-01
8.600000000000000000e+01 2.800000000000000000e+01 8.544283116466676598e-01
8.700000000000000000e+01 8.000000000000000000e+00 1.283007685246391860e+00
8.700000000000000000e+01 9.000000000000000000e+00 1.177694543997779064e+00
8.700000000000000000e+01 1.000000000000000000e+01 1.107100564003130394e+00
8.700000000000000000e+01 1.100000000000000000e+01 1.138688660501832262e+00
8.700000000000000000e+01 1.200000000000000000e+01 1.174376294403897347e+00
8.700000000000000000e+01 1.300000000000000000e+01 1.199272405574918210e+00
8.700000000000000000e+01 1.400000000000000000e+01 1.236661481481007963e+00
8.700000000000000000e+01 1.500000000000000000e+01 1.283529153963586245e+00
8.700000000000000000e+01 1.600000000000000000e+01 1.250205960592785992e+00
8.700000000000000000e+01 1.700000000000000000e+01 1.222240129861048130e+00
8.700000000000000000e+01 1.800000000000000000e+01 1.212207834975688403e+00
8.700000000000000000e+01 1.900000000000000000e+01 1.209368572949299114e+00
8.700000000000000000e+01 2.000000000000000000e+01 1.197043808743599280e+00
8.700000000000000000e+01 2.100000000000000000e+01 1.157530416803618012e+00
8.700000000000000000e+01 2.200000000000000000e+01 1.109343624248481541e+00
8.700000000000000000e+01 2.300000000000000000e+01 9.597627810340907395e-01
8.700000000000000000e+01 2.400000000000000000e+01 8.862578856640381808e-01
8.700000000000000000e+01 2.500000000000000000e+01 8.913627203590410719e-01
8.700000000000000000e+01 2.600000000000000000e+01 9.120413186967347707e-01
8.700000000000000000e+01 2.700000000000000000e+01 8.803552610900646780e-01
8.700000000000000000e+01 2.800000000000000000e+01 nan
