Longitude[deg], Latitude[deg], Dust optical depth
-5.100000000000000000e+01 -1.500000000000000000e+01 4.126933652362856364e+00
-5.100000000000000000e+01 -1.400000000000000000e+01 4.081798131989109457e+00
-5.100000000000000000e+01 -1.300000000000000000e+01 4.114168614392809786e+00
-5.100000000000000000e+01 -1.200000000000000000e+01 4.042119996312826480e+00
-5.100000000000000000e+01 -1.100000000000000000e+01 3.766128809879537798e+00
-5.100000000000000000e+01 -1.000000000000000000e+01 3.444098330234877547e+00
-5.100000000000000000e+01 -9.000000000000000000e+00 3.298108230463099755e+00
-5.100000000000000000e+01 -8.000000000000000000e+00 3.172001801871676463e+00
-5.100000000000000000e+01 -7.000000000000000000e+00 3.096048112651101025e+00
-5.100000000000000000e+01 -6.000000000000000000e+00 2.997815830413863569e+00
-5.100000000000000000e+01 -5.000000000000000000e+00 2.973116152793390921e+00
-5.100000000000000000e+01 -4.000000000000000000e+00 2.938066057233402528e+00
-5.100000000000000000e+01 -3.000000000000000000e+00 3.107201880661123017e+00
-5.100000000000000000e+01 -2.000000000000000000e+00 3.225742092905590219e+00
-5.100000000000000000e+01 -1.000000000000000000e+00 3.270755084269350910e+00
-5.100000000000000000e+01 0.000000000000000000e+00 3.360959215561460045e+00
-5.100000000000000000e+01 1.000000000000000000e+00 nan
-5.000000000000000000e+01 -1.500000000000000000e+01 4.133242920239809770e+00
-5.000000000000000000e+01 -1.400000000000000000e+01 4.134602225809182130e+00
-5.000000000000000000e+01 -1.300000000000000000e+01 4.175686497984746559e+00
-5.000000000000000000e+01 -1.200000000000000000e+01 4.078085837637011046e+00
-5.000000000000000000e+01 -1.100000000000000000e+01 3.773468123484906123e+00
-5.000000000000000000e+01 -1.000000000000000000e+01 3.453906789865595517e+00
-5.000000000000000000e+01 -9.000000000000000000e+00 3.196351840868892680e+00
-5.000000000000000000e+01 -8.000000000000000000e+00 3.208891257921502760e+00
-5.000000000000000000e+01 -7.000000000000000000e+00 3.223527820901030516e+00
-5.000000000000000000e+01 -6.000000000000000000e+00 3.148863037787049457e+00
-5.000000000000000000e+01 -5.000000000000000000e+00 3.083962255487038284e+00
-5.000000000000000000e+01 -4.000000000000000000e+00 3.078420807576133900e+00
-5.000000000000000000e+01 -3.000000000000000000e+00 3.119704295169202446e+00
-5.000000000000000000e+01 -2.000000000000000000e+00 3.191566389936590475e+00
-5.000000000000000000e+01 -1.000000000000000000e+00 3.250089539441106457e+00
-5.000000000000000000e+01 0.000000000000000000e+00 3.363134466596738648e+00
-5.000000000000000000e+01 1.000000000000000000e+00 nan
-4.900000000000000000e+01 -1.500000000000000000e+01 4.132955337566332155e+00
-4.900000000000000000e+01 -1.400000000000000000e+01 4.139005944977164120e+00
-4.900000000000000000e+01 -1.300000000000000000e+01 4.201557019940731941e+00
-4.900000000000000000e+01 -1.200000000000000000e+01 4.089982022102097048e+00
-4.900000000000000000e+01 -1.100000000000000000e+01 3.774694320305993056e+00
-4.900000000000000000e+01 -1.000000000000000000e+01 3.455951821070124552e+00
-4.900000000000000000e+01 -9.000000000000000000e+00 3.181126047582147454e+00
-4.900000000000000000e+01 -8.000000000000000000e+00 3.216472640723789578e+00
-4.900000000000000000e+01 -7.000000000000000000e+00 3.321356445442759320e+00
-4.900000000000000000e+01 -6.000000000000000000e+00 3.203611092765998425e+00
-4.900000000000000000e+01 -5.000000000000000000e+00 3.102132111415408566e+00
-4.900000000000000000e+01 -4.000000000000000000e+00 3.112041146860789365e+00
-4.900000000000000000e+01 -3.000000000000000000e+00 3.132489438236143009e+00
-4.900000000000000000e+01 -2.000000000000000000e+00 3.161408187326552266e+00
-4.900000000000000000e+01 -1.000000000000000000e+00 3.231419978692318118e+00
-4.900000000000000000e+01 0.000000000000000000e+00 3.368548040278161793e+00
-4.900000000000000000e+01 1.000000000000000000e+00 nan
-4.800000000000000000e+01 -1.500000000000000000e+01 4.115758272846367305e+00
-4.800000000000000000e+01 -1.400000000000000000e+01 4.117414709301412401e+00
-4.800000000000000000e+01 -1.300000000000000000e+01 4.269821076468896415e+00
-4.800000000000000000e+01 -1.200000000000000000e+01 4.094886937420055162e+00
-4.800000000000000000e+01 -1.100000000000000000e+01 3.486008857193695576e+00
-4.800000000000000000e+01 -1.000000000000000000e+01 3.147966708315883100e+00
-4.800000000000000000e+01 -9.000000000000000000e+00 3.085884288147750176e+00
-4.800000000000000000e+01 -8.000000000000000000e+00 nan
-4.800000000000000000e+01 -7.000000000000000000e+00 nan
-4.800000000000000000e+01 -6.000000000000000000e+00 nan
-4.800000000000000000e+01 -5.000000000000000000e+00 nan
-4.800000000000000000e+01 -4.000000000000000000e+00 nan
-4.800000000000000000e+01 -3.000000000000000000e+00 nan
-4.800000000000000000e+01 -2.000000000000000000e+00 nan
-4.800000000000000000e+01 -1.000000000000000000e+00 nan
-4.800000000000000000e+01 0.000000000000000000e+00 nan
-4.800000000000000000e+01 1.000000000000000000e+00 nan
