Longitude[deg], Latitude[deg], Dust optical depth
-1.560000000000000000e+02 1.700000000000000000e+01 nan
-1.560000000000000000e+02 1.800000000000000000e+01 nan
-1.560000000000000000e+02 1.900000000000000000e+01 nan
-1.560000000000000000e+02 2.000000000000000000e+01 nan
-1.560000000000000000e+02 2.100000000000000000e+01 nan
-1.560000000000000000e+02 2.200000000000000000e+01 nan
-1.560000000000000000e+02 2.300000000000000000e+01 nan
-1.560000000000000000e+02 2.400000000000000000e+01 nan
-1.560000000000000000e+02 2.500000000000000000e+01 nan
-1.560000000000000000e+02 2.600000000000000000e+01 nan
-1.560000000000000000e+02 2.700000000000000000e+01 nan
-1.560000000000000000e+02 2.800000000000000000e+01 nan
-1.560000000000000000e+02 2.900000000000000000e+01 nan
-1.560000000000000000e+02 3.000000000000000000e+01 nan
-1.560000000000000000e+02 3.100000000000000000e+01 nan
-1.560000000000000000e+02 3.200000000000000000e+01 nan
-1.560000000000000000e+02 3.300000000000000000e+01 nan
-1.560000000000000000e+02 3.400000000000000000e+01 nan
-1.560000000000000000e+02 3.500000000000000000e+01 nan
-1.560000000000000000e+02 3.600000000000000000e+01 nan
-1.560000000000000000e+02 3.700000000000000000e+01 nan
-1.560000000000000000e+02 3.800000000000000000e+01 nan
-1.560000000000000000e+02 3.900000000000000000e+01 nan
-1.550000000000000000e+02 1.700000000000000000e+01 nan
-1.550000000000000000e+02 1.800000000000000000e+01 nan
-1.550000000000000000e+02 1.900000000000000000e+01 nan
-1.550000000000000000e+02 2.000000000000000000e+01 nan
-1.550000000000000000e+02 2.100000000000000000e+01 nan
-1.550000000000000000e+02 2.200000000000000000e+01 nan
-1.550000000000000000e+02 2.300000000000000000e+01 nan
-1.550000000000000000e+02 2.400000000000000000e+01 nan
-1.550000000000000000e+02 2.500000000000000000e+01 nan
-1.550000000000000000e+02 2.600000000000000000e+01 nan
-1.550000000000000000e+02 2.700000000000000000e+01 nan
-1.550000000000000000e+02 2.800000000000000000e+01 nan
-1.550000000000000000e+02 2.900000000000000000e+01 nan
-1.550000000000000000e+02 3.000000000000000000e+01 nan
-1.550000000000000000e+02 3.100000000000000000e+01 nan
-1.550000000000000000e+02 3.200000000000000000e+01 2.505083466979860063e+00
-1.550000000000000000e+02 3.300000000000000000e+01 2.586027934314219401e+00
-1.550000000000000000e+02 3.400000000000000000e+01 2.615447084489560314e+00
-1.550000000000000000e+02 3.500000000000000000e+01 nan
-1.550000000000000000e+02 3.600000000000000000e+01 nan
-1.550000000000000000e+02 3.700000000000000000e+01 nan
-1.550000000000000000e+02 3.800000000000000000e+01 nan
-1.550000000000000000e+02 3.900000000000000000e+01 nan
-1.540000000000000000e+02 1.700000000000000000e+01 nan
-1.540000000000000000e+02 1.800000000000000000e+01 nan
-1.540000000000000000e+02 1.900000000000000000e+01 nan
-1.540000000000000000e+02 2.000000000000000000e+01 nan
-1.540000000000000000e+02 2.100000000000000000e+01 nan
-1.540000000000000000e+02 2.200000000000000000e+01 nan
-1.540000000000000000e+02 2.300000000000000000e+01 nan
-1.540000000000000000e+02 2.400000000000000000e+01 nan
-1.540000000000000000e+02 2.500000000000000000e+01 nan
-1.540000000000000000e+02 2.600000000000000000e+01 nan
-1.540000000000000000e+02 2.700000000000000000e+01 2.505460812165428486e+00
-1.540000000000000000e+02 2.800000000000000000e+01 2.463260207089388754e+00
-1.540000000000000000e+02 2.900000000000000000e+01 2.408936214583255797e+00
-1.540000000000000000e+02 3.000000000000000000e+01 2.430098692665337623e+00
-1.540000000000000000e+02 3.100000000000000000e+01 2.416070262293942950e+00
-1.540000000000000000e+02 3.200000000000000000e+01 2.444162723212349064e+00
-1.540000000000000000e+02 3.300000000000000000e+01 2.567182198190233855e+00
-1.540000000000000000e+02 3.400000000000000000e+01 2.633349711837943197e+00
-1.540000000000000000e+02 3.500000000000000000e+01 nan
-1.540000000000000000e+02 3.600000000000000000e+01 nan
-1.540000000000000000e+02 3.700000000000000000e+01 nan
-1.540000000000000000e+02 3.800000000000000000e+01 nan
-1.540000000000000000e+02 3.900000000000000000e+01 nan
-1.530000000000000000e+02 1.700000000000000000e+01 nan
-1.530000000000000000e+02 1.800000000000000000e+01 nan
-1.530000000000000000e+02 1.900000000000000000e+01 nan
-1.530000000000000000e+02 2.000000000000000000e+01 nan
-1.530000000000000000e+02 2.100000000000000000e+01 2.722620492020342287e+00
-1.530000000000000000e+02 2.200000000000000000e+01 2.574626212868138531e+00
-1.530000000000000000e+02 2.300000000000000000e+01 2.511888796733508844e+00
-1.530000000000000000e+02 2.400000000000000000e+01 2.525774177753827843e+00
-1.530000000000000000e+02 2.500000000000000000e+01 2.520659038348290082e+00
-1.530000000000000000e+02 2.600000000000000000e+01 2.520659038348290082e+00
-1.530000000000000000e+02 2.700000000000000000e+01 2.537053863284312261e+00
-1.530000000000000000e+02 2.800000000000000000e+01 2.501232777637106164e+00
-1.530000000000000000e+02 2.900000000000000000e+01 2.435149227268419203e+00
-1.530000000000000000e+02 3.000000000000000000e+01 2.457308004002503043e+00
-1.530000000000000000e+02 3.100000000000000000e+01 2.453069070436961319e+00
-1.530000000000000000e+02 3.200000000000000000e+01 2.454928652591301663e+00
-1.530000000000000000e+02 3.300000000000000000e+01 2.563777517230613423e+00
-1.530000000000000000e+02 3.400000000000000000e+01 2.649375834946007480e+00
-1.530000000000000000e+02 3.500000000000000000e+01 2.705794627822136089e+00
-1.530000000000000000e+02 3.600000000000000000e+01 nan
-1.530000000000000000e+02 3.700000000000000000e+01 nan
-1.530000000000000000e+02 3.800000000000000000e+01 nan
-1.530000000000000000e+02 3.900000000000000000e+01 nan
-1.520000000000000000e+02 1.700000000000000000e+01 nan
-1.520000000000000000e+02 1.800000000000000000e+01 2.929646084125905769e+00
-1.520000000000000000e+02 1.900000000000000000e+01 2.911148354052460085e+00
-1.520000000000000000e+02 2.000000000000000000e+01 2.857095909828036184e+00
-1.520000000000000000e+02 2.100000000000000000e+01 2.760628095854482211e+00
-1.520000000000000000e+02 2.200000000000000000e+01 2.594227467316726266e+00
-1.520000000000000000e+02 2.300000000000000000e+01 2.508339070290724226e+00
-1.520000000000000000e+02 2.400000000000000000e+01 2.532810397687943027e+00
-1.520000000000000000e+02 2.500000000000000000e+01 2.530436045643557286e+00
-1.520000000000000000e+02 2.600000000000000000e+01 2.518014082499384187e+00
-1.520000000000000000e+02 2.700000000000000000e+01 2.542019381225208097e+00
-1.520000000000000000e+02 2.800000000000000000e+01 2.553754815995098237e+00
-1.520000000000000000e+02 2.900000000000000000e+01 2.536117301588376893e+00
-1.520000000000000000e+02 3.000000000000000000e+01 2.558458996785044626e+00
-1.520000000000000000e+02 3.100000000000000000e+01 2.535369278204271826e+00
-1.520000000000000000e+02 3.200000000000000000e+01 2.501744708962508668e+00
-1.520000000000000000e+02 3.300000000000000000e+01 2.573866949219226097e+00
-1.520000000000000000e+02 3.400000000000000000e+01 2.648774340024242058e+00
-1.520000000000000000e+02 3.500000000000000000e+01 2.661390272638100907e+00
-1.520000000000000000e+02 3.600000000000000000e+01 nan
-1.520000000000000000e+02 3.700000000000000000e+01 nan
-1.520000000000000000e+02 3.800000000000000000e+01 nan
-1.520000000000000000e+02 3.900000000000000000e+01 nan
-1.510000000000000000e+02 1.700000000000000000e+01 nan
-1.510000000000000000e+02 1.800000000000000000e+01 2.977880946011444152e+00
-1.510000000000000000e+02 1.900000000000000000e+01 2.954834390614656137e+00
-1.510000000000000000e+02 2.000000000000000000e+01 2.926061500248561931e+00
-1.510000000000000000e+02 2.100000000000000000e+01 2.838311526293594067e+00
-1.510000000000000000e+02 2.200000000000000000e+01 2.664461948023949311e+00
-1.510000000000000000e+02 2.300000000000000000e+01 2.552050296295364618e+00
-1.510000000000000000e+02 2.400000000000000000e+01 2.571389207726961779e+00
-1.510000000000000000e+02 2.500000000000000000e+01 2.575843695435872771e+00
-1.510000000000000000e+02 2.600000000000000000e+01 2.557986637267213315e+00
-1.510000000000000000e+02 2.700000000000000000e+01 2.559636925569173993e+00
-1.510000000000000000e+02 2.800000000000000000e+01 2.597845492417853563e+00
-1.510000000000000000e+02 2.900000000000000000e+01 2.654691276248651199e+00
-1.510000000000000000e+02 3.000000000000000000e+01 2.678594516895234534e+00
-1.510000000000000000e+02 3.100000000000000000e+01 2.645275825843198980e+00
-1.510000000000000000e+02 3.200000000000000000e+01 2.574558817825567392e+00
-1.510000000000000000e+02 3.300000000000000000e+01 2.586217907595058652e+00
-1.510000000000000000e+02 3.400000000000000000e+01 2.642099651565499308e+00
-1.510000000000000000e+02 3.500000000000000000e+01 2.685925328689668046e+00
-1.510000000000000000e+02 3.600000000000000000e+01 nan
-1.510000000000000000e+02 3.700000000000000000e+01 nan
-1.510000000000000000e+02 3.800000000000000000e+01 nan
-1.510000000000000000e+02 3.900000000000000000e+01 nan
-1.500000000000000000e+02 1.700000000000000000e+01 nan
-1.500000000000000000e+02 1.800000000000000000e+01 3.066538558280613724e+00
-1.500000000000000000e+02 1.900000000000000000e+01 3.053987409580645185e+00
-1.500000000000000000e+02 2.000000000000000000e+01 3.052325002857360303e+00
-1.500000000000000000e+02 2.100000000000000000e+01 2.964858308171430590e+00
-1.500000000000000000e+02 2.200000000000000000e+01 2.792300288913033057e+00
-1.500000000000000000e+02 2.300000000000000000e+01 2.702249181145170542e+00
-1.500000000000000000e+02 2.400000000000000000e+01 2.682999052330390377e+00
-1.500000000000000000e+02 2.500000000000000000e+01 2.669626114578809162e+00
-1.500000000000000000e+02 2.600000000000000000e+01 2.639500981453699602e+00
-1.500000000000000000e+02 2.700000000000000000e+01 2.605727285966564111e+00
-1.500000000000000000e+02 2.800000000000000000e+01 2.644194540574518193e+00
-1.500000000000000000e+02 2.900000000000000000e+01 2.713789631073005193e+00
-1.500000000000000000e+02 3.000000000000000000e+01 2.787177213256916364e+00
-1.500000000000000000e+02 3.100000000000000000e+01 2.771450941353592601e+00
-1.500000000000000000e+02 3.200000000000000000e+01 2.666556090524842215e+00
-1.500000000000000000e+02 3.300000000000000000e+01 2.622458762690504486e+00
-1.500000000000000000e+02 3.400000000000000000e+01 2.673900758070951511e+00
-1.500000000000000000e+02 3.500000000000000000e+01 2.733163984289634474e+00
-1.500000000000000000e+02 3.600000000000000000e+01 nan
-1.500000000000000000e+02 3.700000000000000000e+01 nan
-1.500000000000000000e+02 3.800000000000000000e+01 nan
-1.500000000000000000e+02 3.900000000000000000e+01 nan
-1.490000000000000000e+02 1.700000000000000000e+01 nan
-1.490000000000000000e+02 1.800000000000000000e+01 3.158396678251298439e+00
-1.490000000000000000e+02 1.900000000000000000e+01 3.151296739947966774e+00
-1.490000000000000000e+02 2.000000000000000000e+01 3.134290146802392929e+00
-1.490000000000000000e+02 2.100000000000000000e+01 3.025657242448412720e+00
-1.490000000000000000e+02 2.200000000000000000e+01 2.880471553601106294e+00
-1.490000000000000000e+02 2.300000000000000000e+01 2.828903947476381298e+00
-1.490000000000000000e+02 2.400000000000000000e+01 2.784697724136299346e+00
-1.490000000000000000e+02 2.500000000000000000e+01 2.748862502856744161e+00
-1.490000000000000000e+02 2.600000000000000000e+01 2.709747743162226552e+00
-1.490000000000000000e+02 2.700000000000000000e+01 2.656870990480586947e+00
-1.490000000000000000e+02 2.800000000000000000e+01 2.670629833441088952e+00
-1.490000000000000000e+02 2.900000000000000000e+01 2.738793282660517914e+00
-1.490000000000000000e+02 3.000000000000000000e+01 2.840438178467180386e+00
-1.490000000000000000e+02 3.100000000000000000e+01 2.832321587315698608e+00
-1.490000000000000000e+02 3.200000000000000000e+01 2.728366477090439002e+00
-1.490000000000000000e+02 3.300000000000000000e+01 2.672678707809095666e+00
-1.490000000000000000e+02 3.400000000000000000e+01 2.713214256071389663e+00
-1.490000000000000000e+02 3.500000000000000000e+01 2.764541874242252284e+00
-1.490000000000000000e+02 3.600000000000000000e+01 nan
-1.490000000000000000e+02 3.700000000000000000e+01 nan
-1.490000000000000000e+02 3.800000000000000000e+01 nan
-1.490000000000000000e+02 3.900000000000000000e+01 nan
-1.480000000000000000e+02 1.700000000000000000e+01 nan
-1.480000000000000000e+02 1.800000000000000000e+01 3.259655632984489682e+00
-1.480000000000000000e+02 1.900000000000000000e+01 3.259993263608305991e+00
-1.480000000000000000e+02 2.000000000000000000e+01 3.207313492659181975e+00
-1.480000000000000000e+02 2.100000000000000000e+01 3.085695046967498634e+00
-1.480000000000000000e+02 2.200000000000000000e+01 2.938477962462312743e+00
-1.480000000000000000e+02 2.300000000000000000e+01 2.941501544064687668e+00
-1.480000000000000000e+02 2.400000000000000000e+01 2.922636420525814405e+00
-1.480000000000000000e+02 2.500000000000000000e+01 nan
-1.480000000000000000e+02 2.600000000000000000e+01 nan
-1.480000000000000000e+02 2.700000000000000000e+01 nan
-1.480000000000000000e+02 2.800000000000000000e+01 nan
-1.480000000000000000e+02 2.900000000000000000e+01 nan
-1.480000000000000000e+02 3.000000000000000000e+01 nan
-1.480000000000000000e+02 3.100000000000000000e+01 nan
-1.480000000000000000e+02 3.200000000000000000e+01 nan
-1.480000000000000000e+02 3.300000000000000000e+01 nan
-1.480000000000000000e+02 3.400000000000000000e+01 nan
-1.480000000000000000e+02 3.500000000000000000e+01 nan
-1.480000000000000000e+02 3.600000000000000000e+01 nan
-1.480000000000000000e+02 3.700000000000000000e+01 nan
-1.480000000000000000e+02 3.800000000000000000e+01 nan
-1.480000000000000000e+02 3.900000000000000000e+01 nan
