Longitude[deg], Latitude[deg], Dust optical depth
-4.900000000000000000e+01 -1.200000000000000000e+01 nan
-4.900000000000000000e+01 -1.100000000000000000e+01 nan
-4.900000000000000000e+01 -1.000000000000000000e+01 nan
-4.900000000000000000e+01 -9.000000000000000000e+00 nan
-4.900000000000000000e+01 -8.000000000000000000e+00 nan
-4.900000000000000000e+01 -7.000000000000000000e+00 nan
-4.900000000000000000e+01 -6.000000000000000000e+00 1.262527849462109053e+00
-4.900000000000000000e+01 -5.000000000000000000e+00 1.184842238997309449e+00
-4.900000000000000000e+01 -4.000000000000000000e+00 1.185948401147192355e+00
-4.900000000000000000e+01 -3.000000000000000000e+00 1.264504382046244713e+00
-4.900000000000000000e+01 -2.000000000000000000e+00 1.193215131835894560e+00
-4.900000000000000000e+01 -1.000000000000000000e+00 1.179547596307841451e+00
-4.900000000000000000e+01 0.000000000000000000e+00 1.235776590757695415e+00
-4.900000000000000000e+01 1.000000000000000000e+00 1.250412283737497576e+00
-4.900000000000000000e+01 2.000000000000000000e+00 1.154586887118308258e+00
-4.900000000000000000e+01 3.000000000000000000e+00 1.113868380454871465e+00
-4.900000000000000000e+01 4.000000000000000000e+00 nan
-4.800000000000000000e+01 -1.200000000000000000e+01 9.343928748719694255e-01
-4.800000000000000000e+01 -1.100000000000000000e+01 1.054465043002557723e+00
-4.800000000000000000e+01 -1.000000000000000000e+01 1.092428257453503360e+00
-4.800000000000000000e+01 -9.000000000000000000e+00 7.877941752571891998e-01
-4.800000000000000000e+01 -8.000000000000000000e+00 6.837477040643574755e-01
-4.800000000000000000e+01 -7.000000000000000000e+00 7.643530321405697103e-01
-4.800000000000000000e+01 -6.000000000000000000e+00 1.233022804407385875e+00
-4.800000000000000000e+01 -5.000000000000000000e+00 1.196617322931338823e+00
-4.800000000000000000e+01 -4.000000000000000000e+00 1.154515385778989822e+00
-4.800000000000000000e+01 -3.000000000000000000e+00 1.257817476147094382e+00
-4.800000000000000000e+01 -2.000000000000000000e+00 1.241592141974079411e+00
-4.800000000000000000e+01 -1.000000000000000000e+00 1.218940419877371673e+00
-4.800000000000000000e+01 0.000000000000000000e+00 1.242922945237436627e+00
-4.800000000000000000e+01 1.000000000000000000e+00 1.263341806720032157e+00
-4.800000000000000000e+01 2.000000000000000000e+00 1.168710838663422846e+00
-4.800000000000000000e+01 3.000000000000000000e+00 1.121859649892535282e+00
-4.800000000000000000e+01 4.000000000000000000e+00 1.042325181476174700e+00
-4.700000000000000000e+01 -1.200000000000000000e+01 9.208913849918268779e-01
-4.700000000000000000e+01 -1.100000000000000000e+01 9.923643103900996465e-01
-4.700000000000000000e+01 -1.000000000000000000e+01 1.083940874544747413e+00
-4.700000000000000000e+01 -9.000000000000000000e+00 7.726937617334717068e-01
-4.700000000000000000e+01 -8.000000000000000000e+00 6.813948416465288593e-01
-4.700000000000000000e+01 -7.000000000000000000e+00 7.777558864181071119e-01
-4.700000000000000000e+01 -6.000000000000000000e+00 1.231509687543960618e+00
-4.700000000000000000e+01 -5.000000000000000000e+00 1.200190592138061341e+00
-4.700000000000000000e+01 -4.000000000000000000e+00 1.130243862248976550e+00
-4.700000000000000000e+01 -3.000000000000000000e+00 1.244310491184852374e+00
-4.700000000000000000e+01 -2.000000000000000000e+00 1.239935420952127831e+00
-4.700000000000000000e+01 -1.000000000000000000e+00 1.226076618695773668e+00
-4.700000000000000000e+01 0.000000000000000000e+00 1.242223305681171119e+00
-4.700000000000000000e+01 1.000000000000000000e+00 1.268720941345159448e+00
-4.700000000000000000e+01 2.000000000000000000e+00 1.181267449829636940e+00
-4.700000000000000000e+01 3.000000000000000000e+00 1.130044190063043796e+00
-4.700000000000000000e+01 4.000000000000000000e+00 1.056132595741611890e+00
-4.600000000000000000e+01 -1.200000000000000000e+01 8.757339445137918288e-01
-4.600000000000000000e+01 -1.100000000000000000e+01 9.007154482514944105e-01
-4.600000000000000000e+01 -1.000000000000000000e+01 8.227321057763732348e-01
-4.600000000000000000e+01 -9.000000000000000000e+00 7.337207336066443597e-01
-4.600000000000000000e+01 -8.000000000000000000e+00 6.858107066340511926e-01
-4.600000000000000000e+01 -7.000000000000000000e+00 1.009498507089374275e+00
-4.600000000000000000e+01 -6.000000000000000000e+00 1.230089970072041128e+00
-4.600000000000000000e+01 -5.000000000000000000e+00 1.213594686631174646e+00
-4.600000000000000000e+01 -4.000000000000000000e+00 1.058257887522546126e+00
-4.600000000000000000e+01 -3.000000000000000000e+00 1.048267900934119590e+00
-4.600000000000000000e+01 -2.000000000000000000e+00 1.053821202875302454e+00
-4.600000000000000000e+01 -1.000000000000000000e+00 1.155367037951702924e+00
-4.600000000000000000e+01 0.000000000000000000e+00 1.184946435791798258e+00
-4.600000000000000000e+01 1.000000000000000000e+00 1.251883608322978958e+00
-4.600000000000000000e+01 2.000000000000000000e+00 1.197067821023367395e+00
-4.600000000000000000e+01 3.000000000000000000e+00 1.144594485263679129e+00
-4.600000000000000000e+01 4.000000000000000000e+00 nan
