Longitude[deg], Latitude[deg], Dust optical depth
5.800000000000000000e+01 -8.200000000000000000e+01 nan
5.800000000000000000e+01 -8.100000000000000000e+01 nan
5.800000000000000000e+01 -8.000000000000000000e+01 nan
5.800000000000000000e+01 -7.900000000000000000e+01 nan
5.800000000000000000e+01 -7.800000000000000000e+01 nan
5.800000000000000000e+01 -7.700000000000000000e+01 nan
5.800000000000000000e+01 -7.600000000000000000e+01 nan
5.800000000000000000e+01 -7.500000000000000000e+01 nan
5.800000000000000000e+01 -7.400000000000000000e+01 nan
5.800000000000000000e+01 -7.300000000000000000e+01 nan
5.800000000000000000e+01 -7.200000000000000000e+01 nan
5.800000000000000000e+01 -7.100000000000000000e+01 nan
5.800000000000000000e+01 -7.000000000000000000e+01 nan
5.800000000000000000e+01 -6.900000000000000000e+01 nan
5.800000000000000000e+01 -6.800000000000000000e+01 nan
5.800000000000000000e+01 -6.700000000000000000e+01 nan
5.800000000000000000e+01 -6.600000000000000000e+01 nan
5.800000000000000000e+01 -6.500000000000000000e+01 nan
5.800000000000000000e+01 -6.400000000000000000e+01 nan
5.800000000000000000e+01 -6.300000000000000000e+01 nan
5.800000000000000000e+01 -6.200000000000000000e+01 nan
5.800000000000000000e+01 -6.100000000000000000e+01 nan
5.800000000000000000e+01 -6.000000000000000000e+01 nan
5.800000000000000000e+01 -5.900000000000000000e+01 nan
5.800000000000000000e+01 -5.800000000000000000e+01 nan
5.800000000000000000e+01 -5.700000000000000000e+01 nan
5.800000000000000000e+01 -5.600000000000000000e+01 nan
5.800000000000000000e+01 -5.500000000000000000e+01 nan
5.800000000000000000e+01 -5.400000000000000000e+01 nan
5.800000000000000000e+01 -5.300000000000000000e+01 nan
5.800000000000000000e+01 -5.200000000000000000e+01 nan
5.800000000000000000e+01 -5.100000000000000000e+01 nan
5.800000000000000000e+01 -5.000000000000000000e+01 nan
5.800000000000000000e+01 -4.900000000000000000e+01 nan
5.800000000000000000e+01 -4.800000000000000000e+01 nan
5.800000000000000000e+01 -4.700000000000000000e+01 nan
5.800000000000000000e+01 -4.600000000000000000e+01 nan
5.800000000000000000e+01 -4.500000000000000000e+01 nan
5.800000000000000000e+01 -4.400000000000000000e+01 nan
5.800000000000000000e+01 -4.300000000000000000e+01 nan
5.800000000000000000e+01 -4.200000000000000000e+01 nan
5.800000000000000000e+01 -4.100000000000000000e+01 nan
5.800000000000000000e+01 -4.000000000000000000e+01 nan
5.800000000000000000e+01 -3.900000000000000000e+01 nan
5.800000000000000000e+01 -3.800000000000000000e+01 nan
5.800000000000000000e+01 -3.700000000000000000e+01 nan
5.800000000000000000e+01 -3.600000000000000000e+01 nan
5.900000000000000000e+01 -8.200000000000000000e+01 nan
5.900000000000000000e+01 -8.100000000000000000e+01 nan
5.900000000000000000e+01 -8.000000000000000000e+01 nan
5.900000000000000000e+01 -7.900000000000000000e+01 nan
5.900000000000000000e+01 -7.800000000000000000e+01 nan
5.900000000000000000e+01 -7.700000000000000000e+01 nan
5.900000000000000000e+01 -7.600000000000000000e+01 nan
5.900000000000000000e+01 -7.500000000000000000e+01 nan
5.900000000000000000e+01 -7.400000000000000000e+01 nan
5.900000000000000000e+01 -7.300000000000000000e+01 nan
5.900000000000000000e+01 -7.200000000000000000e+01 nan
5.900000000000000000e+01 -7.100000000000000000e+01 nan
5.900000000000000000e+01 -7.000000000000000000e+01 nan
5.900000000000000000e+01 -6.900000000000000000e+01 nan
5.900000000000000000e+01 -6.800000000000000000e+01 nan
5.900000000000000000e+01 -6.700000000000000000e+01 nan
5.900000000000000000e+01 -6.600000000000000000e+01 nan
5.900000000000000000e+01 -6.500000000000000000e+01 nan
5.900000000000000000e+01 -6.400000000000000000e+01 nan
5.900000000000000000e+01 -6.300000000000000000e+01 nan
5.900000000000000000e+01 -6.200000000000000000e+01 nan
5.900000000000000000e+01 -6.100000000000000000e+01 nan
5.900000000000000000e+01 -6.000000000000000000e+01 nan
5.900000000000000000e+01 -5.900000000000000000e+01 nan
5.900000000000000000e+01 -5.800000000000000000e+01 nan
5.900000000000000000e+01 -5.700000000000000000e+01 nan
5.900000000000000000e+01 -5.600000000000000000e+01 nan
5.900000000000000000e+01 -5.500000000000000000e+01 nan
5.900000000000000000e+01 -5.400000000000000000e+01 nan
5.900000000000000000e+01 -5.300000000000000000e+01 nan
5.900000000000000000e+01 -5.200000000000000000e+01 nan
5.900000000000000000e+01 -5.100000000000000000e+01 nan
5.900000000000000000e+01 -5.000000000000000000e+01 nan
5.900000000000000000e+01 -4.900000000000000000e+01 nan
5.900000000000000000e+01 -4.800000000000000000e+01 nan
5.900000000000000000e+01 -4.700000000000000000e+01 nan
5.900000000000000000e+01 -4.600000000000000000e+01 nan
5.900000000000000000e+01 -4.500000000000000000e+01 nan
5.900000000000000000e+01 -4.400000000000000000e+01 nan
5.900000000000000000e+01 -4.300000000000000000e+01 nan
5.900000000000000000e+01 -4.200000000000000000e+01 nan
5.900000000000000000e+01 -4.100000000000000000e+01 nan
5.900000000000000000e+01 -4.000000000000000000e+01 nan
5.900000000000000000e+01 -3.900000000000000000e+01 nan
5.900000000000000000e+01 -3.800000000000000000e+01 nan
5.900000000000000000e+01 -3.700000000000000000e+01 nan
5.900000000000000000e+01 -3.600000000000000000e+01 nan
6.000000000000000000e+01 -8.200000000000000000e+01 nan
6.000000000000000000e+01 -8.100000000000000000e+01 nan
6.000000000000000000e+01 -8.000000000000000000e+01 nan
6.000000000000000000e+01 -7.900000000000000000e+01 nan
6.000000000000000000e+01 -7.800000000000000000e+01 nan
6.000000000000000000e+01 -7.700000000000000000e+01 nan
6.000000000000000000e+01 -7.600000000000000000e+01 nan
6.000000000000000000e+01 -7.500000000000000000e+01 nan
6.000000000000000000e+01 -7.400000000000000000e+01 nan
6.000000000000000000e+01 -7.300000000000000000e+01 nan
6.000000000000000000e+01 -7.200000000000000000e+01 nan
6.000000000000000000e+01 -7.100000000000000000e+01 nan
6.000000000000000000e+01 -7.000000000000000000e+01 nan
6.000000000000000000e+01 -6.900000000000000000e+01 nan
6.000000000000000000e+01 -6.800000000000000000e+01 nan
6.000000000000000000e+01 -6.700000000000000000e+01 nan
6.000000000000000000e+01 -6.600000000000000000e+01 nan
6.000000000000000000e+01 -6.500000000000000000e+01 nan
6.000000000000000000e+01 -6.400000000000000000e+01 nan
6.000000000000000000e+01 -6.300000000000000000e+01 nan
6.000000000000000000e+01 -6.200000000000000000e+01 nan
6.000000000000000000e+01 -6.100000000000000000e+01 nan
6.000000000000000000e+01 -6.000000000000000000e+01 nan
6.000000000000000000e+01 -5.900000000000000000e+01 nan
6.000000000000000000e+01 -5.800000000000000000e+01 nan
6.000000000000000000e+01 -5.700000000000000000e+01 nan
6.000000000000000000e+01 -5.600000000000000000e+01 nan
6.000000000000000000e+01 -5.500000000000000000e+01 nan
6.000000000000000000e+01 -5.400000000000000000e+01 nan
6.000000000000000000e+01 -5.300000000000000000e+01 nan
6.000000000000000000e+01 -5.200000000000000000e+01 nan
6.000000000000000000e+01 -5.100000000000000000e+01 nan
6.000000000000000000e+01 -5.000000000000000000e+01 nan
6.000000000000000000e+01 -4.900000000000000000e+01 nan
6.000000000000000000e+01 -4.800000000000000000e+01 nan
6.000000000000000000e+01 -4.700000000000000000e+01 nan
6.000000000000000000e+01 -4.600000000000000000e+01 nan
6.000000000000000000e+01 -4.500000000000000000e+01 nan
6.000000000000000000e+01 -4.400000000000000000e+01 nan
6.000000000000000000e+01 -4.300000000000000000e+01 nan
6.000000000000000000e+01 -4.200000000000000000e+01 nan
6.000000000000000000e+01 -4.100000000000000000e+01 nan
6.000000000000000000e+01 -4.000000000000000000e+01 nan
6.000000000000000000e+01 -3.900000000000000000e+01 nan
6.000000000000000000e+01 -3.800000000000000000e+01 nan
6.000000000000000000e+01 -3.700000000000000000e+01 nan
6.000000000000000000e+01 -3.600000000000000000e+01 nan
6.100000000000000000e+01 -8.200000000000000000e+01 nan
6.100000000000000000e+01 -8.100000000000000000e+01 nan
6.100000000000000000e+01 -8.000000000000000000e+01 nan
6.100000000000000000e+01 -7.900000000000000000e+01 nan
6.100000000000000000e+01 -7.800000000000000000e+01 nan
6.100000000000000000e+01 -7.700000000000000000e+01 nan
6.100000000000000000e+01 -7.600000000000000000e+01 nan
6.100000000000000000e+01 -7.500000000000000000e+01 nan
6.100000000000000000e+01 -7.400000000000000000e+01 nan
6.100000000000000000e+01 -7.300000000000000000e+01 nan
6.100000000000000000e+01 -7.200000000000000000e+01 nan
6.100000000000000000e+01 -7.100000000000000000e+01 nan
6.100000000000000000e+01 -7.000000000000000000e+01 nan
6.100000000000000000e+01 -6.900000000000000000e+01 nan
6.100000000000000000e+01 -6.800000000000000000e+01 nan
6.100000000000000000e+01 -6.700000000000000000e+01 nan
6.100000000000000000e+01 -6.600000000000000000e+01 nan
6.100000000000000000e+01 -6.500000000000000000e+01 nan
6.100000000000000000e+01 -6.400000000000000000e+01 nan
6.100000000000000000e+01 -6.300000000000000000e+01 nan
6.100000000000000000e+01 -6.200000000000000000e+01 nan
6.100000000000000000e+01 -6.100000000000000000e+01 nan
6.100000000000000000e+01 -6.000000000000000000e+01 nan
6.100000000000000000e+01 -5.900000000000000000e+01 nan
6.100000000000000000e+01 -5.800000000000000000e+01 nan
6.100000000000000000e+01 -5.700000000000000000e+01 nan
6.100000000000000000e+01 -5.600000000000000000e+01 nan
6.100000000000000000e+01 -5.500000000000000000e+01 nan
6.100000000000000000e+01 -5.400000000000000000e+01 nan
6.100000000000000000e+01 -5.300000000000000000e+01 nan
6.100000000000000000e+01 -5.200000000000000000e+01 nan
6.100000000000000000e+01 -5.100000000000000000e+01 nan
6.100000000000000000e+01 -5.000000000000000000e+01 nan
6.100000000000000000e+01 -4.900000000000000000e+01 nan
6.100000000000000000e+01 -4.800000000000000000e+01 nan
6.100000000000000000e+01 -4.700000000000000000e+01 nan
6.100000000000000000e+01 -4.600000000000000000e+01 nan
6.100000000000000000e+01 -4.500000000000000000e+01 nan
6.100000000000000000e+01 -4.400000000000000000e+01 nan
6.100000000000000000e+01 -4.300000000000000000e+01 nan
6.100000000000000000e+01 -4.200000000000000000e+01 nan
6.100000000000000000e+01 -4.100000000000000000e+01 nan
6.100000000000000000e+01 -4.000000000000000000e+01 nan
6.100000000000000000e+01 -3.900000000000000000e+01 nan
6.100000000000000000e+01 -3.800000000000000000e+01 nan
6.100000000000000000e+01 -3.700000000000000000e+01 nan
6.100000000000000000e+01 -3.600000000000000000e+01 nan
6.200000000000000000e+01 -8.200000000000000000e+01 nan
6.200000000000000000e+01 -8.100000000000000000e+01 nan
6.200000000000000000e+01 -8.000000000000000000e+01 nan
6.200000000000000000e+01 -7.900000000000000000e+01 nan
6.200000000000000000e+01 -7.800000000000000000e+01 nan
6.200000000000000000e+01 -7.700000000000000000e+01 nan
6.200000000000000000e+01 -7.600000000000000000e+01 nan
6.200000000000000000e+01 -7.500000000000000000e+01 nan
6.200000000000000000e+01 -7.400000000000000000e+01 nan
6.200000000000000000e+01 -7.300000000000000000e+01 nan
6.200000000000000000e+01 -7.200000000000000000e+01 nan
6.200000000000000000e+01 -7.100000000000000000e+01 nan
6.200000000000000000e+01 -7.000000000000000000e+01 nan
6.200000000000000000e+01 -6.900000000000000000e+01 nan
6.200000000000000000e+01 -6.800000000000000000e+01 nan
6.200000000000000000e+01 -6.700000000000000000e+01 nan
6.200000000000000000e+01 -6.600000000000000000e+01 nan
6.200000000000000000e+01 -6.500000000000000000e+01 nan
6.200000000000000000e+01 -6.400000000000000000e+01 nan
6.200000000000000000e+01 -6.300000000000000000e+01 nan
6.200000000000000000e+01 -6.200000000000000000e+01 nan
6.200000000000000000e+01 -6.100000000000000000e+01 nan
6.200000000000000000e+01 -6.000000000000000000e+01 nan
6.200000000000000000e+01 -5.900000000000000000e+01 nan
6.200000000000000000e+01 -5.800000000000000000e+01 nan
6.200000000000000000e+01 -5.700000000000000000e+01 nan
6.200000000000000000e+01 -5.600000000000000000e+01 nan
6.200000000000000000e+01 -5.500000000000000000e+01 nan
6.200000000000000000e+01 -5.400000000000000000e+01 nan
6.200000000000000000e+01 -5.300000000000000000e+01 nan
6.200000000000000000e+01 -5.200000000000000000e+01 nan
6.200000000000000000e+01 -5.100000000000000000e+01 nan
6.200000000000000000e+01 -5.000000000000000000e+01 nan
6.200000000000000000e+01 -4.900000000000000000e+01 nan
6.200000000000000000e+01 -4.800000000000000000e+01 nan
6.200000000000000000e+01 -4.700000000000000000e+01 nan
6.200000000000000000e+01 -4.600000000000000000e+01 nan
6.200000000000000000e+01 -4.500000000000000000e+01 nan
6.200000000000000000e+01 -4.400000000000000000e+01 nan
6.200000000000000000e+01 -4.300000000000000000e+01 nan
6.200000000000000000e+01 -4.200000000000000000e+01 nan
6.200000000000000000e+01 -4.100000000000000000e+01 nan
6.200000000000000000e+01 -4.000000000000000000e+01 nan
6.200000000000000000e+01 -3.900000000000000000e+01 nan
6.200000000000000000e+01 -3.800000000000000000e+01 nan
6.200000000000000000e+01 -3.700000000000000000e+01 nan
6.200000000000000000e+01 -3.600000000000000000e+01 nan
6.300000000000000000e+01 -8.200000000000000000e+01 nan
6.300000000000000000e+01 -8.100000000000000000e+01 nan
6.300000000000000000e+01 -8.000000000000000000e+01 nan
6.300000000000000000e+01 -7.900000000000000000e+01 nan
6.300000000000000000e+01 -7.800000000000000000e+01 nan
6.300000000000000000e+01 -7.700000000000000000e+01 nan
6.300000000000000000e+01 -7.600000000000000000e+01 nan
6.300000000000000000e+01 -7.500000000000000000e+01 nan
6.300000000000000000e+01 -7.400000000000000000e+01 nan
6.300000000000000000e+01 -7.300000000000000000e+01 nan
6.300000000000000000e+01 -7.200000000000000000e+01 nan
6.300000000000000000e+01 -7.100000000000000000e+01 nan
6.300000000000000000e+01 -7.000000000000000000e+01 nan
6.300000000000000000e+01 -6.900000000000000000e+01 nan
6.300000000000000000e+01 -6.800000000000000000e+01 nan
6.300000000000000000e+01 -6.700000000000000000e+01 nan
6.300000000000000000e+01 -6.600000000000000000e+01 nan
6.300000000000000000e+01 -6.500000000000000000e+01 nan
6.300000000000000000e+01 -6.400000000000000000e+01 nan
6.300000000000000000e+01 -6.300000000000000000e+01 nan
6.300000000000000000e+01 -6.200000000000000000e+01 nan
6.300000000000000000e+01 -6.100000000000000000e+01 nan
6.300000000000000000e+01 -6.000000000000000000e+01 nan
6.300000000000000000e+01 -5.900000000000000000e+01 nan
6.300000000000000000e+01 -5.800000000000000000e+01 nan
6.300000000000000000e+01 -5.700000000000000000e+01 nan
6.300000000000000000e+01 -5.600000000000000000e+01 nan
6.300000000000000000e+01 -5.500000000000000000e+01 nan
6.300000000000000000e+01 -5.400000000000000000e+01 nan
6.300000000000000000e+01 -5.300000000000000000e+01 nan
6.300000000000000000e+01 -5.200000000000000000e+01 nan
6.300000000000000000e+01 -5.100000000000000000e+01 nan
6.300000000000000000e+01 -5.000000000000000000e+01 nan
6.300000000000000000e+01 -4.900000000000000000e+01 nan
6.300000000000000000e+01 -4.800000000000000000e+01 nan
6.300000000000000000e+01 -4.700000000000000000e+01 nan
6.300000000000000000e+01 -4.600000000000000000e+01 nan
6.300000000000000000e+01 -4.500000000000000000e+01 nan
6.300000000000000000e+01 -4.400000000000000000e+01 nan
6.300000000000000000e+01 -4.300000000000000000e+01 nan
6.300000000000000000e+01 -4.200000000000000000e+01 nan
6.300000000000000000e+01 -4.100000000000000000e+01 nan
6.300000000000000000e+01 -4.000000000000000000e+01 nan
6.300000000000000000e+01 -3.900000000000000000e+01 nan
6.300000000000000000e+01 -3.800000000000000000e+01 nan
6.300000000000000000e+01 -3.700000000000000000e+01 nan
6.300000000000000000e+01 -3.600000000000000000e+01 nan
6.400000000000000000e+01 -8.200000000000000000e+01 nan
6.400000000000000000e+01 -8.100000000000000000e+01 nan
6.400000000000000000e+01 -8.000000000000000000e+01 nan
6.400000000000000000e+01 -7.900000000000000000e+01 nan
6.400000000000000000e+01 -7.800000000000000000e+01 nan
6.400000000000000000e+01 -7.700000000000000000e+01 nan
6.400000000000000000e+01 -7.600000000000000000e+01 nan
6.400000000000000000e+01 -7.500000000000000000e+01 nan
6.400000000000000000e+01 -7.400000000000000000e+01 nan
6.400000000000000000e+01 -7.300000000000000000e+01 nan
6.400000000000000000e+01 -7.200000000000000000e+01 nan
6.400000000000000000e+01 -7.100000000000000000e+01 nan
6.400000000000000000e+01 -7.000000000000000000e+01 nan
6.400000000000000000e+01 -6.900000000000000000e+01 nan
6.400000000000000000e+01 -6.800000000000000000e+01 nan
6.400000000000000000e+01 -6.700000000000000000e+01 nan
6.400000000000000000e+01 -6.600000000000000000e+01 nan
6.400000000000000000e+01 -6.500000000000000000e+01 nan
6.400000000000000000e+01 -6.400000000000000000e+01 nan
6.400000000000000000e+01 -6.300000000000000000e+01 nan
6.400000000000000000e+01 -6.200000000000000000e+01 nan
6.400000000000000000e+01 -6.100000000000000000e+01 nan
6.400000000000000000e+01 -6.000000000000000000e+01 nan
6.400000000000000000e+01 -5.900000000000000000e+01 nan
6.400000000000000000e+01 -5.800000000000000000e+01 nan
6.400000000000000000e+01 -5.700000000000000000e+01 nan
6.400000000000000000e+01 -5.600000000000000000e+01 nan
6.400000000000000000e+01 -5.500000000000000000e+01 nan
6.400000000000000000e+01 -5.400000000000000000e+01 nan
6.400000000000000000e+01 -5.300000000000000000e+01 nan
6.400000000000000000e+01 -5.200000000000000000e+01 nan
6.400000000000000000e+01 -5.100000000000000000e+01 nan
6.400000000000000000e+01 -5.000000000000000000e+01 nan
6.400000000000000000e+01 -4.900000000000000000e+01 nan
6.400000000000000000e+01 -4.800000000000000000e+01 nan
6.400000000000000000e+01 -4.700000000000000000e+01 nan
6.400000000000000000e+01 -4.600000000000000000e+01 nan
6.400000000000000000e+01 -4.500000000000000000e+01 nan
6.400000000000000000e+01 -4.400000000000000000e+01 nan
6.400000000000000000e+01 -4.300000000000000000e+01 nan
6.400000000000000000e+01 -4.200000000000000000e+01 nan
6.400000000000000000e+01 -4.100000000000000000e+01 nan
6.400000000000000000e+01 -4.000000000000000000e+01 nan
6.400000000000000000e+01 -3.900000000000000000e+01 nan
6.400000000000000000e+01 -3.800000000000000000e+01 nan
6.400000000000000000e+01 -3.700000000000000000e+01 nan
6.400000000000000000e+01 -3.600000000000000000e+01 nan
6.500000000000000000e+01 -8.200000000000000000e+01 nan
6.500000000000000000e+01 -8.100000000000000000e+01 nan
6.500000000000000000e+01 -8.000000000000000000e+01 nan
6.500000000000000000e+01 -7.900000000000000000e+01 nan
6.500000000000000000e+01 -7.800000000000000000e+01 nan
6.500000000000000000e+01 -7.700000000000000000e+01 nan
6.500000000000000000e+01 -7.600000000000000000e+01 nan
6.500000000000000000e+01 -7.500000000000000000e+01 nan
6.500000000000000000e+01 -7.400000000000000000e+01 nan
6.500000000000000000e+01 -7.300000000000000000e+01 nan
6.500000000000000000e+01 -7.200000000000000000e+01 nan
6.500000000000000000e+01 -7.100000000000000000e+01 nan
6.500000000000000000e+01 -7.000000000000000000e+01 nan
6.500000000000000000e+01 -6.900000000000000000e+01 nan
6.500000000000000000e+01 -6.800000000000000000e+01 nan
6.500000000000000000e+01 -6.700000000000000000e+01 nan
6.500000000000000000e+01 -6.600000000000000000e+01 nan
6.500000000000000000e+01 -6.500000000000000000e+01 nan
6.500000000000000000e+01 -6.400000000000000000e+01 nan
6.500000000000000000e+01 -6.300000000000000000e+01 nan
6.500000000000000000e+01 -6.200000000000000000e+01 nan
6.500000000000000000e+01 -6.100000000000000000e+01 nan
6.500000000000000000e+01 -6.000000000000000000e+01 nan
6.500000000000000000e+01 -5.900000000000000000e+01 nan
6.500000000000000000e+01 -5.800000000000000000e+01 nan
6.500000000000000000e+01 -5.700000000000000000e+01 nan
6.500000000000000000e+01 -5.600000000000000000e+01 nan
6.500000000000000000e+01 -5.500000000000000000e+01 nan
6.500000000000000000e+01 -5.400000000000000000e+01 nan
6.500000000000000000e+01 -5.300000000000000000e+01 nan
6.500000000000000000e+01 -5.200000000000000000e+01 nan
6.500000000000000000e+01 -5.100000000000000000e+01 nan
6.500000000000000000e+01 -5.000000000000000000e+01 nan
6.500000000000000000e+01 -4.900000000000000000e+01 nan
6.500000000000000000e+01 -4.800000000000000000e+01 nan
6.500000000000000000e+01 -4.700000000000000000e+01 nan
6.500000000000000000e+01 -4.600000000000000000e+01 nan
6.500000000000000000e+01 -4.500000000000000000e+01 nan
6.500000000000000000e+01 -4.400000000000000000e+01 nan
6.500000000000000000e+01 -4.300000000000000000e+01 nan
6.500000000000000000e+01 -4.200000000000000000e+01 nan
6.500000000000000000e+01 -4.100000000000000000e+01 nan
6.500000000000000000e+01 -4.000000000000000000e+01 nan
6.500000000000000000e+01 -3.900000000000000000e+01 nan
6.500000000000000000e+01 -3.800000000000000000e+01 nan
6.500000000000000000e+01 -3.700000000000000000e+01 nan
6.500000000000000000e+01 -3.600000000000000000e+01 nan
6.600000000000000000e+01 -8.200000000000000000e+01 nan
6.600000000000000000e+01 -8.100000000000000000e+01 nan
6.600000000000000000e+01 -8.000000000000000000e+01 nan
6.600000000000000000e+01 -7.900000000000000000e+01 nan
6.600000000000000000e+01 -7.800000000000000000e+01 nan
6.600000000000000000e+01 -7.700000000000000000e+01 nan
6.600000000000000000e+01 -7.600000000000000000e+01 nan
6.600000000000000000e+01 -7.500000000000000000e+01 nan
6.600000000000000000e+01 -7.400000000000000000e+01 nan
6.600000000000000000e+01 -7.300000000000000000e+01 nan
6.600000000000000000e+01 -7.200000000000000000e+01 nan
6.600000000000000000e+01 -7.100000000000000000e+01 nan
6.600000000000000000e+01 -7.000000000000000000e+01 nan
6.600000000000000000e+01 -6.900000000000000000e+01 nan
6.600000000000000000e+01 -6.800000000000000000e+01 nan
6.600000000000000000e+01 -6.700000000000000000e+01 nan
6.600000000000000000e+01 -6.600000000000000000e+01 nan
6.600000000000000000e+01 -6.500000000000000000e+01 nan
6.600000000000000000e+01 -6.400000000000000000e+01 nan
6.600000000000000000e+01 -6.300000000000000000e+01 nan
6.600000000000000000e+01 -6.200000000000000000e+01 nan
6.600000000000000000e+01 -6.100000000000000000e+01 nan
6.600000000000000000e+01 -6.000000000000000000e+01 nan
6.600000000000000000e+01 -5.900000000000000000e+01 nan
6.600000000000000000e+01 -5.800000000000000000e+01 nan
6.600000000000000000e+01 -5.700000000000000000e+01 nan
6.600000000000000000e+01 -5.600000000000000000e+01 nan
6.600000000000000000e+01 -5.500000000000000000e+01 nan
6.600000000000000000e+01 -5.400000000000000000e+01 nan
6.600000000000000000e+01 -5.300000000000000000e+01 nan
6.600000000000000000e+01 -5.200000000000000000e+01 nan
6.600000000000000000e+01 -5.100000000000000000e+01 nan
6.600000000000000000e+01 -5.000000000000000000e+01 nan
6.600000000000000000e+01 -4.900000000000000000e+01 nan
6.600000000000000000e+01 -4.800000000000000000e+01 nan
6.600000000000000000e+01 -4.700000000000000000e+01 nan
6.600000000000000000e+01 -4.600000000000000000e+01 nan
6.600000000000000000e+01 -4.500000000000000000e+01 nan
6.600000000000000000e+01 -4.400000000000000000e+01 nan
6.600000000000000000e+01 -4.300000000000000000e+01 nan
6.600000000000000000e+01 -4.200000000000000000e+01 nan
6.600000000000000000e+01 -4.100000000000000000e+01 nan
6.600000000000000000e+01 -4.000000000000000000e+01 nan
6.600000000000000000e+01 -3.900000000000000000e+01 nan
6.600000000000000000e+01 -3.800000000000000000e+01 nan
6.600000000000000000e+01 -3.700000000000000000e+01 nan
6.600000000000000000e+01 -3.600000000000000000e+01 nan
6.700000000000000000e+01 -8.200000000000000000e+01 nan
6.700000000000000000e+01 -8.100000000000000000e+01 nan
6.700000000000000000e+01 -8.000000000000000000e+01 nan
6.700000000000000000e+01 -7.900000000000000000e+01 nan
6.700000000000000000e+01 -7.800000000000000000e+01 nan
6.700000000000000000e+01 -7.700000000000000000e+01 nan
6.700000000000000000e+01 -7.600000000000000000e+01 nan
6.700000000000000000e+01 -7.500000000000000000e+01 nan
6.700000000000000000e+01 -7.400000000000000000e+01 nan
6.700000000000000000e+01 -7.300000000000000000e+01 nan
6.700000000000000000e+01 -7.200000000000000000e+01 nan
6.700000000000000000e+01 -7.100000000000000000e+01 nan
6.700000000000000000e+01 -7.000000000000000000e+01 nan
6.700000000000000000e+01 -6.900000000000000000e+01 nan
6.700000000000000000e+01 -6.800000000000000000e+01 nan
6.700000000000000000e+01 -6.700000000000000000e+01 nan
6.700000000000000000e+01 -6.600000000000000000e+01 nan
6.700000000000000000e+01 -6.500000000000000000e+01 nan
6.700000000000000000e+01 -6.400000000000000000e+01 nan
6.700000000000000000e+01 -6.300000000000000000e+01 nan
6.700000000000000000e+01 -6.200000000000000000e+01 nan
6.700000000000000000e+01 -6.100000000000000000e+01 nan
6.700000000000000000e+01 -6.000000000000000000e+01 nan
6.700000000000000000e+01 -5.900000000000000000e+01 nan
6.700000000000000000e+01 -5.800000000000000000e+01 nan
6.700000000000000000e+01 -5.700000000000000000e+01 nan
6.700000000000000000e+01 -5.600000000000000000e+01 nan
6.700000000000000000e+01 -5.500000000000000000e+01 nan
6.700000000000000000e+01 -5.400000000000000000e+01 nan
6.700000000000000000e+01 -5.300000000000000000e+01 nan
6.700000000000000000e+01 -5.200000000000000000e+01 nan
6.700000000000000000e+01 -5.100000000000000000e+01 nan
6.700000000000000000e+01 -5.000000000000000000e+01 nan
6.700000000000000000e+01 -4.900000000000000000e+01 nan
6.700000000000000000e+01 -4.800000000000000000e+01 nan
6.700000000000000000e+01 -4.700000000000000000e+01 nan
6.700000000000000000e+01 -4.600000000000000000e+01 nan
6.700000000000000000e+01 -4.500000000000000000e+01 nan
6.700000000000000000e+01 -4.400000000000000000e+01 nan
6.700000000000000000e+01 -4.300000000000000000e+01 nan
6.700000000000000000e+01 -4.200000000000000000e+01 nan
6.700000000000000000e+01 -4.100000000000000000e+01 nan
6.700000000000000000e+01 -4.000000000000000000e+01 nan
6.700000000000000000e+01 -3.900000000000000000e+01 nan
6.700000000000000000e+01 -3.800000000000000000e+01 nan
6.700000000000000000e+01 -3.700000000000000000e+01 nan
6.700000000000000000e+01 -3.600000000000000000e+01 nan
6.800000000000000000e+01 -8.200000000000000000e+01 nan
6.800000000000000000e+01 -8.100000000000000000e+01 nan
6.800000000000000000e+01 -8.000000000000000000e+01 nan
6.800000000000000000e+01 -7.900000000000000000e+01 nan
6.800000000000000000e+01 -7.800000000000000000e+01 nan
6.800000000000000000e+01 -7.700000000000000000e+01 nan
6.800000000000000000e+01 -7.600000000000000000e+01 nan
6.800000000000000000e+01 -7.500000000000000000e+01 nan
6.800000000000000000e+01 -7.400000000000000000e+01 nan
6.800000000000000000e+01 -7.300000000000000000e+01 nan
6.800000000000000000e+01 -7.200000000000000000e+01 nan
6.800000000000000000e+01 -7.100000000000000000e+01 nan
6.800000000000000000e+01 -7.000000000000000000e+01 nan
6.800000000000000000e+01 -6.900000000000000000e+01 nan
6.800000000000000000e+01 -6.800000000000000000e+01 nan
6.800000000000000000e+01 -6.700000000000000000e+01 nan
6.800000000000000000e+01 -6.600000000000000000e+01 nan
6.800000000000000000e+01 -6.500000000000000000e+01 nan
6.800000000000000000e+01 -6.400000000000000000e+01 nan
6.800000000000000000e+01 -6.300000000000000000e+01 nan
6.800000000000000000e+01 -6.200000000000000000e+01 nan
6.800000000000000000e+01 -6.100000000000000000e+01 nan
6.800000000000000000e+01 -6.000000000000000000e+01 nan
6.800000000000000000e+01 -5.900000000000000000e+01 nan
6.800000000000000000e+01 -5.800000000000000000e+01 nan
6.800000000000000000e+01 -5.700000000000000000e+01 nan
6.800000000000000000e+01 -5.600000000000000000e+01 nan
6.800000000000000000e+01 -5.500000000000000000e+01 nan
6.800000000000000000e+01 -5.400000000000000000e+01 nan
6.800000000000000000e+01 -5.300000000000000000e+01 nan
6.800000000000000000e+01 -5.200000000000000000e+01 nan
6.800000000000000000e+01 -5.100000000000000000e+01 nan
6.800000000000000000e+01 -5.000000000000000000e+01 nan
6.800000000000000000e+01 -4.900000000000000000e+01 nan
6.800000000000000000e+01 -4.800000000000000000e+01 nan
6.800000000000000000e+01 -4.700000000000000000e+01 nan
6.800000000000000000e+01 -4.600000000000000000e+01 nan
6.800000000000000000e+01 -4.500000000000000000e+01 nan
6.800000000000000000e+01 -4.400000000000000000e+01 nan
6.800000000000000000e+01 -4.300000000000000000e+01 nan
6.800000000000000000e+01 -4.200000000000000000e+01 nan
6.800000000000000000e+01 -4.100000000000000000e+01 nan
6.800000000000000000e+01 -4.000000000000000000e+01 nan
6.800000000000000000e+01 -3.900000000000000000e+01 nan
6.800000000000000000e+01 -3.800000000000000000e+01 nan
6.800000000000000000e+01 -3.700000000000000000e+01 nan
6.800000000000000000e+01 -3.600000000000000000e+01 nan
6.900000000000000000e+01 -8.200000000000000000e+01 nan
6.900000000000000000e+01 -8.100000000000000000e+01 nan
6.900000000000000000e+01 -8.000000000000000000e+01 nan
6.900000000000000000e+01 -7.900000000000000000e+01 nan
6.900000000000000000e+01 -7.800000000000000000e+01 nan
6.900000000000000000e+01 -7.700000000000000000e+01 nan
6.900000000000000000e+01 -7.600000000000000000e+01 nan
6.900000000000000000e+01 -7.500000000000000000e+01 nan
6.900000000000000000e+01 -7.400000000000000000e+01 nan
6.900000000000000000e+01 -7.300000000000000000e+01 nan
6.900000000000000000e+01 -7.200000000000000000e+01 nan
6.900000000000000000e+01 -7.100000000000000000e+01 nan
6.900000000000000000e+01 -7.000000000000000000e+01 nan
6.900000000000000000e+01 -6.900000000000000000e+01 nan
6.900000000000000000e+01 -6.800000000000000000e+01 nan
6.900000000000000000e+01 -6.700000000000000000e+01 nan
6.900000000000000000e+01 -6.600000000000000000e+01 nan
6.900000000000000000e+01 -6.500000000000000000e+01 nan
6.900000000000000000e+01 -6.400000000000000000e+01 nan
6.900000000000000000e+01 -6.300000000000000000e+01 nan
6.900000000000000000e+01 -6.200000000000000000e+01 nan
6.900000000000000000e+01 -6.100000000000000000e+01 nan
6.900000000000000000e+01 -6.000000000000000000e+01 nan
6.900000000000000000e+01 -5.900000000000000000e+01 nan
6.900000000000000000e+01 -5.800000000000000000e+01 nan
6.900000000000000000e+01 -5.700000000000000000e+01 nan
6.900000000000000000e+01 -5.600000000000000000e+01 nan
6.900000000000000000e+01 -5.500000000000000000e+01 nan
6.900000000000000000e+01 -5.400000000000000000e+01 nan
6.900000000000000000e+01 -5.300000000000000000e+01 nan
6.900000000000000000e+01 -5.200000000000000000e+01 nan
6.900000000000000000e+01 -5.100000000000000000e+01 nan
6.900000000000000000e+01 -5.000000000000000000e+01 nan
6.900000000000000000e+01 -4.900000000000000000e+01 nan
6.900000000000000000e+01 -4.800000000000000000e+01 nan
6.900000000000000000e+01 -4.700000000000000000e+01 nan
6.900000000000000000e+01 -4.600000000000000000e+01 nan
6.900000000000000000e+01 -4.500000000000000000e+01 nan
6.900000000000000000e+01 -4.400000000000000000e+01 nan
6.900000000000000000e+01 -4.300000000000000000e+01 nan
6.900000000000000000e+01 -4.200000000000000000e+01 nan
6.900000000000000000e+01 -4.100000000000000000e+01 nan
6.900000000000000000e+01 -4.000000000000000000e+01 nan
6.900000000000000000e+01 -3.900000000000000000e+01 nan
6.900000000000000000e+01 -3.800000000000000000e+01 nan
6.900000000000000000e+01 -3.700000000000000000e+01 nan
6.900000000000000000e+01 -3.600000000000000000e+01 nan
7.000000000000000000e+01 -8.200000000000000000e+01 nan
7.000000000000000000e+01 -8.100000000000000000e+01 nan
7.000000000000000000e+01 -8.000000000000000000e+01 nan
7.000000000000000000e+01 -7.900000000000000000e+01 nan
7.000000000000000000e+01 -7.800000000000000000e+01 nan
7.000000000000000000e+01 -7.700000000000000000e+01 nan
7.000000000000000000e+01 -7.600000000000000000e+01 nan
7.000000000000000000e+01 -7.500000000000000000e+01 nan
7.000000000000000000e+01 -7.400000000000000000e+01 nan
7.000000000000000000e+01 -7.300000000000000000e+01 nan
7.000000000000000000e+01 -7.200000000000000000e+01 nan
7.000000000000000000e+01 -7.100000000000000000e+01 nan
7.000000000000000000e+01 -7.000000000000000000e+01 nan
7.000000000000000000e+01 -6.900000000000000000e+01 nan
7.000000000000000000e+01 -6.800000000000000000e+01 nan
7.000000000000000000e+01 -6.700000000000000000e+01 nan
7.000000000000000000e+01 -6.600000000000000000e+01 nan
7.000000000000000000e+01 -6.500000000000000000e+01 nan
7.000000000000000000e+01 -6.400000000000000000e+01 nan
7.000000000000000000e+01 -6.300000000000000000e+01 nan
7.000000000000000000e+01 -6.200000000000000000e+01 nan
7.000000000000000000e+01 -6.100000000000000000e+01 nan
7.000000000000000000e+01 -6.000000000000000000e+01 nan
7.000000000000000000e+01 -5.900000000000000000e+01 nan
7.000000000000000000e+01 -5.800000000000000000e+01 nan
7.000000000000000000e+01 -5.700000000000000000e+01 nan
7.000000000000000000e+01 -5.600000000000000000e+01 nan
7.000000000000000000e+01 -5.500000000000000000e+01 nan
7.000000000000000000e+01 -5.400000000000000000e+01 nan
7.000000000000000000e+01 -5.300000000000000000e+01 nan
7.000000000000000000e+01 -5.200000000000000000e+01 nan
7.000000000000000000e+01 -5.100000000000000000e+01 nan
7.000000000000000000e+01 -5.000000000000000000e+01 nan
7.000000000000000000e+01 -4.900000000000000000e+01 nan
7.000000000000000000e+01 -4.800000000000000000e+01 nan
7.000000000000000000e+01 -4.700000000000000000e+01 nan
7.000000000000000000e+01 -4.600000000000000000e+01 nan
7.000000000000000000e+01 -4.500000000000000000e+01 nan
7.000000000000000000e+01 -4.400000000000000000e+01 nan
7.000000000000000000e+01 -4.300000000000000000e+01 nan
7.000000000000000000e+01 -4.200000000000000000e+01 nan
7.000000000000000000e+01 -4.100000000000000000e+01 nan
7.000000000000000000e+01 -4.000000000000000000e+01 nan
7.000000000000000000e+01 -3.900000000000000000e+01 nan
7.000000000000000000e+01 -3.800000000000000000e+01 nan
7.000000000000000000e+01 -3.700000000000000000e+01 nan
7.000000000000000000e+01 -3.600000000000000000e+01 nan
7.100000000000000000e+01 -8.200000000000000000e+01 nan
7.100000000000000000e+01 -8.100000000000000000e+01 nan
7.100000000000000000e+01 -8.000000000000000000e+01 nan
7.100000000000000000e+01 -7.900000000000000000e+01 nan
7.100000000000000000e+01 -7.800000000000000000e+01 nan
7.100000000000000000e+01 -7.700000000000000000e+01 nan
7.100000000000000000e+01 -7.600000000000000000e+01 nan
7.100000000000000000e+01 -7.500000000000000000e+01 nan
7.100000000000000000e+01 -7.400000000000000000e+01 nan
7.100000000000000000e+01 -7.300000000000000000e+01 nan
7.100000000000000000e+01 -7.200000000000000000e+01 nan
7.100000000000000000e+01 -7.100000000000000000e+01 nan
7.100000000000000000e+01 -7.000000000000000000e+01 nan
7.100000000000000000e+01 -6.900000000000000000e+01 nan
7.100000000000000000e+01 -6.800000000000000000e+01 nan
7.100000000000000000e+01 -6.700000000000000000e+01 nan
7.100000000000000000e+01 -6.600000000000000000e+01 nan
7.100000000000000000e+01 -6.500000000000000000e+01 nan
7.100000000000000000e+01 -6.400000000000000000e+01 nan
7.100000000000000000e+01 -6.300000000000000000e+01 nan
7.100000000000000000e+01 -6.200000000000000000e+01 nan
7.100000000000000000e+01 -6.100000000000000000e+01 nan
7.100000000000000000e+01 -6.000000000000000000e+01 nan
7.100000000000000000e+01 -5.900000000000000000e+01 nan
7.100000000000000000e+01 -5.800000000000000000e+01 nan
7.100000000000000000e+01 -5.700000000000000000e+01 nan
7.100000000000000000e+01 -5.600000000000000000e+01 nan
7.100000000000000000e+01 -5.500000000000000000e+01 nan
7.100000000000000000e+01 -5.400000000000000000e+01 nan
7.100000000000000000e+01 -5.300000000000000000e+01 nan
7.100000000000000000e+01 -5.200000000000000000e+01 nan
7.100000000000000000e+01 -5.100000000000000000e+01 nan
7.100000000000000000e+01 -5.000000000000000000e+01 nan
7.100000000000000000e+01 -4.900000000000000000e+01 nan
7.100000000000000000e+01 -4.800000000000000000e+01 nan
7.100000000000000000e+01 -4.700000000000000000e+01 nan
7.100000000000000000e+01 -4.600000000000000000e+01 nan
7.100000000000000000e+01 -4.500000000000000000e+01 nan
7.100000000000000000e+01 -4.400000000000000000e+01 nan
7.100000000000000000e+01 -4.300000000000000000e+01 nan
7.100000000000000000e+01 -4.200000000000000000e+01 nan
7.100000000000000000e+01 -4.100000000000000000e+01 nan
7.100000000000000000e+01 -4.000000000000000000e+01 nan
7.100000000000000000e+01 -3.900000000000000000e+01 nan
7.100000000000000000e+01 -3.800000000000000000e+01 nan
7.100000000000000000e+01 -3.700000000000000000e+01 nan
7.100000000000000000e+01 -3.600000000000000000e+01 nan
7.200000000000000000e+01 -8.200000000000000000e+01 nan
7.200000000000000000e+01 -8.100000000000000000e+01 nan
7.200000000000000000e+01 -8.000000000000000000e+01 nan
7.200000000000000000e+01 -7.900000000000000000e+01 nan
7.200000000000000000e+01 -7.800000000000000000e+01 nan
7.200000000000000000e+01 -7.700000000000000000e+01 nan
7.200000000000000000e+01 -7.600000000000000000e+01 nan
7.200000000000000000e+01 -7.500000000000000000e+01 nan
7.200000000000000000e+01 -7.400000000000000000e+01 nan
7.200000000000000000e+01 -7.300000000000000000e+01 nan
7.200000000000000000e+01 -7.200000000000000000e+01 nan
7.200000000000000000e+01 -7.100000000000000000e+01 nan
7.200000000000000000e+01 -7.000000000000000000e+01 nan
7.200000000000000000e+01 -6.900000000000000000e+01 nan
7.200000000000000000e+01 -6.800000000000000000e+01 nan
7.200000000000000000e+01 -6.700000000000000000e+01 nan
7.200000000000000000e+01 -6.600000000000000000e+01 nan
7.200000000000000000e+01 -6.500000000000000000e+01 nan
7.200000000000000000e+01 -6.400000000000000000e+01 nan
7.200000000000000000e+01 -6.300000000000000000e+01 nan
7.200000000000000000e+01 -6.200000000000000000e+01 nan
7.200000000000000000e+01 -6.100000000000000000e+01 nan
7.200000000000000000e+01 -6.000000000000000000e+01 nan
7.200000000000000000e+01 -5.900000000000000000e+01 nan
7.200000000000000000e+01 -5.800000000000000000e+01 nan
7.200000000000000000e+01 -5.700000000000000000e+01 nan
7.200000000000000000e+01 -5.600000000000000000e+01 nan
7.200000000000000000e+01 -5.500000000000000000e+01 nan
7.200000000000000000e+01 -5.400000000000000000e+01 nan
7.200000000000000000e+01 -5.300000000000000000e+01 nan
7.200000000000000000e+01 -5.200000000000000000e+01 nan
7.200000000000000000e+01 -5.100000000000000000e+01 nan
7.200000000000000000e+01 -5.000000000000000000e+01 nan
7.200000000000000000e+01 -4.900000000000000000e+01 nan
7.200000000000000000e+01 -4.800000000000000000e+01 nan
7.200000000000000000e+01 -4.700000000000000000e+01 nan
7.200000000000000000e+01 -4.600000000000000000e+01 nan
7.200000000000000000e+01 -4.500000000000000000e+01 nan
7.200000000000000000e+01 -4.400000000000000000e+01 nan
7.200000000000000000e+01 -4.300000000000000000e+01 nan
7.200000000000000000e+01 -4.200000000000000000e+01 nan
7.200000000000000000e+01 -4.100000000000000000e+01 nan
7.200000000000000000e+01 -4.000000000000000000e+01 nan
7.200000000000000000e+01 -3.900000000000000000e+01 nan
7.200000000000000000e+01 -3.800000000000000000e+01 nan
7.200000000000000000e+01 -3.700000000000000000e+01 nan
7.200000000000000000e+01 -3.600000000000000000e+01 nan
7.300000000000000000e+01 -8.200000000000000000e+01 nan
7.300000000000000000e+01 -8.100000000000000000e+01 nan
7.300000000000000000e+01 -8.000000000000000000e+01 nan
7.300000000000000000e+01 -7.900000000000000000e+01 nan
7.300000000000000000e+01 -7.800000000000000000e+01 nan
7.300000000000000000e+01 -7.700000000000000000e+01 nan
7.300000000000000000e+01 -7.600000000000000000e+01 nan
7.300000000000000000e+01 -7.500000000000000000e+01 nan
7.300000000000000000e+01 -7.400000000000000000e+01 nan
7.300000000000000000e+01 -7.300000000000000000e+01 nan
7.300000000000000000e+01 -7.200000000000000000e+01 nan
7.300000000000000000e+01 -7.100000000000000000e+01 nan
7.300000000000000000e+01 -7.000000000000000000e+01 nan
7.300000000000000000e+01 -6.900000000000000000e+01 nan
7.300000000000000000e+01 -6.800000000000000000e+01 nan
7.300000000000000000e+01 -6.700000000000000000e+01 nan
7.300000000000000000e+01 -6.600000000000000000e+01 nan
7.300000000000000000e+01 -6.500000000000000000e+01 nan
7.300000000000000000e+01 -6.400000000000000000e+01 nan
7.300000000000000000e+01 -6.300000000000000000e+01 nan
7.300000000000000000e+01 -6.200000000000000000e+01 nan
7.300000000000000000e+01 -6.100000000000000000e+01 nan
7.300000000000000000e+01 -6.000000000000000000e+01 nan
7.300000000000000000e+01 -5.900000000000000000e+01 nan
7.300000000000000000e+01 -5.800000000000000000e+01 nan
7.300000000000000000e+01 -5.700000000000000000e+01 nan
7.300000000000000000e+01 -5.600000000000000000e+01 nan
7.300000000000000000e+01 -5.500000000000000000e+01 nan
7.300000000000000000e+01 -5.400000000000000000e+01 nan
7.300000000000000000e+01 -5.300000000000000000e+01 nan
7.300000000000000000e+01 -5.200000000000000000e+01 nan
7.300000000000000000e+01 -5.100000000000000000e+01 nan
7.300000000000000000e+01 -5.000000000000000000e+01 nan
7.300000000000000000e+01 -4.900000000000000000e+01 nan
7.300000000000000000e+01 -4.800000000000000000e+01 nan
7.300000000000000000e+01 -4.700000000000000000e+01 nan
7.300000000000000000e+01 -4.600000000000000000e+01 nan
7.300000000000000000e+01 -4.500000000000000000e+01 nan
7.300000000000000000e+01 -4.400000000000000000e+01 nan
7.300000000000000000e+01 -4.300000000000000000e+01 nan
7.300000000000000000e+01 -4.200000000000000000e+01 nan
7.300000000000000000e+01 -4.100000000000000000e+01 nan
7.300000000000000000e+01 -4.000000000000000000e+01 nan
7.300000000000000000e+01 -3.900000000000000000e+01 nan
7.300000000000000000e+01 -3.800000000000000000e+01 nan
7.300000000000000000e+01 -3.700000000000000000e+01 nan
7.300000000000000000e+01 -3.600000000000000000e+01 nan
7.400000000000000000e+01 -8.200000000000000000e+01 nan
7.400000000000000000e+01 -8.100000000000000000e+01 nan
7.400000000000000000e+01 -8.000000000000000000e+01 nan
7.400000000000000000e+01 -7.900000000000000000e+01 nan
7.400000000000000000e+01 -7.800000000000000000e+01 nan
7.400000000000000000e+01 -7.700000000000000000e+01 nan
7.400000000000000000e+01 -7.600000000000000000e+01 nan
7.400000000000000000e+01 -7.500000000000000000e+01 nan
7.400000000000000000e+01 -7.400000000000000000e+01 nan
7.400000000000000000e+01 -7.300000000000000000e+01 nan
7.400000000000000000e+01 -7.200000000000000000e+01 nan
7.400000000000000000e+01 -7.100000000000000000e+01 nan
7.400000000000000000e+01 -7.000000000000000000e+01 nan
7.400000000000000000e+01 -6.900000000000000000e+01 nan
7.400000000000000000e+01 -6.800000000000000000e+01 nan
7.400000000000000000e+01 -6.700000000000000000e+01 nan
7.400000000000000000e+01 -6.600000000000000000e+01 nan
7.400000000000000000e+01 -6.500000000000000000e+01 nan
7.400000000000000000e+01 -6.400000000000000000e+01 nan
7.400000000000000000e+01 -6.300000000000000000e+01 nan
7.400000000000000000e+01 -6.200000000000000000e+01 nan
7.400000000000000000e+01 -6.100000000000000000e+01 nan
7.400000000000000000e+01 -6.000000000000000000e+01 nan
7.400000000000000000e+01 -5.900000000000000000e+01 nan
7.400000000000000000e+01 -5.800000000000000000e+01 nan
7.400000000000000000e+01 -5.700000000000000000e+01 nan
7.400000000000000000e+01 -5.600000000000000000e+01 nan
7.400000000000000000e+01 -5.500000000000000000e+01 nan
7.400000000000000000e+01 -5.400000000000000000e+01 nan
7.400000000000000000e+01 -5.300000000000000000e+01 nan
7.400000000000000000e+01 -5.200000000000000000e+01 nan
7.400000000000000000e+01 -5.100000000000000000e+01 nan
7.400000000000000000e+01 -5.000000000000000000e+01 nan
7.400000000000000000e+01 -4.900000000000000000e+01 nan
7.400000000000000000e+01 -4.800000000000000000e+01 nan
7.400000000000000000e+01 -4.700000000000000000e+01 nan
7.400000000000000000e+01 -4.600000000000000000e+01 nan
7.400000000000000000e+01 -4.500000000000000000e+01 nan
7.400000000000000000e+01 -4.400000000000000000e+01 nan
7.400000000000000000e+01 -4.300000000000000000e+01 nan
7.400000000000000000e+01 -4.200000000000000000e+01 nan
7.400000000000000000e+01 -4.100000000000000000e+01 nan
7.400000000000000000e+01 -4.000000000000000000e+01 nan
7.400000000000000000e+01 -3.900000000000000000e+01 nan
7.400000000000000000e+01 -3.800000000000000000e+01 nan
7.400000000000000000e+01 -3.700000000000000000e+01 nan
7.400000000000000000e+01 -3.600000000000000000e+01 nan
7.500000000000000000e+01 -8.200000000000000000e+01 nan
7.500000000000000000e+01 -8.100000000000000000e+01 nan
7.500000000000000000e+01 -8.000000000000000000e+01 nan
7.500000000000000000e+01 -7.900000000000000000e+01 nan
7.500000000000000000e+01 -7.800000000000000000e+01 nan
7.500000000000000000e+01 -7.700000000000000000e+01 nan
7.500000000000000000e+01 -7.600000000000000000e+01 nan
7.500000000000000000e+01 -7.500000000000000000e+01 nan
7.500000000000000000e+01 -7.400000000000000000e+01 nan
7.500000000000000000e+01 -7.300000000000000000e+01 nan
7.500000000000000000e+01 -7.200000000000000000e+01 nan
7.500000000000000000e+01 -7.100000000000000000e+01 nan
7.500000000000000000e+01 -7.000000000000000000e+01 nan
7.500000000000000000e+01 -6.900000000000000000e+01 nan
7.500000000000000000e+01 -6.800000000000000000e+01 nan
7.500000000000000000e+01 -6.700000000000000000e+01 nan
7.500000000000000000e+01 -6.600000000000000000e+01 nan
7.500000000000000000e+01 -6.500000000000000000e+01 nan
7.500000000000000000e+01 -6.400000000000000000e+01 nan
7.500000000000000000e+01 -6.300000000000000000e+01 nan
7.500000000000000000e+01 -6.200000000000000000e+01 nan
7.500000000000000000e+01 -6.100000000000000000e+01 nan
7.500000000000000000e+01 -6.000000000000000000e+01 nan
7.500000000000000000e+01 -5.900000000000000000e+01 nan
7.500000000000000000e+01 -5.800000000000000000e+01 nan
7.500000000000000000e+01 -5.700000000000000000e+01 nan
7.500000000000000000e+01 -5.600000000000000000e+01 nan
7.500000000000000000e+01 -5.500000000000000000e+01 nan
7.500000000000000000e+01 -5.400000000000000000e+01 nan
7.500000000000000000e+01 -5.300000000000000000e+01 nan
7.500000000000000000e+01 -5.200000000000000000e+01 nan
7.500000000000000000e+01 -5.100000000000000000e+01 nan
7.500000000000000000e+01 -5.000000000000000000e+01 nan
7.500000000000000000e+01 -4.900000000000000000e+01 nan
7.500000000000000000e+01 -4.800000000000000000e+01 nan
7.500000000000000000e+01 -4.700000000000000000e+01 nan
7.500000000000000000e+01 -4.600000000000000000e+01 nan
7.500000000000000000e+01 -4.500000000000000000e+01 nan
7.500000000000000000e+01 -4.400000000000000000e+01 nan
7.500000000000000000e+01 -4.300000000000000000e+01 nan
7.500000000000000000e+01 -4.200000000000000000e+01 nan
7.500000000000000000e+01 -4.100000000000000000e+01 nan
7.500000000000000000e+01 -4.000000000000000000e+01 nan
7.500000000000000000e+01 -3.900000000000000000e+01 nan
7.500000000000000000e+01 -3.800000000000000000e+01 nan
7.500000000000000000e+01 -3.700000000000000000e+01 nan
7.500000000000000000e+01 -3.600000000000000000e+01 nan
7.600000000000000000e+01 -8.200000000000000000e+01 nan
7.600000000000000000e+01 -8.100000000000000000e+01 nan
7.600000000000000000e+01 -8.000000000000000000e+01 nan
7.600000000000000000e+01 -7.900000000000000000e+01 nan
7.600000000000000000e+01 -7.800000000000000000e+01 nan
7.600000000000000000e+01 -7.700000000000000000e+01 nan
7.600000000000000000e+01 -7.600000000000000000e+01 nan
7.600000000000000000e+01 -7.500000000000000000e+01 nan
7.600000000000000000e+01 -7.400000000000000000e+01 nan
7.600000000000000000e+01 -7.300000000000000000e+01 nan
7.600000000000000000e+01 -7.200000000000000000e+01 nan
7.600000000000000000e+01 -7.100000000000000000e+01 nan
7.600000000000000000e+01 -7.000000000000000000e+01 nan
7.600000000000000000e+01 -6.900000000000000000e+01 nan
7.600000000000000000e+01 -6.800000000000000000e+01 nan
7.600000000000000000e+01 -6.700000000000000000e+01 nan
7.600000000000000000e+01 -6.600000000000000000e+01 nan
7.600000000000000000e+01 -6.500000000000000000e+01 nan
7.600000000000000000e+01 -6.400000000000000000e+01 nan
7.600000000000000000e+01 -6.300000000000000000e+01 nan
7.600000000000000000e+01 -6.200000000000000000e+01 nan
7.600000000000000000e+01 -6.100000000000000000e+01 nan
7.600000000000000000e+01 -6.000000000000000000e+01 nan
7.600000000000000000e+01 -5.900000000000000000e+01 nan
7.600000000000000000e+01 -5.800000000000000000e+01 nan
7.600000000000000000e+01 -5.700000000000000000e+01 nan
7.600000000000000000e+01 -5.600000000000000000e+01 nan
7.600000000000000000e+01 -5.500000000000000000e+01 nan
7.600000000000000000e+01 -5.400000000000000000e+01 nan
7.600000000000000000e+01 -5.300000000000000000e+01 nan
7.600000000000000000e+01 -5.200000000000000000e+01 nan
7.600000000000000000e+01 -5.100000000000000000e+01 nan
7.600000000000000000e+01 -5.000000000000000000e+01 nan
7.600000000000000000e+01 -4.900000000000000000e+01 nan
7.600000000000000000e+01 -4.800000000000000000e+01 nan
7.600000000000000000e+01 -4.700000000000000000e+01 nan
7.600000000000000000e+01 -4.600000000000000000e+01 nan
7.600000000000000000e+01 -4.500000000000000000e+01 nan
7.600000000000000000e+01 -4.400000000000000000e+01 nan
7.600000000000000000e+01 -4.300000000000000000e+01 nan
7.600000000000000000e+01 -4.200000000000000000e+01 nan
7.600000000000000000e+01 -4.100000000000000000e+01 nan
7.600000000000000000e+01 -4.000000000000000000e+01 nan
7.600000000000000000e+01 -3.900000000000000000e+01 nan
7.600000000000000000e+01 -3.800000000000000000e+01 nan
7.600000000000000000e+01 -3.700000000000000000e+01 nan
7.600000000000000000e+01 -3.600000000000000000e+01 nan
7.700000000000000000e+01 -8.200000000000000000e+01 nan
7.700000000000000000e+01 -8.100000000000000000e+01 nan
7.700000000000000000e+01 -8.000000000000000000e+01 nan
7.700000000000000000e+01 -7.900000000000000000e+01 nan
7.700000000000000000e+01 -7.800000000000000000e+01 nan
7.700000000000000000e+01 -7.700000000000000000e+01 nan
7.700000000000000000e+01 -7.600000000000000000e+01 nan
7.700000000000000000e+01 -7.500000000000000000e+01 nan
7.700000000000000000e+01 -7.400000000000000000e+01 nan
7.700000000000000000e+01 -7.300000000000000000e+01 nan
7.700000000000000000e+01 -7.200000000000000000e+01 nan
7.700000000000000000e+01 -7.100000000000000000e+01 nan
7.700000000000000000e+01 -7.000000000000000000e+01 nan
7.700000000000000000e+01 -6.900000000000000000e+01 nan
7.700000000000000000e+01 -6.800000000000000000e+01 nan
7.700000000000000000e+01 -6.700000000000000000e+01 nan
7.700000000000000000e+01 -6.600000000000000000e+01 nan
7.700000000000000000e+01 -6.500000000000000000e+01 nan
7.700000000000000000e+01 -6.400000000000000000e+01 nan
7.700000000000000000e+01 -6.300000000000000000e+01 nan
7.700000000000000000e+01 -6.200000000000000000e+01 nan
7.700000000000000000e+01 -6.100000000000000000e+01 nan
7.700000000000000000e+01 -6.000000000000000000e+01 nan
7.700000000000000000e+01 -5.900000000000000000e+01 nan
7.700000000000000000e+01 -5.800000000000000000e+01 nan
7.700000000000000000e+01 -5.700000000000000000e+01 nan
7.700000000000000000e+01 -5.600000000000000000e+01 nan
7.700000000000000000e+01 -5.500000000000000000e+01 nan
7.700000000000000000e+01 -5.400000000000000000e+01 nan
7.700000000000000000e+01 -5.300000000000000000e+01 nan
7.700000000000000000e+01 -5.200000000000000000e+01 nan
7.700000000000000000e+01 -5.100000000000000000e+01 nan
7.700000000000000000e+01 -5.000000000000000000e+01 nan
7.700000000000000000e+01 -4.900000000000000000e+01 nan
7.700000000000000000e+01 -4.800000000000000000e+01 nan
7.700000000000000000e+01 -4.700000000000000000e+01 nan
7.700000000000000000e+01 -4.600000000000000000e+01 nan
7.700000000000000000e+01 -4.500000000000000000e+01 nan
7.700000000000000000e+01 -4.400000000000000000e+01 nan
7.700000000000000000e+01 -4.300000000000000000e+01 nan
7.700000000000000000e+01 -4.200000000000000000e+01 nan
7.700000000000000000e+01 -4.100000000000000000e+01 nan
7.700000000000000000e+01 -4.000000000000000000e+01 nan
7.700000000000000000e+01 -3.900000000000000000e+01 nan
7.700000000000000000e+01 -3.800000000000000000e+01 nan
7.700000000000000000e+01 -3.700000000000000000e+01 nan
7.700000000000000000e+01 -3.600000000000000000e+01 nan
7.800000000000000000e+01 -8.200000000000000000e+01 nan
7.800000000000000000e+01 -8.100000000000000000e+01 nan
7.800000000000000000e+01 -8.000000000000000000e+01 nan
7.800000000000000000e+01 -7.900000000000000000e+01 nan
7.800000000000000000e+01 -7.800000000000000000e+01 nan
7.800000000000000000e+01 -7.700000000000000000e+01 nan
7.800000000000000000e+01 -7.600000000000000000e+01 nan
7.800000000000000000e+01 -7.500000000000000000e+01 nan
7.800000000000000000e+01 -7.400000000000000000e+01 nan
7.800000000000000000e+01 -7.300000000000000000e+01 nan
7.800000000000000000e+01 -7.200000000000000000e+01 nan
7.800000000000000000e+01 -7.100000000000000000e+01 nan
7.800000000000000000e+01 -7.000000000000000000e+01 nan
7.800000000000000000e+01 -6.900000000000000000e+01 nan
7.800000000000000000e+01 -6.800000000000000000e+01 nan
7.800000000000000000e+01 -6.700000000000000000e+01 nan
7.800000000000000000e+01 -6.600000000000000000e+01 nan
7.800000000000000000e+01 -6.500000000000000000e+01 nan
7.800000000000000000e+01 -6.400000000000000000e+01 nan
7.800000000000000000e+01 -6.300000000000000000e+01 nan
7.800000000000000000e+01 -6.200000000000000000e+01 nan
7.800000000000000000e+01 -6.100000000000000000e+01 nan
7.800000000000000000e+01 -6.000000000000000000e+01 nan
7.800000000000000000e+01 -5.900000000000000000e+01 nan
7.800000000000000000e+01 -5.800000000000000000e+01 nan
7.800000000000000000e+01 -5.700000000000000000e+01 nan
7.800000000000000000e+01 -5.600000000000000000e+01 nan
7.800000000000000000e+01 -5.500000000000000000e+01 nan
7.800000000000000000e+01 -5.400000000000000000e+01 nan
7.800000000000000000e+01 -5.300000000000000000e+01 nan
7.800000000000000000e+01 -5.200000000000000000e+01 nan
7.800000000000000000e+01 -5.100000000000000000e+01 nan
7.800000000000000000e+01 -5.000000000000000000e+01 nan
7.800000000000000000e+01 -4.900000000000000000e+01 nan
7.800000000000000000e+01 -4.800000000000000000e+01 nan
7.800000000000000000e+01 -4.700000000000000000e+01 nan
7.800000000000000000e+01 -4.600000000000000000e+01 nan
7.800000000000000000e+01 -4.500000000000000000e+01 nan
7.800000000000000000e+01 -4.400000000000000000e+01 nan
7.800000000000000000e+01 -4.300000000000000000e+01 nan
7.800000000000000000e+01 -4.200000000000000000e+01 nan
7.800000000000000000e+01 -4.100000000000000000e+01 nan
7.800000000000000000e+01 -4.000000000000000000e+01 nan
7.800000000000000000e+01 -3.900000000000000000e+01 nan
7.800000000000000000e+01 -3.800000000000000000e+01 nan
7.800000000000000000e+01 -3.700000000000000000e+01 nan
7.800000000000000000e+01 -3.600000000000000000e+01 nan
7.900000000000000000e+01 -8.200000000000000000e+01 nan
7.900000000000000000e+01 -8.100000000000000000e+01 nan
7.900000000000000000e+01 -8.000000000000000000e+01 nan
7.900000000000000000e+01 -7.900000000000000000e+01 nan
7.900000000000000000e+01 -7.800000000000000000e+01 nan
7.900000000000000000e+01 -7.700000000000000000e+01 nan
7.900000000000000000e+01 -7.600000000000000000e+01 nan
7.900000000000000000e+01 -7.500000000000000000e+01 nan
7.900000000000000000e+01 -7.400000000000000000e+01 nan
7.900000000000000000e+01 -7.300000000000000000e+01 nan
7.900000000000000000e+01 -7.200000000000000000e+01 nan
7.900000000000000000e+01 -7.100000000000000000e+01 nan
7.900000000000000000e+01 -7.000000000000000000e+01 nan
7.900000000000000000e+01 -6.900000000000000000e+01 nan
7.900000000000000000e+01 -6.800000000000000000e+01 nan
7.900000000000000000e+01 -6.700000000000000000e+01 nan
7.900000000000000000e+01 -6.600000000000000000e+01 nan
7.900000000000000000e+01 -6.500000000000000000e+01 nan
7.900000000000000000e+01 -6.400000000000000000e+01 nan
7.900000000000000000e+01 -6.300000000000000000e+01 nan
7.900000000000000000e+01 -6.200000000000000000e+01 nan
7.900000000000000000e+01 -6.100000000000000000e+01 nan
7.900000000000000000e+01 -6.000000000000000000e+01 nan
7.900000000000000000e+01 -5.900000000000000000e+01 nan
7.900000000000000000e+01 -5.800000000000000000e+01 nan
7.900000000000000000e+01 -5.700000000000000000e+01 nan
7.900000000000000000e+01 -5.600000000000000000e+01 nan
7.900000000000000000e+01 -5.500000000000000000e+01 nan
7.900000000000000000e+01 -5.400000000000000000e+01 nan
7.900000000000000000e+01 -5.300000000000000000e+01 nan
7.900000000000000000e+01 -5.200000000000000000e+01 nan
7.900000000000000000e+01 -5.100000000000000000e+01 nan
7.900000000000000000e+01 -5.000000000000000000e+01 nan
7.900000000000000000e+01 -4.900000000000000000e+01 nan
7.900000000000000000e+01 -4.800000000000000000e+01 nan
7.900000000000000000e+01 -4.700000000000000000e+01 nan
7.900000000000000000e+01 -4.600000000000000000e+01 nan
7.900000000000000000e+01 -4.500000000000000000e+01 nan
7.900000000000000000e+01 -4.400000000000000000e+01 nan
7.900000000000000000e+01 -4.300000000000000000e+01 nan
7.900000000000000000e+01 -4.200000000000000000e+01 nan
7.900000000000000000e+01 -4.100000000000000000e+01 nan
7.900000000000000000e+01 -4.000000000000000000e+01 nan
7.900000000000000000e+01 -3.900000000000000000e+01 nan
7.900000000000000000e+01 -3.800000000000000000e+01 nan
7.900000000000000000e+01 -3.700000000000000000e+01 nan
7.900000000000000000e+01 -3.600000000000000000e+01 nan
8.000000000000000000e+01 -8.200000000000000000e+01 nan
8.000000000000000000e+01 -8.100000000000000000e+01 nan
8.000000000000000000e+01 -8.000000000000000000e+01 nan
8.000000000000000000e+01 -7.900000000000000000e+01 nan
8.000000000000000000e+01 -7.800000000000000000e+01 nan
8.000000000000000000e+01 -7.700000000000000000e+01 nan
8.000000000000000000e+01 -7.600000000000000000e+01 nan
8.000000000000000000e+01 -7.500000000000000000e+01 nan
8.000000000000000000e+01 -7.400000000000000000e+01 nan
8.000000000000000000e+01 -7.300000000000000000e+01 nan
8.000000000000000000e+01 -7.200000000000000000e+01 nan
8.000000000000000000e+01 -7.100000000000000000e+01 nan
8.000000000000000000e+01 -7.000000000000000000e+01 nan
8.000000000000000000e+01 -6.900000000000000000e+01 nan
8.000000000000000000e+01 -6.800000000000000000e+01 nan
8.000000000000000000e+01 -6.700000000000000000e+01 nan
8.000000000000000000e+01 -6.600000000000000000e+01 nan
8.000000000000000000e+01 -6.500000000000000000e+01 nan
8.000000000000000000e+01 -6.400000000000000000e+01 nan
8.000000000000000000e+01 -6.300000000000000000e+01 nan
8.000000000000000000e+01 -6.200000000000000000e+01 nan
8.000000000000000000e+01 -6.100000000000000000e+01 nan
8.000000000000000000e+01 -6.000000000000000000e+01 nan
8.000000000000000000e+01 -5.900000000000000000e+01 nan
8.000000000000000000e+01 -5.800000000000000000e+01 nan
8.000000000000000000e+01 -5.700000000000000000e+01 nan
8.000000000000000000e+01 -5.600000000000000000e+01 nan
8.000000000000000000e+01 -5.500000000000000000e+01 nan
8.000000000000000000e+01 -5.400000000000000000e+01 nan
8.000000000000000000e+01 -5.300000000000000000e+01 nan
8.000000000000000000e+01 -5.200000000000000000e+01 nan
8.000000000000000000e+01 -5.100000000000000000e+01 nan
8.000000000000000000e+01 -5.000000000000000000e+01 nan
8.000000000000000000e+01 -4.900000000000000000e+01 nan
8.000000000000000000e+01 -4.800000000000000000e+01 nan
8.000000000000000000e+01 -4.700000000000000000e+01 nan
8.000000000000000000e+01 -4.600000000000000000e+01 nan
8.000000000000000000e+01 -4.500000000000000000e+01 nan
8.000000000000000000e+01 -4.400000000000000000e+01 nan
8.000000000000000000e+01 -4.300000000000000000e+01 nan
8.000000000000000000e+01 -4.200000000000000000e+01 nan
8.000000000000000000e+01 -4.100000000000000000e+01 nan
8.000000000000000000e+01 -4.000000000000000000e+01 nan
8.000000000000000000e+01 -3.900000000000000000e+01 nan
8.000000000000000000e+01 -3.800000000000000000e+01 nan
8.000000000000000000e+01 -3.700000000000000000e+01 nan
8.000000000000000000e+01 -3.600000000000000000e+01 nan
8.100000000000000000e+01 -8.200000000000000000e+01 nan
8.100000000000000000e+01 -8.100000000000000000e+01 nan
8.100000000000000000e+01 -8.000000000000000000e+01 nan
8.100000000000000000e+01 -7.900000000000000000e+01 nan
8.100000000000000000e+01 -7.800000000000000000e+01 nan
8.100000000000000000e+01 -7.700000000000000000e+01 nan
8.100000000000000000e+01 -7.600000000000000000e+01 nan
8.100000000000000000e+01 -7.500000000000000000e+01 nan
8.100000000000000000e+01 -7.400000000000000000e+01 nan
8.100000000000000000e+01 -7.300000000000000000e+01 nan
8.100000000000000000e+01 -7.200000000000000000e+01 nan
8.100000000000000000e+01 -7.100000000000000000e+01 nan
8.100000000000000000e+01 -7.000000000000000000e+01 nan
8.100000000000000000e+01 -6.900000000000000000e+01 nan
8.100000000000000000e+01 -6.800000000000000000e+01 nan
8.100000000000000000e+01 -6.700000000000000000e+01 nan
8.100000000000000000e+01 -6.600000000000000000e+01 nan
8.100000000000000000e+01 -6.500000000000000000e+01 nan
8.100000000000000000e+01 -6.400000000000000000e+01 nan
8.100000000000000000e+01 -6.300000000000000000e+01 nan
8.100000000000000000e+01 -6.200000000000000000e+01 nan
8.100000000000000000e+01 -6.100000000000000000e+01 nan
8.100000000000000000e+01 -6.000000000000000000e+01 1.838004150018383465e+00
8.100000000000000000e+01 -5.900000000000000000e+01 1.838004150018383465e+00
8.100000000000000000e+01 -5.800000000000000000e+01 nan
8.100000000000000000e+01 -5.700000000000000000e+01 nan
8.100000000000000000e+01 -5.600000000000000000e+01 nan
8.100000000000000000e+01 -5.500000000000000000e+01 nan
8.100000000000000000e+01 -5.400000000000000000e+01 nan
8.100000000000000000e+01 -5.300000000000000000e+01 nan
8.100000000000000000e+01 -5.200000000000000000e+01 nan
8.100000000000000000e+01 -5.100000000000000000e+01 nan
8.100000000000000000e+01 -5.000000000000000000e+01 nan
8.100000000000000000e+01 -4.900000000000000000e+01 nan
8.100000000000000000e+01 -4.800000000000000000e+01 nan
8.100000000000000000e+01 -4.700000000000000000e+01 nan
8.100000000000000000e+01 -4.600000000000000000e+01 nan
8.100000000000000000e+01 -4.500000000000000000e+01 nan
8.100000000000000000e+01 -4.400000000000000000e+01 nan
8.100000000000000000e+01 -4.300000000000000000e+01 nan
8.100000000000000000e+01 -4.200000000000000000e+01 nan
8.100000000000000000e+01 -4.100000000000000000e+01 nan
8.100000000000000000e+01 -4.000000000000000000e+01 nan
8.100000000000000000e+01 -3.900000000000000000e+01 nan
8.100000000000000000e+01 -3.800000000000000000e+01 nan
8.100000000000000000e+01 -3.700000000000000000e+01 nan
8.100000000000000000e+01 -3.600000000000000000e+01 nan
8.200000000000000000e+01 -8.200000000000000000e+01 nan
8.200000000000000000e+01 -8.100000000000000000e+01 nan
8.200000000000000000e+01 -8.000000000000000000e+01 nan
8.200000000000000000e+01 -7.900000000000000000e+01 nan
8.200000000000000000e+01 -7.800000000000000000e+01 nan
8.200000000000000000e+01 -7.700000000000000000e+01 nan
8.200000000000000000e+01 -7.600000000000000000e+01 nan
8.200000000000000000e+01 -7.500000000000000000e+01 nan
8.200000000000000000e+01 -7.400000000000000000e+01 nan
8.200000000000000000e+01 -7.300000000000000000e+01 nan
8.200000000000000000e+01 -7.200000000000000000e+01 nan
8.200000000000000000e+01 -7.100000000000000000e+01 nan
8.200000000000000000e+01 -7.000000000000000000e+01 nan
8.200000000000000000e+01 -6.900000000000000000e+01 nan
8.200000000000000000e+01 -6.800000000000000000e+01 nan
8.200000000000000000e+01 -6.700000000000000000e+01 nan
8.200000000000000000e+01 -6.600000000000000000e+01 nan
8.200000000000000000e+01 -6.500000000000000000e+01 nan
8.200000000000000000e+01 -6.400000000000000000e+01 nan
8.200000000000000000e+01 -6.300000000000000000e+01 nan
8.200000000000000000e+01 -6.200000000000000000e+01 nan
8.200000000000000000e+01 -6.100000000000000000e+01 nan
8.200000000000000000e+01 -6.000000000000000000e+01 1.810980046664731669e+00
8.200000000000000000e+01 -5.900000000000000000e+01 1.559552963231217504e+00
8.200000000000000000e+01 -5.800000000000000000e+01 1.185583989754807721e+00
8.200000000000000000e+01 -5.700000000000000000e+01 1.163435484938310172e+00
8.200000000000000000e+01 -5.600000000000000000e+01 1.225544917318231786e+00
8.200000000000000000e+01 -5.500000000000000000e+01 1.289351291403806776e+00
8.200000000000000000e+01 -5.400000000000000000e+01 1.323870926946845383e+00
8.200000000000000000e+01 -5.300000000000000000e+01 1.311164624619316932e+00
8.200000000000000000e+01 -5.200000000000000000e+01 nan
8.200000000000000000e+01 -5.100000000000000000e+01 nan
8.200000000000000000e+01 -5.000000000000000000e+01 nan
8.200000000000000000e+01 -4.900000000000000000e+01 nan
8.200000000000000000e+01 -4.800000000000000000e+01 nan
8.200000000000000000e+01 -4.700000000000000000e+01 nan
8.200000000000000000e+01 -4.600000000000000000e+01 nan
8.200000000000000000e+01 -4.500000000000000000e+01 nan
8.200000000000000000e+01 -4.400000000000000000e+01 nan
8.200000000000000000e+01 -4.300000000000000000e+01 nan
8.200000000000000000e+01 -4.200000000000000000e+01 nan
8.200000000000000000e+01 -4.100000000000000000e+01 nan
8.200000000000000000e+01 -4.000000000000000000e+01 nan
8.200000000000000000e+01 -3.900000000000000000e+01 nan
8.200000000000000000e+01 -3.800000000000000000e+01 nan
8.200000000000000000e+01 -3.700000000000000000e+01 nan
8.200000000000000000e+01 -3.600000000000000000e+01 nan
8.300000000000000000e+01 -8.200000000000000000e+01 nan
8.300000000000000000e+01 -8.100000000000000000e+01 nan
8.300000000000000000e+01 -8.000000000000000000e+01 nan
8.300000000000000000e+01 -7.900000000000000000e+01 nan
8.300000000000000000e+01 -7.800000000000000000e+01 nan
8.300000000000000000e+01 -7.700000000000000000e+01 nan
8.300000000000000000e+01 -7.600000000000000000e+01 nan
8.300000000000000000e+01 -7.500000000000000000e+01 nan
8.300000000000000000e+01 -7.400000000000000000e+01 nan
8.300000000000000000e+01 -7.300000000000000000e+01 nan
8.300000000000000000e+01 -7.200000000000000000e+01 nan
8.300000000000000000e+01 -7.100000000000000000e+01 nan
8.300000000000000000e+01 -7.000000000000000000e+01 nan
8.300000000000000000e+01 -6.900000000000000000e+01 nan
8.300000000000000000e+01 -6.800000000000000000e+01 nan
8.300000000000000000e+01 -6.700000000000000000e+01 nan
8.300000000000000000e+01 -6.600000000000000000e+01 nan
8.300000000000000000e+01 -6.500000000000000000e+01 nan
8.300000000000000000e+01 -6.400000000000000000e+01 nan
8.300000000000000000e+01 -6.300000000000000000e+01 nan
8.300000000000000000e+01 -6.200000000000000000e+01 nan
8.300000000000000000e+01 -6.100000000000000000e+01 nan
8.300000000000000000e+01 -6.000000000000000000e+01 1.563147576047771325e+00
8.300000000000000000e+01 -5.900000000000000000e+01 1.534696060886953761e+00
8.300000000000000000e+01 -5.800000000000000000e+01 1.185583989754807721e+00
8.300000000000000000e+01 -5.700000000000000000e+01 1.163435484938310172e+00
8.300000000000000000e+01 -5.600000000000000000e+01 1.225544917318231786e+00
8.300000000000000000e+01 -5.500000000000000000e+01 1.288539458535013171e+00
8.300000000000000000e+01 -5.400000000000000000e+01 1.284340405425203890e+00
8.300000000000000000e+01 -5.300000000000000000e+01 1.218613240349309734e+00
8.300000000000000000e+01 -5.200000000000000000e+01 1.125542061219991119e+00
8.300000000000000000e+01 -5.100000000000000000e+01 1.288253709407331860e+00
8.300000000000000000e+01 -5.000000000000000000e+01 1.426861542783906645e+00
8.300000000000000000e+01 -4.900000000000000000e+01 1.440274532971770549e+00
8.300000000000000000e+01 -4.800000000000000000e+01 1.247185241739567463e+00
8.300000000000000000e+01 -4.700000000000000000e+01 1.266935363263154812e+00
8.300000000000000000e+01 -4.600000000000000000e+01 1.341940763694722705e+00
8.300000000000000000e+01 -4.500000000000000000e+01 1.373989389790019944e+00
8.300000000000000000e+01 -4.400000000000000000e+01 1.362344743923017854e+00
8.300000000000000000e+01 -4.300000000000000000e+01 1.585455650224483426e+00
8.300000000000000000e+01 -4.200000000000000000e+01 nan
8.300000000000000000e+01 -4.100000000000000000e+01 nan
8.300000000000000000e+01 -4.000000000000000000e+01 nan
8.300000000000000000e+01 -3.900000000000000000e+01 nan
8.300000000000000000e+01 -3.800000000000000000e+01 nan
8.300000000000000000e+01 -3.700000000000000000e+01 nan
8.300000000000000000e+01 -3.600000000000000000e+01 nan
8.400000000000000000e+01 -8.200000000000000000e+01 nan
8.400000000000000000e+01 -8.100000000000000000e+01 nan
8.400000000000000000e+01 -8.000000000000000000e+01 nan
8.400000000000000000e+01 -7.900000000000000000e+01 nan
8.400000000000000000e+01 -7.800000000000000000e+01 nan
8.400000000000000000e+01 -7.700000000000000000e+01 nan
8.400000000000000000e+01 -7.600000000000000000e+01 nan
8.400000000000000000e+01 -7.500000000000000000e+01 nan
8.400000000000000000e+01 -7.400000000000000000e+01 nan
8.400000000000000000e+01 -7.300000000000000000e+01 nan
8.400000000000000000e+01 -7.200000000000000000e+01 nan
8.400000000000000000e+01 -7.100000000000000000e+01 nan
8.400000000000000000e+01 -7.000000000000000000e+01 nan
8.400000000000000000e+01 -6.900000000000000000e+01 nan
8.400000000000000000e+01 -6.800000000000000000e+01 nan
8.400000000000000000e+01 -6.700000000000000000e+01 nan
8.400000000000000000e+01 -6.600000000000000000e+01 nan
8.400000000000000000e+01 -6.500000000000000000e+01 nan
8.400000000000000000e+01 -6.400000000000000000e+01 nan
8.400000000000000000e+01 -6.300000000000000000e+01 nan
8.400000000000000000e+01 -6.200000000000000000e+01 nan
8.400000000000000000e+01 -6.100000000000000000e+01 nan
8.400000000000000000e+01 -6.000000000000000000e+01 nan
8.400000000000000000e+01 -5.900000000000000000e+01 nan
8.400000000000000000e+01 -5.800000000000000000e+01 nan
8.400000000000000000e+01 -5.700000000000000000e+01 nan
8.400000000000000000e+01 -5.600000000000000000e+01 nan
8.400000000000000000e+01 -5.500000000000000000e+01 1.261958356022197858e+00
8.400000000000000000e+01 -5.400000000000000000e+01 1.247946895351382146e+00
8.400000000000000000e+01 -5.300000000000000000e+01 1.177509257148322552e+00
8.400000000000000000e+01 -5.200000000000000000e+01 1.125542061219991119e+00
8.400000000000000000e+01 -5.100000000000000000e+01 1.288253709407331860e+00
8.400000000000000000e+01 -5.000000000000000000e+01 1.426861542783906645e+00
8.400000000000000000e+01 -4.900000000000000000e+01 1.440274532971770549e+00
8.400000000000000000e+01 -4.800000000000000000e+01 1.247185241739567463e+00
8.400000000000000000e+01 -4.700000000000000000e+01 1.266935363263154812e+00
8.400000000000000000e+01 -4.600000000000000000e+01 1.342559789669404369e+00
8.400000000000000000e+01 -4.500000000000000000e+01 1.367745505670713513e+00
8.400000000000000000e+01 -4.400000000000000000e+01 1.548813428218537958e+00
8.400000000000000000e+01 -4.300000000000000000e+01 1.581852722136370515e+00
8.400000000000000000e+01 -4.200000000000000000e+01 1.569035076986596389e+00
8.400000000000000000e+01 -4.100000000000000000e+01 1.527006594017125574e+00
8.400000000000000000e+01 -4.000000000000000000e+01 1.540975136536259171e+00
8.400000000000000000e+01 -3.900000000000000000e+01 1.453524493095796233e+00
8.400000000000000000e+01 -3.800000000000000000e+01 1.351959337556430718e+00
8.400000000000000000e+01 -3.700000000000000000e+01 1.338504333012754399e+00
8.400000000000000000e+01 -3.600000000000000000e+01 nan
8.500000000000000000e+01 -8.200000000000000000e+01 nan
8.500000000000000000e+01 -8.100000000000000000e+01 nan
8.500000000000000000e+01 -8.000000000000000000e+01 nan
8.500000000000000000e+01 -7.900000000000000000e+01 nan
8.500000000000000000e+01 -7.800000000000000000e+01 nan
8.500000000000000000e+01 -7.700000000000000000e+01 nan
8.500000000000000000e+01 -7.600000000000000000e+01 nan
8.500000000000000000e+01 -7.500000000000000000e+01 nan
8.500000000000000000e+01 -7.400000000000000000e+01 nan
8.500000000000000000e+01 -7.300000000000000000e+01 nan
8.500000000000000000e+01 -7.200000000000000000e+01 nan
8.500000000000000000e+01 -7.100000000000000000e+01 nan
8.500000000000000000e+01 -7.000000000000000000e+01 nan
8.500000000000000000e+01 -6.900000000000000000e+01 nan
8.500000000000000000e+01 -6.800000000000000000e+01 nan
8.500000000000000000e+01 -6.700000000000000000e+01 nan
8.500000000000000000e+01 -6.600000000000000000e+01 nan
8.500000000000000000e+01 -6.500000000000000000e+01 nan
8.500000000000000000e+01 -6.400000000000000000e+01 nan
8.500000000000000000e+01 -6.300000000000000000e+01 nan
8.500000000000000000e+01 -6.200000000000000000e+01 nan
8.500000000000000000e+01 -6.100000000000000000e+01 nan
8.500000000000000000e+01 -6.000000000000000000e+01 nan
8.500000000000000000e+01 -5.900000000000000000e+01 nan
8.500000000000000000e+01 -5.800000000000000000e+01 nan
8.500000000000000000e+01 -5.700000000000000000e+01 nan
8.500000000000000000e+01 -5.600000000000000000e+01 nan
8.500000000000000000e+01 -5.500000000000000000e+01 nan
8.500000000000000000e+01 -5.400000000000000000e+01 nan
8.500000000000000000e+01 -5.300000000000000000e+01 nan
8.500000000000000000e+01 -5.200000000000000000e+01 nan
8.500000000000000000e+01 -5.100000000000000000e+01 nan
8.500000000000000000e+01 -5.000000000000000000e+01 nan
8.500000000000000000e+01 -4.900000000000000000e+01 nan
8.500000000000000000e+01 -4.800000000000000000e+01 nan
8.500000000000000000e+01 -4.700000000000000000e+01 nan
8.500000000000000000e+01 -4.600000000000000000e+01 nan
8.500000000000000000e+01 -4.500000000000000000e+01 1.346227915669977904e+00
8.500000000000000000e+01 -4.400000000000000000e+01 1.555235231230531534e+00
8.500000000000000000e+01 -4.300000000000000000e+01 1.581672121728599167e+00
8.500000000000000000e+01 -4.200000000000000000e+01 1.569035076986596389e+00
8.500000000000000000e+01 -4.100000000000000000e+01 1.527006594017125574e+00
8.500000000000000000e+01 -4.000000000000000000e+01 1.540975136536259171e+00
8.500000000000000000e+01 -3.900000000000000000e+01 1.453524493095796233e+00
8.500000000000000000e+01 -3.800000000000000000e+01 1.351959337556430718e+00
8.500000000000000000e+01 -3.700000000000000000e+01 1.338504333012754399e+00
8.500000000000000000e+01 -3.600000000000000000e+01 nan
