Longitude[deg], Latitude[deg], Dust optical depth
8.500000000000000000e+01 -8.300000000000000000e+01 nan
8.500000000000000000e+01 -8.200000000000000000e+01 nan
8.500000000000000000e+01 -8.100000000000000000e+01 nan
8.500000000000000000e+01 -8.000000000000000000e+01 nan
8.500000000000000000e+01 -7.900000000000000000e+01 nan
8.500000000000000000e+01 -7.800000000000000000e+01 nan
8.500000000000000000e+01 -7.700000000000000000e+01 nan
8.500000000000000000e+01 -7.600000000000000000e+01 nan
8.500000000000000000e+01 -7.500000000000000000e+01 nan
8.500000000000000000e+01 -7.400000000000000000e+01 nan
8.500000000000000000e+01 -7.300000000000000000e+01 nan
8.500000000000000000e+01 -7.200000000000000000e+01 nan
8.500000000000000000e+01 -7.100000000000000000e+01 nan
8.500000000000000000e+01 -7.000000000000000000e+01 nan
8.500000000000000000e+01 -6.900000000000000000e+01 nan
8.500000000000000000e+01 -6.800000000000000000e+01 nan
8.500000000000000000e+01 -6.700000000000000000e+01 nan
8.500000000000000000e+01 -6.600000000000000000e+01 nan
8.500000000000000000e+01 -6.500000000000000000e+01 nan
8.500000000000000000e+01 -6.400000000000000000e+01 nan
8.500000000000000000e+01 -6.300000000000000000e+01 nan
8.500000000000000000e+01 -6.200000000000000000e+01 nan
8.500000000000000000e+01 -6.100000000000000000e+01 nan
8.500000000000000000e+01 -6.000000000000000000e+01 nan
8.500000000000000000e+01 -5.900000000000000000e+01 nan
8.500000000000000000e+01 -5.800000000000000000e+01 nan
8.500000000000000000e+01 -5.700000000000000000e+01 nan
8.500000000000000000e+01 -5.600000000000000000e+01 nan
8.500000000000000000e+01 -5.500000000000000000e+01 nan
8.500000000000000000e+01 -5.400000000000000000e+01 nan
8.500000000000000000e+01 -5.300000000000000000e+01 nan
8.500000000000000000e+01 -5.200000000000000000e+01 nan
8.500000000000000000e+01 -5.100000000000000000e+01 nan
8.500000000000000000e+01 -5.000000000000000000e+01 nan
8.500000000000000000e+01 -4.900000000000000000e+01 nan
8.500000000000000000e+01 -4.800000000000000000e+01 nan
8.500000000000000000e+01 -4.700000000000000000e+01 nan
8.500000000000000000e+01 -4.600000000000000000e+01 nan
8.500000000000000000e+01 -4.500000000000000000e+01 nan
8.600000000000000000e+01 -8.300000000000000000e+01 nan
8.600000000000000000e+01 -8.200000000000000000e+01 nan
8.600000000000000000e+01 -8.100000000000000000e+01 nan
8.600000000000000000e+01 -8.000000000000000000e+01 nan
8.600000000000000000e+01 -7.900000000000000000e+01 nan
8.600000000000000000e+01 -7.800000000000000000e+01 nan
8.600000000000000000e+01 -7.700000000000000000e+01 nan
8.600000000000000000e+01 -7.600000000000000000e+01 nan
8.600000000000000000e+01 -7.500000000000000000e+01 nan
8.600000000000000000e+01 -7.400000000000000000e+01 nan
8.600000000000000000e+01 -7.300000000000000000e+01 nan
8.600000000000000000e+01 -7.200000000000000000e+01 nan
8.600000000000000000e+01 -7.100000000000000000e+01 nan
8.600000000000000000e+01 -7.000000000000000000e+01 nan
8.600000000000000000e+01 -6.900000000000000000e+01 nan
8.600000000000000000e+01 -6.800000000000000000e+01 nan
8.600000000000000000e+01 -6.700000000000000000e+01 nan
8.600000000000000000e+01 -6.600000000000000000e+01 nan
8.600000000000000000e+01 -6.500000000000000000e+01 nan
8.600000000000000000e+01 -6.400000000000000000e+01 nan
8.600000000000000000e+01 -6.300000000000000000e+01 nan
8.600000000000000000e+01 -6.200000000000000000e+01 nan
8.600000000000000000e+01 -6.100000000000000000e+01 nan
8.600000000000000000e+01 -6.000000000000000000e+01 nan
8.600000000000000000e+01 -5.900000000000000000e+01 nan
8.600000000000000000e+01 -5.800000000000000000e+01 nan
8.600000000000000000e+01 -5.700000000000000000e+01 nan
8.600000000000000000e+01 -5.600000000000000000e+01 nan
8.600000000000000000e+01 -5.500000000000000000e+01 nan
8.600000000000000000e+01 -5.400000000000000000e+01 nan
8.600000000000000000e+01 -5.300000000000000000e+01 nan
8.600000000000000000e+01 -5.200000000000000000e+01 nan
8.600000000000000000e+01 -5.100000000000000000e+01 nan
8.600000000000000000e+01 -5.000000000000000000e+01 nan
8.600000000000000000e+01 -4.900000000000000000e+01 nan
8.600000000000000000e+01 -4.800000000000000000e+01 nan
8.600000000000000000e+01 -4.700000000000000000e+01 nan
8.600000000000000000e+01 -4.600000000000000000e+01 nan
8.600000000000000000e+01 -4.500000000000000000e+01 nan
8.700000000000000000e+01 -8.300000000000000000e+01 nan
8.700000000000000000e+01 -8.200000000000000000e+01 nan
8.700000000000000000e+01 -8.100000000000000000e+01 nan
8.700000000000000000e+01 -8.000000000000000000e+01 nan
8.700000000000000000e+01 -7.900000000000000000e+01 nan
8.700000000000000000e+01 -7.800000000000000000e+01 nan
8.700000000000000000e+01 -7.700000000000000000e+01 nan
8.700000000000000000e+01 -7.600000000000000000e+01 nan
8.700000000000000000e+01 -7.500000000000000000e+01 nan
8.700000000000000000e+01 -7.400000000000000000e+01 nan
8.700000000000000000e+01 -7.300000000000000000e+01 nan
8.700000000000000000e+01 -7.200000000000000000e+01 nan
8.700000000000000000e+01 -7.100000000000000000e+01 nan
8.700000000000000000e+01 -7.000000000000000000e+01 nan
8.700000000000000000e+01 -6.900000000000000000e+01 nan
8.700000000000000000e+01 -6.800000000000000000e+01 nan
8.700000000000000000e+01 -6.700000000000000000e+01 nan
8.700000000000000000e+01 -6.600000000000000000e+01 nan
8.700000000000000000e+01 -6.500000000000000000e+01 nan
8.700000000000000000e+01 -6.400000000000000000e+01 nan
8.700000000000000000e+01 -6.300000000000000000e+01 nan
8.700000000000000000e+01 -6.200000000000000000e+01 nan
8.700000000000000000e+01 -6.100000000000000000e+01 nan
8.700000000000000000e+01 -6.000000000000000000e+01 nan
8.700000000000000000e+01 -5.900000000000000000e+01 nan
8.700000000000000000e+01 -5.800000000000000000e+01 nan
8.700000000000000000e+01 -5.700000000000000000e+01 nan
8.700000000000000000e+01 -5.600000000000000000e+01 nan
8.700000000000000000e+01 -5.500000000000000000e+01 nan
8.700000000000000000e+01 -5.400000000000000000e+01 nan
8.700000000000000000e+01 -5.300000000000000000e+01 nan
8.700000000000000000e+01 -5.200000000000000000e+01 nan
8.700000000000000000e+01 -5.100000000000000000e+01 nan
8.700000000000000000e+01 -5.000000000000000000e+01 nan
8.700000000000000000e+01 -4.900000000000000000e+01 nan
8.700000000000000000e+01 -4.800000000000000000e+01 nan
8.700000000000000000e+01 -4.700000000000000000e+01 nan
8.700000000000000000e+01 -4.600000000000000000e+01 nan
8.700000000000000000e+01 -4.500000000000000000e+01 nan
8.800000000000000000e+01 -8.300000000000000000e+01 nan
8.800000000000000000e+01 -8.200000000000000000e+01 nan
8.800000000000000000e+01 -8.100000000000000000e+01 nan
8.800000000000000000e+01 -8.000000000000000000e+01 nan
8.800000000000000000e+01 -7.900000000000000000e+01 nan
8.800000000000000000e+01 -7.800000000000000000e+01 nan
8.800000000000000000e+01 -7.700000000000000000e+01 nan
8.800000000000000000e+01 -7.600000000000000000e+01 nan
8.800000000000000000e+01 -7.500000000000000000e+01 nan
8.800000000000000000e+01 -7.400000000000000000e+01 nan
8.800000000000000000e+01 -7.300000000000000000e+01 nan
8.800000000000000000e+01 -7.200000000000000000e+01 nan
8.800000000000000000e+01 -7.100000000000000000e+01 nan
8.800000000000000000e+01 -7.000000000000000000e+01 nan
8.800000000000000000e+01 -6.900000000000000000e+01 nan
8.800000000000000000e+01 -6.800000000000000000e+01 nan
8.800000000000000000e+01 -6.700000000000000000e+01 nan
8.800000000000000000e+01 -6.600000000000000000e+01 nan
8.800000000000000000e+01 -6.500000000000000000e+01 nan
8.800000000000000000e+01 -6.400000000000000000e+01 nan
8.800000000000000000e+01 -6.300000000000000000e+01 nan
8.800000000000000000e+01 -6.200000000000000000e+01 nan
8.800000000000000000e+01 -6.100000000000000000e+01 nan
8.800000000000000000e+01 -6.000000000000000000e+01 nan
8.800000000000000000e+01 -5.900000000000000000e+01 nan
8.800000000000000000e+01 -5.800000000000000000e+01 nan
8.800000000000000000e+01 -5.700000000000000000e+01 nan
8.800000000000000000e+01 -5.600000000000000000e+01 nan
8.800000000000000000e+01 -5.500000000000000000e+01 nan
8.800000000000000000e+01 -5.400000000000000000e+01 nan
8.800000000000000000e+01 -5.300000000000000000e+01 nan
8.800000000000000000e+01 -5.200000000000000000e+01 nan
8.800000000000000000e+01 -5.100000000000000000e+01 nan
8.800000000000000000e+01 -5.000000000000000000e+01 nan
8.800000000000000000e+01 -4.900000000000000000e+01 nan
8.800000000000000000e+01 -4.800000000000000000e+01 nan
8.800000000000000000e+01 -4.700000000000000000e+01 nan
8.800000000000000000e+01 -4.600000000000000000e+01 nan
8.800000000000000000e+01 -4.500000000000000000e+01 nan
8.900000000000000000e+01 -8.300000000000000000e+01 nan
8.900000000000000000e+01 -8.200000000000000000e+01 nan
8.900000000000000000e+01 -8.100000000000000000e+01 nan
8.900000000000000000e+01 -8.000000000000000000e+01 nan
8.900000000000000000e+01 -7.900000000000000000e+01 nan
8.900000000000000000e+01 -7.800000000000000000e+01 nan
8.900000000000000000e+01 -7.700000000000000000e+01 nan
8.900000000000000000e+01 -7.600000000000000000e+01 nan
8.900000000000000000e+01 -7.500000000000000000e+01 nan
8.900000000000000000e+01 -7.400000000000000000e+01 nan
8.900000000000000000e+01 -7.300000000000000000e+01 nan
8.900000000000000000e+01 -7.200000000000000000e+01 nan
8.900000000000000000e+01 -7.100000000000000000e+01 nan
8.900000000000000000e+01 -7.000000000000000000e+01 nan
8.900000000000000000e+01 -6.900000000000000000e+01 nan
8.900000000000000000e+01 -6.800000000000000000e+01 nan
8.900000000000000000e+01 -6.700000000000000000e+01 nan
8.900000000000000000e+01 -6.600000000000000000e+01 nan
8.900000000000000000e+01 -6.500000000000000000e+01 nan
8.900000000000000000e+01 -6.400000000000000000e+01 nan
8.900000000000000000e+01 -6.300000000000000000e+01 nan
8.900000000000000000e+01 -6.200000000000000000e+01 nan
8.900000000000000000e+01 -6.100000000000000000e+01 nan
8.900000000000000000e+01 -6.000000000000000000e+01 nan
8.900000000000000000e+01 -5.900000000000000000e+01 nan
8.900000000000000000e+01 -5.800000000000000000e+01 nan
8.900000000000000000e+01 -5.700000000000000000e+01 nan
8.900000000000000000e+01 -5.600000000000000000e+01 nan
8.900000000000000000e+01 -5.500000000000000000e+01 nan
8.900000000000000000e+01 -5.400000000000000000e+01 nan
8.900000000000000000e+01 -5.300000000000000000e+01 nan
8.900000000000000000e+01 -5.200000000000000000e+01 nan
8.900000000000000000e+01 -5.100000000000000000e+01 nan
8.900000000000000000e+01 -5.000000000000000000e+01 nan
8.900000000000000000e+01 -4.900000000000000000e+01 nan
8.900000000000000000e+01 -4.800000000000000000e+01 nan
8.900000000000000000e+01 -4.700000000000000000e+01 nan
8.900000000000000000e+01 -4.600000000000000000e+01 nan
8.900000000000000000e+01 -4.500000000000000000e+01 nan
9.000000000000000000e+01 -8.300000000000000000e+01 nan
9.000000000000000000e+01 -8.200000000000000000e+01 nan
9.000000000000000000e+01 -8.100000000000000000e+01 nan
9.000000000000000000e+01 -8.000000000000000000e+01 nan
9.000000000000000000e+01 -7.900000000000000000e+01 nan
9.000000000000000000e+01 -7.800000000000000000e+01 nan
9.000000000000000000e+01 -7.700000000000000000e+01 nan
9.000000000000000000e+01 -7.600000000000000000e+01 nan
9.000000000000000000e+01 -7.500000000000000000e+01 nan
9.000000000000000000e+01 -7.400000000000000000e+01 nan
9.000000000000000000e+01 -7.300000000000000000e+01 nan
9.000000000000000000e+01 -7.200000000000000000e+01 nan
9.000000000000000000e+01 -7.100000000000000000e+01 nan
9.000000000000000000e+01 -7.000000000000000000e+01 nan
9.000000000000000000e+01 -6.900000000000000000e+01 nan
9.000000000000000000e+01 -6.800000000000000000e+01 nan
9.000000000000000000e+01 -6.700000000000000000e+01 nan
9.000000000000000000e+01 -6.600000000000000000e+01 nan
9.000000000000000000e+01 -6.500000000000000000e+01 nan
9.000000000000000000e+01 -6.400000000000000000e+01 nan
9.000000000000000000e+01 -6.300000000000000000e+01 nan
9.000000000000000000e+01 -6.200000000000000000e+01 nan
9.000000000000000000e+01 -6.100000000000000000e+01 nan
9.000000000000000000e+01 -6.000000000000000000e+01 nan
9.000000000000000000e+01 -5.900000000000000000e+01 nan
9.000000000000000000e+01 -5.800000000000000000e+01 nan
9.000000000000000000e+01 -5.700000000000000000e+01 nan
9.000000000000000000e+01 -5.600000000000000000e+01 nan
9.000000000000000000e+01 -5.500000000000000000e+01 nan
9.000000000000000000e+01 -5.400000000000000000e+01 nan
9.000000000000000000e+01 -5.300000000000000000e+01 nan
9.000000000000000000e+01 -5.200000000000000000e+01 nan
9.000000000000000000e+01 -5.100000000000000000e+01 nan
9.000000000000000000e+01 -5.000000000000000000e+01 nan
9.000000000000000000e+01 -4.900000000000000000e+01 nan
9.000000000000000000e+01 -4.800000000000000000e+01 nan
9.000000000000000000e+01 -4.700000000000000000e+01 nan
9.000000000000000000e+01 -4.600000000000000000e+01 nan
9.000000000000000000e+01 -4.500000000000000000e+01 nan
9.100000000000000000e+01 -8.300000000000000000e+01 nan
9.100000000000000000e+01 -8.200000000000000000e+01 nan
9.100000000000000000e+01 -8.100000000000000000e+01 nan
9.100000000000000000e+01 -8.000000000000000000e+01 nan
9.100000000000000000e+01 -7.900000000000000000e+01 nan
9.100000000000000000e+01 -7.800000000000000000e+01 nan
9.100000000000000000e+01 -7.700000000000000000e+01 nan
9.100000000000000000e+01 -7.600000000000000000e+01 nan
9.100000000000000000e+01 -7.500000000000000000e+01 nan
9.100000000000000000e+01 -7.400000000000000000e+01 nan
9.100000000000000000e+01 -7.300000000000000000e+01 nan
9.100000000000000000e+01 -7.200000000000000000e+01 nan
9.100000000000000000e+01 -7.100000000000000000e+01 nan
9.100000000000000000e+01 -7.000000000000000000e+01 nan
9.100000000000000000e+01 -6.900000000000000000e+01 nan
9.100000000000000000e+01 -6.800000000000000000e+01 nan
9.100000000000000000e+01 -6.700000000000000000e+01 nan
9.100000000000000000e+01 -6.600000000000000000e+01 nan
9.100000000000000000e+01 -6.500000000000000000e+01 nan
9.100000000000000000e+01 -6.400000000000000000e+01 nan
9.100000000000000000e+01 -6.300000000000000000e+01 nan
9.100000000000000000e+01 -6.200000000000000000e+01 nan
9.100000000000000000e+01 -6.100000000000000000e+01 nan
9.100000000000000000e+01 -6.000000000000000000e+01 nan
9.100000000000000000e+01 -5.900000000000000000e+01 nan
9.100000000000000000e+01 -5.800000000000000000e+01 nan
9.100000000000000000e+01 -5.700000000000000000e+01 nan
9.100000000000000000e+01 -5.600000000000000000e+01 nan
9.100000000000000000e+01 -5.500000000000000000e+01 nan
9.100000000000000000e+01 -5.400000000000000000e+01 nan
9.100000000000000000e+01 -5.300000000000000000e+01 nan
9.100000000000000000e+01 -5.200000000000000000e+01 nan
9.100000000000000000e+01 -5.100000000000000000e+01 nan
9.100000000000000000e+01 -5.000000000000000000e+01 nan
9.100000000000000000e+01 -4.900000000000000000e+01 nan
9.100000000000000000e+01 -4.800000000000000000e+01 nan
9.100000000000000000e+01 -4.700000000000000000e+01 nan
9.100000000000000000e+01 -4.600000000000000000e+01 nan
9.100000000000000000e+01 -4.500000000000000000e+01 nan
9.200000000000000000e+01 -8.300000000000000000e+01 nan
9.200000000000000000e+01 -8.200000000000000000e+01 nan
9.200000000000000000e+01 -8.100000000000000000e+01 nan
9.200000000000000000e+01 -8.000000000000000000e+01 nan
9.200000000000000000e+01 -7.900000000000000000e+01 nan
9.200000000000000000e+01 -7.800000000000000000e+01 nan
9.200000000000000000e+01 -7.700000000000000000e+01 nan
9.200000000000000000e+01 -7.600000000000000000e+01 nan
9.200000000000000000e+01 -7.500000000000000000e+01 nan
9.200000000000000000e+01 -7.400000000000000000e+01 nan
9.200000000000000000e+01 -7.300000000000000000e+01 nan
9.200000000000000000e+01 -7.200000000000000000e+01 nan
9.200000000000000000e+01 -7.100000000000000000e+01 nan
9.200000000000000000e+01 -7.000000000000000000e+01 nan
9.200000000000000000e+01 -6.900000000000000000e+01 nan
9.200000000000000000e+01 -6.800000000000000000e+01 nan
9.200000000000000000e+01 -6.700000000000000000e+01 nan
9.200000000000000000e+01 -6.600000000000000000e+01 nan
9.200000000000000000e+01 -6.500000000000000000e+01 nan
9.200000000000000000e+01 -6.400000000000000000e+01 nan
9.200000000000000000e+01 -6.300000000000000000e+01 nan
9.200000000000000000e+01 -6.200000000000000000e+01 nan
9.200000000000000000e+01 -6.100000000000000000e+01 nan
9.200000000000000000e+01 -6.000000000000000000e+01 nan
9.200000000000000000e+01 -5.900000000000000000e+01 nan
9.200000000000000000e+01 -5.800000000000000000e+01 nan
9.200000000000000000e+01 -5.700000000000000000e+01 nan
9.200000000000000000e+01 -5.600000000000000000e+01 nan
9.200000000000000000e+01 -5.500000000000000000e+01 nan
9.200000000000000000e+01 -5.400000000000000000e+01 nan
9.200000000000000000e+01 -5.300000000000000000e+01 nan
9.200000000000000000e+01 -5.200000000000000000e+01 nan
9.200000000000000000e+01 -5.100000000000000000e+01 nan
9.200000000000000000e+01 -5.000000000000000000e+01 nan
9.200000000000000000e+01 -4.900000000000000000e+01 nan
9.200000000000000000e+01 -4.800000000000000000e+01 nan
9.200000000000000000e+01 -4.700000000000000000e+01 nan
9.200000000000000000e+01 -4.600000000000000000e+01 nan
9.200000000000000000e+01 -4.500000000000000000e+01 nan
9.300000000000000000e+01 -8.300000000000000000e+01 nan
9.300000000000000000e+01 -8.200000000000000000e+01 nan
9.300000000000000000e+01 -8.100000000000000000e+01 nan
9.300000000000000000e+01 -8.000000000000000000e+01 nan
9.300000000000000000e+01 -7.900000000000000000e+01 nan
9.300000000000000000e+01 -7.800000000000000000e+01 nan
9.300000000000000000e+01 -7.700000000000000000e+01 nan
9.300000000000000000e+01 -7.600000000000000000e+01 nan
9.300000000000000000e+01 -7.500000000000000000e+01 nan
9.300000000000000000e+01 -7.400000000000000000e+01 nan
9.300000000000000000e+01 -7.300000000000000000e+01 nan
9.300000000000000000e+01 -7.200000000000000000e+01 nan
9.300000000000000000e+01 -7.100000000000000000e+01 nan
9.300000000000000000e+01 -7.000000000000000000e+01 nan
9.300000000000000000e+01 -6.900000000000000000e+01 nan
9.300000000000000000e+01 -6.800000000000000000e+01 nan
9.300000000000000000e+01 -6.700000000000000000e+01 nan
9.300000000000000000e+01 -6.600000000000000000e+01 nan
9.300000000000000000e+01 -6.500000000000000000e+01 nan
9.300000000000000000e+01 -6.400000000000000000e+01 nan
9.300000000000000000e+01 -6.300000000000000000e+01 nan
9.300000000000000000e+01 -6.200000000000000000e+01 nan
9.300000000000000000e+01 -6.100000000000000000e+01 nan
9.300000000000000000e+01 -6.000000000000000000e+01 nan
9.300000000000000000e+01 -5.900000000000000000e+01 nan
9.300000000000000000e+01 -5.800000000000000000e+01 nan
9.300000000000000000e+01 -5.700000000000000000e+01 nan
9.300000000000000000e+01 -5.600000000000000000e+01 nan
9.300000000000000000e+01 -5.500000000000000000e+01 nan
9.300000000000000000e+01 -5.400000000000000000e+01 nan
9.300000000000000000e+01 -5.300000000000000000e+01 nan
9.300000000000000000e+01 -5.200000000000000000e+01 nan
9.300000000000000000e+01 -5.100000000000000000e+01 nan
9.300000000000000000e+01 -5.000000000000000000e+01 nan
9.300000000000000000e+01 -4.900000000000000000e+01 nan
9.300000000000000000e+01 -4.800000000000000000e+01 nan
9.300000000000000000e+01 -4.700000000000000000e+01 nan
9.300000000000000000e+01 -4.600000000000000000e+01 nan
9.300000000000000000e+01 -4.500000000000000000e+01 nan
9.400000000000000000e+01 -8.300000000000000000e+01 nan
9.400000000000000000e+01 -8.200000000000000000e+01 nan
9.400000000000000000e+01 -8.100000000000000000e+01 nan
9.400000000000000000e+01 -8.000000000000000000e+01 nan
9.400000000000000000e+01 -7.900000000000000000e+01 nan
9.400000000000000000e+01 -7.800000000000000000e+01 nan
9.400000000000000000e+01 -7.700000000000000000e+01 nan
9.400000000000000000e+01 -7.600000000000000000e+01 nan
9.400000000000000000e+01 -7.500000000000000000e+01 nan
9.400000000000000000e+01 -7.400000000000000000e+01 nan
9.400000000000000000e+01 -7.300000000000000000e+01 nan
9.400000000000000000e+01 -7.200000000000000000e+01 nan
9.400000000000000000e+01 -7.100000000000000000e+01 nan
9.400000000000000000e+01 -7.000000000000000000e+01 nan
9.400000000000000000e+01 -6.900000000000000000e+01 nan
9.400000000000000000e+01 -6.800000000000000000e+01 nan
9.400000000000000000e+01 -6.700000000000000000e+01 nan
9.400000000000000000e+01 -6.600000000000000000e+01 nan
9.400000000000000000e+01 -6.500000000000000000e+01 nan
9.400000000000000000e+01 -6.400000000000000000e+01 nan
9.400000000000000000e+01 -6.300000000000000000e+01 nan
9.400000000000000000e+01 -6.200000000000000000e+01 nan
9.400000000000000000e+01 -6.100000000000000000e+01 nan
9.400000000000000000e+01 -6.000000000000000000e+01 nan
9.400000000000000000e+01 -5.900000000000000000e+01 nan
9.400000000000000000e+01 -5.800000000000000000e+01 nan
9.400000000000000000e+01 -5.700000000000000000e+01 nan
9.400000000000000000e+01 -5.600000000000000000e+01 nan
9.400000000000000000e+01 -5.500000000000000000e+01 nan
9.400000000000000000e+01 -5.400000000000000000e+01 nan
9.400000000000000000e+01 -5.300000000000000000e+01 nan
9.400000000000000000e+01 -5.200000000000000000e+01 nan
9.400000000000000000e+01 -5.100000000000000000e+01 nan
9.400000000000000000e+01 -5.000000000000000000e+01 nan
9.400000000000000000e+01 -4.900000000000000000e+01 nan
9.400000000000000000e+01 -4.800000000000000000e+01 nan
9.400000000000000000e+01 -4.700000000000000000e+01 nan
9.400000000000000000e+01 -4.600000000000000000e+01 nan
9.400000000000000000e+01 -4.500000000000000000e+01 nan
9.500000000000000000e+01 -8.300000000000000000e+01 nan
9.500000000000000000e+01 -8.200000000000000000e+01 nan
9.500000000000000000e+01 -8.100000000000000000e+01 nan
9.500000000000000000e+01 -8.000000000000000000e+01 nan
9.500000000000000000e+01 -7.900000000000000000e+01 nan
9.500000000000000000e+01 -7.800000000000000000e+01 nan
9.500000000000000000e+01 -7.700000000000000000e+01 nan
9.500000000000000000e+01 -7.600000000000000000e+01 nan
9.500000000000000000e+01 -7.500000000000000000e+01 nan
9.500000000000000000e+01 -7.400000000000000000e+01 nan
9.500000000000000000e+01 -7.300000000000000000e+01 nan
9.500000000000000000e+01 -7.200000000000000000e+01 nan
9.500000000000000000e+01 -7.100000000000000000e+01 nan
9.500000000000000000e+01 -7.000000000000000000e+01 nan
9.500000000000000000e+01 -6.900000000000000000e+01 nan
9.500000000000000000e+01 -6.800000000000000000e+01 nan
9.500000000000000000e+01 -6.700000000000000000e+01 nan
9.500000000000000000e+01 -6.600000000000000000e+01 nan
9.500000000000000000e+01 -6.500000000000000000e+01 nan
9.500000000000000000e+01 -6.400000000000000000e+01 nan
9.500000000000000000e+01 -6.300000000000000000e+01 nan
9.500000000000000000e+01 -6.200000000000000000e+01 nan
9.500000000000000000e+01 -6.100000000000000000e+01 nan
9.500000000000000000e+01 -6.000000000000000000e+01 nan
9.500000000000000000e+01 -5.900000000000000000e+01 nan
9.500000000000000000e+01 -5.800000000000000000e+01 nan
9.500000000000000000e+01 -5.700000000000000000e+01 nan
9.500000000000000000e+01 -5.600000000000000000e+01 nan
9.500000000000000000e+01 -5.500000000000000000e+01 nan
9.500000000000000000e+01 -5.400000000000000000e+01 nan
9.500000000000000000e+01 -5.300000000000000000e+01 nan
9.500000000000000000e+01 -5.200000000000000000e+01 nan
9.500000000000000000e+01 -5.100000000000000000e+01 nan
9.500000000000000000e+01 -5.000000000000000000e+01 nan
9.500000000000000000e+01 -4.900000000000000000e+01 nan
9.500000000000000000e+01 -4.800000000000000000e+01 nan
9.500000000000000000e+01 -4.700000000000000000e+01 nan
9.500000000000000000e+01 -4.600000000000000000e+01 nan
9.500000000000000000e+01 -4.500000000000000000e+01 nan
9.600000000000000000e+01 -8.300000000000000000e+01 nan
9.600000000000000000e+01 -8.200000000000000000e+01 nan
9.600000000000000000e+01 -8.100000000000000000e+01 nan
9.600000000000000000e+01 -8.000000000000000000e+01 nan
9.600000000000000000e+01 -7.900000000000000000e+01 nan
9.600000000000000000e+01 -7.800000000000000000e+01 nan
9.600000000000000000e+01 -7.700000000000000000e+01 nan
9.600000000000000000e+01 -7.600000000000000000e+01 nan
9.600000000000000000e+01 -7.500000000000000000e+01 nan
9.600000000000000000e+01 -7.400000000000000000e+01 nan
9.600000000000000000e+01 -7.300000000000000000e+01 nan
9.600000000000000000e+01 -7.200000000000000000e+01 nan
9.600000000000000000e+01 -7.100000000000000000e+01 nan
9.600000000000000000e+01 -7.000000000000000000e+01 nan
9.600000000000000000e+01 -6.900000000000000000e+01 nan
9.600000000000000000e+01 -6.800000000000000000e+01 nan
9.600000000000000000e+01 -6.700000000000000000e+01 nan
9.600000000000000000e+01 -6.600000000000000000e+01 nan
9.600000000000000000e+01 -6.500000000000000000e+01 nan
9.600000000000000000e+01 -6.400000000000000000e+01 nan
9.600000000000000000e+01 -6.300000000000000000e+01 nan
9.600000000000000000e+01 -6.200000000000000000e+01 nan
9.600000000000000000e+01 -6.100000000000000000e+01 nan
9.600000000000000000e+01 -6.000000000000000000e+01 nan
9.600000000000000000e+01 -5.900000000000000000e+01 nan
9.600000000000000000e+01 -5.800000000000000000e+01 nan
9.600000000000000000e+01 -5.700000000000000000e+01 nan
9.600000000000000000e+01 -5.600000000000000000e+01 nan
9.600000000000000000e+01 -5.500000000000000000e+01 nan
9.600000000000000000e+01 -5.400000000000000000e+01 nan
9.600000000000000000e+01 -5.300000000000000000e+01 nan
9.600000000000000000e+01 -5.200000000000000000e+01 nan
9.600000000000000000e+01 -5.100000000000000000e+01 nan
9.600000000000000000e+01 -5.000000000000000000e+01 nan
9.600000000000000000e+01 -4.900000000000000000e+01 nan
9.600000000000000000e+01 -4.800000000000000000e+01 nan
9.600000000000000000e+01 -4.700000000000000000e+01 nan
9.600000000000000000e+01 -4.600000000000000000e+01 nan
9.600000000000000000e+01 -4.500000000000000000e+01 nan
9.700000000000000000e+01 -8.300000000000000000e+01 nan
9.700000000000000000e+01 -8.200000000000000000e+01 nan
9.700000000000000000e+01 -8.100000000000000000e+01 nan
9.700000000000000000e+01 -8.000000000000000000e+01 nan
9.700000000000000000e+01 -7.900000000000000000e+01 nan
9.700000000000000000e+01 -7.800000000000000000e+01 nan
9.700000000000000000e+01 -7.700000000000000000e+01 nan
9.700000000000000000e+01 -7.600000000000000000e+01 nan
9.700000000000000000e+01 -7.500000000000000000e+01 nan
9.700000000000000000e+01 -7.400000000000000000e+01 nan
9.700000000000000000e+01 -7.300000000000000000e+01 nan
9.700000000000000000e+01 -7.200000000000000000e+01 nan
9.700000000000000000e+01 -7.100000000000000000e+01 nan
9.700000000000000000e+01 -7.000000000000000000e+01 nan
9.700000000000000000e+01 -6.900000000000000000e+01 nan
9.700000000000000000e+01 -6.800000000000000000e+01 nan
9.700000000000000000e+01 -6.700000000000000000e+01 nan
9.700000000000000000e+01 -6.600000000000000000e+01 nan
9.700000000000000000e+01 -6.500000000000000000e+01 nan
9.700000000000000000e+01 -6.400000000000000000e+01 nan
9.700000000000000000e+01 -6.300000000000000000e+01 nan
9.700000000000000000e+01 -6.200000000000000000e+01 nan
9.700000000000000000e+01 -6.100000000000000000e+01 nan
9.700000000000000000e+01 -6.000000000000000000e+01 nan
9.700000000000000000e+01 -5.900000000000000000e+01 nan
9.700000000000000000e+01 -5.800000000000000000e+01 nan
9.700000000000000000e+01 -5.700000000000000000e+01 nan
9.700000000000000000e+01 -5.600000000000000000e+01 nan
9.700000000000000000e+01 -5.500000000000000000e+01 nan
9.700000000000000000e+01 -5.400000000000000000e+01 nan
9.700000000000000000e+01 -5.300000000000000000e+01 nan
9.700000000000000000e+01 -5.200000000000000000e+01 nan
9.700000000000000000e+01 -5.100000000000000000e+01 nan
9.700000000000000000e+01 -5.000000000000000000e+01 nan
9.700000000000000000e+01 -4.900000000000000000e+01 nan
9.700000000000000000e+01 -4.800000000000000000e+01 nan
9.700000000000000000e+01 -4.700000000000000000e+01 nan
9.700000000000000000e+01 -4.600000000000000000e+01 nan
9.700000000000000000e+01 -4.500000000000000000e+01 nan
9.800000000000000000e+01 -8.300000000000000000e+01 nan
9.800000000000000000e+01 -8.200000000000000000e+01 nan
9.800000000000000000e+01 -8.100000000000000000e+01 nan
9.800000000000000000e+01 -8.000000000000000000e+01 nan
9.800000000000000000e+01 -7.900000000000000000e+01 nan
9.800000000000000000e+01 -7.800000000000000000e+01 nan
9.800000000000000000e+01 -7.700000000000000000e+01 nan
9.800000000000000000e+01 -7.600000000000000000e+01 nan
9.800000000000000000e+01 -7.500000000000000000e+01 nan
9.800000000000000000e+01 -7.400000000000000000e+01 nan
9.800000000000000000e+01 -7.300000000000000000e+01 nan
9.800000000000000000e+01 -7.200000000000000000e+01 nan
9.800000000000000000e+01 -7.100000000000000000e+01 nan
9.800000000000000000e+01 -7.000000000000000000e+01 nan
9.800000000000000000e+01 -6.900000000000000000e+01 nan
9.800000000000000000e+01 -6.800000000000000000e+01 nan
9.800000000000000000e+01 -6.700000000000000000e+01 nan
9.800000000000000000e+01 -6.600000000000000000e+01 nan
9.800000000000000000e+01 -6.500000000000000000e+01 nan
9.800000000000000000e+01 -6.400000000000000000e+01 nan
9.800000000000000000e+01 -6.300000000000000000e+01 nan
9.800000000000000000e+01 -6.200000000000000000e+01 nan
9.800000000000000000e+01 -6.100000000000000000e+01 nan
9.800000000000000000e+01 -6.000000000000000000e+01 nan
9.800000000000000000e+01 -5.900000000000000000e+01 nan
9.800000000000000000e+01 -5.800000000000000000e+01 nan
9.800000000000000000e+01 -5.700000000000000000e+01 nan
9.800000000000000000e+01 -5.600000000000000000e+01 nan
9.800000000000000000e+01 -5.500000000000000000e+01 nan
9.800000000000000000e+01 -5.400000000000000000e+01 nan
9.800000000000000000e+01 -5.300000000000000000e+01 nan
9.800000000000000000e+01 -5.200000000000000000e+01 nan
9.800000000000000000e+01 -5.100000000000000000e+01 nan
9.800000000000000000e+01 -5.000000000000000000e+01 nan
9.800000000000000000e+01 -4.900000000000000000e+01 nan
9.800000000000000000e+01 -4.800000000000000000e+01 nan
9.800000000000000000e+01 -4.700000000000000000e+01 nan
9.800000000000000000e+01 -4.600000000000000000e+01 nan
9.800000000000000000e+01 -4.500000000000000000e+01 nan
9.900000000000000000e+01 -8.300000000000000000e+01 nan
9.900000000000000000e+01 -8.200000000000000000e+01 nan
9.900000000000000000e+01 -8.100000000000000000e+01 nan
9.900000000000000000e+01 -8.000000000000000000e+01 nan
9.900000000000000000e+01 -7.900000000000000000e+01 nan
9.900000000000000000e+01 -7.800000000000000000e+01 nan
9.900000000000000000e+01 -7.700000000000000000e+01 nan
9.900000000000000000e+01 -7.600000000000000000e+01 nan
9.900000000000000000e+01 -7.500000000000000000e+01 nan
9.900000000000000000e+01 -7.400000000000000000e+01 nan
9.900000000000000000e+01 -7.300000000000000000e+01 nan
9.900000000000000000e+01 -7.200000000000000000e+01 nan
9.900000000000000000e+01 -7.100000000000000000e+01 nan
9.900000000000000000e+01 -7.000000000000000000e+01 nan
9.900000000000000000e+01 -6.900000000000000000e+01 nan
9.900000000000000000e+01 -6.800000000000000000e+01 nan
9.900000000000000000e+01 -6.700000000000000000e+01 nan
9.900000000000000000e+01 -6.600000000000000000e+01 nan
9.900000000000000000e+01 -6.500000000000000000e+01 nan
9.900000000000000000e+01 -6.400000000000000000e+01 nan
9.900000000000000000e+01 -6.300000000000000000e+01 nan
9.900000000000000000e+01 -6.200000000000000000e+01 nan
9.900000000000000000e+01 -6.100000000000000000e+01 nan
9.900000000000000000e+01 -6.000000000000000000e+01 nan
9.900000000000000000e+01 -5.900000000000000000e+01 nan
9.900000000000000000e+01 -5.800000000000000000e+01 nan
9.900000000000000000e+01 -5.700000000000000000e+01 nan
9.900000000000000000e+01 -5.600000000000000000e+01 nan
9.900000000000000000e+01 -5.500000000000000000e+01 nan
9.900000000000000000e+01 -5.400000000000000000e+01 nan
9.900000000000000000e+01 -5.300000000000000000e+01 nan
9.900000000000000000e+01 -5.200000000000000000e+01 nan
9.900000000000000000e+01 -5.100000000000000000e+01 nan
9.900000000000000000e+01 -5.000000000000000000e+01 nan
9.900000000000000000e+01 -4.900000000000000000e+01 nan
9.900000000000000000e+01 -4.800000000000000000e+01 nan
9.900000000000000000e+01 -4.700000000000000000e+01 nan
9.900000000000000000e+01 -4.600000000000000000e+01 nan
9.900000000000000000e+01 -4.500000000000000000e+01 nan
1.000000000000000000e+02 -8.300000000000000000e+01 nan
1.000000000000000000e+02 -8.200000000000000000e+01 nan
1.000000000000000000e+02 -8.100000000000000000e+01 nan
1.000000000000000000e+02 -8.000000000000000000e+01 nan
1.000000000000000000e+02 -7.900000000000000000e+01 nan
1.000000000000000000e+02 -7.800000000000000000e+01 nan
1.000000000000000000e+02 -7.700000000000000000e+01 nan
1.000000000000000000e+02 -7.600000000000000000e+01 nan
1.000000000000000000e+02 -7.500000000000000000e+01 nan
1.000000000000000000e+02 -7.400000000000000000e+01 nan
1.000000000000000000e+02 -7.300000000000000000e+01 nan
1.000000000000000000e+02 -7.200000000000000000e+01 nan
1.000000000000000000e+02 -7.100000000000000000e+01 nan
1.000000000000000000e+02 -7.000000000000000000e+01 nan
1.000000000000000000e+02 -6.900000000000000000e+01 nan
1.000000000000000000e+02 -6.800000000000000000e+01 nan
1.000000000000000000e+02 -6.700000000000000000e+01 nan
1.000000000000000000e+02 -6.600000000000000000e+01 nan
1.000000000000000000e+02 -6.500000000000000000e+01 nan
1.000000000000000000e+02 -6.400000000000000000e+01 nan
1.000000000000000000e+02 -6.300000000000000000e+01 nan
1.000000000000000000e+02 -6.200000000000000000e+01 nan
1.000000000000000000e+02 -6.100000000000000000e+01 nan
1.000000000000000000e+02 -6.000000000000000000e+01 nan
1.000000000000000000e+02 -5.900000000000000000e+01 nan
1.000000000000000000e+02 -5.800000000000000000e+01 nan
1.000000000000000000e+02 -5.700000000000000000e+01 nan
1.000000000000000000e+02 -5.600000000000000000e+01 nan
1.000000000000000000e+02 -5.500000000000000000e+01 nan
1.000000000000000000e+02 -5.400000000000000000e+01 nan
1.000000000000000000e+02 -5.300000000000000000e+01 nan
1.000000000000000000e+02 -5.200000000000000000e+01 nan
1.000000000000000000e+02 -5.100000000000000000e+01 nan
1.000000000000000000e+02 -5.000000000000000000e+01 nan
1.000000000000000000e+02 -4.900000000000000000e+01 nan
1.000000000000000000e+02 -4.800000000000000000e+01 nan
1.000000000000000000e+02 -4.700000000000000000e+01 nan
1.000000000000000000e+02 -4.600000000000000000e+01 nan
1.000000000000000000e+02 -4.500000000000000000e+01 nan
1.010000000000000000e+02 -8.300000000000000000e+01 nan
1.010000000000000000e+02 -8.200000000000000000e+01 nan
1.010000000000000000e+02 -8.100000000000000000e+01 nan
1.010000000000000000e+02 -8.000000000000000000e+01 nan
1.010000000000000000e+02 -7.900000000000000000e+01 nan
1.010000000000000000e+02 -7.800000000000000000e+01 nan
1.010000000000000000e+02 -7.700000000000000000e+01 nan
1.010000000000000000e+02 -7.600000000000000000e+01 nan
1.010000000000000000e+02 -7.500000000000000000e+01 nan
1.010000000000000000e+02 -7.400000000000000000e+01 nan
1.010000000000000000e+02 -7.300000000000000000e+01 nan
1.010000000000000000e+02 -7.200000000000000000e+01 nan
1.010000000000000000e+02 -7.100000000000000000e+01 nan
1.010000000000000000e+02 -7.000000000000000000e+01 nan
1.010000000000000000e+02 -6.900000000000000000e+01 nan
1.010000000000000000e+02 -6.800000000000000000e+01 nan
1.010000000000000000e+02 -6.700000000000000000e+01 nan
1.010000000000000000e+02 -6.600000000000000000e+01 nan
1.010000000000000000e+02 -6.500000000000000000e+01 nan
1.010000000000000000e+02 -6.400000000000000000e+01 nan
1.010000000000000000e+02 -6.300000000000000000e+01 nan
1.010000000000000000e+02 -6.200000000000000000e+01 nan
1.010000000000000000e+02 -6.100000000000000000e+01 nan
1.010000000000000000e+02 -6.000000000000000000e+01 nan
1.010000000000000000e+02 -5.900000000000000000e+01 nan
1.010000000000000000e+02 -5.800000000000000000e+01 nan
1.010000000000000000e+02 -5.700000000000000000e+01 nan
1.010000000000000000e+02 -5.600000000000000000e+01 nan
1.010000000000000000e+02 -5.500000000000000000e+01 nan
1.010000000000000000e+02 -5.400000000000000000e+01 nan
1.010000000000000000e+02 -5.300000000000000000e+01 nan
1.010000000000000000e+02 -5.200000000000000000e+01 nan
1.010000000000000000e+02 -5.100000000000000000e+01 nan
1.010000000000000000e+02 -5.000000000000000000e+01 nan
1.010000000000000000e+02 -4.900000000000000000e+01 nan
1.010000000000000000e+02 -4.800000000000000000e+01 nan
1.010000000000000000e+02 -4.700000000000000000e+01 nan
1.010000000000000000e+02 -4.600000000000000000e+01 nan
1.010000000000000000e+02 -4.500000000000000000e+01 nan
1.020000000000000000e+02 -8.300000000000000000e+01 nan
1.020000000000000000e+02 -8.200000000000000000e+01 nan
1.020000000000000000e+02 -8.100000000000000000e+01 nan
1.020000000000000000e+02 -8.000000000000000000e+01 nan
1.020000000000000000e+02 -7.900000000000000000e+01 nan
1.020000000000000000e+02 -7.800000000000000000e+01 nan
1.020000000000000000e+02 -7.700000000000000000e+01 nan
1.020000000000000000e+02 -7.600000000000000000e+01 nan
1.020000000000000000e+02 -7.500000000000000000e+01 nan
1.020000000000000000e+02 -7.400000000000000000e+01 nan
1.020000000000000000e+02 -7.300000000000000000e+01 nan
1.020000000000000000e+02 -7.200000000000000000e+01 nan
1.020000000000000000e+02 -7.100000000000000000e+01 nan
1.020000000000000000e+02 -7.000000000000000000e+01 nan
1.020000000000000000e+02 -6.900000000000000000e+01 nan
1.020000000000000000e+02 -6.800000000000000000e+01 nan
1.020000000000000000e+02 -6.700000000000000000e+01 nan
1.020000000000000000e+02 -6.600000000000000000e+01 nan
1.020000000000000000e+02 -6.500000000000000000e+01 nan
1.020000000000000000e+02 -6.400000000000000000e+01 nan
1.020000000000000000e+02 -6.300000000000000000e+01 nan
1.020000000000000000e+02 -6.200000000000000000e+01 nan
1.020000000000000000e+02 -6.100000000000000000e+01 nan
1.020000000000000000e+02 -6.000000000000000000e+01 nan
1.020000000000000000e+02 -5.900000000000000000e+01 nan
1.020000000000000000e+02 -5.800000000000000000e+01 nan
1.020000000000000000e+02 -5.700000000000000000e+01 nan
1.020000000000000000e+02 -5.600000000000000000e+01 nan
1.020000000000000000e+02 -5.500000000000000000e+01 nan
1.020000000000000000e+02 -5.400000000000000000e+01 nan
1.020000000000000000e+02 -5.300000000000000000e+01 nan
1.020000000000000000e+02 -5.200000000000000000e+01 nan
1.020000000000000000e+02 -5.100000000000000000e+01 nan
1.020000000000000000e+02 -5.000000000000000000e+01 nan
1.020000000000000000e+02 -4.900000000000000000e+01 nan
1.020000000000000000e+02 -4.800000000000000000e+01 nan
1.020000000000000000e+02 -4.700000000000000000e+01 nan
1.020000000000000000e+02 -4.600000000000000000e+01 nan
1.020000000000000000e+02 -4.500000000000000000e+01 nan
1.030000000000000000e+02 -8.300000000000000000e+01 nan
1.030000000000000000e+02 -8.200000000000000000e+01 nan
1.030000000000000000e+02 -8.100000000000000000e+01 nan
1.030000000000000000e+02 -8.000000000000000000e+01 nan
1.030000000000000000e+02 -7.900000000000000000e+01 nan
1.030000000000000000e+02 -7.800000000000000000e+01 nan
1.030000000000000000e+02 -7.700000000000000000e+01 nan
1.030000000000000000e+02 -7.600000000000000000e+01 nan
1.030000000000000000e+02 -7.500000000000000000e+01 nan
1.030000000000000000e+02 -7.400000000000000000e+01 nan
1.030000000000000000e+02 -7.300000000000000000e+01 nan
1.030000000000000000e+02 -7.200000000000000000e+01 nan
1.030000000000000000e+02 -7.100000000000000000e+01 nan
1.030000000000000000e+02 -7.000000000000000000e+01 nan
1.030000000000000000e+02 -6.900000000000000000e+01 nan
1.030000000000000000e+02 -6.800000000000000000e+01 nan
1.030000000000000000e+02 -6.700000000000000000e+01 nan
1.030000000000000000e+02 -6.600000000000000000e+01 nan
1.030000000000000000e+02 -6.500000000000000000e+01 nan
1.030000000000000000e+02 -6.400000000000000000e+01 nan
1.030000000000000000e+02 -6.300000000000000000e+01 nan
1.030000000000000000e+02 -6.200000000000000000e+01 nan
1.030000000000000000e+02 -6.100000000000000000e+01 nan
1.030000000000000000e+02 -6.000000000000000000e+01 nan
1.030000000000000000e+02 -5.900000000000000000e+01 nan
1.030000000000000000e+02 -5.800000000000000000e+01 nan
1.030000000000000000e+02 -5.700000000000000000e+01 nan
1.030000000000000000e+02 -5.600000000000000000e+01 nan
1.030000000000000000e+02 -5.500000000000000000e+01 nan
1.030000000000000000e+02 -5.400000000000000000e+01 nan
1.030000000000000000e+02 -5.300000000000000000e+01 nan
1.030000000000000000e+02 -5.200000000000000000e+01 nan
1.030000000000000000e+02 -5.100000000000000000e+01 nan
1.030000000000000000e+02 -5.000000000000000000e+01 nan
1.030000000000000000e+02 -4.900000000000000000e+01 nan
1.030000000000000000e+02 -4.800000000000000000e+01 nan
1.030000000000000000e+02 -4.700000000000000000e+01 nan
1.030000000000000000e+02 -4.600000000000000000e+01 nan
1.030000000000000000e+02 -4.500000000000000000e+01 nan
1.040000000000000000e+02 -8.300000000000000000e+01 nan
1.040000000000000000e+02 -8.200000000000000000e+01 nan
1.040000000000000000e+02 -8.100000000000000000e+01 nan
1.040000000000000000e+02 -8.000000000000000000e+01 nan
1.040000000000000000e+02 -7.900000000000000000e+01 nan
1.040000000000000000e+02 -7.800000000000000000e+01 nan
1.040000000000000000e+02 -7.700000000000000000e+01 nan
1.040000000000000000e+02 -7.600000000000000000e+01 nan
1.040000000000000000e+02 -7.500000000000000000e+01 nan
1.040000000000000000e+02 -7.400000000000000000e+01 nan
1.040000000000000000e+02 -7.300000000000000000e+01 nan
1.040000000000000000e+02 -7.200000000000000000e+01 nan
1.040000000000000000e+02 -7.100000000000000000e+01 nan
1.040000000000000000e+02 -7.000000000000000000e+01 nan
1.040000000000000000e+02 -6.900000000000000000e+01 nan
1.040000000000000000e+02 -6.800000000000000000e+01 nan
1.040000000000000000e+02 -6.700000000000000000e+01 nan
1.040000000000000000e+02 -6.600000000000000000e+01 nan
1.040000000000000000e+02 -6.500000000000000000e+01 nan
1.040000000000000000e+02 -6.400000000000000000e+01 nan
1.040000000000000000e+02 -6.300000000000000000e+01 nan
1.040000000000000000e+02 -6.200000000000000000e+01 nan
1.040000000000000000e+02 -6.100000000000000000e+01 nan
1.040000000000000000e+02 -6.000000000000000000e+01 nan
1.040000000000000000e+02 -5.900000000000000000e+01 nan
1.040000000000000000e+02 -5.800000000000000000e+01 nan
1.040000000000000000e+02 -5.700000000000000000e+01 nan
1.040000000000000000e+02 -5.600000000000000000e+01 nan
1.040000000000000000e+02 -5.500000000000000000e+01 nan
1.040000000000000000e+02 -5.400000000000000000e+01 nan
1.040000000000000000e+02 -5.300000000000000000e+01 nan
1.040000000000000000e+02 -5.200000000000000000e+01 nan
1.040000000000000000e+02 -5.100000000000000000e+01 nan
1.040000000000000000e+02 -5.000000000000000000e+01 nan
1.040000000000000000e+02 -4.900000000000000000e+01 nan
1.040000000000000000e+02 -4.800000000000000000e+01 nan
1.040000000000000000e+02 -4.700000000000000000e+01 nan
1.040000000000000000e+02 -4.600000000000000000e+01 nan
1.040000000000000000e+02 -4.500000000000000000e+01 nan
1.050000000000000000e+02 -8.300000000000000000e+01 nan
1.050000000000000000e+02 -8.200000000000000000e+01 nan
1.050000000000000000e+02 -8.100000000000000000e+01 nan
1.050000000000000000e+02 -8.000000000000000000e+01 nan
1.050000000000000000e+02 -7.900000000000000000e+01 nan
1.050000000000000000e+02 -7.800000000000000000e+01 nan
1.050000000000000000e+02 -7.700000000000000000e+01 nan
1.050000000000000000e+02 -7.600000000000000000e+01 nan
1.050000000000000000e+02 -7.500000000000000000e+01 nan
1.050000000000000000e+02 -7.400000000000000000e+01 nan
1.050000000000000000e+02 -7.300000000000000000e+01 nan
1.050000000000000000e+02 -7.200000000000000000e+01 nan
1.050000000000000000e+02 -7.100000000000000000e+01 nan
1.050000000000000000e+02 -7.000000000000000000e+01 nan
1.050000000000000000e+02 -6.900000000000000000e+01 nan
1.050000000000000000e+02 -6.800000000000000000e+01 nan
1.050000000000000000e+02 -6.700000000000000000e+01 nan
1.050000000000000000e+02 -6.600000000000000000e+01 nan
1.050000000000000000e+02 -6.500000000000000000e+01 nan
1.050000000000000000e+02 -6.400000000000000000e+01 nan
1.050000000000000000e+02 -6.300000000000000000e+01 nan
1.050000000000000000e+02 -6.200000000000000000e+01 nan
1.050000000000000000e+02 -6.100000000000000000e+01 nan
1.050000000000000000e+02 -6.000000000000000000e+01 nan
1.050000000000000000e+02 -5.900000000000000000e+01 nan
1.050000000000000000e+02 -5.800000000000000000e+01 nan
1.050000000000000000e+02 -5.700000000000000000e+01 nan
1.050000000000000000e+02 -5.600000000000000000e+01 nan
1.050000000000000000e+02 -5.500000000000000000e+01 nan
1.050000000000000000e+02 -5.400000000000000000e+01 nan
1.050000000000000000e+02 -5.300000000000000000e+01 nan
1.050000000000000000e+02 -5.200000000000000000e+01 nan
1.050000000000000000e+02 -5.100000000000000000e+01 nan
1.050000000000000000e+02 -5.000000000000000000e+01 nan
1.050000000000000000e+02 -4.900000000000000000e+01 nan
1.050000000000000000e+02 -4.800000000000000000e+01 nan
1.050000000000000000e+02 -4.700000000000000000e+01 nan
1.050000000000000000e+02 -4.600000000000000000e+01 nan
1.050000000000000000e+02 -4.500000000000000000e+01 nan
1.060000000000000000e+02 -8.300000000000000000e+01 nan
1.060000000000000000e+02 -8.200000000000000000e+01 nan
1.060000000000000000e+02 -8.100000000000000000e+01 nan
1.060000000000000000e+02 -8.000000000000000000e+01 nan
1.060000000000000000e+02 -7.900000000000000000e+01 nan
1.060000000000000000e+02 -7.800000000000000000e+01 nan
1.060000000000000000e+02 -7.700000000000000000e+01 nan
1.060000000000000000e+02 -7.600000000000000000e+01 nan
1.060000000000000000e+02 -7.500000000000000000e+01 nan
1.060000000000000000e+02 -7.400000000000000000e+01 nan
1.060000000000000000e+02 -7.300000000000000000e+01 nan
1.060000000000000000e+02 -7.200000000000000000e+01 nan
1.060000000000000000e+02 -7.100000000000000000e+01 nan
1.060000000000000000e+02 -7.000000000000000000e+01 nan
1.060000000000000000e+02 -6.900000000000000000e+01 nan
1.060000000000000000e+02 -6.800000000000000000e+01 nan
1.060000000000000000e+02 -6.700000000000000000e+01 nan
1.060000000000000000e+02 -6.600000000000000000e+01 nan
1.060000000000000000e+02 -6.500000000000000000e+01 nan
1.060000000000000000e+02 -6.400000000000000000e+01 nan
1.060000000000000000e+02 -6.300000000000000000e+01 nan
1.060000000000000000e+02 -6.200000000000000000e+01 nan
1.060000000000000000e+02 -6.100000000000000000e+01 nan
1.060000000000000000e+02 -6.000000000000000000e+01 nan
1.060000000000000000e+02 -5.900000000000000000e+01 nan
1.060000000000000000e+02 -5.800000000000000000e+01 nan
1.060000000000000000e+02 -5.700000000000000000e+01 nan
1.060000000000000000e+02 -5.600000000000000000e+01 nan
1.060000000000000000e+02 -5.500000000000000000e+01 nan
1.060000000000000000e+02 -5.400000000000000000e+01 nan
1.060000000000000000e+02 -5.300000000000000000e+01 nan
1.060000000000000000e+02 -5.200000000000000000e+01 nan
1.060000000000000000e+02 -5.100000000000000000e+01 nan
1.060000000000000000e+02 -5.000000000000000000e+01 nan
1.060000000000000000e+02 -4.900000000000000000e+01 nan
1.060000000000000000e+02 -4.800000000000000000e+01 nan
1.060000000000000000e+02 -4.700000000000000000e+01 nan
1.060000000000000000e+02 -4.600000000000000000e+01 nan
1.060000000000000000e+02 -4.500000000000000000e+01 nan
1.070000000000000000e+02 -8.300000000000000000e+01 nan
1.070000000000000000e+02 -8.200000000000000000e+01 nan
1.070000000000000000e+02 -8.100000000000000000e+01 nan
1.070000000000000000e+02 -8.000000000000000000e+01 nan
1.070000000000000000e+02 -7.900000000000000000e+01 nan
1.070000000000000000e+02 -7.800000000000000000e+01 nan
1.070000000000000000e+02 -7.700000000000000000e+01 nan
1.070000000000000000e+02 -7.600000000000000000e+01 nan
1.070000000000000000e+02 -7.500000000000000000e+01 nan
1.070000000000000000e+02 -7.400000000000000000e+01 nan
1.070000000000000000e+02 -7.300000000000000000e+01 nan
1.070000000000000000e+02 -7.200000000000000000e+01 nan
1.070000000000000000e+02 -7.100000000000000000e+01 nan
1.070000000000000000e+02 -7.000000000000000000e+01 nan
1.070000000000000000e+02 -6.900000000000000000e+01 nan
1.070000000000000000e+02 -6.800000000000000000e+01 nan
1.070000000000000000e+02 -6.700000000000000000e+01 nan
1.070000000000000000e+02 -6.600000000000000000e+01 nan
1.070000000000000000e+02 -6.500000000000000000e+01 nan
1.070000000000000000e+02 -6.400000000000000000e+01 nan
1.070000000000000000e+02 -6.300000000000000000e+01 nan
1.070000000000000000e+02 -6.200000000000000000e+01 nan
1.070000000000000000e+02 -6.100000000000000000e+01 nan
1.070000000000000000e+02 -6.000000000000000000e+01 nan
1.070000000000000000e+02 -5.900000000000000000e+01 nan
1.070000000000000000e+02 -5.800000000000000000e+01 nan
1.070000000000000000e+02 -5.700000000000000000e+01 nan
1.070000000000000000e+02 -5.600000000000000000e+01 nan
1.070000000000000000e+02 -5.500000000000000000e+01 nan
1.070000000000000000e+02 -5.400000000000000000e+01 nan
1.070000000000000000e+02 -5.300000000000000000e+01 nan
1.070000000000000000e+02 -5.200000000000000000e+01 nan
1.070000000000000000e+02 -5.100000000000000000e+01 nan
1.070000000000000000e+02 -5.000000000000000000e+01 nan
1.070000000000000000e+02 -4.900000000000000000e+01 nan
1.070000000000000000e+02 -4.800000000000000000e+01 nan
1.070000000000000000e+02 -4.700000000000000000e+01 nan
1.070000000000000000e+02 -4.600000000000000000e+01 nan
1.070000000000000000e+02 -4.500000000000000000e+01 nan
1.080000000000000000e+02 -8.300000000000000000e+01 nan
1.080000000000000000e+02 -8.200000000000000000e+01 nan
1.080000000000000000e+02 -8.100000000000000000e+01 nan
1.080000000000000000e+02 -8.000000000000000000e+01 nan
1.080000000000000000e+02 -7.900000000000000000e+01 nan
1.080000000000000000e+02 -7.800000000000000000e+01 nan
1.080000000000000000e+02 -7.700000000000000000e+01 nan
1.080000000000000000e+02 -7.600000000000000000e+01 nan
1.080000000000000000e+02 -7.500000000000000000e+01 nan
1.080000000000000000e+02 -7.400000000000000000e+01 nan
1.080000000000000000e+02 -7.300000000000000000e+01 nan
1.080000000000000000e+02 -7.200000000000000000e+01 nan
1.080000000000000000e+02 -7.100000000000000000e+01 nan
1.080000000000000000e+02 -7.000000000000000000e+01 nan
1.080000000000000000e+02 -6.900000000000000000e+01 nan
1.080000000000000000e+02 -6.800000000000000000e+01 nan
1.080000000000000000e+02 -6.700000000000000000e+01 nan
1.080000000000000000e+02 -6.600000000000000000e+01 nan
1.080000000000000000e+02 -6.500000000000000000e+01 nan
1.080000000000000000e+02 -6.400000000000000000e+01 nan
1.080000000000000000e+02 -6.300000000000000000e+01 nan
1.080000000000000000e+02 -6.200000000000000000e+01 nan
1.080000000000000000e+02 -6.100000000000000000e+01 nan
1.080000000000000000e+02 -6.000000000000000000e+01 nan
1.080000000000000000e+02 -5.900000000000000000e+01 nan
1.080000000000000000e+02 -5.800000000000000000e+01 nan
1.080000000000000000e+02 -5.700000000000000000e+01 nan
1.080000000000000000e+02 -5.600000000000000000e+01 nan
1.080000000000000000e+02 -5.500000000000000000e+01 nan
1.080000000000000000e+02 -5.400000000000000000e+01 nan
1.080000000000000000e+02 -5.300000000000000000e+01 nan
1.080000000000000000e+02 -5.200000000000000000e+01 nan
1.080000000000000000e+02 -5.100000000000000000e+01 nan
1.080000000000000000e+02 -5.000000000000000000e+01 nan
1.080000000000000000e+02 -4.900000000000000000e+01 nan
1.080000000000000000e+02 -4.800000000000000000e+01 nan
1.080000000000000000e+02 -4.700000000000000000e+01 nan
1.080000000000000000e+02 -4.600000000000000000e+01 nan
1.080000000000000000e+02 -4.500000000000000000e+01 nan
1.090000000000000000e+02 -8.300000000000000000e+01 nan
1.090000000000000000e+02 -8.200000000000000000e+01 nan
1.090000000000000000e+02 -8.100000000000000000e+01 nan
1.090000000000000000e+02 -8.000000000000000000e+01 nan
1.090000000000000000e+02 -7.900000000000000000e+01 nan
1.090000000000000000e+02 -7.800000000000000000e+01 nan
1.090000000000000000e+02 -7.700000000000000000e+01 nan
1.090000000000000000e+02 -7.600000000000000000e+01 nan
1.090000000000000000e+02 -7.500000000000000000e+01 nan
1.090000000000000000e+02 -7.400000000000000000e+01 nan
1.090000000000000000e+02 -7.300000000000000000e+01 nan
1.090000000000000000e+02 -7.200000000000000000e+01 nan
1.090000000000000000e+02 -7.100000000000000000e+01 nan
1.090000000000000000e+02 -7.000000000000000000e+01 nan
1.090000000000000000e+02 -6.900000000000000000e+01 nan
1.090000000000000000e+02 -6.800000000000000000e+01 nan
1.090000000000000000e+02 -6.700000000000000000e+01 nan
1.090000000000000000e+02 -6.600000000000000000e+01 nan
1.090000000000000000e+02 -6.500000000000000000e+01 nan
1.090000000000000000e+02 -6.400000000000000000e+01 nan
1.090000000000000000e+02 -6.300000000000000000e+01 nan
1.090000000000000000e+02 -6.200000000000000000e+01 nan
1.090000000000000000e+02 -6.100000000000000000e+01 nan
1.090000000000000000e+02 -6.000000000000000000e+01 nan
1.090000000000000000e+02 -5.900000000000000000e+01 nan
1.090000000000000000e+02 -5.800000000000000000e+01 nan
1.090000000000000000e+02 -5.700000000000000000e+01 nan
1.090000000000000000e+02 -5.600000000000000000e+01 nan
1.090000000000000000e+02 -5.500000000000000000e+01 nan
1.090000000000000000e+02 -5.400000000000000000e+01 nan
1.090000000000000000e+02 -5.300000000000000000e+01 nan
1.090000000000000000e+02 -5.200000000000000000e+01 nan
1.090000000000000000e+02 -5.100000000000000000e+01 nan
1.090000000000000000e+02 -5.000000000000000000e+01 nan
1.090000000000000000e+02 -4.900000000000000000e+01 nan
1.090000000000000000e+02 -4.800000000000000000e+01 nan
1.090000000000000000e+02 -4.700000000000000000e+01 nan
1.090000000000000000e+02 -4.600000000000000000e+01 nan
1.090000000000000000e+02 -4.500000000000000000e+01 nan
1.100000000000000000e+02 -8.300000000000000000e+01 nan
1.100000000000000000e+02 -8.200000000000000000e+01 nan
1.100000000000000000e+02 -8.100000000000000000e+01 nan
1.100000000000000000e+02 -8.000000000000000000e+01 nan
1.100000000000000000e+02 -7.900000000000000000e+01 nan
1.100000000000000000e+02 -7.800000000000000000e+01 nan
1.100000000000000000e+02 -7.700000000000000000e+01 nan
1.100000000000000000e+02 -7.600000000000000000e+01 nan
1.100000000000000000e+02 -7.500000000000000000e+01 nan
1.100000000000000000e+02 -7.400000000000000000e+01 nan
1.100000000000000000e+02 -7.300000000000000000e+01 nan
1.100000000000000000e+02 -7.200000000000000000e+01 nan
1.100000000000000000e+02 -7.100000000000000000e+01 nan
1.100000000000000000e+02 -7.000000000000000000e+01 nan
1.100000000000000000e+02 -6.900000000000000000e+01 nan
1.100000000000000000e+02 -6.800000000000000000e+01 nan
1.100000000000000000e+02 -6.700000000000000000e+01 nan
1.100000000000000000e+02 -6.600000000000000000e+01 nan
1.100000000000000000e+02 -6.500000000000000000e+01 nan
1.100000000000000000e+02 -6.400000000000000000e+01 nan
1.100000000000000000e+02 -6.300000000000000000e+01 nan
1.100000000000000000e+02 -6.200000000000000000e+01 nan
1.100000000000000000e+02 -6.100000000000000000e+01 nan
1.100000000000000000e+02 -6.000000000000000000e+01 1.474070979567505324e+00
1.100000000000000000e+02 -5.900000000000000000e+01 1.474070979567505324e+00
1.100000000000000000e+02 -5.800000000000000000e+01 nan
1.100000000000000000e+02 -5.700000000000000000e+01 nan
1.100000000000000000e+02 -5.600000000000000000e+01 nan
1.100000000000000000e+02 -5.500000000000000000e+01 nan
1.100000000000000000e+02 -5.400000000000000000e+01 nan
1.100000000000000000e+02 -5.300000000000000000e+01 nan
1.100000000000000000e+02 -5.200000000000000000e+01 nan
1.100000000000000000e+02 -5.100000000000000000e+01 nan
1.100000000000000000e+02 -5.000000000000000000e+01 nan
1.100000000000000000e+02 -4.900000000000000000e+01 nan
1.100000000000000000e+02 -4.800000000000000000e+01 nan
1.100000000000000000e+02 -4.700000000000000000e+01 nan
1.100000000000000000e+02 -4.600000000000000000e+01 nan
1.100000000000000000e+02 -4.500000000000000000e+01 nan
1.110000000000000000e+02 -8.300000000000000000e+01 nan
1.110000000000000000e+02 -8.200000000000000000e+01 nan
1.110000000000000000e+02 -8.100000000000000000e+01 nan
1.110000000000000000e+02 -8.000000000000000000e+01 nan
1.110000000000000000e+02 -7.900000000000000000e+01 nan
1.110000000000000000e+02 -7.800000000000000000e+01 nan
1.110000000000000000e+02 -7.700000000000000000e+01 nan
1.110000000000000000e+02 -7.600000000000000000e+01 nan
1.110000000000000000e+02 -7.500000000000000000e+01 nan
1.110000000000000000e+02 -7.400000000000000000e+01 nan
1.110000000000000000e+02 -7.300000000000000000e+01 nan
1.110000000000000000e+02 -7.200000000000000000e+01 nan
1.110000000000000000e+02 -7.100000000000000000e+01 nan
1.110000000000000000e+02 -7.000000000000000000e+01 nan
1.110000000000000000e+02 -6.900000000000000000e+01 nan
1.110000000000000000e+02 -6.800000000000000000e+01 nan
1.110000000000000000e+02 -6.700000000000000000e+01 nan
1.110000000000000000e+02 -6.600000000000000000e+01 nan
1.110000000000000000e+02 -6.500000000000000000e+01 nan
1.110000000000000000e+02 -6.400000000000000000e+01 nan
1.110000000000000000e+02 -6.300000000000000000e+01 nan
1.110000000000000000e+02 -6.200000000000000000e+01 nan
1.110000000000000000e+02 -6.100000000000000000e+01 nan
1.110000000000000000e+02 -6.000000000000000000e+01 1.722630503467049934e+00
1.110000000000000000e+02 -5.900000000000000000e+01 1.732648697587067854e+00
1.110000000000000000e+02 -5.800000000000000000e+01 1.728509404190379017e+00
1.110000000000000000e+02 -5.700000000000000000e+01 1.609576698969440889e+00
1.110000000000000000e+02 -5.600000000000000000e+01 1.570158519298096689e+00
1.110000000000000000e+02 -5.500000000000000000e+01 1.569274822576173678e+00
1.110000000000000000e+02 -5.400000000000000000e+01 1.604015414337294443e+00
1.110000000000000000e+02 -5.300000000000000000e+01 1.865741021308925829e+00
1.110000000000000000e+02 -5.200000000000000000e+01 2.011603636990544342e+00
1.110000000000000000e+02 -5.100000000000000000e+01 nan
1.110000000000000000e+02 -5.000000000000000000e+01 nan
1.110000000000000000e+02 -4.900000000000000000e+01 nan
1.110000000000000000e+02 -4.800000000000000000e+01 nan
1.110000000000000000e+02 -4.700000000000000000e+01 nan
1.110000000000000000e+02 -4.600000000000000000e+01 nan
1.110000000000000000e+02 -4.500000000000000000e+01 nan
1.120000000000000000e+02 -8.300000000000000000e+01 nan
1.120000000000000000e+02 -8.200000000000000000e+01 nan
1.120000000000000000e+02 -8.100000000000000000e+01 nan
1.120000000000000000e+02 -8.000000000000000000e+01 nan
1.120000000000000000e+02 -7.900000000000000000e+01 nan
1.120000000000000000e+02 -7.800000000000000000e+01 nan
1.120000000000000000e+02 -7.700000000000000000e+01 nan
1.120000000000000000e+02 -7.600000000000000000e+01 nan
1.120000000000000000e+02 -7.500000000000000000e+01 nan
1.120000000000000000e+02 -7.400000000000000000e+01 nan
1.120000000000000000e+02 -7.300000000000000000e+01 nan
1.120000000000000000e+02 -7.200000000000000000e+01 nan
1.120000000000000000e+02 -7.100000000000000000e+01 nan
1.120000000000000000e+02 -7.000000000000000000e+01 nan
1.120000000000000000e+02 -6.900000000000000000e+01 nan
1.120000000000000000e+02 -6.800000000000000000e+01 nan
1.120000000000000000e+02 -6.700000000000000000e+01 nan
1.120000000000000000e+02 -6.600000000000000000e+01 nan
1.120000000000000000e+02 -6.500000000000000000e+01 nan
1.120000000000000000e+02 -6.400000000000000000e+01 nan
1.120000000000000000e+02 -6.300000000000000000e+01 nan
1.120000000000000000e+02 -6.200000000000000000e+01 nan
1.120000000000000000e+02 -6.100000000000000000e+01 nan
1.120000000000000000e+02 -6.000000000000000000e+01 1.738901659560707635e+00
1.120000000000000000e+02 -5.900000000000000000e+01 1.736894786721700612e+00
1.120000000000000000e+02 -5.800000000000000000e+01 1.728509404190379017e+00
1.120000000000000000e+02 -5.700000000000000000e+01 1.609576698969440889e+00
1.120000000000000000e+02 -5.600000000000000000e+01 1.570158519298096689e+00
1.120000000000000000e+02 -5.500000000000000000e+01 1.569274822576173678e+00
1.120000000000000000e+02 -5.400000000000000000e+01 1.616392481821133265e+00
1.120000000000000000e+02 -5.300000000000000000e+01 1.983986016371500849e+00
1.120000000000000000e+02 -5.200000000000000000e+01 2.025752645944375541e+00
1.120000000000000000e+02 -5.100000000000000000e+01 2.003325709446115876e+00
1.120000000000000000e+02 -5.000000000000000000e+01 1.901460636213412325e+00
1.120000000000000000e+02 -4.900000000000000000e+01 2.058632456065997651e+00
1.120000000000000000e+02 -4.800000000000000000e+01 2.112568399360331917e+00
1.120000000000000000e+02 -4.700000000000000000e+01 2.111631174345087292e+00
1.120000000000000000e+02 -4.600000000000000000e+01 2.063494740154615315e+00
1.120000000000000000e+02 -4.500000000000000000e+01 nan
1.130000000000000000e+02 -8.300000000000000000e+01 nan
1.130000000000000000e+02 -8.200000000000000000e+01 nan
1.130000000000000000e+02 -8.100000000000000000e+01 nan
1.130000000000000000e+02 -8.000000000000000000e+01 nan
1.130000000000000000e+02 -7.900000000000000000e+01 nan
1.130000000000000000e+02 -7.800000000000000000e+01 nan
1.130000000000000000e+02 -7.700000000000000000e+01 nan
1.130000000000000000e+02 -7.600000000000000000e+01 nan
1.130000000000000000e+02 -7.500000000000000000e+01 nan
1.130000000000000000e+02 -7.400000000000000000e+01 nan
1.130000000000000000e+02 -7.300000000000000000e+01 nan
1.130000000000000000e+02 -7.200000000000000000e+01 nan
1.130000000000000000e+02 -7.100000000000000000e+01 nan
1.130000000000000000e+02 -7.000000000000000000e+01 nan
1.130000000000000000e+02 -6.900000000000000000e+01 nan
1.130000000000000000e+02 -6.800000000000000000e+01 nan
1.130000000000000000e+02 -6.700000000000000000e+01 nan
1.130000000000000000e+02 -6.600000000000000000e+01 nan
1.130000000000000000e+02 -6.500000000000000000e+01 nan
1.130000000000000000e+02 -6.400000000000000000e+01 nan
1.130000000000000000e+02 -6.300000000000000000e+01 nan
1.130000000000000000e+02 -6.200000000000000000e+01 nan
1.130000000000000000e+02 -6.100000000000000000e+01 nan
1.130000000000000000e+02 -6.000000000000000000e+01 nan
1.130000000000000000e+02 -5.900000000000000000e+01 nan
1.130000000000000000e+02 -5.800000000000000000e+01 nan
1.130000000000000000e+02 -5.700000000000000000e+01 nan
1.130000000000000000e+02 -5.600000000000000000e+01 nan
1.130000000000000000e+02 -5.500000000000000000e+01 nan
1.130000000000000000e+02 -5.400000000000000000e+01 1.974277012118554442e+00
1.130000000000000000e+02 -5.300000000000000000e+01 2.017800080434325238e+00
1.130000000000000000e+02 -5.200000000000000000e+01 2.026171467978904683e+00
1.130000000000000000e+02 -5.100000000000000000e+01 2.003325709446115876e+00
1.130000000000000000e+02 -5.000000000000000000e+01 1.901460636213412325e+00
1.130000000000000000e+02 -4.900000000000000000e+01 2.058632456065997651e+00
1.130000000000000000e+02 -4.800000000000000000e+01 2.112568399360331917e+00
1.130000000000000000e+02 -4.700000000000000000e+01 2.111631174345087292e+00
1.130000000000000000e+02 -4.600000000000000000e+01 2.063494740154615315e+00
1.130000000000000000e+02 -4.500000000000000000e+01 nan
