Longitude[deg], Latitude[deg], Dust optical depth
-6.000000000000000000e+01 -1.400000000000000000e+01 nan
-6.000000000000000000e+01 -1.300000000000000000e+01 nan
-6.000000000000000000e+01 -1.200000000000000000e+01 nan
-6.000000000000000000e+01 -1.100000000000000000e+01 nan
-6.000000000000000000e+01 -1.000000000000000000e+01 nan
-6.000000000000000000e+01 -9.000000000000000000e+00 nan
-6.000000000000000000e+01 -8.000000000000000000e+00 nan
-6.000000000000000000e+01 -7.000000000000000000e+00 nan
-6.000000000000000000e+01 -6.000000000000000000e+00 nan
-6.000000000000000000e+01 -5.000000000000000000e+00 nan
-6.000000000000000000e+01 -4.000000000000000000e+00 nan
-6.000000000000000000e+01 -3.000000000000000000e+00 nan
-6.000000000000000000e+01 -2.000000000000000000e+00 nan
-6.000000000000000000e+01 -1.000000000000000000e+00 nan
-6.000000000000000000e+01 0.000000000000000000e+00 nan
-6.000000000000000000e+01 1.000000000000000000e+00 nan
-6.000000000000000000e+01 2.000000000000000000e+00 5.601476647545904797e+00
-6.000000000000000000e+01 3.000000000000000000e+00 5.666994813249318419e+00
-6.000000000000000000e+01 4.000000000000000000e+00 5.769030777483545869e+00
-6.000000000000000000e+01 5.000000000000000000e+00 5.699761082735165907e+00
-6.000000000000000000e+01 6.000000000000000000e+00 5.630976061898434359e+00
-6.000000000000000000e+01 7.000000000000000000e+00 nan
-5.900000000000000000e+01 -1.400000000000000000e+01 nan
-5.900000000000000000e+01 -1.300000000000000000e+01 nan
-5.900000000000000000e+01 -1.200000000000000000e+01 nan
-5.900000000000000000e+01 -1.100000000000000000e+01 nan
-5.900000000000000000e+01 -1.000000000000000000e+01 6.153989842218160256e+00
-5.900000000000000000e+01 -9.000000000000000000e+00 6.008781720179003472e+00
-5.900000000000000000e+01 -8.000000000000000000e+00 6.008047332729967493e+00
-5.900000000000000000e+01 -7.000000000000000000e+00 5.937798475186372826e+00
-5.900000000000000000e+01 -6.000000000000000000e+00 5.779630505948261110e+00
-5.900000000000000000e+01 -5.000000000000000000e+00 5.883888396920750274e+00
-5.900000000000000000e+01 -4.000000000000000000e+00 5.931962651015786570e+00
-5.900000000000000000e+01 -3.000000000000000000e+00 5.774746598653904606e+00
-5.900000000000000000e+01 -2.000000000000000000e+00 5.729161914429973912e+00
-5.900000000000000000e+01 -1.000000000000000000e+00 5.660244918898944100e+00
-5.900000000000000000e+01 0.000000000000000000e+00 5.596276303261570995e+00
-5.900000000000000000e+01 1.000000000000000000e+00 5.586285372724817400e+00
-5.900000000000000000e+01 2.000000000000000000e+00 5.607055742715070679e+00
-5.900000000000000000e+01 3.000000000000000000e+00 5.640041152271027869e+00
-5.900000000000000000e+01 4.000000000000000000e+00 5.695428183523533860e+00
-5.900000000000000000e+01 5.000000000000000000e+00 5.724506567503701682e+00
-5.900000000000000000e+01 6.000000000000000000e+00 5.714490935199576072e+00
-5.900000000000000000e+01 7.000000000000000000e+00 5.553247230872205620e+00
-5.800000000000000000e+01 -1.400000000000000000e+01 6.612565529704494516e+00
-5.800000000000000000e+01 -1.300000000000000000e+01 6.476090925932322051e+00
-5.800000000000000000e+01 -1.200000000000000000e+01 6.415313014534695490e+00
-5.800000000000000000e+01 -1.100000000000000000e+01 6.357388870954178373e+00
-5.800000000000000000e+01 -1.000000000000000000e+01 6.221032808390855706e+00
-5.800000000000000000e+01 -9.000000000000000000e+00 6.056793516281387291e+00
-5.800000000000000000e+01 -8.000000000000000000e+00 6.017588559352211597e+00
-5.800000000000000000e+01 -7.000000000000000000e+00 5.909243522084689282e+00
-5.800000000000000000e+01 -6.000000000000000000e+00 5.843908945350314355e+00
-5.800000000000000000e+01 -5.000000000000000000e+00 5.920159471192005363e+00
-5.800000000000000000e+01 -4.000000000000000000e+00 5.949404208974172548e+00
-5.800000000000000000e+01 -3.000000000000000000e+00 5.827404413222661006e+00
-5.800000000000000000e+01 -2.000000000000000000e+00 5.709037722592771757e+00
-5.800000000000000000e+01 -1.000000000000000000e+00 5.612484692481503501e+00
-5.800000000000000000e+01 0.000000000000000000e+00 5.586393865217388566e+00
-5.800000000000000000e+01 1.000000000000000000e+00 5.588391114708636032e+00
-5.800000000000000000e+01 2.000000000000000000e+00 5.571593177730640001e+00
-5.800000000000000000e+01 3.000000000000000000e+00 5.577627976353292993e+00
-5.800000000000000000e+01 4.000000000000000000e+00 5.596371698544191808e+00
-5.800000000000000000e+01 5.000000000000000000e+00 5.687916724360184695e+00
-5.800000000000000000e+01 6.000000000000000000e+00 5.705214022443615640e+00
-5.800000000000000000e+01 7.000000000000000000e+00 5.548763440036481143e+00
-5.700000000000000000e+01 -1.400000000000000000e+01 6.470808131712100675e+00
-5.700000000000000000e+01 -1.300000000000000000e+01 6.402521865554013480e+00
-5.700000000000000000e+01 -1.200000000000000000e+01 6.359024335802115679e+00
-5.700000000000000000e+01 -1.100000000000000000e+01 6.313603614936047492e+00
-5.700000000000000000e+01 -1.000000000000000000e+01 6.167873174521736779e+00
-5.700000000000000000e+01 -9.000000000000000000e+00 6.056474173895134427e+00
-5.700000000000000000e+01 -8.000000000000000000e+00 6.043287857263986318e+00
-5.700000000000000000e+01 -7.000000000000000000e+00 5.932268239026527112e+00
-5.700000000000000000e+01 -6.000000000000000000e+00 5.870028588022512928e+00
-5.700000000000000000e+01 -5.000000000000000000e+00 5.930368568108113081e+00
-5.700000000000000000e+01 -4.000000000000000000e+00 5.952431786978473305e+00
-5.700000000000000000e+01 -3.000000000000000000e+00 5.831732641332991740e+00
-5.700000000000000000e+01 -2.000000000000000000e+00 5.700371719249164748e+00
-5.700000000000000000e+01 -1.000000000000000000e+00 5.584673346683246997e+00
-5.700000000000000000e+01 0.000000000000000000e+00 5.587358796984850606e+00
-5.700000000000000000e+01 1.000000000000000000e+00 5.618197559196615565e+00
-5.700000000000000000e+01 2.000000000000000000e+00 5.578879468615792092e+00
-5.700000000000000000e+01 3.000000000000000000e+00 5.543704883183619536e+00
-5.700000000000000000e+01 4.000000000000000000e+00 5.532887553083887688e+00
-5.700000000000000000e+01 5.000000000000000000e+00 5.616288604655432337e+00
-5.700000000000000000e+01 6.000000000000000000e+00 5.637551753185380043e+00
-5.700000000000000000e+01 7.000000000000000000e+00 5.549480161437054804e+00
-5.600000000000000000e+01 -1.400000000000000000e+01 6.397714330689377782e+00
-5.600000000000000000e+01 -1.300000000000000000e+01 6.294005370800317856e+00
-5.600000000000000000e+01 -1.200000000000000000e+01 6.295384313797764975e+00
-5.600000000000000000e+01 -1.100000000000000000e+01 6.273360201552130810e+00
-5.600000000000000000e+01 -1.000000000000000000e+01 6.120887437170627443e+00
-5.600000000000000000e+01 -9.000000000000000000e+00 6.040113581589340974e+00
-5.600000000000000000e+01 -8.000000000000000000e+00 6.089108447688227344e+00
-5.600000000000000000e+01 -7.000000000000000000e+00 5.972128719022626875e+00
-5.600000000000000000e+01 -6.000000000000000000e+00 5.883356315460878783e+00
-5.600000000000000000e+01 -5.000000000000000000e+00 5.935712458085814269e+00
-5.600000000000000000e+01 -4.000000000000000000e+00 5.949134199742753815e+00
-5.600000000000000000e+01 -3.000000000000000000e+00 5.811605877522407759e+00
-5.600000000000000000e+01 -2.000000000000000000e+00 5.703967825532823888e+00
-5.600000000000000000e+01 -1.000000000000000000e+00 5.636097705288412030e+00
-5.600000000000000000e+01 0.000000000000000000e+00 5.624370945449848058e+00
-5.600000000000000000e+01 1.000000000000000000e+00 5.672669566369021865e+00
-5.600000000000000000e+01 2.000000000000000000e+00 5.650260539606160926e+00
-5.600000000000000000e+01 3.000000000000000000e+00 5.583036930907264050e+00
-5.600000000000000000e+01 4.000000000000000000e+00 5.506377348689245999e+00
-5.600000000000000000e+01 5.000000000000000000e+00 5.578134035688566250e+00
-5.600000000000000000e+01 6.000000000000000000e+00 5.596205073367126026e+00
-5.600000000000000000e+01 7.000000000000000000e+00 nan
