Longitude[deg], Latitude[deg], Dust optical depth
-1.200000000000000000e+01 -3.200000000000000000e+01 nan
-1.200000000000000000e+01 -3.100000000000000000e+01 nan
-1.200000000000000000e+01 -3.000000000000000000e+01 nan
-1.200000000000000000e+01 -2.900000000000000000e+01 nan
-1.200000000000000000e+01 -2.800000000000000000e+01 nan
-1.200000000000000000e+01 -2.700000000000000000e+01 nan
-1.200000000000000000e+01 -2.600000000000000000e+01 nan
-1.200000000000000000e+01 -2.500000000000000000e+01 nan
-1.200000000000000000e+01 -2.400000000000000000e+01 nan
-1.200000000000000000e+01 -2.300000000000000000e+01 nan
-1.200000000000000000e+01 -2.200000000000000000e+01 nan
-1.200000000000000000e+01 -2.100000000000000000e+01 nan
-1.200000000000000000e+01 -2.000000000000000000e+01 nan
-1.200000000000000000e+01 -1.900000000000000000e+01 nan
-1.200000000000000000e+01 -1.800000000000000000e+01 nan
-1.200000000000000000e+01 -1.700000000000000000e+01 nan
-1.200000000000000000e+01 -1.600000000000000000e+01 nan
-1.200000000000000000e+01 -1.500000000000000000e+01 nan
-1.200000000000000000e+01 -1.400000000000000000e+01 nan
-1.200000000000000000e+01 -1.300000000000000000e+01 nan
-1.200000000000000000e+01 -1.200000000000000000e+01 nan
-1.200000000000000000e+01 -1.100000000000000000e+01 nan
-1.200000000000000000e+01 -1.000000000000000000e+01 nan
-1.200000000000000000e+01 -9.000000000000000000e+00 nan
-1.200000000000000000e+01 -8.000000000000000000e+00 nan
-1.200000000000000000e+01 -7.000000000000000000e+00 nan
-1.200000000000000000e+01 -6.000000000000000000e+00 nan
-1.200000000000000000e+01 -5.000000000000000000e+00 nan
-1.100000000000000000e+01 -3.200000000000000000e+01 1.399888658368000360e+00
-1.100000000000000000e+01 -3.100000000000000000e+01 1.406400122827963450e+00
-1.100000000000000000e+01 -3.000000000000000000e+01 1.344476019791833732e+00
-1.100000000000000000e+01 -2.900000000000000000e+01 1.358526298824978218e+00
-1.100000000000000000e+01 -2.800000000000000000e+01 1.420466626788334796e+00
-1.100000000000000000e+01 -2.700000000000000000e+01 1.454775157224805548e+00
-1.100000000000000000e+01 -2.600000000000000000e+01 1.440799990963177235e+00
-1.100000000000000000e+01 -2.500000000000000000e+01 1.387990924221632616e+00
-1.100000000000000000e+01 -2.400000000000000000e+01 1.418351435229617596e+00
-1.100000000000000000e+01 -2.300000000000000000e+01 1.417677253909668922e+00
-1.100000000000000000e+01 -2.200000000000000000e+01 1.451630954626647263e+00
-1.100000000000000000e+01 -2.100000000000000000e+01 1.530593197120531546e+00
-1.100000000000000000e+01 -2.000000000000000000e+01 1.525503403414275150e+00
-1.100000000000000000e+01 -1.900000000000000000e+01 1.295648522241890976e+00
-1.100000000000000000e+01 -1.800000000000000000e+01 1.260197186187984375e+00
-1.100000000000000000e+01 -1.700000000000000000e+01 1.260524763595773257e+00
-1.100000000000000000e+01 -1.600000000000000000e+01 1.261658949000013852e+00
-1.100000000000000000e+01 -1.500000000000000000e+01 1.171951176293573038e+00
-1.100000000000000000e+01 -1.400000000000000000e+01 1.198912888432262402e+00
-1.100000000000000000e+01 -1.300000000000000000e+01 1.217074072276240537e+00
-1.100000000000000000e+01 -1.200000000000000000e+01 1.165030660184958267e+00
-1.100000000000000000e+01 -1.100000000000000000e+01 1.221746219076117246e+00
-1.100000000000000000e+01 -1.000000000000000000e+01 1.254591889799473892e+00
-1.100000000000000000e+01 -9.000000000000000000e+00 1.377302949242577235e+00
-1.100000000000000000e+01 -8.000000000000000000e+00 1.323858270864946896e+00
-1.100000000000000000e+01 -7.000000000000000000e+00 1.304717694134089667e+00
-1.100000000000000000e+01 -6.000000000000000000e+00 1.239170616774136091e+00
-1.100000000000000000e+01 -5.000000000000000000e+00 nan
-1.000000000000000000e+01 -3.200000000000000000e+01 1.399888658368000360e+00
-1.000000000000000000e+01 -3.100000000000000000e+01 1.406400122827963450e+00
-1.000000000000000000e+01 -3.000000000000000000e+01 1.344476019791833732e+00
-1.000000000000000000e+01 -2.900000000000000000e+01 1.358526298824978218e+00
-1.000000000000000000e+01 -2.800000000000000000e+01 1.420466626788334796e+00
-1.000000000000000000e+01 -2.700000000000000000e+01 1.454775157224805548e+00
-1.000000000000000000e+01 -2.600000000000000000e+01 1.440799990963177235e+00
-1.000000000000000000e+01 -2.500000000000000000e+01 1.387990924221632616e+00
-1.000000000000000000e+01 -2.400000000000000000e+01 1.418351435229617596e+00
-1.000000000000000000e+01 -2.300000000000000000e+01 1.417677253909668922e+00
-1.000000000000000000e+01 -2.200000000000000000e+01 1.451630954626647263e+00
-1.000000000000000000e+01 -2.100000000000000000e+01 1.530593197120531546e+00
-1.000000000000000000e+01 -2.000000000000000000e+01 1.525503403414275150e+00
-1.000000000000000000e+01 -1.900000000000000000e+01 1.295648522241890976e+00
-1.000000000000000000e+01 -1.800000000000000000e+01 1.260197186187984375e+00
-1.000000000000000000e+01 -1.700000000000000000e+01 1.260524763595773257e+00
-1.000000000000000000e+01 -1.600000000000000000e+01 1.261658949000013852e+00
-1.000000000000000000e+01 -1.500000000000000000e+01 1.171951176293573038e+00
-1.000000000000000000e+01 -1.400000000000000000e+01 1.198912888432262402e+00
-1.000000000000000000e+01 -1.300000000000000000e+01 1.217074072276240537e+00
-1.000000000000000000e+01 -1.200000000000000000e+01 1.165030660184958267e+00
-1.000000000000000000e+01 -1.100000000000000000e+01 1.221746219076117246e+00
-1.000000000000000000e+01 -1.000000000000000000e+01 1.254591889799473892e+00
-1.000000000000000000e+01 -9.000000000000000000e+00 1.377302949242577235e+00
-1.000000000000000000e+01 -8.000000000000000000e+00 1.324129691770820960e+00
-1.000000000000000000e+01 -7.000000000000000000e+00 1.305900601013788798e+00
-1.000000000000000000e+01 -6.000000000000000000e+00 1.239170616774136091e+00
-1.000000000000000000e+01 -5.000000000000000000e+00 nan
