Longitude[deg], Latitude[deg], Dust optical depth
-4.300000000000000000e+01 -1.000000000000000000e+00 nan
-4.300000000000000000e+01 0.000000000000000000e+00 nan
-4.300000000000000000e+01 1.000000000000000000e+00 nan
-4.300000000000000000e+01 2.000000000000000000e+00 nan
-4.300000000000000000e+01 3.000000000000000000e+00 nan
-4.300000000000000000e+01 4.000000000000000000e+00 nan
-4.300000000000000000e+01 5.000000000000000000e+00 nan
-4.300000000000000000e+01 6.000000000000000000e+00 nan
-4.300000000000000000e+01 7.000000000000000000e+00 1.528964932920038100e+00
-4.300000000000000000e+01 8.000000000000000000e+00 1.591588325819039973e+00
-4.300000000000000000e+01 9.000000000000000000e+00 1.624183900923130919e+00
-4.300000000000000000e+01 1.000000000000000000e+01 1.631147834791672802e+00
-4.300000000000000000e+01 1.100000000000000000e+01 1.590540601952445066e+00
-4.300000000000000000e+01 1.200000000000000000e+01 1.580765550670551134e+00
-4.300000000000000000e+01 1.300000000000000000e+01 1.580272190912030306e+00
-4.300000000000000000e+01 1.400000000000000000e+01 1.582587065747044219e+00
-4.300000000000000000e+01 1.500000000000000000e+01 1.626987619291026865e+00
-4.200000000000000000e+01 -1.000000000000000000e+00 1.372965876547639130e+00
-4.200000000000000000e+01 0.000000000000000000e+00 1.341227668484697766e+00
-4.200000000000000000e+01 1.000000000000000000e+00 1.330622181228973355e+00
-4.200000000000000000e+01 2.000000000000000000e+00 1.333106713067825355e+00
-4.200000000000000000e+01 3.000000000000000000e+00 1.344168605611644640e+00
-4.200000000000000000e+01 4.000000000000000000e+00 1.384948870301662804e+00
-4.200000000000000000e+01 5.000000000000000000e+00 1.378357753515161654e+00
-4.200000000000000000e+01 6.000000000000000000e+00 1.424278197196417350e+00
-4.200000000000000000e+01 7.000000000000000000e+00 1.490101140628733001e+00
-4.200000000000000000e+01 8.000000000000000000e+00 1.541616843612832577e+00
-4.200000000000000000e+01 9.000000000000000000e+00 1.584817652457038761e+00
-4.200000000000000000e+01 1.000000000000000000e+01 1.602611451390816955e+00
-4.200000000000000000e+01 1.100000000000000000e+01 1.563152407222645701e+00
-4.200000000000000000e+01 1.200000000000000000e+01 1.555583100357478932e+00
-4.200000000000000000e+01 1.300000000000000000e+01 1.566867135731621952e+00
-4.200000000000000000e+01 1.400000000000000000e+01 1.563574383482117858e+00
-4.200000000000000000e+01 1.500000000000000000e+01 1.578554648959864082e+00
-4.100000000000000000e+01 -1.000000000000000000e+00 1.383779273967214341e+00
-4.100000000000000000e+01 0.000000000000000000e+00 1.344044652576047882e+00
-4.100000000000000000e+01 1.000000000000000000e+00 1.330180557812272069e+00
-4.100000000000000000e+01 2.000000000000000000e+00 1.333876449410493326e+00
-4.100000000000000000e+01 3.000000000000000000e+00 1.344996145223492201e+00
-4.100000000000000000e+01 4.000000000000000000e+00 1.388624594038289528e+00
-4.100000000000000000e+01 5.000000000000000000e+00 1.388123992606880464e+00
-4.100000000000000000e+01 6.000000000000000000e+00 1.424996649671134596e+00
-4.100000000000000000e+01 7.000000000000000000e+00 1.481693590233019719e+00
-4.100000000000000000e+01 8.000000000000000000e+00 1.547456918190005526e+00
-4.100000000000000000e+01 9.000000000000000000e+00 1.566154661229171019e+00
-4.100000000000000000e+01 1.000000000000000000e+01 1.591242636735038962e+00
-4.100000000000000000e+01 1.100000000000000000e+01 1.551339645708315729e+00
-4.100000000000000000e+01 1.200000000000000000e+01 1.541134708934611242e+00
-4.100000000000000000e+01 1.300000000000000000e+01 1.553843781596411233e+00
-4.100000000000000000e+01 1.400000000000000000e+01 1.549956187633874105e+00
-4.100000000000000000e+01 1.500000000000000000e+01 1.488578485202483703e+00
-4.000000000000000000e+01 -1.000000000000000000e+00 1.394458502552209600e+00
-4.000000000000000000e+01 0.000000000000000000e+00 1.349202097767980835e+00
-4.000000000000000000e+01 1.000000000000000000e+00 1.329572471919082233e+00
-4.000000000000000000e+01 2.000000000000000000e+00 1.335457329486268385e+00
-4.000000000000000000e+01 3.000000000000000000e+00 1.346215689915869262e+00
-4.000000000000000000e+01 4.000000000000000000e+00 1.395192052495031421e+00
-4.000000000000000000e+01 5.000000000000000000e+00 1.406121347883136252e+00
-4.000000000000000000e+01 6.000000000000000000e+00 1.425648331450403372e+00
-4.000000000000000000e+01 7.000000000000000000e+00 1.480574857764020091e+00
-4.000000000000000000e+01 8.000000000000000000e+00 1.562940919360466641e+00
-4.000000000000000000e+01 9.000000000000000000e+00 1.556385134606059539e+00
-4.000000000000000000e+01 1.000000000000000000e+01 1.561649516680210459e+00
-4.000000000000000000e+01 1.100000000000000000e+01 1.539063044237142908e+00
-4.000000000000000000e+01 1.200000000000000000e+01 1.489884751900028226e+00
-4.000000000000000000e+01 1.300000000000000000e+01 1.494772632194732775e+00
-4.000000000000000000e+01 1.400000000000000000e+01 1.531277317159081219e+00
-4.000000000000000000e+01 1.500000000000000000e+01 nan
