Longitude[deg], Latitude[deg], Dust optical depth
2.100000000000000000e+01 -5.000000000000000000e+00 1.695233373025445411e+00
2.100000000000000000e+01 -4.000000000000000000e+00 1.924079490322444075e+00
2.100000000000000000e+01 -3.000000000000000000e+00 2.521445174031906156e+00
2.100000000000000000e+01 -2.000000000000000000e+00 2.743102628736225679e+00
2.100000000000000000e+01 -1.000000000000000000e+00 2.730624794313614601e+00
2.100000000000000000e+01 0.000000000000000000e+00 2.500789881860969732e+00
2.100000000000000000e+01 1.000000000000000000e+00 2.398245613438178658e+00
2.100000000000000000e+01 2.000000000000000000e+00 2.174274671226244848e+00
2.100000000000000000e+01 3.000000000000000000e+00 2.147284766403083633e+00
2.100000000000000000e+01 4.000000000000000000e+00 2.341935991909952719e+00
2.100000000000000000e+01 5.000000000000000000e+00 2.246533369163954408e+00
2.100000000000000000e+01 6.000000000000000000e+00 2.011433616532060764e+00
2.100000000000000000e+01 7.000000000000000000e+00 2.040878415386759848e+00
2.100000000000000000e+01 8.000000000000000000e+00 2.078844421559923550e+00
2.100000000000000000e+01 9.000000000000000000e+00 1.898536662329683544e+00
2.100000000000000000e+01 1.000000000000000000e+01 1.783993936580773543e+00
2.100000000000000000e+01 1.100000000000000000e+01 1.783793778271510977e+00
2.200000000000000000e+01 -5.000000000000000000e+00 1.719694817896340711e+00
2.200000000000000000e+01 -4.000000000000000000e+00 1.931457014682585793e+00
2.200000000000000000e+01 -3.000000000000000000e+00 2.583281553777502904e+00
2.200000000000000000e+01 -2.000000000000000000e+00 2.735621846356074638e+00
2.200000000000000000e+01 -1.000000000000000000e+00 2.716431587575792950e+00
2.200000000000000000e+01 0.000000000000000000e+00 2.513777058222460337e+00
2.200000000000000000e+01 1.000000000000000000e+00 2.415362326166376139e+00
2.200000000000000000e+01 2.000000000000000000e+00 2.216305013588685036e+00
2.200000000000000000e+01 3.000000000000000000e+00 2.153934087557153987e+00
2.200000000000000000e+01 4.000000000000000000e+00 2.233755888166231607e+00
2.200000000000000000e+01 5.000000000000000000e+00 2.251430976729233535e+00
2.200000000000000000e+01 6.000000000000000000e+00 2.009150230306418372e+00
2.200000000000000000e+01 7.000000000000000000e+00 2.009096948303713770e+00
2.200000000000000000e+01 8.000000000000000000e+00 2.051924979440070462e+00
2.200000000000000000e+01 9.000000000000000000e+00 1.832146150808288132e+00
2.200000000000000000e+01 1.000000000000000000e+01 1.729880000696700337e+00
2.200000000000000000e+01 1.100000000000000000e+01 1.493891281551613881e+00
2.300000000000000000e+01 -5.000000000000000000e+00 1.722663984081828525e+00
2.300000000000000000e+01 -4.000000000000000000e+00 1.941627515755395939e+00
2.300000000000000000e+01 -3.000000000000000000e+00 2.610619421427140985e+00
2.300000000000000000e+01 -2.000000000000000000e+00 2.731353295416250493e+00
2.300000000000000000e+01 -1.000000000000000000e+00 2.704465548914663398e+00
2.300000000000000000e+01 0.000000000000000000e+00 2.518319961460975254e+00
2.300000000000000000e+01 1.000000000000000000e+00 2.420634286881876651e+00
2.300000000000000000e+01 2.000000000000000000e+00 2.228683713299008939e+00
2.300000000000000000e+01 3.000000000000000000e+00 2.156753038402283273e+00
2.300000000000000000e+01 4.000000000000000000e+00 2.200442659816964852e+00
2.300000000000000000e+01 5.000000000000000000e+00 2.256104055278127518e+00
2.300000000000000000e+01 6.000000000000000000e+00 2.007615094345079676e+00
2.300000000000000000e+01 7.000000000000000000e+00 2.002106502393648846e+00
2.300000000000000000e+01 8.000000000000000000e+00 1.867462643519587795e+00
2.300000000000000000e+01 9.000000000000000000e+00 1.821221500454711206e+00
2.300000000000000000e+01 1.000000000000000000e+01 1.567629789788332229e+00
2.300000000000000000e+01 1.100000000000000000e+01 1.221855910486204788e+00
2.400000000000000000e+01 -5.000000000000000000e+00 1.735746257807322612e+00
2.400000000000000000e+01 -4.000000000000000000e+00 2.222105994534638196e+00
2.400000000000000000e+01 -3.000000000000000000e+00 2.862363945313250557e+00
2.400000000000000000e+01 -2.000000000000000000e+00 2.692937815428583903e+00
2.400000000000000000e+01 -1.000000000000000000e+00 2.673001823759522999e+00
2.400000000000000000e+01 0.000000000000000000e+00 2.624787616117974398e+00
2.400000000000000000e+01 1.000000000000000000e+00 2.483682150813207201e+00
2.400000000000000000e+01 2.000000000000000000e+00 2.457986034260940755e+00
2.400000000000000000e+01 3.000000000000000000e+00 nan
2.400000000000000000e+01 4.000000000000000000e+00 nan
2.400000000000000000e+01 5.000000000000000000e+00 nan
2.400000000000000000e+01 6.000000000000000000e+00 nan
2.400000000000000000e+01 7.000000000000000000e+00 nan
2.400000000000000000e+01 8.000000000000000000e+00 nan
2.400000000000000000e+01 9.000000000000000000e+00 nan
2.400000000000000000e+01 1.000000000000000000e+01 nan
2.400000000000000000e+01 1.100000000000000000e+01 nan
