Longitude[deg], Latitude[deg], Dust optical depth
-1.610000000000000000e+02 -1.800000000000000000e+01 nan
-1.610000000000000000e+02 -1.700000000000000000e+01 nan
-1.610000000000000000e+02 -1.600000000000000000e+01 nan
-1.610000000000000000e+02 -1.500000000000000000e+01 nan
-1.610000000000000000e+02 -1.400000000000000000e+01 nan
-1.610000000000000000e+02 -1.300000000000000000e+01 nan
-1.610000000000000000e+02 -1.200000000000000000e+01 nan
-1.610000000000000000e+02 -1.100000000000000000e+01 nan
-1.610000000000000000e+02 -1.000000000000000000e+01 nan
-1.610000000000000000e+02 -9.000000000000000000e+00 nan
-1.610000000000000000e+02 -8.000000000000000000e+00 nan
-1.610000000000000000e+02 -7.000000000000000000e+00 nan
-1.610000000000000000e+02 -6.000000000000000000e+00 nan
-1.610000000000000000e+02 -5.000000000000000000e+00 nan
-1.610000000000000000e+02 -4.000000000000000000e+00 nan
-1.610000000000000000e+02 -3.000000000000000000e+00 nan
-1.610000000000000000e+02 -2.000000000000000000e+00 nan
-1.610000000000000000e+02 -1.000000000000000000e+00 4.210621978888028138e+00
-1.610000000000000000e+02 0.000000000000000000e+00 4.220093368109023579e+00
-1.610000000000000000e+02 1.000000000000000000e+00 4.395436610375267783e+00
-1.610000000000000000e+02 2.000000000000000000e+00 4.465072247258143001e+00
-1.610000000000000000e+02 3.000000000000000000e+00 nan
-1.600000000000000000e+02 -1.800000000000000000e+01 nan
-1.600000000000000000e+02 -1.700000000000000000e+01 nan
-1.600000000000000000e+02 -1.600000000000000000e+01 nan
-1.600000000000000000e+02 -1.500000000000000000e+01 nan
-1.600000000000000000e+02 -1.400000000000000000e+01 nan
-1.600000000000000000e+02 -1.300000000000000000e+01 5.008690631578557095e+00
-1.600000000000000000e+02 -1.200000000000000000e+01 4.952699878301144665e+00
-1.600000000000000000e+02 -1.100000000000000000e+01 4.726537177661680467e+00
-1.600000000000000000e+02 -1.000000000000000000e+01 4.493801365040729578e+00
-1.600000000000000000e+02 -9.000000000000000000e+00 4.242810109434183907e+00
-1.600000000000000000e+02 -8.000000000000000000e+00 4.154306555185085514e+00
-1.600000000000000000e+02 -7.000000000000000000e+00 4.268924383915307708e+00
-1.600000000000000000e+02 -6.000000000000000000e+00 4.344318327258198664e+00
-1.600000000000000000e+02 -5.000000000000000000e+00 4.348622776487896857e+00
-1.600000000000000000e+02 -4.000000000000000000e+00 4.324194843932107624e+00
-1.600000000000000000e+02 -3.000000000000000000e+00 4.352396398876551054e+00
-1.600000000000000000e+02 -2.000000000000000000e+00 4.286339027132497037e+00
-1.600000000000000000e+02 -1.000000000000000000e+00 4.285306529696136124e+00
-1.600000000000000000e+02 0.000000000000000000e+00 4.299532784148807352e+00
-1.600000000000000000e+02 1.000000000000000000e+00 4.385770208726164299e+00
-1.600000000000000000e+02 2.000000000000000000e+00 4.512796440940586962e+00
-1.600000000000000000e+02 3.000000000000000000e+00 nan
-1.590000000000000000e+02 -1.800000000000000000e+01 5.419868379987941687e+00
-1.590000000000000000e+02 -1.700000000000000000e+01 5.487647696108869155e+00
-1.590000000000000000e+02 -1.600000000000000000e+01 5.400604563443708095e+00
-1.590000000000000000e+02 -1.500000000000000000e+01 5.351817237252712189e+00
-1.590000000000000000e+02 -1.400000000000000000e+01 5.205833351244121943e+00
-1.590000000000000000e+02 -1.300000000000000000e+01 4.964875244055596326e+00
-1.590000000000000000e+02 -1.200000000000000000e+01 4.835350933601080037e+00
-1.590000000000000000e+02 -1.100000000000000000e+01 4.733575310746710230e+00
-1.590000000000000000e+02 -1.000000000000000000e+01 4.495771029913174566e+00
-1.590000000000000000e+02 -9.000000000000000000e+00 4.304774219704142979e+00
-1.590000000000000000e+02 -8.000000000000000000e+00 4.217191870826287214e+00
-1.590000000000000000e+02 -7.000000000000000000e+00 4.265325179018427448e+00
-1.590000000000000000e+02 -6.000000000000000000e+00 4.327645261604390114e+00
-1.590000000000000000e+02 -5.000000000000000000e+00 4.361541161263255084e+00
-1.590000000000000000e+02 -4.000000000000000000e+00 4.366229345909103721e+00
-1.590000000000000000e+02 -3.000000000000000000e+00 4.389096367409292654e+00
-1.590000000000000000e+02 -2.000000000000000000e+00 4.374841592111667232e+00
-1.590000000000000000e+02 -1.000000000000000000e+00 4.385951681759055809e+00
-1.590000000000000000e+02 0.000000000000000000e+00 4.372640871497107895e+00
-1.590000000000000000e+02 1.000000000000000000e+00 4.379998925694317258e+00
-1.590000000000000000e+02 2.000000000000000000e+00 4.485413583623507172e+00
-1.590000000000000000e+02 3.000000000000000000e+00 nan
-1.580000000000000000e+02 -1.800000000000000000e+01 5.348071715078623001e+00
-1.580000000000000000e+02 -1.700000000000000000e+01 5.396984570913944346e+00
-1.580000000000000000e+02 -1.600000000000000000e+01 5.363675410369306285e+00
-1.580000000000000000e+02 -1.500000000000000000e+01 5.320886377854723293e+00
-1.580000000000000000e+02 -1.400000000000000000e+01 5.190564733749114090e+00
-1.580000000000000000e+02 -1.300000000000000000e+01 4.982228836655908211e+00
-1.580000000000000000e+02 -1.200000000000000000e+01 4.856735199265052039e+00
-1.580000000000000000e+02 -1.100000000000000000e+01 4.737919078608139323e+00
-1.580000000000000000e+02 -1.000000000000000000e+01 4.476135388215912947e+00
-1.580000000000000000e+02 -9.000000000000000000e+00 4.292541659932910925e+00
-1.580000000000000000e+02 -8.000000000000000000e+00 4.217587407190675819e+00
-1.580000000000000000e+02 -7.000000000000000000e+00 4.264049190381342669e+00
-1.580000000000000000e+02 -6.000000000000000000e+00 4.345558798302017856e+00
-1.580000000000000000e+02 -5.000000000000000000e+00 4.382692211863955301e+00
-1.580000000000000000e+02 -4.000000000000000000e+00 4.427298863698006848e+00
-1.580000000000000000e+02 -3.000000000000000000e+00 4.458598327820526563e+00
-1.580000000000000000e+02 -2.000000000000000000e+00 4.459673526355344642e+00
-1.580000000000000000e+02 -1.000000000000000000e+00 4.521019910827451582e+00
-1.580000000000000000e+02 0.000000000000000000e+00 4.503386823677526074e+00
-1.580000000000000000e+02 1.000000000000000000e+00 4.396640955880866564e+00
-1.580000000000000000e+02 2.000000000000000000e+00 4.420736726739231237e+00
-1.580000000000000000e+02 3.000000000000000000e+00 4.438184692039327750e+00
-1.570000000000000000e+02 -1.800000000000000000e+01 5.275530795094335090e+00
-1.570000000000000000e+02 -1.700000000000000000e+01 5.319524963281586416e+00
-1.570000000000000000e+02 -1.600000000000000000e+01 5.303918575114112244e+00
-1.570000000000000000e+02 -1.500000000000000000e+01 5.259801807339324675e+00
-1.570000000000000000e+02 -1.400000000000000000e+01 5.182270357590894605e+00
-1.570000000000000000e+02 -1.300000000000000000e+01 4.996684588770797575e+00
-1.570000000000000000e+02 -1.200000000000000000e+01 4.887125316123155372e+00
-1.570000000000000000e+02 -1.100000000000000000e+01 4.741893355566848101e+00
-1.570000000000000000e+02 -1.000000000000000000e+01 4.455607781934904033e+00
-1.570000000000000000e+02 -9.000000000000000000e+00 4.263533968606664004e+00
-1.570000000000000000e+02 -8.000000000000000000e+00 4.169550533333242548e+00
-1.570000000000000000e+02 -7.000000000000000000e+00 4.267296165705010580e+00
-1.570000000000000000e+02 -6.000000000000000000e+00 4.379737388551287580e+00
-1.570000000000000000e+02 -5.000000000000000000e+00 4.392373569274784728e+00
-1.570000000000000000e+02 -4.000000000000000000e+00 4.479582666382879275e+00
-1.570000000000000000e+02 -3.000000000000000000e+00 4.521126630674897839e+00
-1.570000000000000000e+02 -2.000000000000000000e+00 4.553769094980509635e+00
-1.570000000000000000e+02 -1.000000000000000000e+00 4.629121224423288439e+00
-1.570000000000000000e+02 0.000000000000000000e+00 4.622102388898291281e+00
-1.570000000000000000e+02 1.000000000000000000e+00 4.433491871665028228e+00
-1.570000000000000000e+02 2.000000000000000000e+00 4.367487592633107596e+00
-1.570000000000000000e+02 3.000000000000000000e+00 nan
-1.560000000000000000e+02 -1.800000000000000000e+01 nan
-1.560000000000000000e+02 -1.700000000000000000e+01 nan
-1.560000000000000000e+02 -1.600000000000000000e+01 nan
-1.560000000000000000e+02 -1.500000000000000000e+01 nan
-1.560000000000000000e+02 -1.400000000000000000e+01 nan
-1.560000000000000000e+02 -1.300000000000000000e+01 nan
-1.560000000000000000e+02 -1.200000000000000000e+01 nan
-1.560000000000000000e+02 -1.100000000000000000e+01 nan
-1.560000000000000000e+02 -1.000000000000000000e+01 nan
-1.560000000000000000e+02 -9.000000000000000000e+00 nan
-1.560000000000000000e+02 -8.000000000000000000e+00 nan
-1.560000000000000000e+02 -7.000000000000000000e+00 nan
-1.560000000000000000e+02 -6.000000000000000000e+00 nan
-1.560000000000000000e+02 -5.000000000000000000e+00 nan
-1.560000000000000000e+02 -4.000000000000000000e+00 nan
-1.560000000000000000e+02 -3.000000000000000000e+00 nan
-1.560000000000000000e+02 -2.000000000000000000e+00 nan
-1.560000000000000000e+02 -1.000000000000000000e+00 nan
-1.560000000000000000e+02 0.000000000000000000e+00 nan
-1.560000000000000000e+02 1.000000000000000000e+00 nan
-1.560000000000000000e+02 2.000000000000000000e+00 nan
-1.560000000000000000e+02 3.000000000000000000e+00 nan
