Longitude[deg], Latitude[deg], Dust optical depth
5.700000000000000000e+01 -2.800000000000000000e+01 nan
5.700000000000000000e+01 -2.700000000000000000e+01 nan
5.700000000000000000e+01 -2.600000000000000000e+01 nan
5.700000000000000000e+01 -2.500000000000000000e+01 nan
5.700000000000000000e+01 -2.400000000000000000e+01 nan
5.700000000000000000e+01 -2.300000000000000000e+01 nan
5.700000000000000000e+01 -2.200000000000000000e+01 nan
5.700000000000000000e+01 -2.100000000000000000e+01 1.461221202312047884e+00
5.700000000000000000e+01 -2.000000000000000000e+01 1.420351113904669171e+00
5.700000000000000000e+01 -1.900000000000000000e+01 1.198100158858930842e+00
5.700000000000000000e+01 -1.800000000000000000e+01 1.227052511258467593e+00
5.700000000000000000e+01 -1.700000000000000000e+01 1.411976722602825918e+00
5.700000000000000000e+01 -1.600000000000000000e+01 1.422060096419356379e+00
5.700000000000000000e+01 -1.500000000000000000e+01 1.314447778965159630e+00
5.700000000000000000e+01 -1.400000000000000000e+01 1.319196793176121707e+00
5.700000000000000000e+01 -1.300000000000000000e+01 1.232472984049107323e+00
5.700000000000000000e+01 -1.200000000000000000e+01 1.361938591191542036e+00
5.700000000000000000e+01 -1.100000000000000000e+01 1.428253247048899777e+00
5.700000000000000000e+01 -1.000000000000000000e+01 1.364128608523991870e+00
5.700000000000000000e+01 -9.000000000000000000e+00 1.446897698107419084e+00
5.700000000000000000e+01 -8.000000000000000000e+00 1.318896352481573553e+00
5.700000000000000000e+01 -7.000000000000000000e+00 1.283475754355849929e+00
5.700000000000000000e+01 -6.000000000000000000e+00 1.340428751349389325e+00
5.700000000000000000e+01 -5.000000000000000000e+00 1.382125864984975916e+00
5.700000000000000000e+01 -4.000000000000000000e+00 1.340180253704939206e+00
5.700000000000000000e+01 -3.000000000000000000e+00 1.370150942578511000e+00
5.700000000000000000e+01 -2.000000000000000000e+00 1.521118135856280862e+00
5.700000000000000000e+01 -1.000000000000000000e+00 nan
5.800000000000000000e+01 -2.800000000000000000e+01 1.393843341857383900e+00
5.800000000000000000e+01 -2.700000000000000000e+01 1.421669989743292950e+00
5.800000000000000000e+01 -2.600000000000000000e+01 1.356442032180951607e+00
5.800000000000000000e+01 -2.500000000000000000e+01 1.319196903645323271e+00
5.800000000000000000e+01 -2.400000000000000000e+01 1.547712058274061331e+00
5.800000000000000000e+01 -2.300000000000000000e+01 1.496493543543699456e+00
5.800000000000000000e+01 -2.200000000000000000e+01 1.421012805789341638e+00
5.800000000000000000e+01 -2.100000000000000000e+01 1.423569244117579791e+00
5.800000000000000000e+01 -2.000000000000000000e+01 1.377853022469257560e+00
5.800000000000000000e+01 -1.900000000000000000e+01 1.296483506048178524e+00
5.800000000000000000e+01 -1.800000000000000000e+01 1.271849354713354474e+00
5.800000000000000000e+01 -1.700000000000000000e+01 1.412941669614407481e+00
5.800000000000000000e+01 -1.600000000000000000e+01 1.415529242888819761e+00
5.800000000000000000e+01 -1.500000000000000000e+01 1.323605191708105755e+00
5.800000000000000000e+01 -1.400000000000000000e+01 1.307934016630266427e+00
5.800000000000000000e+01 -1.300000000000000000e+01 1.251055420759637160e+00
5.800000000000000000e+01 -1.200000000000000000e+01 1.393036417614752942e+00
5.800000000000000000e+01 -1.100000000000000000e+01 1.373586019393181257e+00
5.800000000000000000e+01 -1.000000000000000000e+01 1.344110869793155416e+00
5.800000000000000000e+01 -9.000000000000000000e+00 1.414718581658982899e+00
5.800000000000000000e+01 -8.000000000000000000e+00 1.315782144421449917e+00
5.800000000000000000e+01 -7.000000000000000000e+00 1.286123130043211438e+00
5.800000000000000000e+01 -6.000000000000000000e+00 1.363248300855400164e+00
5.800000000000000000e+01 -5.000000000000000000e+00 1.396512187644495917e+00
5.800000000000000000e+01 -4.000000000000000000e+00 1.361573529790577775e+00
5.800000000000000000e+01 -3.000000000000000000e+00 1.367267499849172951e+00
5.800000000000000000e+01 -2.000000000000000000e+00 1.482927336808858465e+00
5.800000000000000000e+01 -1.000000000000000000e+00 nan
5.900000000000000000e+01 -2.800000000000000000e+01 1.395914399930713534e+00
5.900000000000000000e+01 -2.700000000000000000e+01 1.421818426858632467e+00
5.900000000000000000e+01 -2.600000000000000000e+01 1.356442032180951607e+00
5.900000000000000000e+01 -2.500000000000000000e+01 1.319196903645323271e+00
5.900000000000000000e+01 -2.400000000000000000e+01 1.547712058274061331e+00
5.900000000000000000e+01 -2.300000000000000000e+01 1.496493543543699456e+00
5.900000000000000000e+01 -2.200000000000000000e+01 1.420879244591213730e+00
5.900000000000000000e+01 -2.100000000000000000e+01 1.422440438207472457e+00
5.900000000000000000e+01 -2.000000000000000000e+01 1.376478691565631296e+00
5.900000000000000000e+01 -1.900000000000000000e+01 1.299261633546675121e+00
5.900000000000000000e+01 -1.800000000000000000e+01 1.273198932954392459e+00
5.900000000000000000e+01 -1.700000000000000000e+01 1.412976826178408141e+00
5.900000000000000000e+01 -1.600000000000000000e+01 1.415326701386226738e+00
5.900000000000000000e+01 -1.500000000000000000e+01 1.325527419373441651e+00
5.900000000000000000e+01 -1.400000000000000000e+01 1.303879692818693314e+00
5.900000000000000000e+01 -1.300000000000000000e+01 1.254001874629220081e+00
5.900000000000000000e+01 -1.200000000000000000e+01 1.402144003510834791e+00
5.900000000000000000e+01 -1.100000000000000000e+01 1.347017144652744802e+00
5.900000000000000000e+01 -1.000000000000000000e+01 1.332498056403202957e+00
5.900000000000000000e+01 -9.000000000000000000e+00 1.377548840776501748e+00
5.900000000000000000e+01 -8.000000000000000000e+00 1.314842706227771663e+00
5.900000000000000000e+01 -7.000000000000000000e+00 1.288825798617608154e+00
5.900000000000000000e+01 -6.000000000000000000e+00 1.378530948937753742e+00
5.900000000000000000e+01 -5.000000000000000000e+00 1.421506905496090489e+00
5.900000000000000000e+01 -4.000000000000000000e+00 1.391789873645225439e+00
5.900000000000000000e+01 -3.000000000000000000e+00 1.361814209179899260e+00
5.900000000000000000e+01 -2.000000000000000000e+00 1.331732969089514551e+00
5.900000000000000000e+01 -1.000000000000000000e+00 nan
