Longitude[deg], Latitude[deg], Dust optical depth
-1.490000000000000000e+02 -4.400000000000000000e+01 3.541079262378231007e+00
-1.490000000000000000e+02 -4.300000000000000000e+01 3.792779305015425262e+00
-1.490000000000000000e+02 -4.200000000000000000e+01 4.093209010331949393e+00
-1.490000000000000000e+02 -4.100000000000000000e+01 4.451628988502711159e+00
-1.490000000000000000e+02 -4.000000000000000000e+01 4.623713444267552930e+00
-1.490000000000000000e+02 -3.900000000000000000e+01 4.726918294938915466e+00
-1.490000000000000000e+02 -3.800000000000000000e+01 5.067202692710475631e+00
-1.490000000000000000e+02 -3.700000000000000000e+01 5.350246657547351070e+00
-1.490000000000000000e+02 -3.600000000000000000e+01 5.154971084843436024e+00
-1.490000000000000000e+02 -3.500000000000000000e+01 4.861233514638493070e+00
-1.490000000000000000e+02 -3.400000000000000000e+01 4.813748212723893971e+00
-1.490000000000000000e+02 -3.300000000000000000e+01 4.497820912734692200e+00
-1.490000000000000000e+02 -3.200000000000000000e+01 4.216302698679928795e+00
-1.490000000000000000e+02 -3.100000000000000000e+01 4.240474280299027399e+00
-1.490000000000000000e+02 -3.000000000000000000e+01 4.411973057541192844e+00
-1.490000000000000000e+02 -2.900000000000000000e+01 4.664677920024522528e+00
-1.490000000000000000e+02 -2.800000000000000000e+01 4.589803258942700026e+00
-1.490000000000000000e+02 -2.700000000000000000e+01 4.684909703744446041e+00
-1.490000000000000000e+02 -2.600000000000000000e+01 4.859607717474560218e+00
-1.490000000000000000e+02 -2.500000000000000000e+01 4.729310975263881112e+00
-1.490000000000000000e+02 -2.400000000000000000e+01 4.694016304511320570e+00
-1.490000000000000000e+02 -2.300000000000000000e+01 4.484723120860537371e+00
-1.490000000000000000e+02 -2.200000000000000000e+01 4.381742860004890439e+00
-1.490000000000000000e+02 -2.100000000000000000e+01 4.362350521116352908e+00
-1.490000000000000000e+02 -2.000000000000000000e+01 4.182860656942213318e+00
-1.490000000000000000e+02 -1.900000000000000000e+01 4.158687259243639467e+00
-1.490000000000000000e+02 -1.800000000000000000e+01 nan
-1.480000000000000000e+02 -4.400000000000000000e+01 3.541079262378231007e+00
-1.480000000000000000e+02 -4.300000000000000000e+01 3.792779305015425262e+00
-1.480000000000000000e+02 -4.200000000000000000e+01 4.093209010331949393e+00
-1.480000000000000000e+02 -4.100000000000000000e+01 4.451628988502711159e+00
-1.480000000000000000e+02 -4.000000000000000000e+01 4.623713444267552930e+00
-1.480000000000000000e+02 -3.900000000000000000e+01 4.726918294938915466e+00
-1.480000000000000000e+02 -3.800000000000000000e+01 5.067202692710475631e+00
-1.480000000000000000e+02 -3.700000000000000000e+01 5.350246657547351070e+00
-1.480000000000000000e+02 -3.600000000000000000e+01 5.154971084843436024e+00
-1.480000000000000000e+02 -3.500000000000000000e+01 4.861233514638493070e+00
-1.480000000000000000e+02 -3.400000000000000000e+01 4.813588347137466528e+00
-1.480000000000000000e+02 -3.300000000000000000e+01 4.494186734894498159e+00
-1.480000000000000000e+02 -3.200000000000000000e+01 4.214973424472315600e+00
-1.480000000000000000e+02 -3.100000000000000000e+01 4.246445354124953830e+00
-1.480000000000000000e+02 -3.000000000000000000e+01 4.432787664932223315e+00
-1.480000000000000000e+02 -2.900000000000000000e+01 4.676595777373515617e+00
-1.480000000000000000e+02 -2.800000000000000000e+01 4.599358938450533785e+00
-1.480000000000000000e+02 -2.700000000000000000e+01 4.696496778764898572e+00
-1.480000000000000000e+02 -2.600000000000000000e+01 4.867076403148216990e+00
-1.480000000000000000e+02 -2.500000000000000000e+01 4.743705484495171376e+00
-1.480000000000000000e+02 -2.400000000000000000e+01 4.699417282302479570e+00
-1.480000000000000000e+02 -2.300000000000000000e+01 4.497526700984914250e+00
-1.480000000000000000e+02 -2.200000000000000000e+01 4.385559044684884888e+00
-1.480000000000000000e+02 -2.100000000000000000e+01 4.363286263197695192e+00
-1.480000000000000000e+02 -2.000000000000000000e+01 4.182380781844457829e+00
-1.480000000000000000e+02 -1.900000000000000000e+01 4.158687259243639467e+00
-1.480000000000000000e+02 -1.800000000000000000e+01 nan
-1.470000000000000000e+02 -4.400000000000000000e+01 nan
-1.470000000000000000e+02 -4.300000000000000000e+01 nan
-1.470000000000000000e+02 -4.200000000000000000e+01 nan
-1.470000000000000000e+02 -4.100000000000000000e+01 nan
-1.470000000000000000e+02 -4.000000000000000000e+01 nan
-1.470000000000000000e+02 -3.900000000000000000e+01 nan
-1.470000000000000000e+02 -3.800000000000000000e+01 nan
-1.470000000000000000e+02 -3.700000000000000000e+01 nan
-1.470000000000000000e+02 -3.600000000000000000e+01 nan
-1.470000000000000000e+02 -3.500000000000000000e+01 nan
-1.470000000000000000e+02 -3.400000000000000000e+01 nan
-1.470000000000000000e+02 -3.300000000000000000e+01 4.355276984393960049e+00
-1.470000000000000000e+02 -3.200000000000000000e+01 4.205126887839113259e+00
-1.470000000000000000e+02 -3.100000000000000000e+01 4.319147440920913184e+00
-1.470000000000000000e+02 -3.000000000000000000e+01 4.713671572688732603e+00
-1.470000000000000000e+02 -2.900000000000000000e+01 4.948220299911962883e+00
-1.470000000000000000e+02 -2.800000000000000000e+01 4.656804007680784174e+00
-1.470000000000000000e+02 -2.700000000000000000e+01 4.767833911827471738e+00
-1.470000000000000000e+02 -2.600000000000000000e+01 4.936627565141336937e+00
-1.470000000000000000e+02 -2.500000000000000000e+01 4.949190254850384107e+00
-1.470000000000000000e+02 -2.400000000000000000e+01 4.903835900256494185e+00
-1.470000000000000000e+02 -2.300000000000000000e+01 4.821082562767936786e+00
-1.470000000000000000e+02 -2.200000000000000000e+01 4.546056950676279129e+00
-1.470000000000000000e+02 -2.100000000000000000e+01 4.392292513149932631e+00
-1.470000000000000000e+02 -2.000000000000000000e+01 nan
-1.470000000000000000e+02 -1.900000000000000000e+01 nan
-1.470000000000000000e+02 -1.800000000000000000e+01 nan
