Longitude[deg], Latitude[deg], Dust optical depth
1.500000000000000000e+01 3.000000000000000000e+01 nan
1.500000000000000000e+01 3.100000000000000000e+01 nan
1.500000000000000000e+01 3.200000000000000000e+01 nan
1.500000000000000000e+01 3.300000000000000000e+01 nan
1.500000000000000000e+01 3.400000000000000000e+01 nan
1.500000000000000000e+01 3.500000000000000000e+01 nan
1.500000000000000000e+01 3.600000000000000000e+01 nan
1.500000000000000000e+01 3.700000000000000000e+01 nan
1.500000000000000000e+01 3.800000000000000000e+01 nan
1.500000000000000000e+01 3.900000000000000000e+01 nan
1.500000000000000000e+01 4.000000000000000000e+01 nan
1.500000000000000000e+01 4.100000000000000000e+01 nan
1.500000000000000000e+01 4.200000000000000000e+01 nan
1.500000000000000000e+01 4.300000000000000000e+01 nan
1.500000000000000000e+01 4.400000000000000000e+01 nan
1.500000000000000000e+01 4.500000000000000000e+01 nan
1.500000000000000000e+01 4.600000000000000000e+01 nan
1.500000000000000000e+01 4.700000000000000000e+01 nan
1.500000000000000000e+01 4.800000000000000000e+01 nan
1.500000000000000000e+01 4.900000000000000000e+01 nan
1.600000000000000000e+01 3.000000000000000000e+01 nan
1.600000000000000000e+01 3.100000000000000000e+01 nan
1.600000000000000000e+01 3.200000000000000000e+01 nan
1.600000000000000000e+01 3.300000000000000000e+01 nan
1.600000000000000000e+01 3.400000000000000000e+01 nan
1.600000000000000000e+01 3.500000000000000000e+01 nan
1.600000000000000000e+01 3.600000000000000000e+01 nan
1.600000000000000000e+01 3.700000000000000000e+01 nan
1.600000000000000000e+01 3.800000000000000000e+01 nan
1.600000000000000000e+01 3.900000000000000000e+01 nan
1.600000000000000000e+01 4.000000000000000000e+01 nan
1.600000000000000000e+01 4.100000000000000000e+01 nan
1.600000000000000000e+01 4.200000000000000000e+01 nan
1.600000000000000000e+01 4.300000000000000000e+01 nan
1.600000000000000000e+01 4.400000000000000000e+01 nan
1.600000000000000000e+01 4.500000000000000000e+01 nan
1.600000000000000000e+01 4.600000000000000000e+01 nan
1.600000000000000000e+01 4.700000000000000000e+01 nan
1.600000000000000000e+01 4.800000000000000000e+01 nan
1.600000000000000000e+01 4.900000000000000000e+01 nan
1.700000000000000000e+01 3.000000000000000000e+01 nan
1.700000000000000000e+01 3.100000000000000000e+01 nan
1.700000000000000000e+01 3.200000000000000000e+01 nan
1.700000000000000000e+01 3.300000000000000000e+01 nan
1.700000000000000000e+01 3.400000000000000000e+01 nan
1.700000000000000000e+01 3.500000000000000000e+01 nan
1.700000000000000000e+01 3.600000000000000000e+01 nan
1.700000000000000000e+01 3.700000000000000000e+01 nan
1.700000000000000000e+01 3.800000000000000000e+01 nan
1.700000000000000000e+01 3.900000000000000000e+01 7.102228993616100938e-01
1.700000000000000000e+01 4.000000000000000000e+01 7.535276368122509894e-01
1.700000000000000000e+01 4.100000000000000000e+01 7.466700662810389355e-01
1.700000000000000000e+01 4.200000000000000000e+01 7.867635667370624919e-01
1.700000000000000000e+01 4.300000000000000000e+01 7.899051677153935414e-01
1.700000000000000000e+01 4.400000000000000000e+01 7.835860382708356164e-01
1.700000000000000000e+01 4.500000000000000000e+01 7.884918587316617211e-01
1.700000000000000000e+01 4.600000000000000000e+01 nan
1.700000000000000000e+01 4.700000000000000000e+01 nan
1.700000000000000000e+01 4.800000000000000000e+01 nan
1.700000000000000000e+01 4.900000000000000000e+01 nan
1.800000000000000000e+01 3.000000000000000000e+01 nan
1.800000000000000000e+01 3.100000000000000000e+01 nan
1.800000000000000000e+01 3.200000000000000000e+01 nan
1.800000000000000000e+01 3.300000000000000000e+01 1.137477672924142258e+00
1.800000000000000000e+01 3.400000000000000000e+01 9.916708593870452448e-01
1.800000000000000000e+01 3.500000000000000000e+01 8.341192914714723461e-01
1.800000000000000000e+01 3.600000000000000000e+01 7.769967275925633299e-01
1.800000000000000000e+01 3.700000000000000000e+01 7.713721528046899589e-01
1.800000000000000000e+01 3.800000000000000000e+01 6.947463748651832027e-01
1.800000000000000000e+01 3.900000000000000000e+01 7.354227323448528919e-01
1.800000000000000000e+01 4.000000000000000000e+01 7.889798432069554668e-01
1.800000000000000000e+01 4.100000000000000000e+01 7.472198597052834845e-01
1.800000000000000000e+01 4.200000000000000000e+01 7.774331734979716968e-01
1.800000000000000000e+01 4.300000000000000000e+01 8.018832406550321368e-01
1.800000000000000000e+01 4.400000000000000000e+01 8.030097204512718356e-01
1.800000000000000000e+01 4.500000000000000000e+01 8.162547552621227664e-01
1.800000000000000000e+01 4.600000000000000000e+01 nan
1.800000000000000000e+01 4.700000000000000000e+01 nan
1.800000000000000000e+01 4.800000000000000000e+01 nan
1.800000000000000000e+01 4.900000000000000000e+01 nan
1.900000000000000000e+01 3.000000000000000000e+01 1.208856054577128969e+00
1.900000000000000000e+01 3.100000000000000000e+01 1.249596042506891269e+00
1.900000000000000000e+01 3.200000000000000000e+01 1.237842908522315488e+00
1.900000000000000000e+01 3.300000000000000000e+01 1.140957593169463991e+00
1.900000000000000000e+01 3.400000000000000000e+01 9.767703334900957879e-01
1.900000000000000000e+01 3.500000000000000000e+01 8.590789948842485479e-01
1.900000000000000000e+01 3.600000000000000000e+01 7.845168529982691208e-01
1.900000000000000000e+01 3.700000000000000000e+01 7.702080640514515908e-01
1.900000000000000000e+01 3.800000000000000000e+01 6.929798794078153579e-01
1.900000000000000000e+01 3.900000000000000000e+01 7.169022282450114858e-01
1.900000000000000000e+01 4.000000000000000000e+01 7.756033593787405866e-01
1.900000000000000000e+01 4.100000000000000000e+01 7.402290617464384326e-01
1.900000000000000000e+01 4.200000000000000000e+01 7.761114903359113137e-01
1.900000000000000000e+01 4.300000000000000000e+01 8.153657900097570632e-01
1.900000000000000000e+01 4.400000000000000000e+01 8.340189305787348850e-01
1.900000000000000000e+01 4.500000000000000000e+01 8.359769368201849238e-01
1.900000000000000000e+01 4.600000000000000000e+01 nan
1.900000000000000000e+01 4.700000000000000000e+01 nan
1.900000000000000000e+01 4.800000000000000000e+01 nan
1.900000000000000000e+01 4.900000000000000000e+01 nan
2.000000000000000000e+01 3.000000000000000000e+01 1.197711726585490410e+00
2.000000000000000000e+01 3.100000000000000000e+01 1.239057008534004689e+00
2.000000000000000000e+01 3.200000000000000000e+01 1.249601827131963105e+00
2.000000000000000000e+01 3.300000000000000000e+01 1.154158237037444357e+00
2.000000000000000000e+01 3.400000000000000000e+01 9.569521840050486672e-01
2.000000000000000000e+01 3.500000000000000000e+01 8.600589285985392740e-01
2.000000000000000000e+01 3.600000000000000000e+01 7.820133162799589588e-01
2.000000000000000000e+01 3.700000000000000000e+01 7.574827364253005069e-01
2.000000000000000000e+01 3.800000000000000000e+01 7.061807767492066512e-01
2.000000000000000000e+01 3.900000000000000000e+01 7.265451084034753038e-01
2.000000000000000000e+01 4.000000000000000000e+01 7.774640373942611760e-01
2.000000000000000000e+01 4.100000000000000000e+01 7.828885016629690830e-01
2.000000000000000000e+01 4.200000000000000000e+01 8.473490409453766636e-01
2.000000000000000000e+01 4.300000000000000000e+01 8.599722953353451382e-01
2.000000000000000000e+01 4.400000000000000000e+01 8.505930378663483227e-01
2.000000000000000000e+01 4.500000000000000000e+01 8.325078477535671206e-01
2.000000000000000000e+01 4.600000000000000000e+01 nan
2.000000000000000000e+01 4.700000000000000000e+01 nan
2.000000000000000000e+01 4.800000000000000000e+01 nan
2.000000000000000000e+01 4.900000000000000000e+01 nan
2.100000000000000000e+01 3.000000000000000000e+01 1.217616322132080819e+00
2.100000000000000000e+01 3.100000000000000000e+01 1.212229456269720895e+00
2.100000000000000000e+01 3.200000000000000000e+01 1.195406400965866256e+00
2.100000000000000000e+01 3.300000000000000000e+01 1.125618788315362329e+00
2.100000000000000000e+01 3.400000000000000000e+01 9.344608731826189452e-01
2.100000000000000000e+01 3.500000000000000000e+01 8.316700553048711475e-01
2.100000000000000000e+01 3.600000000000000000e+01 7.823307615772002732e-01
2.100000000000000000e+01 3.700000000000000000e+01 7.526591204770550769e-01
2.100000000000000000e+01 3.800000000000000000e+01 7.061807767492066512e-01
2.100000000000000000e+01 3.900000000000000000e+01 7.479372349007186171e-01
2.100000000000000000e+01 4.000000000000000000e+01 8.374004122496397917e-01
2.100000000000000000e+01 4.100000000000000000e+01 8.688312547547089038e-01
2.100000000000000000e+01 4.200000000000000000e+01 9.136701564007001508e-01
2.100000000000000000e+01 4.300000000000000000e+01 9.051614138248449404e-01
2.100000000000000000e+01 4.400000000000000000e+01 8.371917975954608071e-01
2.100000000000000000e+01 4.500000000000000000e+01 7.695419315799860716e-01
2.100000000000000000e+01 4.600000000000000000e+01 nan
2.100000000000000000e+01 4.700000000000000000e+01 nan
2.100000000000000000e+01 4.800000000000000000e+01 nan
2.100000000000000000e+01 4.900000000000000000e+01 nan
2.200000000000000000e+01 3.000000000000000000e+01 1.241901594066298964e+00
2.200000000000000000e+01 3.100000000000000000e+01 1.169817718955348473e+00
2.200000000000000000e+01 3.200000000000000000e+01 1.088914208762456370e+00
2.200000000000000000e+01 3.300000000000000000e+01 1.070576180460049320e+00
2.200000000000000000e+01 3.400000000000000000e+01 9.251277801854831395e-01
2.200000000000000000e+01 3.500000000000000000e+01 8.268177429580385596e-01
2.200000000000000000e+01 3.600000000000000000e+01 7.881852441847944091e-01
2.200000000000000000e+01 3.700000000000000000e+01 7.533506436244592486e-01
2.200000000000000000e+01 3.800000000000000000e+01 6.994708596564498393e-01
2.200000000000000000e+01 3.900000000000000000e+01 7.476542212899041084e-01
2.200000000000000000e+01 4.000000000000000000e+01 8.631215953096413873e-01
2.200000000000000000e+01 4.100000000000000000e+01 9.052990620345319206e-01
2.200000000000000000e+01 4.200000000000000000e+01 9.487922615898674028e-01
2.200000000000000000e+01 4.300000000000000000e+01 9.406720893333494482e-01
2.200000000000000000e+01 4.400000000000000000e+01 8.343384165430528521e-01
2.200000000000000000e+01 4.500000000000000000e+01 7.355417145439944182e-01
2.200000000000000000e+01 4.600000000000000000e+01 6.766688476556180776e-01
2.200000000000000000e+01 4.700000000000000000e+01 nan
2.200000000000000000e+01 4.800000000000000000e+01 nan
2.200000000000000000e+01 4.900000000000000000e+01 nan
2.300000000000000000e+01 3.000000000000000000e+01 1.217125736219027310e+00
2.300000000000000000e+01 3.100000000000000000e+01 1.130350374273476843e+00
2.300000000000000000e+01 3.200000000000000000e+01 1.073508648100923946e+00
2.300000000000000000e+01 3.300000000000000000e+01 1.078327665113578915e+00
2.300000000000000000e+01 3.400000000000000000e+01 9.527630619256558520e-01
2.300000000000000000e+01 3.500000000000000000e+01 8.265894091173974223e-01
2.300000000000000000e+01 3.600000000000000000e+01 7.757628807859621167e-01
2.300000000000000000e+01 3.700000000000000000e+01 7.388853929302799939e-01
2.300000000000000000e+01 3.800000000000000000e+01 7.208668090822131225e-01
2.300000000000000000e+01 3.900000000000000000e+01 7.692539273837950553e-01
2.300000000000000000e+01 4.000000000000000000e+01 8.638243428455278927e-01
2.300000000000000000e+01 4.100000000000000000e+01 9.173402102728396290e-01
2.300000000000000000e+01 4.200000000000000000e+01 9.559712988663505717e-01
2.300000000000000000e+01 4.300000000000000000e+01 9.608588796433523704e-01
2.300000000000000000e+01 4.400000000000000000e+01 8.716680464084168856e-01
2.300000000000000000e+01 4.500000000000000000e+01 7.393850724664198237e-01
2.300000000000000000e+01 4.600000000000000000e+01 6.766688476556180776e-01
2.300000000000000000e+01 4.700000000000000000e+01 nan
2.300000000000000000e+01 4.800000000000000000e+01 nan
2.300000000000000000e+01 4.900000000000000000e+01 nan
