Longitude[deg], Latitude[deg], Dust optical depth
-2.200000000000000000e+01 -6.900000000000000000e+01 nan
-2.200000000000000000e+01 -6.800000000000000000e+01 nan
-2.200000000000000000e+01 -6.700000000000000000e+01 nan
-2.200000000000000000e+01 -6.600000000000000000e+01 nan
-2.200000000000000000e+01 -6.500000000000000000e+01 nan
-2.200000000000000000e+01 -6.400000000000000000e+01 nan
-2.200000000000000000e+01 -6.300000000000000000e+01 nan
-2.200000000000000000e+01 -6.200000000000000000e+01 nan
-2.200000000000000000e+01 -6.100000000000000000e+01 nan
-2.200000000000000000e+01 -6.000000000000000000e+01 nan
-2.200000000000000000e+01 -5.900000000000000000e+01 nan
-2.200000000000000000e+01 -5.800000000000000000e+01 nan
-2.200000000000000000e+01 -5.700000000000000000e+01 nan
-2.200000000000000000e+01 -5.600000000000000000e+01 nan
-2.200000000000000000e+01 -5.500000000000000000e+01 nan
-2.200000000000000000e+01 -5.400000000000000000e+01 nan
-2.200000000000000000e+01 -5.300000000000000000e+01 nan
-2.200000000000000000e+01 -5.200000000000000000e+01 nan
-2.200000000000000000e+01 -5.100000000000000000e+01 nan
-2.200000000000000000e+01 -5.000000000000000000e+01 nan
-2.200000000000000000e+01 -4.900000000000000000e+01 nan
-2.200000000000000000e+01 -4.800000000000000000e+01 nan
-2.200000000000000000e+01 -4.700000000000000000e+01 nan
-2.200000000000000000e+01 -4.600000000000000000e+01 nan
-2.200000000000000000e+01 -4.500000000000000000e+01 nan
-2.200000000000000000e+01 -4.400000000000000000e+01 nan
-2.200000000000000000e+01 -4.300000000000000000e+01 nan
-2.200000000000000000e+01 -4.200000000000000000e+01 nan
-2.200000000000000000e+01 -4.100000000000000000e+01 nan
-2.200000000000000000e+01 -4.000000000000000000e+01 nan
-2.200000000000000000e+01 -3.900000000000000000e+01 nan
-2.200000000000000000e+01 -3.800000000000000000e+01 nan
-2.200000000000000000e+01 -3.700000000000000000e+01 nan
-2.200000000000000000e+01 -3.600000000000000000e+01 nan
-2.200000000000000000e+01 -3.500000000000000000e+01 nan
-2.100000000000000000e+01 -6.900000000000000000e+01 nan
-2.100000000000000000e+01 -6.800000000000000000e+01 nan
-2.100000000000000000e+01 -6.700000000000000000e+01 nan
-2.100000000000000000e+01 -6.600000000000000000e+01 nan
-2.100000000000000000e+01 -6.500000000000000000e+01 nan
-2.100000000000000000e+01 -6.400000000000000000e+01 nan
-2.100000000000000000e+01 -6.300000000000000000e+01 nan
-2.100000000000000000e+01 -6.200000000000000000e+01 nan
-2.100000000000000000e+01 -6.100000000000000000e+01 nan
-2.100000000000000000e+01 -6.000000000000000000e+01 nan
-2.100000000000000000e+01 -5.900000000000000000e+01 nan
-2.100000000000000000e+01 -5.800000000000000000e+01 nan
-2.100000000000000000e+01 -5.700000000000000000e+01 nan
-2.100000000000000000e+01 -5.600000000000000000e+01 nan
-2.100000000000000000e+01 -5.500000000000000000e+01 nan
-2.100000000000000000e+01 -5.400000000000000000e+01 nan
-2.100000000000000000e+01 -5.300000000000000000e+01 nan
-2.100000000000000000e+01 -5.200000000000000000e+01 nan
-2.100000000000000000e+01 -5.100000000000000000e+01 nan
-2.100000000000000000e+01 -5.000000000000000000e+01 nan
-2.100000000000000000e+01 -4.900000000000000000e+01 nan
-2.100000000000000000e+01 -4.800000000000000000e+01 nan
-2.100000000000000000e+01 -4.700000000000000000e+01 nan
-2.100000000000000000e+01 -4.600000000000000000e+01 nan
-2.100000000000000000e+01 -4.500000000000000000e+01 nan
-2.100000000000000000e+01 -4.400000000000000000e+01 nan
-2.100000000000000000e+01 -4.300000000000000000e+01 nan
-2.100000000000000000e+01 -4.200000000000000000e+01 nan
-2.100000000000000000e+01 -4.100000000000000000e+01 nan
-2.100000000000000000e+01 -4.000000000000000000e+01 nan
-2.100000000000000000e+01 -3.900000000000000000e+01 nan
-2.100000000000000000e+01 -3.800000000000000000e+01 nan
-2.100000000000000000e+01 -3.700000000000000000e+01 nan
-2.100000000000000000e+01 -3.600000000000000000e+01 nan
-2.100000000000000000e+01 -3.500000000000000000e+01 nan
-2.000000000000000000e+01 -6.900000000000000000e+01 nan
-2.000000000000000000e+01 -6.800000000000000000e+01 nan
-2.000000000000000000e+01 -6.700000000000000000e+01 nan
-2.000000000000000000e+01 -6.600000000000000000e+01 nan
-2.000000000000000000e+01 -6.500000000000000000e+01 nan
-2.000000000000000000e+01 -6.400000000000000000e+01 nan
-2.000000000000000000e+01 -6.300000000000000000e+01 nan
-2.000000000000000000e+01 -6.200000000000000000e+01 nan
-2.000000000000000000e+01 -6.100000000000000000e+01 nan
-2.000000000000000000e+01 -6.000000000000000000e+01 1.248967992115030512e+00
-2.000000000000000000e+01 -5.900000000000000000e+01 1.557692761448870034e+00
-2.000000000000000000e+01 -5.800000000000000000e+01 1.460669711917515157e+00
-2.000000000000000000e+01 -5.700000000000000000e+01 1.399551852005213926e+00
-2.000000000000000000e+01 -5.600000000000000000e+01 1.762496928744947455e+00
-2.000000000000000000e+01 -5.500000000000000000e+01 nan
-2.000000000000000000e+01 -5.400000000000000000e+01 nan
-2.000000000000000000e+01 -5.300000000000000000e+01 nan
-2.000000000000000000e+01 -5.200000000000000000e+01 nan
-2.000000000000000000e+01 -5.100000000000000000e+01 nan
-2.000000000000000000e+01 -5.000000000000000000e+01 nan
-2.000000000000000000e+01 -4.900000000000000000e+01 nan
-2.000000000000000000e+01 -4.800000000000000000e+01 nan
-2.000000000000000000e+01 -4.700000000000000000e+01 nan
-2.000000000000000000e+01 -4.600000000000000000e+01 nan
-2.000000000000000000e+01 -4.500000000000000000e+01 nan
-2.000000000000000000e+01 -4.400000000000000000e+01 nan
-2.000000000000000000e+01 -4.300000000000000000e+01 nan
-2.000000000000000000e+01 -4.200000000000000000e+01 nan
-2.000000000000000000e+01 -4.100000000000000000e+01 nan
-2.000000000000000000e+01 -4.000000000000000000e+01 nan
-2.000000000000000000e+01 -3.900000000000000000e+01 nan
-2.000000000000000000e+01 -3.800000000000000000e+01 nan
-2.000000000000000000e+01 -3.700000000000000000e+01 nan
-2.000000000000000000e+01 -3.600000000000000000e+01 nan
-2.000000000000000000e+01 -3.500000000000000000e+01 nan
-1.900000000000000000e+01 -6.900000000000000000e+01 nan
-1.900000000000000000e+01 -6.800000000000000000e+01 nan
-1.900000000000000000e+01 -6.700000000000000000e+01 nan
-1.900000000000000000e+01 -6.600000000000000000e+01 nan
-1.900000000000000000e+01 -6.500000000000000000e+01 nan
-1.900000000000000000e+01 -6.400000000000000000e+01 nan
-1.900000000000000000e+01 -6.300000000000000000e+01 nan
-1.900000000000000000e+01 -6.200000000000000000e+01 nan
-1.900000000000000000e+01 -6.100000000000000000e+01 nan
-1.900000000000000000e+01 -6.000000000000000000e+01 1.576024272593139708e+00
-1.900000000000000000e+01 -5.900000000000000000e+01 1.574652348249122813e+00
-1.900000000000000000e+01 -5.800000000000000000e+01 1.532104010419641060e+00
-1.900000000000000000e+01 -5.700000000000000000e+01 1.723625249572444673e+00
-1.900000000000000000e+01 -5.600000000000000000e+01 1.963071786680382402e+00
-1.900000000000000000e+01 -5.500000000000000000e+01 2.040293020070626628e+00
-1.900000000000000000e+01 -5.400000000000000000e+01 2.110412502747071262e+00
-1.900000000000000000e+01 -5.300000000000000000e+01 2.157858067884792064e+00
-1.900000000000000000e+01 -5.200000000000000000e+01 2.137881573824408132e+00
-1.900000000000000000e+01 -5.100000000000000000e+01 2.090018719995307972e+00
-1.900000000000000000e+01 -5.000000000000000000e+01 2.088371182585157637e+00
-1.900000000000000000e+01 -4.900000000000000000e+01 2.046793141022086981e+00
-1.900000000000000000e+01 -4.800000000000000000e+01 2.021026278710091439e+00
-1.900000000000000000e+01 -4.700000000000000000e+01 2.121433075629707510e+00
-1.900000000000000000e+01 -4.600000000000000000e+01 2.451618710439805948e+00
-1.900000000000000000e+01 -4.500000000000000000e+01 2.630528329284823830e+00
-1.900000000000000000e+01 -4.400000000000000000e+01 3.010803871450618452e+00
-1.900000000000000000e+01 -4.300000000000000000e+01 3.392895481962892035e+00
-1.900000000000000000e+01 -4.200000000000000000e+01 3.601845022285452558e+00
-1.900000000000000000e+01 -4.100000000000000000e+01 3.682470753412339093e+00
-1.900000000000000000e+01 -4.000000000000000000e+01 3.878042868728903692e+00
-1.900000000000000000e+01 -3.900000000000000000e+01 4.146781537767246562e+00
-1.900000000000000000e+01 -3.800000000000000000e+01 4.020106755001545018e+00
-1.900000000000000000e+01 -3.700000000000000000e+01 3.948119282819593678e+00
-1.900000000000000000e+01 -3.600000000000000000e+01 nan
-1.900000000000000000e+01 -3.500000000000000000e+01 nan
-1.800000000000000000e+01 -6.900000000000000000e+01 nan
-1.800000000000000000e+01 -6.800000000000000000e+01 nan
-1.800000000000000000e+01 -6.700000000000000000e+01 nan
-1.800000000000000000e+01 -6.600000000000000000e+01 nan
-1.800000000000000000e+01 -6.500000000000000000e+01 nan
-1.800000000000000000e+01 -6.400000000000000000e+01 nan
-1.800000000000000000e+01 -6.300000000000000000e+01 nan
-1.800000000000000000e+01 -6.200000000000000000e+01 nan
-1.800000000000000000e+01 -6.100000000000000000e+01 nan
-1.800000000000000000e+01 -6.000000000000000000e+01 1.604953073994129120e+00
-1.800000000000000000e+01 -5.900000000000000000e+01 1.587959455829392796e+00
-1.800000000000000000e+01 -5.800000000000000000e+01 1.550056020934543088e+00
-1.800000000000000000e+01 -5.700000000000000000e+01 1.730158983030771314e+00
-1.800000000000000000e+01 -5.600000000000000000e+01 1.967038924946684642e+00
-1.800000000000000000e+01 -5.500000000000000000e+01 2.040293020070626628e+00
-1.800000000000000000e+01 -5.400000000000000000e+01 2.110646352543747106e+00
-1.800000000000000000e+01 -5.300000000000000000e+01 2.161876770155563232e+00
-1.800000000000000000e+01 -5.200000000000000000e+01 2.141435178483416912e+00
-1.800000000000000000e+01 -5.100000000000000000e+01 2.094480099350688018e+00
-1.800000000000000000e+01 -5.000000000000000000e+01 2.087356544327333641e+00
-1.800000000000000000e+01 -4.900000000000000000e+01 2.057194834721188137e+00
-1.800000000000000000e+01 -4.800000000000000000e+01 1.989274391891928007e+00
-1.800000000000000000e+01 -4.700000000000000000e+01 2.127740594296794630e+00
-1.800000000000000000e+01 -4.600000000000000000e+01 2.469501527266855234e+00
-1.800000000000000000e+01 -4.500000000000000000e+01 2.634519391724331694e+00
-1.800000000000000000e+01 -4.400000000000000000e+01 2.999163373091076057e+00
-1.800000000000000000e+01 -4.300000000000000000e+01 3.447565590606709307e+00
-1.800000000000000000e+01 -4.200000000000000000e+01 3.563294185592801089e+00
-1.800000000000000000e+01 -4.100000000000000000e+01 3.589949369669238166e+00
-1.800000000000000000e+01 -4.000000000000000000e+01 3.820833324070629367e+00
-1.800000000000000000e+01 -3.900000000000000000e+01 4.123170032207420732e+00
-1.800000000000000000e+01 -3.800000000000000000e+01 3.995492668430862704e+00
-1.800000000000000000e+01 -3.700000000000000000e+01 3.892409731900794423e+00
-1.800000000000000000e+01 -3.600000000000000000e+01 3.582503648098071647e+00
-1.800000000000000000e+01 -3.500000000000000000e+01 nan
-1.700000000000000000e+01 -6.900000000000000000e+01 nan
-1.700000000000000000e+01 -6.800000000000000000e+01 nan
-1.700000000000000000e+01 -6.700000000000000000e+01 nan
-1.700000000000000000e+01 -6.600000000000000000e+01 nan
-1.700000000000000000e+01 -6.500000000000000000e+01 nan
-1.700000000000000000e+01 -6.400000000000000000e+01 nan
-1.700000000000000000e+01 -6.300000000000000000e+01 nan
-1.700000000000000000e+01 -6.200000000000000000e+01 nan
-1.700000000000000000e+01 -6.100000000000000000e+01 nan
-1.700000000000000000e+01 -6.000000000000000000e+01 nan
-1.700000000000000000e+01 -5.900000000000000000e+01 nan
-1.700000000000000000e+01 -5.800000000000000000e+01 nan
-1.700000000000000000e+01 -5.700000000000000000e+01 nan
-1.700000000000000000e+01 -5.600000000000000000e+01 nan
-1.700000000000000000e+01 -5.500000000000000000e+01 nan
-1.700000000000000000e+01 -5.400000000000000000e+01 nan
-1.700000000000000000e+01 -5.300000000000000000e+01 2.215171077061993454e+00
-1.700000000000000000e+01 -5.200000000000000000e+01 2.192523038430230553e+00
-1.700000000000000000e+01 -5.100000000000000000e+01 2.110053587415837040e+00
-1.700000000000000000e+01 -5.000000000000000000e+01 2.083972572103625076e+00
-1.700000000000000000e+01 -4.900000000000000000e+01 2.064098450639072713e+00
-1.700000000000000000e+01 -4.800000000000000000e+01 1.969910879846756391e+00
-1.700000000000000000e+01 -4.700000000000000000e+01 2.135759241877459136e+00
-1.700000000000000000e+01 -4.600000000000000000e+01 2.491999640680770067e+00
-1.700000000000000000e+01 -4.500000000000000000e+01 2.636340817607324638e+00
-1.700000000000000000e+01 -4.400000000000000000e+01 2.990387690081655947e+00
-1.700000000000000000e+01 -4.300000000000000000e+01 3.470361779588780671e+00
-1.700000000000000000e+01 -4.200000000000000000e+01 3.543792597095187791e+00
-1.700000000000000000e+01 -4.100000000000000000e+01 3.562663309141768320e+00
-1.700000000000000000e+01 -4.000000000000000000e+01 3.812234464164192982e+00
-1.700000000000000000e+01 -3.900000000000000000e+01 4.106121183970087074e+00
-1.700000000000000000e+01 -3.800000000000000000e+01 3.987616192554187311e+00
-1.700000000000000000e+01 -3.700000000000000000e+01 3.873767598821897806e+00
-1.700000000000000000e+01 -3.600000000000000000e+01 3.582503648098071647e+00
-1.700000000000000000e+01 -3.500000000000000000e+01 nan
