Longitude[deg], Latitude[deg], Dust optical depth
-2.400000000000000000e+01 -1.100000000000000000e+01 nan
-2.400000000000000000e+01 -1.000000000000000000e+01 nan
-2.400000000000000000e+01 -9.000000000000000000e+00 nan
-2.400000000000000000e+01 -8.000000000000000000e+00 nan
-2.400000000000000000e+01 -7.000000000000000000e+00 nan
-2.400000000000000000e+01 -6.000000000000000000e+00 nan
-2.400000000000000000e+01 -5.000000000000000000e+00 nan
-2.400000000000000000e+01 -4.000000000000000000e+00 nan
-2.400000000000000000e+01 -3.000000000000000000e+00 nan
-2.400000000000000000e+01 -2.000000000000000000e+00 nan
-2.400000000000000000e+01 -1.000000000000000000e+00 nan
-2.400000000000000000e+01 0.000000000000000000e+00 nan
-2.400000000000000000e+01 1.000000000000000000e+00 nan
-2.400000000000000000e+01 2.000000000000000000e+00 nan
-2.400000000000000000e+01 3.000000000000000000e+00 nan
-2.400000000000000000e+01 4.000000000000000000e+00 5.243140185189608893e+00
-2.400000000000000000e+01 5.000000000000000000e+00 5.240577009301452094e+00
-2.400000000000000000e+01 6.000000000000000000e+00 5.075357540023293978e+00
-2.400000000000000000e+01 7.000000000000000000e+00 5.074046104949782254e+00
-2.400000000000000000e+01 8.000000000000000000e+00 5.161759680501372571e+00
-2.400000000000000000e+01 9.000000000000000000e+00 5.162807739367236692e+00
-2.400000000000000000e+01 1.000000000000000000e+01 nan
-2.300000000000000000e+01 -1.100000000000000000e+01 nan
-2.300000000000000000e+01 -1.000000000000000000e+01 nan
-2.300000000000000000e+01 -9.000000000000000000e+00 nan
-2.300000000000000000e+01 -8.000000000000000000e+00 nan
-2.300000000000000000e+01 -7.000000000000000000e+00 4.304048063761851672e+00
-2.300000000000000000e+01 -6.000000000000000000e+00 4.335055223735186480e+00
-2.300000000000000000e+01 -5.000000000000000000e+00 4.366796289724265812e+00
-2.300000000000000000e+01 -4.000000000000000000e+00 4.326583030607343616e+00
-2.300000000000000000e+01 -3.000000000000000000e+00 4.328421412923359135e+00
-2.300000000000000000e+01 -2.000000000000000000e+00 4.422128546238995206e+00
-2.300000000000000000e+01 -1.000000000000000000e+00 4.625216099175306184e+00
-2.300000000000000000e+01 0.000000000000000000e+00 4.741874341955627514e+00
-2.300000000000000000e+01 1.000000000000000000e+00 4.822348767918672507e+00
-2.300000000000000000e+01 2.000000000000000000e+00 4.906519596567823882e+00
-2.300000000000000000e+01 3.000000000000000000e+00 4.948889635063146386e+00
-2.300000000000000000e+01 4.000000000000000000e+00 5.131023325558546233e+00
-2.300000000000000000e+01 5.000000000000000000e+00 5.208580519671466291e+00
-2.300000000000000000e+01 6.000000000000000000e+00 5.073111674060283960e+00
-2.300000000000000000e+01 7.000000000000000000e+00 5.024185388206524827e+00
-2.300000000000000000e+01 8.000000000000000000e+00 5.078920456311480258e+00
-2.300000000000000000e+01 9.000000000000000000e+00 5.120877834785353855e+00
-2.300000000000000000e+01 1.000000000000000000e+01 nan
-2.200000000000000000e+01 -1.100000000000000000e+01 4.379056430719364457e+00
-2.200000000000000000e+01 -1.000000000000000000e+01 4.326774023704209604e+00
-2.200000000000000000e+01 -9.000000000000000000e+00 4.248745198135297940e+00
-2.200000000000000000e+01 -8.000000000000000000e+00 4.238867474045358463e+00
-2.200000000000000000e+01 -7.000000000000000000e+00 4.261221300062287831e+00
-2.200000000000000000e+01 -6.000000000000000000e+00 4.294553861088918900e+00
-2.200000000000000000e+01 -5.000000000000000000e+00 4.342397162431155699e+00
-2.200000000000000000e+01 -4.000000000000000000e+00 4.313338170849113418e+00
-2.200000000000000000e+01 -3.000000000000000000e+00 4.295708695492641560e+00
-2.200000000000000000e+01 -2.000000000000000000e+00 4.410732043638394551e+00
-2.200000000000000000e+01 -1.000000000000000000e+00 4.652971043397776008e+00
-2.200000000000000000e+01 0.000000000000000000e+00 4.747358258558787902e+00
-2.200000000000000000e+01 1.000000000000000000e+00 4.839622820797344183e+00
-2.200000000000000000e+01 2.000000000000000000e+00 4.939562993838956473e+00
-2.200000000000000000e+01 3.000000000000000000e+00 4.934301625008521874e+00
-2.200000000000000000e+01 4.000000000000000000e+00 5.062905146491301522e+00
-2.200000000000000000e+01 5.000000000000000000e+00 5.140176193129780913e+00
-2.200000000000000000e+01 6.000000000000000000e+00 5.031235402636443865e+00
-2.200000000000000000e+01 7.000000000000000000e+00 4.969690297511412780e+00
-2.200000000000000000e+01 8.000000000000000000e+00 4.980201960745366918e+00
-2.200000000000000000e+01 9.000000000000000000e+00 4.977642687226234486e+00
-2.200000000000000000e+01 1.000000000000000000e+01 nan
-2.100000000000000000e+01 -1.100000000000000000e+01 4.362761149040667696e+00
-2.100000000000000000e+01 -1.000000000000000000e+01 4.331331432223704425e+00
-2.100000000000000000e+01 -9.000000000000000000e+00 4.267374440198732799e+00
-2.100000000000000000e+01 -8.000000000000000000e+00 4.263230112502959912e+00
-2.100000000000000000e+01 -7.000000000000000000e+00 4.314187979116285376e+00
-2.100000000000000000e+01 -6.000000000000000000e+00 4.325497918717489121e+00
-2.100000000000000000e+01 -5.000000000000000000e+00 4.358813576034608062e+00
-2.100000000000000000e+01 -4.000000000000000000e+00 4.286831335774063945e+00
-2.100000000000000000e+01 -3.000000000000000000e+00 4.244149633970139668e+00
-2.100000000000000000e+01 -2.000000000000000000e+00 4.387943643672401528e+00
-2.100000000000000000e+01 -1.000000000000000000e+00 4.651910892014927690e+00
-2.100000000000000000e+01 0.000000000000000000e+00 4.772645011717804309e+00
-2.100000000000000000e+01 1.000000000000000000e+00 4.877710663079941611e+00
-2.100000000000000000e+01 2.000000000000000000e+00 4.975468897219777809e+00
-2.100000000000000000e+01 3.000000000000000000e+00 4.916443836819627933e+00
-2.100000000000000000e+01 4.000000000000000000e+00 4.966855028937208871e+00
-2.100000000000000000e+01 5.000000000000000000e+00 5.011784403548807276e+00
-2.100000000000000000e+01 6.000000000000000000e+00 4.960741470810102527e+00
-2.100000000000000000e+01 7.000000000000000000e+00 4.955666134984227256e+00
-2.100000000000000000e+01 8.000000000000000000e+00 4.916751192604681187e+00
-2.100000000000000000e+01 9.000000000000000000e+00 4.854653782702404108e+00
-2.100000000000000000e+01 1.000000000000000000e+01 nan
-2.000000000000000000e+01 -1.100000000000000000e+01 4.343589307894436757e+00
-2.000000000000000000e+01 -1.000000000000000000e+01 4.336912397963161858e+00
-2.000000000000000000e+01 -9.000000000000000000e+00 4.291204818431231693e+00
-2.000000000000000000e+01 -8.000000000000000000e+00 4.307611946209298992e+00
-2.000000000000000000e+01 -7.000000000000000000e+00 4.397288461868073206e+00
-2.000000000000000000e+01 -6.000000000000000000e+00 4.381385762860424471e+00
-2.000000000000000000e+01 -5.000000000000000000e+00 4.372111915163094054e+00
-2.000000000000000000e+01 -4.000000000000000000e+00 4.250188833890667262e+00
-2.000000000000000000e+01 -3.000000000000000000e+00 4.192441664130854839e+00
-2.000000000000000000e+01 -2.000000000000000000e+00 4.353502733653920487e+00
-2.000000000000000000e+01 -1.000000000000000000e+00 4.627561579449351647e+00
-2.000000000000000000e+01 0.000000000000000000e+00 4.789268078720847477e+00
-2.000000000000000000e+01 1.000000000000000000e+00 4.929339136686698097e+00
-2.000000000000000000e+01 2.000000000000000000e+00 4.978504127700746018e+00
-2.000000000000000000e+01 3.000000000000000000e+00 4.905380078106448494e+00
-2.000000000000000000e+01 4.000000000000000000e+00 4.905354629601841765e+00
-2.000000000000000000e+01 5.000000000000000000e+00 4.950464544646480114e+00
-2.000000000000000000e+01 6.000000000000000000e+00 4.930586187993363900e+00
-2.000000000000000000e+01 7.000000000000000000e+00 4.952294134422518646e+00
-2.000000000000000000e+01 8.000000000000000000e+00 4.913104470560592851e+00
-2.000000000000000000e+01 9.000000000000000000e+00 4.809738378144235327e+00
-2.000000000000000000e+01 1.000000000000000000e+01 nan
