Longitude[deg], Latitude[deg], Dust optical depth
-2.200000000000000000e+01 -3.000000000000000000e+00 nan
-2.200000000000000000e+01 -2.000000000000000000e+00 nan
-2.200000000000000000e+01 -1.000000000000000000e+00 nan
-2.200000000000000000e+01 0.000000000000000000e+00 nan
-2.200000000000000000e+01 1.000000000000000000e+00 nan
-2.200000000000000000e+01 2.000000000000000000e+00 nan
-2.200000000000000000e+01 3.000000000000000000e+00 nan
-2.200000000000000000e+01 4.000000000000000000e+00 nan
-2.200000000000000000e+01 5.000000000000000000e+00 nan
-2.200000000000000000e+01 6.000000000000000000e+00 nan
-2.200000000000000000e+01 7.000000000000000000e+00 nan
-2.200000000000000000e+01 8.000000000000000000e+00 nan
-2.200000000000000000e+01 9.000000000000000000e+00 nan
-2.200000000000000000e+01 1.000000000000000000e+01 nan
-2.200000000000000000e+01 1.100000000000000000e+01 nan
-2.200000000000000000e+01 1.200000000000000000e+01 nan
-2.200000000000000000e+01 1.300000000000000000e+01 nan
-2.200000000000000000e+01 1.400000000000000000e+01 nan
-2.200000000000000000e+01 1.500000000000000000e+01 nan
-2.200000000000000000e+01 1.600000000000000000e+01 nan
-2.200000000000000000e+01 1.700000000000000000e+01 nan
-2.100000000000000000e+01 -3.000000000000000000e+00 nan
-2.100000000000000000e+01 -2.000000000000000000e+00 nan
-2.100000000000000000e+01 -1.000000000000000000e+00 nan
-2.100000000000000000e+01 0.000000000000000000e+00 nan
-2.100000000000000000e+01 1.000000000000000000e+00 nan
-2.100000000000000000e+01 2.000000000000000000e+00 nan
-2.100000000000000000e+01 3.000000000000000000e+00 nan
-2.100000000000000000e+01 4.000000000000000000e+00 nan
-2.100000000000000000e+01 5.000000000000000000e+00 nan
-2.100000000000000000e+01 6.000000000000000000e+00 nan
-2.100000000000000000e+01 7.000000000000000000e+00 3.765373373426834203e+00
-2.100000000000000000e+01 8.000000000000000000e+00 3.826546146564860695e+00
-2.100000000000000000e+01 9.000000000000000000e+00 4.165752967709551946e+00
-2.100000000000000000e+01 1.000000000000000000e+01 4.177818517240971197e+00
-2.100000000000000000e+01 1.100000000000000000e+01 3.923495565222334669e+00
-2.100000000000000000e+01 1.200000000000000000e+01 3.658290731160706688e+00
-2.100000000000000000e+01 1.300000000000000000e+01 3.596690718206352333e+00
-2.100000000000000000e+01 1.400000000000000000e+01 3.486406349127668669e+00
-2.100000000000000000e+01 1.500000000000000000e+01 3.287174847718405957e+00
-2.100000000000000000e+01 1.600000000000000000e+01 3.210242439079796561e+00
-2.100000000000000000e+01 1.700000000000000000e+01 3.147849620735579279e+00
-2.000000000000000000e+01 -3.000000000000000000e+00 4.178438226529409327e+00
-2.000000000000000000e+01 -2.000000000000000000e+00 4.063547554358894587e+00
-2.000000000000000000e+01 -1.000000000000000000e+00 3.919629210776314654e+00
-2.000000000000000000e+01 0.000000000000000000e+00 4.050773814668906958e+00
-2.000000000000000000e+01 1.000000000000000000e+00 4.615570911462206993e+00
-2.000000000000000000e+01 2.000000000000000000e+00 4.836220203450902311e+00
-2.000000000000000000e+01 3.000000000000000000e+00 4.653762847483189802e+00
-2.000000000000000000e+01 4.000000000000000000e+00 4.566935706991589683e+00
-2.000000000000000000e+01 5.000000000000000000e+00 4.334120494035526683e+00
-2.000000000000000000e+01 6.000000000000000000e+00 4.007193337591879789e+00
-2.000000000000000000e+01 7.000000000000000000e+00 3.780090873291272136e+00
-2.000000000000000000e+01 8.000000000000000000e+00 3.737446589546331133e+00
-2.000000000000000000e+01 9.000000000000000000e+00 4.106452666294514664e+00
-2.000000000000000000e+01 1.000000000000000000e+01 4.141968220052522298e+00
-2.000000000000000000e+01 1.100000000000000000e+01 3.890217265032391847e+00
-2.000000000000000000e+01 1.200000000000000000e+01 3.655994036921702328e+00
-2.000000000000000000e+01 1.300000000000000000e+01 3.591102833233797309e+00
-2.000000000000000000e+01 1.400000000000000000e+01 3.513743129228938500e+00
-2.000000000000000000e+01 1.500000000000000000e+01 3.354012495744000066e+00
-2.000000000000000000e+01 1.600000000000000000e+01 3.223963020970536775e+00
-2.000000000000000000e+01 1.700000000000000000e+01 3.096064059770809340e+00
-1.900000000000000000e+01 -3.000000000000000000e+00 4.211405485280224958e+00
-1.900000000000000000e+01 -2.000000000000000000e+00 4.114969815858878555e+00
-1.900000000000000000e+01 -1.000000000000000000e+00 4.010449551369092092e+00
-1.900000000000000000e+01 0.000000000000000000e+00 4.210161391354342086e+00
-1.900000000000000000e+01 1.000000000000000000e+00 4.670897121908034855e+00
-1.900000000000000000e+01 2.000000000000000000e+00 4.705106448938057184e+00
-1.900000000000000000e+01 3.000000000000000000e+00 4.621318985128162637e+00
-1.900000000000000000e+01 4.000000000000000000e+00 4.520406612527581913e+00
-1.900000000000000000e+01 5.000000000000000000e+00 4.261904785677985252e+00
-1.900000000000000000e+01 6.000000000000000000e+00 4.039409600052183968e+00
-1.900000000000000000e+01 7.000000000000000000e+00 3.792350772609220044e+00
-1.900000000000000000e+01 8.000000000000000000e+00 3.704926112541998329e+00
-1.900000000000000000e+01 9.000000000000000000e+00 3.971027504793526397e+00
-1.900000000000000000e+01 1.000000000000000000e+01 3.992861164114574368e+00
-1.900000000000000000e+01 1.100000000000000000e+01 3.818381423554528808e+00
-1.900000000000000000e+01 1.200000000000000000e+01 3.652237776819323045e+00
-1.900000000000000000e+01 1.300000000000000000e+01 3.536910627532569240e+00
-1.900000000000000000e+01 1.400000000000000000e+01 3.528157013374851658e+00
-1.900000000000000000e+01 1.500000000000000000e+01 3.436863930218744922e+00
-1.900000000000000000e+01 1.600000000000000000e+01 3.264521881541190496e+00
-1.900000000000000000e+01 1.700000000000000000e+01 3.090947145855100331e+00
-1.800000000000000000e+01 -3.000000000000000000e+00 4.305084691299464694e+00
-1.800000000000000000e+01 -2.000000000000000000e+00 4.183210625227655299e+00
-1.800000000000000000e+01 -1.000000000000000000e+00 4.129308210912305377e+00
-1.800000000000000000e+01 0.000000000000000000e+00 4.483236272855285698e+00
-1.800000000000000000e+01 1.000000000000000000e+00 4.697469075824440843e+00
-1.800000000000000000e+01 2.000000000000000000e+00 4.576229619256312553e+00
-1.800000000000000000e+01 3.000000000000000000e+00 4.551625352748756015e+00
-1.800000000000000000e+01 4.000000000000000000e+00 4.446461027497994323e+00
-1.800000000000000000e+01 5.000000000000000000e+00 4.231551933094402251e+00
-1.800000000000000000e+01 6.000000000000000000e+00 4.072311349039863693e+00
-1.800000000000000000e+01 7.000000000000000000e+00 3.795398947649387011e+00
-1.800000000000000000e+01 8.000000000000000000e+00 3.686423358006909012e+00
-1.800000000000000000e+01 9.000000000000000000e+00 3.852102852231659380e+00
-1.800000000000000000e+01 1.000000000000000000e+01 3.910420162291670110e+00
-1.800000000000000000e+01 1.100000000000000000e+01 3.782608562933255758e+00
-1.800000000000000000e+01 1.200000000000000000e+01 3.655605005436796784e+00
-1.800000000000000000e+01 1.300000000000000000e+01 3.496924503839152543e+00
-1.800000000000000000e+01 1.400000000000000000e+01 3.504585100595873470e+00
-1.800000000000000000e+01 1.500000000000000000e+01 3.453956346983532821e+00
-1.800000000000000000e+01 1.600000000000000000e+01 3.281092074395016489e+00
-1.800000000000000000e+01 1.700000000000000000e+01 3.122081757468980978e+00
-1.700000000000000000e+01 -3.000000000000000000e+00 4.421342915322121314e+00
-1.700000000000000000e+01 -2.000000000000000000e+00 4.297123971907263140e+00
-1.700000000000000000e+01 -1.000000000000000000e+00 4.345583785183522174e+00
-1.700000000000000000e+01 0.000000000000000000e+00 4.922922599228305884e+00
-1.700000000000000000e+01 1.000000000000000000e+00 4.830414463970517325e+00
-1.700000000000000000e+01 2.000000000000000000e+00 4.427618384188983569e+00
-1.700000000000000000e+01 3.000000000000000000e+00 4.458865041706306265e+00
-1.700000000000000000e+01 4.000000000000000000e+00 4.440601863193782251e+00
-1.700000000000000000e+01 5.000000000000000000e+00 4.280889177035085424e+00
-1.700000000000000000e+01 6.000000000000000000e+00 4.094466800204251911e+00
-1.700000000000000000e+01 7.000000000000000000e+00 3.762881429398759359e+00
-1.700000000000000000e+01 8.000000000000000000e+00 3.682763592603350400e+00
-1.700000000000000000e+01 9.000000000000000000e+00 3.829141835157216178e+00
-1.700000000000000000e+01 1.000000000000000000e+01 3.880391303895955879e+00
-1.700000000000000000e+01 1.100000000000000000e+01 3.915446265229423961e+00
-1.700000000000000000e+01 1.200000000000000000e+01 3.901648958466847006e+00
-1.700000000000000000e+01 1.300000000000000000e+01 nan
-1.700000000000000000e+01 1.400000000000000000e+01 nan
-1.700000000000000000e+01 1.500000000000000000e+01 nan
-1.700000000000000000e+01 1.600000000000000000e+01 nan
-1.700000000000000000e+01 1.700000000000000000e+01 nan
