Longitude[deg], Latitude[deg], Dust optical depth
2.100000000000000000e+01 1.400000000000000000e+01 nan
2.100000000000000000e+01 1.500000000000000000e+01 nan
2.100000000000000000e+01 1.600000000000000000e+01 nan
2.100000000000000000e+01 1.700000000000000000e+01 nan
2.100000000000000000e+01 1.800000000000000000e+01 nan
2.100000000000000000e+01 1.900000000000000000e+01 nan
2.100000000000000000e+01 2.000000000000000000e+01 nan
2.100000000000000000e+01 2.100000000000000000e+01 nan
2.100000000000000000e+01 2.200000000000000000e+01 nan
2.100000000000000000e+01 2.300000000000000000e+01 nan
2.100000000000000000e+01 2.400000000000000000e+01 nan
2.100000000000000000e+01 2.500000000000000000e+01 nan
2.100000000000000000e+01 2.600000000000000000e+01 nan
2.100000000000000000e+01 2.700000000000000000e+01 nan
2.100000000000000000e+01 2.800000000000000000e+01 nan
2.100000000000000000e+01 2.900000000000000000e+01 nan
2.100000000000000000e+01 3.000000000000000000e+01 5.857871257865229220e-01
2.100000000000000000e+01 3.100000000000000000e+01 7.121979295726944548e-01
2.100000000000000000e+01 3.200000000000000000e+01 8.480434854259131239e-01
2.100000000000000000e+01 3.300000000000000000e+01 7.882059373042270556e-01
2.100000000000000000e+01 3.400000000000000000e+01 7.350397595794465611e-01
2.100000000000000000e+01 3.500000000000000000e+01 nan
2.200000000000000000e+01 1.400000000000000000e+01 nan
2.200000000000000000e+01 1.500000000000000000e+01 nan
2.200000000000000000e+01 1.600000000000000000e+01 nan
2.200000000000000000e+01 1.700000000000000000e+01 nan
2.200000000000000000e+01 1.800000000000000000e+01 nan
2.200000000000000000e+01 1.900000000000000000e+01 nan
2.200000000000000000e+01 2.000000000000000000e+01 8.120588309549426898e-01
2.200000000000000000e+01 2.100000000000000000e+01 7.918194350733697151e-01
2.200000000000000000e+01 2.200000000000000000e+01 7.516013958723464228e-01
2.200000000000000000e+01 2.300000000000000000e+01 7.412291691214795142e-01
2.200000000000000000e+01 2.400000000000000000e+01 7.573034700368675987e-01
2.200000000000000000e+01 2.500000000000000000e+01 7.101857122626000773e-01
2.200000000000000000e+01 2.600000000000000000e+01 6.631563760761670645e-01
2.200000000000000000e+01 2.700000000000000000e+01 6.570389954932549514e-01
2.200000000000000000e+01 2.800000000000000000e+01 6.508286949241463004e-01
2.200000000000000000e+01 2.900000000000000000e+01 6.313508282653782500e-01
2.200000000000000000e+01 3.000000000000000000e+01 5.568100949640237829e-01
2.200000000000000000e+01 3.100000000000000000e+01 6.282263364012720119e-01
2.200000000000000000e+01 3.200000000000000000e+01 8.096395318226451421e-01
2.200000000000000000e+01 3.300000000000000000e+01 7.531126070474304379e-01
2.200000000000000000e+01 3.400000000000000000e+01 7.082812429167496537e-01
2.200000000000000000e+01 3.500000000000000000e+01 nan
2.300000000000000000e+01 1.400000000000000000e+01 1.062275782444381589e+00
2.300000000000000000e+01 1.500000000000000000e+01 9.996129560439130923e-01
2.300000000000000000e+01 1.600000000000000000e+01 9.168307832616637842e-01
2.300000000000000000e+01 1.700000000000000000e+01 8.438790688917615634e-01
2.300000000000000000e+01 1.800000000000000000e+01 8.305337670073786871e-01
2.300000000000000000e+01 1.900000000000000000e+01 8.315637818066112796e-01
2.300000000000000000e+01 2.000000000000000000e+01 8.254322859716892724e-01
2.300000000000000000e+01 2.100000000000000000e+01 7.864261758378441325e-01
2.300000000000000000e+01 2.200000000000000000e+01 7.425553435186444950e-01
2.300000000000000000e+01 2.300000000000000000e+01 7.382781880887883119e-01
2.300000000000000000e+01 2.400000000000000000e+01 7.517341406718309749e-01
2.300000000000000000e+01 2.500000000000000000e+01 7.024403845802528190e-01
2.300000000000000000e+01 2.600000000000000000e+01 6.568375985738794665e-01
2.300000000000000000e+01 2.700000000000000000e+01 6.461967332013427434e-01
2.300000000000000000e+01 2.800000000000000000e+01 6.395440600733285352e-01
2.300000000000000000e+01 2.900000000000000000e+01 6.165773818304448595e-01
2.300000000000000000e+01 3.000000000000000000e+01 5.553445115073780691e-01
2.300000000000000000e+01 3.100000000000000000e+01 6.181942967001902156e-01
2.300000000000000000e+01 3.200000000000000000e+01 7.639091229085812618e-01
2.300000000000000000e+01 3.300000000000000000e+01 7.639091229085812618e-01
2.300000000000000000e+01 3.400000000000000000e+01 7.430454880604050460e-01
2.300000000000000000e+01 3.500000000000000000e+01 nan
2.400000000000000000e+01 1.400000000000000000e+01 1.104967082862355676e+00
2.400000000000000000e+01 1.500000000000000000e+01 1.038815112486674241e+00
2.400000000000000000e+01 1.600000000000000000e+01 9.415883125628919936e-01
2.400000000000000000e+01 1.700000000000000000e+01 8.382597408303067432e-01
2.400000000000000000e+01 1.800000000000000000e+01 8.241915509102486492e-01
2.400000000000000000e+01 1.900000000000000000e+01 8.364938966142035914e-01
2.400000000000000000e+01 2.000000000000000000e+01 8.322246599580805926e-01
2.400000000000000000e+01 2.100000000000000000e+01 7.841529551535149078e-01
2.400000000000000000e+01 2.200000000000000000e+01 7.383359642701771142e-01
2.400000000000000000e+01 2.300000000000000000e+01 7.393860246107352152e-01
2.400000000000000000e+01 2.400000000000000000e+01 7.442164492027043554e-01
2.400000000000000000e+01 2.500000000000000000e+01 7.014045702860567388e-01
2.400000000000000000e+01 2.600000000000000000e+01 6.468814641444230462e-01
2.400000000000000000e+01 2.700000000000000000e+01 6.335549664626801691e-01
2.400000000000000000e+01 2.800000000000000000e+01 6.302844140997251321e-01
2.400000000000000000e+01 2.900000000000000000e+01 5.796310713643789692e-01
2.400000000000000000e+01 3.000000000000000000e+01 5.954675364304419238e-01
2.400000000000000000e+01 3.100000000000000000e+01 6.812688381078749744e-01
2.400000000000000000e+01 3.200000000000000000e+01 7.749635681764988071e-01
2.400000000000000000e+01 3.300000000000000000e+01 7.963707426233836983e-01
2.400000000000000000e+01 3.400000000000000000e+01 8.061585748099793225e-01
2.400000000000000000e+01 3.500000000000000000e+01 7.606019908574035426e-01
2.500000000000000000e+01 1.400000000000000000e+01 1.139776612480919438e+00
2.500000000000000000e+01 1.500000000000000000e+01 1.088778811361869714e+00
2.500000000000000000e+01 1.600000000000000000e+01 9.581237913991372812e-01
2.500000000000000000e+01 1.700000000000000000e+01 8.305601643616726815e-01
2.500000000000000000e+01 1.800000000000000000e+01 8.166432653410005127e-01
2.500000000000000000e+01 1.900000000000000000e+01 8.464591508251465557e-01
2.500000000000000000e+01 2.000000000000000000e+01 8.422802872243880801e-01
2.500000000000000000e+01 2.100000000000000000e+01 7.810612326793204829e-01
2.500000000000000000e+01 2.200000000000000000e+01 7.346688324128500813e-01
2.500000000000000000e+01 2.300000000000000000e+01 7.409145327506696521e-01
2.500000000000000000e+01 2.400000000000000000e+01 7.409949941494146097e-01
2.500000000000000000e+01 2.500000000000000000e+01 7.065499439418713168e-01
2.500000000000000000e+01 2.600000000000000000e+01 6.422247125358483411e-01
2.500000000000000000e+01 2.700000000000000000e+01 6.288349958453084421e-01
2.500000000000000000e+01 2.800000000000000000e+01 6.286356190017331480e-01
2.500000000000000000e+01 2.900000000000000000e+01 6.141968286938734867e-01
2.500000000000000000e+01 3.000000000000000000e+01 6.227581440770539878e-01
2.500000000000000000e+01 3.100000000000000000e+01 7.150598629250748406e-01
2.500000000000000000e+01 3.200000000000000000e+01 7.919645104065842212e-01
2.500000000000000000e+01 3.300000000000000000e+01 8.133027210370595839e-01
2.500000000000000000e+01 3.400000000000000000e+01 8.201436329181668317e-01
2.500000000000000000e+01 3.500000000000000000e+01 nan
2.600000000000000000e+01 1.400000000000000000e+01 nan
2.600000000000000000e+01 1.500000000000000000e+01 1.128768439065329643e+00
2.600000000000000000e+01 1.600000000000000000e+01 9.674543205971606330e-01
2.600000000000000000e+01 1.700000000000000000e+01 8.246256258503528169e-01
2.600000000000000000e+01 1.800000000000000000e+01 7.964600791436046157e-01
2.600000000000000000e+01 1.900000000000000000e+01 8.074804415797851576e-01
2.600000000000000000e+01 2.000000000000000000e+01 8.076472884233389937e-01
2.600000000000000000e+01 2.100000000000000000e+01 7.495157988100695778e-01
2.600000000000000000e+01 2.200000000000000000e+01 7.050290260456458791e-01
2.600000000000000000e+01 2.300000000000000000e+01 7.202392028377850863e-01
2.600000000000000000e+01 2.400000000000000000e+01 nan
2.600000000000000000e+01 2.500000000000000000e+01 nan
2.600000000000000000e+01 2.600000000000000000e+01 nan
2.600000000000000000e+01 2.700000000000000000e+01 nan
2.600000000000000000e+01 2.800000000000000000e+01 nan
2.600000000000000000e+01 2.900000000000000000e+01 nan
2.600000000000000000e+01 3.000000000000000000e+01 nan
2.600000000000000000e+01 3.100000000000000000e+01 nan
2.600000000000000000e+01 3.200000000000000000e+01 nan
2.600000000000000000e+01 3.300000000000000000e+01 nan
2.600000000000000000e+01 3.400000000000000000e+01 nan
2.600000000000000000e+01 3.500000000000000000e+01 nan
