Longitude[deg], Latitude[deg], Dust optical depth
1.120000000000000000e+02 2.800000000000000000e+01 nan
1.120000000000000000e+02 2.900000000000000000e+01 nan
1.120000000000000000e+02 3.000000000000000000e+01 nan
1.120000000000000000e+02 3.100000000000000000e+01 nan
1.120000000000000000e+02 3.200000000000000000e+01 nan
1.120000000000000000e+02 3.300000000000000000e+01 nan
1.120000000000000000e+02 3.400000000000000000e+01 nan
1.120000000000000000e+02 3.500000000000000000e+01 nan
1.120000000000000000e+02 3.600000000000000000e+01 nan
1.120000000000000000e+02 3.700000000000000000e+01 nan
1.120000000000000000e+02 3.800000000000000000e+01 nan
1.120000000000000000e+02 3.900000000000000000e+01 nan
1.120000000000000000e+02 4.000000000000000000e+01 nan
1.120000000000000000e+02 4.100000000000000000e+01 nan
1.120000000000000000e+02 4.200000000000000000e+01 nan
1.120000000000000000e+02 4.300000000000000000e+01 nan
1.120000000000000000e+02 4.400000000000000000e+01 nan
1.120000000000000000e+02 4.500000000000000000e+01 nan
1.120000000000000000e+02 4.600000000000000000e+01 nan
1.120000000000000000e+02 4.700000000000000000e+01 nan
1.130000000000000000e+02 2.800000000000000000e+01 nan
1.130000000000000000e+02 2.900000000000000000e+01 nan
1.130000000000000000e+02 3.000000000000000000e+01 nan
1.130000000000000000e+02 3.100000000000000000e+01 nan
1.130000000000000000e+02 3.200000000000000000e+01 nan
1.130000000000000000e+02 3.300000000000000000e+01 nan
1.130000000000000000e+02 3.400000000000000000e+01 nan
1.130000000000000000e+02 3.500000000000000000e+01 nan
1.130000000000000000e+02 3.600000000000000000e+01 nan
1.130000000000000000e+02 3.700000000000000000e+01 nan
1.130000000000000000e+02 3.800000000000000000e+01 nan
1.130000000000000000e+02 3.900000000000000000e+01 nan
1.130000000000000000e+02 4.000000000000000000e+01 nan
1.130000000000000000e+02 4.100000000000000000e+01 nan
1.130000000000000000e+02 4.200000000000000000e+01 nan
1.130000000000000000e+02 4.300000000000000000e+01 nan
1.130000000000000000e+02 4.400000000000000000e+01 nan
1.130000000000000000e+02 4.500000000000000000e+01 nan
1.130000000000000000e+02 4.600000000000000000e+01 nan
1.130000000000000000e+02 4.700000000000000000e+01 nan
1.140000000000000000e+02 2.800000000000000000e+01 nan
1.140000000000000000e+02 2.900000000000000000e+01 nan
1.140000000000000000e+02 3.000000000000000000e+01 nan
1.140000000000000000e+02 3.100000000000000000e+01 nan
1.140000000000000000e+02 3.200000000000000000e+01 nan
1.140000000000000000e+02 3.300000000000000000e+01 nan
1.140000000000000000e+02 3.400000000000000000e+01 nan
1.140000000000000000e+02 3.500000000000000000e+01 nan
1.140000000000000000e+02 3.600000000000000000e+01 nan
1.140000000000000000e+02 3.700000000000000000e+01 nan
1.140000000000000000e+02 3.800000000000000000e+01 1.049867396623819227e+00
1.140000000000000000e+02 3.900000000000000000e+01 1.059131402502292207e+00
1.140000000000000000e+02 4.000000000000000000e+01 nan
1.140000000000000000e+02 4.100000000000000000e+01 nan
1.140000000000000000e+02 4.200000000000000000e+01 nan
1.140000000000000000e+02 4.300000000000000000e+01 nan
1.140000000000000000e+02 4.400000000000000000e+01 nan
1.140000000000000000e+02 4.500000000000000000e+01 nan
1.140000000000000000e+02 4.600000000000000000e+01 nan
1.140000000000000000e+02 4.700000000000000000e+01 nan
1.150000000000000000e+02 2.800000000000000000e+01 nan
1.150000000000000000e+02 2.900000000000000000e+01 nan
1.150000000000000000e+02 3.000000000000000000e+01 nan
1.150000000000000000e+02 3.100000000000000000e+01 nan
1.150000000000000000e+02 3.200000000000000000e+01 1.156652368231078976e+00
1.150000000000000000e+02 3.300000000000000000e+01 1.166297463808349200e+00
1.150000000000000000e+02 3.400000000000000000e+01 1.111858687611350538e+00
1.150000000000000000e+02 3.500000000000000000e+01 1.144866193614912708e+00
1.150000000000000000e+02 3.600000000000000000e+01 1.144356927914427446e+00
1.150000000000000000e+02 3.700000000000000000e+01 1.073092123548885723e+00
1.150000000000000000e+02 3.800000000000000000e+01 1.033660305212467101e+00
1.150000000000000000e+02 3.900000000000000000e+01 1.033193039361739451e+00
1.150000000000000000e+02 4.000000000000000000e+01 1.035274652529700301e+00
1.150000000000000000e+02 4.100000000000000000e+01 nan
1.150000000000000000e+02 4.200000000000000000e+01 nan
1.150000000000000000e+02 4.300000000000000000e+01 nan
1.150000000000000000e+02 4.400000000000000000e+01 nan
1.150000000000000000e+02 4.500000000000000000e+01 nan
1.150000000000000000e+02 4.600000000000000000e+01 nan
1.150000000000000000e+02 4.700000000000000000e+01 nan
1.160000000000000000e+02 2.800000000000000000e+01 9.153795884675632877e-01
1.160000000000000000e+02 2.900000000000000000e+01 9.361878255153813777e-01
1.160000000000000000e+02 3.000000000000000000e+01 9.638681726376866488e-01
1.160000000000000000e+02 3.100000000000000000e+01 9.902669263634971131e-01
1.160000000000000000e+02 3.200000000000000000e+01 1.080948472324593013e+00
1.160000000000000000e+02 3.300000000000000000e+01 1.133887178974552823e+00
1.160000000000000000e+02 3.400000000000000000e+01 1.122066582286084246e+00
1.160000000000000000e+02 3.500000000000000000e+01 1.152426661158098442e+00
1.160000000000000000e+02 3.600000000000000000e+01 1.135436158017580244e+00
1.160000000000000000e+02 3.700000000000000000e+01 1.072095973018856396e+00
1.160000000000000000e+02 3.800000000000000000e+01 1.011855025091265459e+00
1.160000000000000000e+02 3.900000000000000000e+01 1.003777599365268003e+00
1.160000000000000000e+02 4.000000000000000000e+01 1.015740983231843142e+00
1.160000000000000000e+02 4.100000000000000000e+01 nan
1.160000000000000000e+02 4.200000000000000000e+01 nan
1.160000000000000000e+02 4.300000000000000000e+01 nan
1.160000000000000000e+02 4.400000000000000000e+01 nan
1.160000000000000000e+02 4.500000000000000000e+01 nan
1.160000000000000000e+02 4.600000000000000000e+01 nan
1.160000000000000000e+02 4.700000000000000000e+01 nan
1.170000000000000000e+02 2.800000000000000000e+01 9.365400117728616136e-01
1.170000000000000000e+02 2.900000000000000000e+01 9.343919908837691191e-01
1.170000000000000000e+02 3.000000000000000000e+01 9.601242560832125017e-01
1.170000000000000000e+02 3.100000000000000000e+01 9.880920395263607103e-01
1.170000000000000000e+02 3.200000000000000000e+01 1.067453026939693572e+00
1.170000000000000000e+02 3.300000000000000000e+01 1.124933596437295735e+00
1.170000000000000000e+02 3.400000000000000000e+01 1.121375806615927173e+00
1.170000000000000000e+02 3.500000000000000000e+01 1.146765000001458423e+00
1.170000000000000000e+02 3.600000000000000000e+01 1.125049041757766100e+00
1.170000000000000000e+02 3.700000000000000000e+01 1.067434158483296702e+00
1.170000000000000000e+02 3.800000000000000000e+01 9.863138304155035785e-01
1.170000000000000000e+02 3.900000000000000000e+01 9.674129686856453025e-01
1.170000000000000000e+02 4.000000000000000000e+01 9.905653546118156072e-01
1.170000000000000000e+02 4.100000000000000000e+01 nan
1.170000000000000000e+02 4.200000000000000000e+01 nan
1.170000000000000000e+02 4.300000000000000000e+01 nan
1.170000000000000000e+02 4.400000000000000000e+01 nan
1.170000000000000000e+02 4.500000000000000000e+01 nan
1.170000000000000000e+02 4.600000000000000000e+01 nan
1.170000000000000000e+02 4.700000000000000000e+01 nan
1.180000000000000000e+02 2.800000000000000000e+01 9.612984786399163539e-01
1.180000000000000000e+02 2.900000000000000000e+01 9.386164344370520052e-01
1.180000000000000000e+02 3.000000000000000000e+01 9.605495282781842947e-01
1.180000000000000000e+02 3.100000000000000000e+01 9.849069506294190202e-01
1.180000000000000000e+02 3.200000000000000000e+01 1.035783097524010987e+00
1.180000000000000000e+02 3.300000000000000000e+01 1.103768918444598235e+00
1.180000000000000000e+02 3.400000000000000000e+01 1.124696487198523887e+00
1.180000000000000000e+02 3.500000000000000000e+01 1.146765000001458423e+00
1.180000000000000000e+02 3.600000000000000000e+01 1.112421282580511761e+00
1.180000000000000000e+02 3.700000000000000000e+01 1.054856973966366240e+00
1.180000000000000000e+02 3.800000000000000000e+01 9.724388984188879759e-01
1.180000000000000000e+02 3.900000000000000000e+01 9.628562348126596948e-01
1.180000000000000000e+02 4.000000000000000000e+01 nan
1.180000000000000000e+02 4.100000000000000000e+01 nan
1.180000000000000000e+02 4.200000000000000000e+01 nan
1.180000000000000000e+02 4.300000000000000000e+01 nan
1.180000000000000000e+02 4.400000000000000000e+01 nan
1.180000000000000000e+02 4.500000000000000000e+01 nan
1.180000000000000000e+02 4.600000000000000000e+01 nan
1.180000000000000000e+02 4.700000000000000000e+01 nan
1.190000000000000000e+02 2.800000000000000000e+01 9.732655830336464087e-01
1.190000000000000000e+02 2.900000000000000000e+01 9.546476336638449744e-01
1.190000000000000000e+02 3.000000000000000000e+01 9.726823089929929056e-01
1.190000000000000000e+02 3.100000000000000000e+01 9.862843159893249778e-01
1.190000000000000000e+02 3.200000000000000000e+01 1.021541029608319828e+00
1.190000000000000000e+02 3.300000000000000000e+01 1.095958160748192300e+00
1.190000000000000000e+02 3.400000000000000000e+01 1.134288927650392020e+00
1.190000000000000000e+02 3.500000000000000000e+01 1.165048217769113492e+00
1.190000000000000000e+02 3.600000000000000000e+01 1.118871556996391403e+00
1.190000000000000000e+02 3.700000000000000000e+01 1.039862912222828228e+00
1.190000000000000000e+02 3.800000000000000000e+01 9.598696384330618336e-01
1.190000000000000000e+02 3.900000000000000000e+01 9.482414938054871678e-01
1.190000000000000000e+02 4.000000000000000000e+01 nan
1.190000000000000000e+02 4.100000000000000000e+01 nan
1.190000000000000000e+02 4.200000000000000000e+01 nan
1.190000000000000000e+02 4.300000000000000000e+01 nan
1.190000000000000000e+02 4.400000000000000000e+01 nan
1.190000000000000000e+02 4.500000000000000000e+01 nan
1.190000000000000000e+02 4.600000000000000000e+01 nan
1.190000000000000000e+02 4.700000000000000000e+01 nan
1.200000000000000000e+02 2.800000000000000000e+01 nan
1.200000000000000000e+02 2.900000000000000000e+01 9.585119593650496261e-01
1.200000000000000000e+02 3.000000000000000000e+01 9.737084917615751456e-01
1.200000000000000000e+02 3.100000000000000000e+01 9.902011732465204608e-01
1.200000000000000000e+02 3.200000000000000000e+01 1.032670643741743888e+00
1.200000000000000000e+02 3.300000000000000000e+01 1.103861960306931955e+00
1.200000000000000000e+02 3.400000000000000000e+01 1.133965560630168401e+00
1.200000000000000000e+02 3.500000000000000000e+01 1.175557780364385296e+00
1.200000000000000000e+02 3.600000000000000000e+01 1.144410917487550527e+00
1.200000000000000000e+02 3.700000000000000000e+01 1.030275477955298946e+00
1.200000000000000000e+02 3.800000000000000000e+01 9.321494568010671999e-01
1.200000000000000000e+02 3.900000000000000000e+01 9.159166082165987044e-01
1.200000000000000000e+02 4.000000000000000000e+01 nan
1.200000000000000000e+02 4.100000000000000000e+01 nan
1.200000000000000000e+02 4.200000000000000000e+01 nan
1.200000000000000000e+02 4.300000000000000000e+01 nan
1.200000000000000000e+02 4.400000000000000000e+01 nan
1.200000000000000000e+02 4.500000000000000000e+01 nan
1.200000000000000000e+02 4.600000000000000000e+01 nan
1.200000000000000000e+02 4.700000000000000000e+01 nan
