Longitude[deg], Latitude[deg], Dust optical depth
1.400000000000000000e+01 2.800000000000000000e+01 nan
1.400000000000000000e+01 2.900000000000000000e+01 nan
1.400000000000000000e+01 3.000000000000000000e+01 nan
1.400000000000000000e+01 3.100000000000000000e+01 nan
1.400000000000000000e+01 3.200000000000000000e+01 nan
1.400000000000000000e+01 3.300000000000000000e+01 nan
1.400000000000000000e+01 3.400000000000000000e+01 nan
1.400000000000000000e+01 3.500000000000000000e+01 nan
1.400000000000000000e+01 3.600000000000000000e+01 nan
1.400000000000000000e+01 3.700000000000000000e+01 nan
1.400000000000000000e+01 3.800000000000000000e+01 nan
1.400000000000000000e+01 3.900000000000000000e+01 nan
1.400000000000000000e+01 4.000000000000000000e+01 nan
1.400000000000000000e+01 4.100000000000000000e+01 nan
1.400000000000000000e+01 4.200000000000000000e+01 nan
1.400000000000000000e+01 4.300000000000000000e+01 nan
1.400000000000000000e+01 4.400000000000000000e+01 nan
1.400000000000000000e+01 4.500000000000000000e+01 nan
1.400000000000000000e+01 4.600000000000000000e+01 nan
1.400000000000000000e+01 4.700000000000000000e+01 nan
1.500000000000000000e+01 2.800000000000000000e+01 nan
1.500000000000000000e+01 2.900000000000000000e+01 nan
1.500000000000000000e+01 3.000000000000000000e+01 nan
1.500000000000000000e+01 3.100000000000000000e+01 nan
1.500000000000000000e+01 3.200000000000000000e+01 nan
1.500000000000000000e+01 3.300000000000000000e+01 nan
1.500000000000000000e+01 3.400000000000000000e+01 nan
1.500000000000000000e+01 3.500000000000000000e+01 nan
1.500000000000000000e+01 3.600000000000000000e+01 nan
1.500000000000000000e+01 3.700000000000000000e+01 nan
1.500000000000000000e+01 3.800000000000000000e+01 nan
1.500000000000000000e+01 3.900000000000000000e+01 nan
1.500000000000000000e+01 4.000000000000000000e+01 nan
1.500000000000000000e+01 4.100000000000000000e+01 6.107638750059085631e-01
1.500000000000000000e+01 4.200000000000000000e+01 5.002104312599716662e-01
1.500000000000000000e+01 4.300000000000000000e+01 4.586709169722780199e-01
1.500000000000000000e+01 4.400000000000000000e+01 4.062194672395870731e-01
1.500000000000000000e+01 4.500000000000000000e+01 nan
1.500000000000000000e+01 4.600000000000000000e+01 nan
1.500000000000000000e+01 4.700000000000000000e+01 nan
1.600000000000000000e+01 2.800000000000000000e+01 nan
1.600000000000000000e+01 2.900000000000000000e+01 nan
1.600000000000000000e+01 3.000000000000000000e+01 nan
1.600000000000000000e+01 3.100000000000000000e+01 nan
1.600000000000000000e+01 3.200000000000000000e+01 nan
1.600000000000000000e+01 3.300000000000000000e+01 nan
1.600000000000000000e+01 3.400000000000000000e+01 nan
1.600000000000000000e+01 3.500000000000000000e+01 nan
1.600000000000000000e+01 3.600000000000000000e+01 9.931296667369737818e-01
1.600000000000000000e+01 3.700000000000000000e+01 9.732303007125643335e-01
1.600000000000000000e+01 3.800000000000000000e+01 8.835495128435242318e-01
1.600000000000000000e+01 3.900000000000000000e+01 8.620463296755175309e-01
1.600000000000000000e+01 4.000000000000000000e+01 8.782060344258399986e-01
1.600000000000000000e+01 4.100000000000000000e+01 7.313604232338724032e-01
1.600000000000000000e+01 4.200000000000000000e+01 4.977337112406942654e-01
1.600000000000000000e+01 4.300000000000000000e+01 4.327837592701078706e-01
1.600000000000000000e+01 4.400000000000000000e+01 3.838701238161081331e-01
1.600000000000000000e+01 4.500000000000000000e+01 nan
1.600000000000000000e+01 4.600000000000000000e+01 nan
1.600000000000000000e+01 4.700000000000000000e+01 nan
1.700000000000000000e+01 2.800000000000000000e+01 nan
1.700000000000000000e+01 2.900000000000000000e+01 1.050972345094690397e+00
1.700000000000000000e+01 3.000000000000000000e+01 1.001344895254834721e+00
1.700000000000000000e+01 3.100000000000000000e+01 9.417739860631866300e-01
1.700000000000000000e+01 3.200000000000000000e+01 9.320141138097683964e-01
1.700000000000000000e+01 3.300000000000000000e+01 9.653231648214842808e-01
1.700000000000000000e+01 3.400000000000000000e+01 9.285560871545845973e-01
1.700000000000000000e+01 3.500000000000000000e+01 9.464513313024033314e-01
1.700000000000000000e+01 3.600000000000000000e+01 9.949299539993023966e-01
1.700000000000000000e+01 3.700000000000000000e+01 9.841592887129100298e-01
1.700000000000000000e+01 3.800000000000000000e+01 9.196690626105098465e-01
1.700000000000000000e+01 3.900000000000000000e+01 8.450406163297473627e-01
1.700000000000000000e+01 4.000000000000000000e+01 8.030050832447899190e-01
1.700000000000000000e+01 4.100000000000000000e+01 6.900251273735916735e-01
1.700000000000000000e+01 4.200000000000000000e+01 4.741464141714366032e-01
1.700000000000000000e+01 4.300000000000000000e+01 3.892646431748234548e-01
1.700000000000000000e+01 4.400000000000000000e+01 3.723043692094875623e-01
1.700000000000000000e+01 4.500000000000000000e+01 nan
1.700000000000000000e+01 4.600000000000000000e+01 nan
1.700000000000000000e+01 4.700000000000000000e+01 nan
1.800000000000000000e+01 2.800000000000000000e+01 1.134615755554577499e+00
1.800000000000000000e+01 2.900000000000000000e+01 1.050972345094690397e+00
1.800000000000000000e+01 3.000000000000000000e+01 1.008014319115252855e+00
1.800000000000000000e+01 3.100000000000000000e+01 9.584865007341747400e-01
1.800000000000000000e+01 3.200000000000000000e+01 9.265734286471282166e-01
1.800000000000000000e+01 3.300000000000000000e+01 9.398489834438523705e-01
1.800000000000000000e+01 3.400000000000000000e+01 9.078912020281832973e-01
1.800000000000000000e+01 3.500000000000000000e+01 9.300694849858869295e-01
1.800000000000000000e+01 3.600000000000000000e+01 9.768882297034736650e-01
1.800000000000000000e+01 3.700000000000000000e+01 9.768882297034736650e-01
1.800000000000000000e+01 3.800000000000000000e+01 9.291640278060465663e-01
1.800000000000000000e+01 3.900000000000000000e+01 7.723561400888541151e-01
1.800000000000000000e+01 4.000000000000000000e+01 6.058192595473961273e-01
1.800000000000000000e+01 4.100000000000000000e+01 6.057110011483216594e-01
1.800000000000000000e+01 4.200000000000000000e+01 4.504815669589830596e-01
1.800000000000000000e+01 4.300000000000000000e+01 3.532503234224467770e-01
1.800000000000000000e+01 4.400000000000000000e+01 3.657089145230056904e-01
1.800000000000000000e+01 4.500000000000000000e+01 nan
1.800000000000000000e+01 4.600000000000000000e+01 nan
1.800000000000000000e+01 4.700000000000000000e+01 nan
1.900000000000000000e+01 2.800000000000000000e+01 1.116041045589625913e+00
1.900000000000000000e+01 2.900000000000000000e+01 1.042704925618110234e+00
1.900000000000000000e+01 3.000000000000000000e+01 1.001288167699298182e+00
1.900000000000000000e+01 3.100000000000000000e+01 9.638493707145594502e-01
1.900000000000000000e+01 3.200000000000000000e+01 9.292331980534378477e-01
1.900000000000000000e+01 3.300000000000000000e+01 9.154750483183362597e-01
1.900000000000000000e+01 3.400000000000000000e+01 8.904055684057899933e-01
1.900000000000000000e+01 3.500000000000000000e+01 9.251962712754084883e-01
1.900000000000000000e+01 3.600000000000000000e+01 9.593722275394703791e-01
1.900000000000000000e+01 3.700000000000000000e+01 9.600364558134105719e-01
1.900000000000000000e+01 3.800000000000000000e+01 8.979295913073869206e-01
1.900000000000000000e+01 3.900000000000000000e+01 7.316678233400065734e-01
1.900000000000000000e+01 4.000000000000000000e+01 6.019253482777799924e-01
1.900000000000000000e+01 4.100000000000000000e+01 6.495226280383548101e-01
1.900000000000000000e+01 4.200000000000000000e+01 4.379784163719839807e-01
1.900000000000000000e+01 4.300000000000000000e+01 3.252178665900866683e-01
1.900000000000000000e+01 4.400000000000000000e+01 3.511199711700732640e-01
1.900000000000000000e+01 4.500000000000000000e+01 nan
1.900000000000000000e+01 4.600000000000000000e+01 nan
1.900000000000000000e+01 4.700000000000000000e+01 nan
2.000000000000000000e+01 2.800000000000000000e+01 1.082800907948088254e+00
2.000000000000000000e+01 2.900000000000000000e+01 1.020071364499090416e+00
2.000000000000000000e+01 3.000000000000000000e+01 9.804870450519970193e-01
2.000000000000000000e+01 3.100000000000000000e+01 9.591038153626131324e-01
2.000000000000000000e+01 3.200000000000000000e+01 9.199080646860468002e-01
2.000000000000000000e+01 3.300000000000000000e+01 9.000653257129340723e-01
2.000000000000000000e+01 3.400000000000000000e+01 8.775393993139224413e-01
2.000000000000000000e+01 3.500000000000000000e+01 9.020717109093048247e-01
2.000000000000000000e+01 3.600000000000000000e+01 9.417364271626712524e-01
2.000000000000000000e+01 3.700000000000000000e+01 9.262437301682059365e-01
2.000000000000000000e+01 3.800000000000000000e+01 8.525586174205371792e-01
2.000000000000000000e+01 3.900000000000000000e+01 6.885870132163328661e-01
2.000000000000000000e+01 4.000000000000000000e+01 6.099080160336022294e-01
2.000000000000000000e+01 4.100000000000000000e+01 5.746750906910454981e-01
2.000000000000000000e+01 4.200000000000000000e+01 3.819635484223695698e-01
2.000000000000000000e+01 4.300000000000000000e+01 3.026298031471740813e-01
2.000000000000000000e+01 4.400000000000000000e+01 3.154051567883399687e-01
2.000000000000000000e+01 4.500000000000000000e+01 nan
2.000000000000000000e+01 4.600000000000000000e+01 nan
2.000000000000000000e+01 4.700000000000000000e+01 nan
2.100000000000000000e+01 2.800000000000000000e+01 1.078806191212490884e+00
2.100000000000000000e+01 2.900000000000000000e+01 1.010464635044764581e+00
2.100000000000000000e+01 3.000000000000000000e+01 9.701702277002992592e-01
2.100000000000000000e+01 3.100000000000000000e+01 9.567959254482587550e-01
2.100000000000000000e+01 3.200000000000000000e+01 9.059458670089932664e-01
2.100000000000000000e+01 3.300000000000000000e+01 8.721190550143131937e-01
2.100000000000000000e+01 3.400000000000000000e+01 8.460545536885677453e-01
2.100000000000000000e+01 3.500000000000000000e+01 8.651694856775727915e-01
2.100000000000000000e+01 3.600000000000000000e+01 9.214390115174050377e-01
2.100000000000000000e+01 3.700000000000000000e+01 9.066378526013165740e-01
2.100000000000000000e+01 3.800000000000000000e+01 8.005920473311934904e-01
2.100000000000000000e+01 3.900000000000000000e+01 5.967134914280716185e-01
2.100000000000000000e+01 4.000000000000000000e+01 4.815162386478284429e-01
2.100000000000000000e+01 4.100000000000000000e+01 4.341650007745789241e-01
2.100000000000000000e+01 4.200000000000000000e+01 3.599942483080618150e-01
2.100000000000000000e+01 4.300000000000000000e+01 2.990925488086723649e-01
2.100000000000000000e+01 4.400000000000000000e+01 2.990925488086723649e-01
2.100000000000000000e+01 4.500000000000000000e+01 nan
2.100000000000000000e+01 4.600000000000000000e+01 nan
2.100000000000000000e+01 4.700000000000000000e+01 nan
2.200000000000000000e+01 2.800000000000000000e+01 nan
2.200000000000000000e+01 2.900000000000000000e+01 1.005890182194427718e+00
2.200000000000000000e+01 3.000000000000000000e+01 9.475943367921203508e-01
2.200000000000000000e+01 3.100000000000000000e+01 9.380181102997053877e-01
2.200000000000000000e+01 3.200000000000000000e+01 8.873106678351938559e-01
2.200000000000000000e+01 3.300000000000000000e+01 8.705143639466765837e-01
2.200000000000000000e+01 3.400000000000000000e+01 8.739425183012158316e-01
2.200000000000000000e+01 3.500000000000000000e+01 nan
2.200000000000000000e+01 3.600000000000000000e+01 9.244295498199968097e-01
2.200000000000000000e+01 3.700000000000000000e+01 nan
2.200000000000000000e+01 3.800000000000000000e+01 nan
2.200000000000000000e+01 3.900000000000000000e+01 nan
2.200000000000000000e+01 4.000000000000000000e+01 nan
2.200000000000000000e+01 4.100000000000000000e+01 nan
2.200000000000000000e+01 4.200000000000000000e+01 nan
2.200000000000000000e+01 4.300000000000000000e+01 nan
2.200000000000000000e+01 4.400000000000000000e+01 nan
2.200000000000000000e+01 4.500000000000000000e+01 nan
2.200000000000000000e+01 4.600000000000000000e+01 nan
2.200000000000000000e+01 4.700000000000000000e+01 nan
