Longitude[deg], Latitude[deg], Dust optical depth
4.500000000000000000e+01 0.000000000000000000e+00 nan
4.500000000000000000e+01 1.000000000000000000e+00 nan
4.500000000000000000e+01 2.000000000000000000e+00 nan
4.500000000000000000e+01 3.000000000000000000e+00 nan
4.500000000000000000e+01 4.000000000000000000e+00 nan
4.500000000000000000e+01 5.000000000000000000e+00 nan
4.500000000000000000e+01 6.000000000000000000e+00 nan
4.500000000000000000e+01 7.000000000000000000e+00 nan
4.500000000000000000e+01 8.000000000000000000e+00 nan
4.500000000000000000e+01 9.000000000000000000e+00 nan
4.500000000000000000e+01 1.000000000000000000e+01 nan
4.500000000000000000e+01 1.100000000000000000e+01 nan
4.500000000000000000e+01 1.200000000000000000e+01 nan
4.500000000000000000e+01 1.300000000000000000e+01 nan
4.500000000000000000e+01 1.400000000000000000e+01 nan
4.500000000000000000e+01 1.500000000000000000e+01 nan
4.500000000000000000e+01 1.600000000000000000e+01 nan
4.500000000000000000e+01 1.700000000000000000e+01 nan
4.500000000000000000e+01 1.800000000000000000e+01 1.440402810033117209e+00
4.500000000000000000e+01 1.900000000000000000e+01 1.386604958146304689e+00
4.500000000000000000e+01 2.000000000000000000e+01 1.385199727406379866e+00
4.600000000000000000e+01 0.000000000000000000e+00 nan
4.600000000000000000e+01 1.000000000000000000e+00 nan
4.600000000000000000e+01 2.000000000000000000e+00 nan
4.600000000000000000e+01 3.000000000000000000e+00 nan
4.600000000000000000e+01 4.000000000000000000e+00 nan
4.600000000000000000e+01 5.000000000000000000e+00 nan
4.600000000000000000e+01 6.000000000000000000e+00 nan
4.600000000000000000e+01 7.000000000000000000e+00 nan
4.600000000000000000e+01 8.000000000000000000e+00 nan
4.600000000000000000e+01 9.000000000000000000e+00 1.444046785493392271e+00
4.600000000000000000e+01 1.000000000000000000e+01 1.449331118876979518e+00
4.600000000000000000e+01 1.100000000000000000e+01 1.522720846794994864e+00
4.600000000000000000e+01 1.200000000000000000e+01 1.372031728058383804e+00
4.600000000000000000e+01 1.300000000000000000e+01 1.214975490212833131e+00
4.600000000000000000e+01 1.400000000000000000e+01 1.249267762531578230e+00
4.600000000000000000e+01 1.500000000000000000e+01 1.309998629122519631e+00
4.600000000000000000e+01 1.600000000000000000e+01 1.338191205161110675e+00
4.600000000000000000e+01 1.700000000000000000e+01 1.368237982917640538e+00
4.600000000000000000e+01 1.800000000000000000e+01 1.338789205705798180e+00
4.600000000000000000e+01 1.900000000000000000e+01 1.307797531054927909e+00
4.600000000000000000e+01 2.000000000000000000e+01 1.317397068268280735e+00
4.700000000000000000e+01 0.000000000000000000e+00 1.151959756761258280e+00
4.700000000000000000e+01 1.000000000000000000e+00 1.272362019064398941e+00
4.700000000000000000e+01 2.000000000000000000e+00 1.335670861278307475e+00
4.700000000000000000e+01 3.000000000000000000e+00 1.318125412537864971e+00
4.700000000000000000e+01 4.000000000000000000e+00 1.361760360316753626e+00
4.700000000000000000e+01 5.000000000000000000e+00 1.354683433749753529e+00
4.700000000000000000e+01 6.000000000000000000e+00 1.336920853570392032e+00
4.700000000000000000e+01 7.000000000000000000e+00 1.382298514729529693e+00
4.700000000000000000e+01 8.000000000000000000e+00 1.378523132120774042e+00
4.700000000000000000e+01 9.000000000000000000e+00 1.438117481769369599e+00
4.700000000000000000e+01 1.000000000000000000e+01 1.485578029815777246e+00
4.700000000000000000e+01 1.100000000000000000e+01 1.509640999449760823e+00
4.700000000000000000e+01 1.200000000000000000e+01 1.371640407964491715e+00
4.700000000000000000e+01 1.300000000000000000e+01 1.228362630874827444e+00
4.700000000000000000e+01 1.400000000000000000e+01 1.280422798106348070e+00
4.700000000000000000e+01 1.500000000000000000e+01 1.321901085604367365e+00
4.700000000000000000e+01 1.600000000000000000e+01 1.352352289517497086e+00
4.700000000000000000e+01 1.700000000000000000e+01 1.375087131369236770e+00
4.700000000000000000e+01 1.800000000000000000e+01 1.326097898822049981e+00
4.700000000000000000e+01 1.900000000000000000e+01 1.297924593984018271e+00
4.700000000000000000e+01 2.000000000000000000e+01 1.320370796054459284e+00
4.800000000000000000e+01 0.000000000000000000e+00 1.186062411772315750e+00
4.800000000000000000e+01 1.000000000000000000e+00 1.250113123382146307e+00
4.800000000000000000e+01 2.000000000000000000e+00 1.284472259471008293e+00
4.800000000000000000e+01 3.000000000000000000e+00 1.310388902876370221e+00
4.800000000000000000e+01 4.000000000000000000e+00 1.355017488424093974e+00
4.800000000000000000e+01 5.000000000000000000e+00 1.425538489529578623e+00
4.800000000000000000e+01 6.000000000000000000e+00 1.372421976241585906e+00
4.800000000000000000e+01 7.000000000000000000e+00 1.383047510948021364e+00
4.800000000000000000e+01 8.000000000000000000e+00 1.396878231446948782e+00
4.800000000000000000e+01 9.000000000000000000e+00 1.458446749579932256e+00
4.800000000000000000e+01 1.000000000000000000e+01 1.499313997798439102e+00
4.800000000000000000e+01 1.100000000000000000e+01 1.480396984209896738e+00
4.800000000000000000e+01 1.200000000000000000e+01 1.344327757625327413e+00
4.800000000000000000e+01 1.300000000000000000e+01 1.209097717544772133e+00
4.800000000000000000e+01 1.400000000000000000e+01 1.268850785713819818e+00
4.800000000000000000e+01 1.500000000000000000e+01 1.324341659984862085e+00
4.800000000000000000e+01 1.600000000000000000e+01 1.373933769318877340e+00
4.800000000000000000e+01 1.700000000000000000e+01 1.390866935163483253e+00
4.800000000000000000e+01 1.800000000000000000e+01 1.342031695322513762e+00
4.800000000000000000e+01 1.900000000000000000e+01 1.323429094806338302e+00
4.800000000000000000e+01 2.000000000000000000e+01 1.334180276171836654e+00
4.900000000000000000e+01 0.000000000000000000e+00 1.182604981173489556e+00
4.900000000000000000e+01 1.000000000000000000e+00 1.225191143275830674e+00
4.900000000000000000e+01 2.000000000000000000e+00 1.268455819633317994e+00
4.900000000000000000e+01 3.000000000000000000e+00 1.302360982469858763e+00
4.900000000000000000e+01 4.000000000000000000e+00 1.343584994599134719e+00
4.900000000000000000e+01 5.000000000000000000e+00 1.463154342736680213e+00
4.900000000000000000e+01 6.000000000000000000e+00 1.412841387115408409e+00
4.900000000000000000e+01 7.000000000000000000e+00 1.384813490669432490e+00
4.900000000000000000e+01 8.000000000000000000e+00 1.445321060966482163e+00
4.900000000000000000e+01 9.000000000000000000e+00 1.482785931212881270e+00
4.900000000000000000e+01 1.000000000000000000e+01 1.507412088646215897e+00
4.900000000000000000e+01 1.100000000000000000e+01 1.457180127206635811e+00
4.900000000000000000e+01 1.200000000000000000e+01 1.308042784156614013e+00
4.900000000000000000e+01 1.300000000000000000e+01 1.191714228502911421e+00
4.900000000000000000e+01 1.400000000000000000e+01 1.235196382047320629e+00
4.900000000000000000e+01 1.500000000000000000e+01 1.314596621812904598e+00
4.900000000000000000e+01 1.600000000000000000e+01 1.380467447687667493e+00
4.900000000000000000e+01 1.700000000000000000e+01 1.408741649578626687e+00
4.900000000000000000e+01 1.800000000000000000e+01 1.364388432256194550e+00
4.900000000000000000e+01 1.900000000000000000e+01 1.360424567456569589e+00
4.900000000000000000e+01 2.000000000000000000e+01 1.354550675928809511e+00
5.000000000000000000e+01 0.000000000000000000e+00 1.151778992558361248e+00
5.000000000000000000e+01 1.000000000000000000e+00 1.171449974226438595e+00
5.000000000000000000e+01 2.000000000000000000e+00 1.235384147764164053e+00
5.000000000000000000e+01 3.000000000000000000e+00 1.308041625492357918e+00
5.000000000000000000e+01 4.000000000000000000e+00 1.326659227086533388e+00
5.000000000000000000e+01 5.000000000000000000e+00 1.385351090886900671e+00
5.000000000000000000e+01 6.000000000000000000e+00 1.418201899807964850e+00
5.000000000000000000e+01 7.000000000000000000e+00 1.384643424688464908e+00
5.000000000000000000e+01 8.000000000000000000e+00 1.408039471652745789e+00
5.000000000000000000e+01 9.000000000000000000e+00 1.467048216089224866e+00
5.000000000000000000e+01 1.000000000000000000e+01 1.499723761413573886e+00
5.000000000000000000e+01 1.100000000000000000e+01 1.464868761765924621e+00
5.000000000000000000e+01 1.200000000000000000e+01 1.317991409142491577e+00
5.000000000000000000e+01 1.300000000000000000e+01 1.208913033134652260e+00
5.000000000000000000e+01 1.400000000000000000e+01 nan
5.000000000000000000e+01 1.500000000000000000e+01 nan
5.000000000000000000e+01 1.600000000000000000e+01 nan
5.000000000000000000e+01 1.700000000000000000e+01 nan
5.000000000000000000e+01 1.800000000000000000e+01 nan
5.000000000000000000e+01 1.900000000000000000e+01 nan
5.000000000000000000e+01 2.000000000000000000e+01 nan
