Longitude[deg], Latitude[deg], Dust optical depth
-1.500000000000000000e+01 -3.800000000000000000e+01 nan
-1.500000000000000000e+01 -3.700000000000000000e+01 nan
-1.500000000000000000e+01 -3.600000000000000000e+01 nan
-1.500000000000000000e+01 -3.500000000000000000e+01 nan
-1.500000000000000000e+01 -3.400000000000000000e+01 nan
-1.500000000000000000e+01 -3.300000000000000000e+01 nan
-1.500000000000000000e+01 -3.200000000000000000e+01 nan
-1.500000000000000000e+01 -3.100000000000000000e+01 nan
-1.500000000000000000e+01 -3.000000000000000000e+01 nan
-1.500000000000000000e+01 -2.900000000000000000e+01 nan
-1.500000000000000000e+01 -2.800000000000000000e+01 nan
-1.500000000000000000e+01 -2.700000000000000000e+01 nan
-1.500000000000000000e+01 -2.600000000000000000e+01 nan
-1.500000000000000000e+01 -2.500000000000000000e+01 nan
-1.500000000000000000e+01 -2.400000000000000000e+01 nan
-1.500000000000000000e+01 -2.300000000000000000e+01 nan
-1.500000000000000000e+01 -2.200000000000000000e+01 nan
-1.500000000000000000e+01 -2.100000000000000000e+01 nan
-1.500000000000000000e+01 -2.000000000000000000e+01 nan
-1.500000000000000000e+01 -1.900000000000000000e+01 nan
-1.500000000000000000e+01 -1.800000000000000000e+01 nan
-1.500000000000000000e+01 -1.700000000000000000e+01 nan
-1.500000000000000000e+01 -1.600000000000000000e+01 1.890187746642482791e+00
-1.500000000000000000e+01 -1.500000000000000000e+01 1.691194266987296135e+00
-1.500000000000000000e+01 -1.400000000000000000e+01 1.689926001674830536e+00
-1.500000000000000000e+01 -1.300000000000000000e+01 1.708427395644511737e+00
-1.500000000000000000e+01 -1.200000000000000000e+01 1.709530115000510886e+00
-1.500000000000000000e+01 -1.100000000000000000e+01 nan
-1.400000000000000000e+01 -3.800000000000000000e+01 1.138718412373912248e+00
-1.400000000000000000e+01 -3.700000000000000000e+01 1.315013650015230962e+00
-1.400000000000000000e+01 -3.600000000000000000e+01 1.157388097031779806e+00
-1.400000000000000000e+01 -3.500000000000000000e+01 1.130438750602397180e+00
-1.400000000000000000e+01 -3.400000000000000000e+01 1.232642438322348655e+00
-1.400000000000000000e+01 -3.300000000000000000e+01 1.230214503871296605e+00
-1.400000000000000000e+01 -3.200000000000000000e+01 1.153675710614003647e+00
-1.400000000000000000e+01 -3.100000000000000000e+01 1.204843402395345153e+00
-1.400000000000000000e+01 -3.000000000000000000e+01 1.199201632382404847e+00
-1.400000000000000000e+01 -2.900000000000000000e+01 1.144444569240890441e+00
-1.400000000000000000e+01 -2.800000000000000000e+01 1.416094592299945276e+00
-1.400000000000000000e+01 -2.700000000000000000e+01 1.453635174193791846e+00
-1.400000000000000000e+01 -2.600000000000000000e+01 1.465938931054028060e+00
-1.400000000000000000e+01 -2.500000000000000000e+01 1.608913813793255265e+00
-1.400000000000000000e+01 -2.400000000000000000e+01 1.616840050054336508e+00
-1.400000000000000000e+01 -2.300000000000000000e+01 1.688202015319114180e+00
-1.400000000000000000e+01 -2.200000000000000000e+01 1.565966094006994824e+00
-1.400000000000000000e+01 -2.100000000000000000e+01 1.512974714004902133e+00
-1.400000000000000000e+01 -2.000000000000000000e+01 1.618812025679196021e+00
-1.400000000000000000e+01 -1.900000000000000000e+01 1.720065278949573395e+00
-1.400000000000000000e+01 -1.800000000000000000e+01 1.628477879975898546e+00
-1.400000000000000000e+01 -1.700000000000000000e+01 1.650989105733155160e+00
-1.400000000000000000e+01 -1.600000000000000000e+01 1.823098669062639399e+00
-1.400000000000000000e+01 -1.500000000000000000e+01 1.691316108624236314e+00
-1.400000000000000000e+01 -1.400000000000000000e+01 1.661035323977173128e+00
-1.400000000000000000e+01 -1.300000000000000000e+01 1.703247826612425131e+00
-1.400000000000000000e+01 -1.200000000000000000e+01 1.705541140227331498e+00
-1.400000000000000000e+01 -1.100000000000000000e+01 nan
-1.300000000000000000e+01 -3.800000000000000000e+01 1.138718412373912248e+00
-1.300000000000000000e+01 -3.700000000000000000e+01 1.315013650015230962e+00
-1.300000000000000000e+01 -3.600000000000000000e+01 1.157388097031779806e+00
-1.300000000000000000e+01 -3.500000000000000000e+01 1.130438750602397180e+00
-1.300000000000000000e+01 -3.400000000000000000e+01 1.232642438322348655e+00
-1.300000000000000000e+01 -3.300000000000000000e+01 1.230214503871296605e+00
-1.300000000000000000e+01 -3.200000000000000000e+01 1.153675710614003647e+00
-1.300000000000000000e+01 -3.100000000000000000e+01 1.204843402395345153e+00
-1.300000000000000000e+01 -3.000000000000000000e+01 1.199201632382404847e+00
-1.300000000000000000e+01 -2.900000000000000000e+01 1.144444569240890441e+00
-1.300000000000000000e+01 -2.800000000000000000e+01 1.416094592299945276e+00
-1.300000000000000000e+01 -2.700000000000000000e+01 1.453635174193791846e+00
-1.300000000000000000e+01 -2.600000000000000000e+01 1.465938931054028060e+00
-1.300000000000000000e+01 -2.500000000000000000e+01 1.608913813793255265e+00
-1.300000000000000000e+01 -2.400000000000000000e+01 1.616840050054336508e+00
-1.300000000000000000e+01 -2.300000000000000000e+01 1.688202015319114180e+00
-1.300000000000000000e+01 -2.200000000000000000e+01 1.565966094006994824e+00
-1.300000000000000000e+01 -2.100000000000000000e+01 1.512974714004902133e+00
-1.300000000000000000e+01 -2.000000000000000000e+01 1.618812025679196021e+00
-1.300000000000000000e+01 -1.900000000000000000e+01 1.720065278949573395e+00
-1.300000000000000000e+01 -1.800000000000000000e+01 1.628477879975898546e+00
-1.300000000000000000e+01 -1.700000000000000000e+01 1.649560224058714830e+00
-1.300000000000000000e+01 -1.600000000000000000e+01 1.821286240366325915e+00
-1.300000000000000000e+01 -1.500000000000000000e+01 1.692025611348496827e+00
-1.300000000000000000e+01 -1.400000000000000000e+01 1.656778539794472094e+00
-1.300000000000000000e+01 -1.300000000000000000e+01 1.702386254051986514e+00
-1.300000000000000000e+01 -1.200000000000000000e+01 1.702738789123735108e+00
-1.300000000000000000e+01 -1.100000000000000000e+01 nan
