Longitude[deg], Latitude[deg], Dust optical depth
1.690000000000000000e+02 1.400000000000000000e+01 nan
1.690000000000000000e+02 1.500000000000000000e+01 nan
1.690000000000000000e+02 1.600000000000000000e+01 nan
1.690000000000000000e+02 1.700000000000000000e+01 nan
1.690000000000000000e+02 1.800000000000000000e+01 nan
1.690000000000000000e+02 1.900000000000000000e+01 nan
1.690000000000000000e+02 2.000000000000000000e+01 nan
1.690000000000000000e+02 2.100000000000000000e+01 nan
1.690000000000000000e+02 2.200000000000000000e+01 nan
1.690000000000000000e+02 2.300000000000000000e+01 nan
1.690000000000000000e+02 2.400000000000000000e+01 nan
1.690000000000000000e+02 2.500000000000000000e+01 nan
1.690000000000000000e+02 2.600000000000000000e+01 nan
1.690000000000000000e+02 2.700000000000000000e+01 nan
1.690000000000000000e+02 2.800000000000000000e+01 nan
1.690000000000000000e+02 2.900000000000000000e+01 nan
1.690000000000000000e+02 3.000000000000000000e+01 nan
1.690000000000000000e+02 3.100000000000000000e+01 nan
1.690000000000000000e+02 3.200000000000000000e+01 nan
1.690000000000000000e+02 3.300000000000000000e+01 nan
1.690000000000000000e+02 3.400000000000000000e+01 nan
1.690000000000000000e+02 3.500000000000000000e+01 nan
1.690000000000000000e+02 3.600000000000000000e+01 nan
1.690000000000000000e+02 3.700000000000000000e+01 nan
1.690000000000000000e+02 3.800000000000000000e+01 nan
1.690000000000000000e+02 3.900000000000000000e+01 nan
1.690000000000000000e+02 4.000000000000000000e+01 nan
1.700000000000000000e+02 1.400000000000000000e+01 nan
1.700000000000000000e+02 1.500000000000000000e+01 nan
1.700000000000000000e+02 1.600000000000000000e+01 nan
1.700000000000000000e+02 1.700000000000000000e+01 nan
1.700000000000000000e+02 1.800000000000000000e+01 nan
1.700000000000000000e+02 1.900000000000000000e+01 nan
1.700000000000000000e+02 2.000000000000000000e+01 nan
1.700000000000000000e+02 2.100000000000000000e+01 nan
1.700000000000000000e+02 2.200000000000000000e+01 nan
1.700000000000000000e+02 2.300000000000000000e+01 nan
1.700000000000000000e+02 2.400000000000000000e+01 nan
1.700000000000000000e+02 2.500000000000000000e+01 nan
1.700000000000000000e+02 2.600000000000000000e+01 nan
1.700000000000000000e+02 2.700000000000000000e+01 nan
1.700000000000000000e+02 2.800000000000000000e+01 nan
1.700000000000000000e+02 2.900000000000000000e+01 nan
1.700000000000000000e+02 3.000000000000000000e+01 nan
1.700000000000000000e+02 3.100000000000000000e+01 nan
1.700000000000000000e+02 3.200000000000000000e+01 nan
1.700000000000000000e+02 3.300000000000000000e+01 nan
1.700000000000000000e+02 3.400000000000000000e+01 nan
1.700000000000000000e+02 3.500000000000000000e+01 nan
1.700000000000000000e+02 3.600000000000000000e+01 nan
1.700000000000000000e+02 3.700000000000000000e+01 nan
1.700000000000000000e+02 3.800000000000000000e+01 nan
1.700000000000000000e+02 3.900000000000000000e+01 nan
1.700000000000000000e+02 4.000000000000000000e+01 nan
1.710000000000000000e+02 1.400000000000000000e+01 nan
1.710000000000000000e+02 1.500000000000000000e+01 nan
1.710000000000000000e+02 1.600000000000000000e+01 nan
1.710000000000000000e+02 1.700000000000000000e+01 nan
1.710000000000000000e+02 1.800000000000000000e+01 nan
1.710000000000000000e+02 1.900000000000000000e+01 nan
1.710000000000000000e+02 2.000000000000000000e+01 nan
1.710000000000000000e+02 2.100000000000000000e+01 nan
1.710000000000000000e+02 2.200000000000000000e+01 nan
1.710000000000000000e+02 2.300000000000000000e+01 nan
1.710000000000000000e+02 2.400000000000000000e+01 nan
1.710000000000000000e+02 2.500000000000000000e+01 nan
1.710000000000000000e+02 2.600000000000000000e+01 nan
1.710000000000000000e+02 2.700000000000000000e+01 nan
1.710000000000000000e+02 2.800000000000000000e+01 3.054129114269307887e+00
1.710000000000000000e+02 2.900000000000000000e+01 2.956165756203652517e+00
1.710000000000000000e+02 3.000000000000000000e+01 2.998982328370003891e+00
1.710000000000000000e+02 3.100000000000000000e+01 3.084006737556733491e+00
1.710000000000000000e+02 3.200000000000000000e+01 nan
1.710000000000000000e+02 3.300000000000000000e+01 nan
1.710000000000000000e+02 3.400000000000000000e+01 nan
1.710000000000000000e+02 3.500000000000000000e+01 nan
1.710000000000000000e+02 3.600000000000000000e+01 nan
1.710000000000000000e+02 3.700000000000000000e+01 nan
1.710000000000000000e+02 3.800000000000000000e+01 nan
1.710000000000000000e+02 3.900000000000000000e+01 nan
1.710000000000000000e+02 4.000000000000000000e+01 nan
1.720000000000000000e+02 1.400000000000000000e+01 nan
1.720000000000000000e+02 1.500000000000000000e+01 nan
1.720000000000000000e+02 1.600000000000000000e+01 nan
1.720000000000000000e+02 1.700000000000000000e+01 nan
1.720000000000000000e+02 1.800000000000000000e+01 nan
1.720000000000000000e+02 1.900000000000000000e+01 nan
1.720000000000000000e+02 2.000000000000000000e+01 nan
1.720000000000000000e+02 2.100000000000000000e+01 nan
1.720000000000000000e+02 2.200000000000000000e+01 3.242138053674095133e+00
1.720000000000000000e+02 2.300000000000000000e+01 3.227783096917995920e+00
1.720000000000000000e+02 2.400000000000000000e+01 3.157986239710527610e+00
1.720000000000000000e+02 2.500000000000000000e+01 3.132135747629720690e+00
1.720000000000000000e+02 2.600000000000000000e+01 3.160837942961869818e+00
1.720000000000000000e+02 2.700000000000000000e+01 3.169004380470528126e+00
1.720000000000000000e+02 2.800000000000000000e+01 3.063232251269672357e+00
1.720000000000000000e+02 2.900000000000000000e+01 2.983492695820382679e+00
1.720000000000000000e+02 3.000000000000000000e+01 2.986869809142866483e+00
1.720000000000000000e+02 3.100000000000000000e+01 3.041010821512886153e+00
1.720000000000000000e+02 3.200000000000000000e+01 nan
1.720000000000000000e+02 3.300000000000000000e+01 nan
1.720000000000000000e+02 3.400000000000000000e+01 nan
1.720000000000000000e+02 3.500000000000000000e+01 nan
1.720000000000000000e+02 3.600000000000000000e+01 nan
1.720000000000000000e+02 3.700000000000000000e+01 nan
1.720000000000000000e+02 3.800000000000000000e+01 nan
1.720000000000000000e+02 3.900000000000000000e+01 nan
1.720000000000000000e+02 4.000000000000000000e+01 nan
1.730000000000000000e+02 1.400000000000000000e+01 nan
1.730000000000000000e+02 1.500000000000000000e+01 3.442300699961325261e+00
1.730000000000000000e+02 1.600000000000000000e+01 3.499173047915444812e+00
1.730000000000000000e+02 1.700000000000000000e+01 3.482242651836235936e+00
1.730000000000000000e+02 1.800000000000000000e+01 3.361086126117638795e+00
1.730000000000000000e+02 1.900000000000000000e+01 3.282935385607286705e+00
1.730000000000000000e+02 2.000000000000000000e+01 3.252148483865887396e+00
1.730000000000000000e+02 2.100000000000000000e+01 3.241512593570476941e+00
1.730000000000000000e+02 2.200000000000000000e+01 3.213026765060562617e+00
1.730000000000000000e+02 2.300000000000000000e+01 3.214731364463687679e+00
1.730000000000000000e+02 2.400000000000000000e+01 3.155569530524371835e+00
1.730000000000000000e+02 2.500000000000000000e+01 3.109547534213305209e+00
1.730000000000000000e+02 2.600000000000000000e+01 3.144447787762325142e+00
1.730000000000000000e+02 2.700000000000000000e+01 3.137766718393231624e+00
1.730000000000000000e+02 2.800000000000000000e+01 3.048971852226644685e+00
1.730000000000000000e+02 2.900000000000000000e+01 3.003334820527103322e+00
1.730000000000000000e+02 3.000000000000000000e+01 2.984410240147782112e+00
1.730000000000000000e+02 3.100000000000000000e+01 3.059275402933000265e+00
1.730000000000000000e+02 3.200000000000000000e+01 nan
1.730000000000000000e+02 3.300000000000000000e+01 nan
1.730000000000000000e+02 3.400000000000000000e+01 nan
1.730000000000000000e+02 3.500000000000000000e+01 nan
1.730000000000000000e+02 3.600000000000000000e+01 nan
1.730000000000000000e+02 3.700000000000000000e+01 nan
1.730000000000000000e+02 3.800000000000000000e+01 nan
1.730000000000000000e+02 3.900000000000000000e+01 nan
1.730000000000000000e+02 4.000000000000000000e+01 nan
1.740000000000000000e+02 1.400000000000000000e+01 3.334655297510233929e+00
1.740000000000000000e+02 1.500000000000000000e+01 3.405423333415035891e+00
1.740000000000000000e+02 1.600000000000000000e+01 3.446263557697666791e+00
1.740000000000000000e+02 1.700000000000000000e+01 3.453135466454358316e+00
1.740000000000000000e+02 1.800000000000000000e+01 3.320846649258927918e+00
1.740000000000000000e+02 1.900000000000000000e+01 3.193605379554530721e+00
1.740000000000000000e+02 2.000000000000000000e+01 3.125931898193134106e+00
1.740000000000000000e+02 2.100000000000000000e+01 3.099978483817821928e+00
1.740000000000000000e+02 2.200000000000000000e+01 3.129478573228784644e+00
1.740000000000000000e+02 2.300000000000000000e+01 3.192196613204940192e+00
1.740000000000000000e+02 2.400000000000000000e+01 3.146588635417217006e+00
1.740000000000000000e+02 2.500000000000000000e+01 3.082078118312815640e+00
1.740000000000000000e+02 2.600000000000000000e+01 3.128778366378812237e+00
1.740000000000000000e+02 2.700000000000000000e+01 3.106344699762630057e+00
1.740000000000000000e+02 2.800000000000000000e+01 3.019752089265916872e+00
1.740000000000000000e+02 2.900000000000000000e+01 2.967796399093805881e+00
1.740000000000000000e+02 3.000000000000000000e+01 2.935142259221343863e+00
1.740000000000000000e+02 3.100000000000000000e+01 3.014543800340200086e+00
1.740000000000000000e+02 3.200000000000000000e+01 nan
1.740000000000000000e+02 3.300000000000000000e+01 nan
1.740000000000000000e+02 3.400000000000000000e+01 nan
1.740000000000000000e+02 3.500000000000000000e+01 nan
1.740000000000000000e+02 3.600000000000000000e+01 nan
1.740000000000000000e+02 3.700000000000000000e+01 nan
1.740000000000000000e+02 3.800000000000000000e+01 nan
1.740000000000000000e+02 3.900000000000000000e+01 nan
1.740000000000000000e+02 4.000000000000000000e+01 nan
1.750000000000000000e+02 1.400000000000000000e+01 3.344292914795312655e+00
1.750000000000000000e+02 1.500000000000000000e+01 3.423207881188589319e+00
1.750000000000000000e+02 1.600000000000000000e+01 3.461596459607333198e+00
1.750000000000000000e+02 1.700000000000000000e+01 3.473101836158047906e+00
1.750000000000000000e+02 1.800000000000000000e+01 3.326216937214142355e+00
1.750000000000000000e+02 1.900000000000000000e+01 3.172287817800394372e+00
1.750000000000000000e+02 2.000000000000000000e+01 3.058536692326139672e+00
1.750000000000000000e+02 2.100000000000000000e+01 2.975327960723649134e+00
1.750000000000000000e+02 2.200000000000000000e+01 3.076180234637631017e+00
1.750000000000000000e+02 2.300000000000000000e+01 3.195227353902563294e+00
1.750000000000000000e+02 2.400000000000000000e+01 3.201457763108912502e+00
1.750000000000000000e+02 2.500000000000000000e+01 3.111840267966911266e+00
1.750000000000000000e+02 2.600000000000000000e+01 3.120502782419054988e+00
1.750000000000000000e+02 2.700000000000000000e+01 3.108355073961310389e+00
1.750000000000000000e+02 2.800000000000000000e+01 2.998382212325247043e+00
1.750000000000000000e+02 2.900000000000000000e+01 2.949843712893194692e+00
1.750000000000000000e+02 3.000000000000000000e+01 2.913644243597750982e+00
1.750000000000000000e+02 3.100000000000000000e+01 2.854119799077152297e+00
1.750000000000000000e+02 3.200000000000000000e+01 nan
1.750000000000000000e+02 3.300000000000000000e+01 nan
1.750000000000000000e+02 3.400000000000000000e+01 nan
1.750000000000000000e+02 3.500000000000000000e+01 nan
1.750000000000000000e+02 3.600000000000000000e+01 nan
1.750000000000000000e+02 3.700000000000000000e+01 nan
1.750000000000000000e+02 3.800000000000000000e+01 nan
1.750000000000000000e+02 3.900000000000000000e+01 nan
1.750000000000000000e+02 4.000000000000000000e+01 nan
1.760000000000000000e+02 1.400000000000000000e+01 3.368886960273744346e+00
1.760000000000000000e+02 1.500000000000000000e+01 3.476036700958859971e+00
1.760000000000000000e+02 1.600000000000000000e+01 3.499353446432542203e+00
1.760000000000000000e+02 1.700000000000000000e+01 3.510753972831002656e+00
1.760000000000000000e+02 1.800000000000000000e+01 3.400762611509981603e+00
1.760000000000000000e+02 1.900000000000000000e+01 3.256992512071444246e+00
1.760000000000000000e+02 2.000000000000000000e+01 3.172688368783483703e+00
1.760000000000000000e+02 2.100000000000000000e+01 3.084618183228712507e+00
1.760000000000000000e+02 2.200000000000000000e+01 3.140020539819488921e+00
1.760000000000000000e+02 2.300000000000000000e+01 3.230338217057401540e+00
1.760000000000000000e+02 2.400000000000000000e+01 3.246382566745892095e+00
1.760000000000000000e+02 2.500000000000000000e+01 3.159838772511789795e+00
1.760000000000000000e+02 2.600000000000000000e+01 3.125270936473964145e+00
1.760000000000000000e+02 2.700000000000000000e+01 3.110447408742896158e+00
1.760000000000000000e+02 2.800000000000000000e+01 3.006250413586160519e+00
1.760000000000000000e+02 2.900000000000000000e+01 2.952451178092990958e+00
1.760000000000000000e+02 3.000000000000000000e+01 2.929242098637484304e+00
1.760000000000000000e+02 3.100000000000000000e+01 2.815464761465245047e+00
1.760000000000000000e+02 3.200000000000000000e+01 nan
1.760000000000000000e+02 3.300000000000000000e+01 nan
1.760000000000000000e+02 3.400000000000000000e+01 nan
1.760000000000000000e+02 3.500000000000000000e+01 nan
1.760000000000000000e+02 3.600000000000000000e+01 nan
1.760000000000000000e+02 3.700000000000000000e+01 nan
1.760000000000000000e+02 3.800000000000000000e+01 nan
1.760000000000000000e+02 3.900000000000000000e+01 nan
1.760000000000000000e+02 4.000000000000000000e+01 nan
1.770000000000000000e+02 1.400000000000000000e+01 nan
1.770000000000000000e+02 1.500000000000000000e+01 3.482275340725164980e+00
1.770000000000000000e+02 1.600000000000000000e+01 3.511223365312178046e+00
1.770000000000000000e+02 1.700000000000000000e+01 3.507166577469788660e+00
1.770000000000000000e+02 1.800000000000000000e+01 3.453361817631313890e+00
1.770000000000000000e+02 1.900000000000000000e+01 3.362366462742036877e+00
1.770000000000000000e+02 2.000000000000000000e+01 3.291807673899237674e+00
1.770000000000000000e+02 2.100000000000000000e+01 3.228288197856918007e+00
1.770000000000000000e+02 2.200000000000000000e+01 3.219631551617120113e+00
1.770000000000000000e+02 2.300000000000000000e+01 3.263999122095218475e+00
1.770000000000000000e+02 2.400000000000000000e+01 3.250705231324048317e+00
1.770000000000000000e+02 2.500000000000000000e+01 3.181577636497367578e+00
1.770000000000000000e+02 2.600000000000000000e+01 3.153084291410209961e+00
1.770000000000000000e+02 2.700000000000000000e+01 3.128664127950506302e+00
1.770000000000000000e+02 2.800000000000000000e+01 3.023948572735419393e+00
1.770000000000000000e+02 2.900000000000000000e+01 2.965638230329712410e+00
1.770000000000000000e+02 3.000000000000000000e+01 2.945602882114537024e+00
1.770000000000000000e+02 3.100000000000000000e+01 nan
1.770000000000000000e+02 3.200000000000000000e+01 nan
1.770000000000000000e+02 3.300000000000000000e+01 nan
1.770000000000000000e+02 3.400000000000000000e+01 nan
1.770000000000000000e+02 3.500000000000000000e+01 nan
1.770000000000000000e+02 3.600000000000000000e+01 nan
1.770000000000000000e+02 3.700000000000000000e+01 nan
1.770000000000000000e+02 3.800000000000000000e+01 nan
1.770000000000000000e+02 3.900000000000000000e+01 nan
1.770000000000000000e+02 4.000000000000000000e+01 nan
