Longitude[deg], Latitude[deg], Dust optical depth
-1.900000000000000000e+01 -3.500000000000000000e+01 nan
-1.900000000000000000e+01 -3.400000000000000000e+01 nan
-1.900000000000000000e+01 -3.300000000000000000e+01 nan
-1.900000000000000000e+01 -3.200000000000000000e+01 nan
-1.900000000000000000e+01 -3.100000000000000000e+01 nan
-1.900000000000000000e+01 -3.000000000000000000e+01 nan
-1.900000000000000000e+01 -2.900000000000000000e+01 nan
-1.900000000000000000e+01 -2.800000000000000000e+01 nan
-1.900000000000000000e+01 -2.700000000000000000e+01 nan
-1.900000000000000000e+01 -2.600000000000000000e+01 nan
-1.900000000000000000e+01 -2.500000000000000000e+01 nan
-1.900000000000000000e+01 -2.400000000000000000e+01 nan
-1.900000000000000000e+01 -2.300000000000000000e+01 nan
-1.900000000000000000e+01 -2.200000000000000000e+01 4.895039837836953289e+00
-1.900000000000000000e+01 -2.100000000000000000e+01 4.604156827896523474e+00
-1.900000000000000000e+01 -2.000000000000000000e+01 4.577948677242781983e+00
-1.900000000000000000e+01 -1.900000000000000000e+01 nan
-1.900000000000000000e+01 -1.800000000000000000e+01 nan
-1.800000000000000000e+01 -3.500000000000000000e+01 3.707487561191119774e+00
-1.800000000000000000e+01 -3.400000000000000000e+01 3.840750984857130401e+00
-1.800000000000000000e+01 -3.300000000000000000e+01 3.872657306239930097e+00
-1.800000000000000000e+01 -3.200000000000000000e+01 3.891340838413149150e+00
-1.800000000000000000e+01 -3.100000000000000000e+01 3.953232748449875711e+00
-1.800000000000000000e+01 -3.000000000000000000e+01 4.100934200006070895e+00
-1.800000000000000000e+01 -2.900000000000000000e+01 4.195593667136006566e+00
-1.800000000000000000e+01 -2.800000000000000000e+01 4.330267642811976181e+00
-1.800000000000000000e+01 -2.700000000000000000e+01 4.562470946613183642e+00
-1.800000000000000000e+01 -2.600000000000000000e+01 4.689221331287809491e+00
-1.800000000000000000e+01 -2.500000000000000000e+01 4.803778600373443730e+00
-1.800000000000000000e+01 -2.400000000000000000e+01 4.893354462459940102e+00
-1.800000000000000000e+01 -2.300000000000000000e+01 4.941311747701329971e+00
-1.800000000000000000e+01 -2.200000000000000000e+01 4.960065823744151281e+00
-1.800000000000000000e+01 -2.100000000000000000e+01 4.887690182772901792e+00
-1.800000000000000000e+01 -2.000000000000000000e+01 4.645459718203126975e+00
-1.800000000000000000e+01 -1.900000000000000000e+01 nan
-1.800000000000000000e+01 -1.800000000000000000e+01 nan
-1.700000000000000000e+01 -3.500000000000000000e+01 3.707487561191119774e+00
-1.700000000000000000e+01 -3.400000000000000000e+01 3.840750984857130401e+00
-1.700000000000000000e+01 -3.300000000000000000e+01 3.872657306239930097e+00
-1.700000000000000000e+01 -3.200000000000000000e+01 3.891340838413149150e+00
-1.700000000000000000e+01 -3.100000000000000000e+01 3.953232748449875711e+00
-1.700000000000000000e+01 -3.000000000000000000e+01 4.100934200006070895e+00
-1.700000000000000000e+01 -2.900000000000000000e+01 4.195593667136006566e+00
-1.700000000000000000e+01 -2.800000000000000000e+01 4.330267642811976181e+00
-1.700000000000000000e+01 -2.700000000000000000e+01 4.562470946613183642e+00
-1.700000000000000000e+01 -2.600000000000000000e+01 4.689221331287809491e+00
-1.700000000000000000e+01 -2.500000000000000000e+01 4.803778600373443730e+00
-1.700000000000000000e+01 -2.400000000000000000e+01 4.893354462459940102e+00
-1.700000000000000000e+01 -2.300000000000000000e+01 4.941916200030462392e+00
-1.700000000000000000e+01 -2.200000000000000000e+01 4.963847513221272933e+00
-1.700000000000000000e+01 -2.100000000000000000e+01 4.892882606804687562e+00
-1.700000000000000000e+01 -2.000000000000000000e+01 4.650524177074187193e+00
-1.700000000000000000e+01 -1.900000000000000000e+01 nan
-1.700000000000000000e+01 -1.800000000000000000e+01 nan
