Longitude[deg], Latitude[deg], Dust optical depth
1.710000000000000000e+02 -3.000000000000000000e+01 7.184963002008318611e+00
1.710000000000000000e+02 -2.900000000000000000e+01 7.138168758244275658e+00
1.710000000000000000e+02 -2.800000000000000000e+01 6.972372056600255164e+00
1.710000000000000000e+02 -2.700000000000000000e+01 6.843727506267430982e+00
1.710000000000000000e+02 -2.600000000000000000e+01 6.699673642612406610e+00
1.710000000000000000e+02 -2.500000000000000000e+01 6.654128291194726152e+00
1.710000000000000000e+02 -2.400000000000000000e+01 6.681040299965865792e+00
1.710000000000000000e+02 -2.300000000000000000e+01 6.773284406538957469e+00
1.710000000000000000e+02 -2.200000000000000000e+01 6.856059455557600657e+00
1.710000000000000000e+02 -2.100000000000000000e+01 6.824544830651849026e+00
1.710000000000000000e+02 -2.000000000000000000e+01 6.696732909411975854e+00
1.710000000000000000e+02 -1.900000000000000000e+01 6.699875606364043001e+00
1.710000000000000000e+02 -1.800000000000000000e+01 6.658765901886584793e+00
1.710000000000000000e+02 -1.700000000000000000e+01 6.487507564038869745e+00
1.710000000000000000e+02 -1.600000000000000000e+01 6.385123567573576686e+00
1.710000000000000000e+02 -1.500000000000000000e+01 6.374712598987763101e+00
1.710000000000000000e+02 -1.400000000000000000e+01 nan
1.720000000000000000e+02 -3.000000000000000000e+01 7.277594656091429748e+00
1.720000000000000000e+02 -2.900000000000000000e+01 7.144319220146233995e+00
1.720000000000000000e+02 -2.800000000000000000e+01 6.943835112943582466e+00
1.720000000000000000e+02 -2.700000000000000000e+01 6.687043481584397320e+00
1.720000000000000000e+02 -2.600000000000000000e+01 6.495140032035229716e+00
1.720000000000000000e+02 -2.500000000000000000e+01 6.477351465416837151e+00
1.720000000000000000e+02 -2.400000000000000000e+01 6.624579495365170878e+00
1.720000000000000000e+02 -2.300000000000000000e+01 6.677012236689265912e+00
1.720000000000000000e+02 -2.200000000000000000e+01 6.821926631044426870e+00
1.720000000000000000e+02 -2.100000000000000000e+01 6.822091598383286382e+00
1.720000000000000000e+02 -2.000000000000000000e+01 6.678711566498289898e+00
1.720000000000000000e+02 -1.900000000000000000e+01 6.650314981540774717e+00
1.720000000000000000e+02 -1.800000000000000000e+01 6.628801765702284854e+00
1.720000000000000000e+02 -1.700000000000000000e+01 6.440091375512208671e+00
1.720000000000000000e+02 -1.600000000000000000e+01 6.355258405592301152e+00
1.720000000000000000e+02 -1.500000000000000000e+01 6.366629850174447824e+00
1.720000000000000000e+02 -1.400000000000000000e+01 nan
1.730000000000000000e+02 -3.000000000000000000e+01 7.320787248357148336e+00
1.730000000000000000e+02 -2.900000000000000000e+01 7.154211279679205227e+00
1.730000000000000000e+02 -2.800000000000000000e+01 6.958137930517720449e+00
1.730000000000000000e+02 -2.700000000000000000e+01 6.679402905952173342e+00
1.730000000000000000e+02 -2.600000000000000000e+01 6.484069842193440181e+00
1.730000000000000000e+02 -2.500000000000000000e+01 6.456071471988345856e+00
1.730000000000000000e+02 -2.400000000000000000e+01 6.532721534902250049e+00
1.730000000000000000e+02 -2.300000000000000000e+01 6.651195492697892675e+00
1.730000000000000000e+02 -2.200000000000000000e+01 6.804335530573842661e+00
1.730000000000000000e+02 -2.100000000000000000e+01 6.824760505611516592e+00
1.730000000000000000e+02 -2.000000000000000000e+01 6.661612028095304616e+00
1.730000000000000000e+02 -1.900000000000000000e+01 6.627392668131488307e+00
1.730000000000000000e+02 -1.800000000000000000e+01 6.616994115752765637e+00
1.730000000000000000e+02 -1.700000000000000000e+01 6.404835594543432542e+00
1.730000000000000000e+02 -1.600000000000000000e+01 6.323958633395053042e+00
1.730000000000000000e+02 -1.500000000000000000e+01 6.351998905790559036e+00
1.730000000000000000e+02 -1.400000000000000000e+01 nan
1.740000000000000000e+02 -3.000000000000000000e+01 7.483767752320187761e+00
1.740000000000000000e+02 -2.900000000000000000e+01 7.186464815736699485e+00
1.740000000000000000e+02 -2.800000000000000000e+01 7.047403457973357099e+00
1.740000000000000000e+02 -2.700000000000000000e+01 6.779554020905469436e+00
1.740000000000000000e+02 -2.600000000000000000e+01 6.548441719975349962e+00
1.740000000000000000e+02 -2.500000000000000000e+01 6.493498244646778161e+00
1.740000000000000000e+02 -2.400000000000000000e+01 6.518425348139290421e+00
1.740000000000000000e+02 -2.300000000000000000e+01 6.596354556112062895e+00
1.740000000000000000e+02 -2.200000000000000000e+01 6.674254704198252064e+00
1.740000000000000000e+02 -2.100000000000000000e+01 6.858453386984249001e+00
1.740000000000000000e+02 -2.000000000000000000e+01 6.599213585878113797e+00
1.740000000000000000e+02 -1.900000000000000000e+01 6.451628994229942293e+00
1.740000000000000000e+02 -1.800000000000000000e+01 6.516126832883537112e+00
1.740000000000000000e+02 -1.700000000000000000e+01 6.380355638018945896e+00
1.740000000000000000e+02 -1.600000000000000000e+01 6.259927770158069116e+00
1.740000000000000000e+02 -1.500000000000000000e+01 6.228427861225269702e+00
1.740000000000000000e+02 -1.400000000000000000e+01 nan
