Longitude[deg], Latitude[deg], Dust optical depth
-8.000000000000000000e+01 -8.000000000000000000e+00 nan
-8.000000000000000000e+01 -7.000000000000000000e+00 nan
-8.000000000000000000e+01 -6.000000000000000000e+00 nan
-8.000000000000000000e+01 -5.000000000000000000e+00 nan
-8.000000000000000000e+01 -4.000000000000000000e+00 nan
-8.000000000000000000e+01 -3.000000000000000000e+00 nan
-8.000000000000000000e+01 -2.000000000000000000e+00 nan
-8.000000000000000000e+01 -1.000000000000000000e+00 nan
-8.000000000000000000e+01 0.000000000000000000e+00 nan
-8.000000000000000000e+01 1.000000000000000000e+00 1.418799195764118615e+00
-8.000000000000000000e+01 2.000000000000000000e+00 1.130047472048169688e+00
-8.000000000000000000e+01 3.000000000000000000e+00 7.602731836762387507e-01
-8.000000000000000000e+01 4.000000000000000000e+00 7.425894957243655004e-01
-8.000000000000000000e+01 5.000000000000000000e+00 6.447212804639961270e-01
-8.000000000000000000e+01 6.000000000000000000e+00 5.185163500370958412e-01
-8.000000000000000000e+01 7.000000000000000000e+00 5.753306855001650844e-01
-7.900000000000000000e+01 -8.000000000000000000e+00 6.693920945779383569e-01
-7.900000000000000000e+01 -7.000000000000000000e+00 1.148437822190716107e+00
-7.900000000000000000e+01 -6.000000000000000000e+00 1.254759846276849888e+00
-7.900000000000000000e+01 -5.000000000000000000e+00 1.206526540652897550e+00
-7.900000000000000000e+01 -4.000000000000000000e+00 1.277628043488554077e+00
-7.900000000000000000e+01 -3.000000000000000000e+00 1.399737418135173161e+00
-7.900000000000000000e+01 -2.000000000000000000e+00 1.280397698051467525e+00
-7.900000000000000000e+01 -1.000000000000000000e+00 1.242356939391533910e+00
-7.900000000000000000e+01 0.000000000000000000e+00 1.369084520322296772e+00
-7.900000000000000000e+01 1.000000000000000000e+00 1.371131350094018764e+00
-7.900000000000000000e+01 2.000000000000000000e+00 1.354924043308697978e+00
-7.900000000000000000e+01 3.000000000000000000e+00 1.131265971808911530e+00
-7.900000000000000000e+01 4.000000000000000000e+00 8.970989051927373836e-01
-7.900000000000000000e+01 5.000000000000000000e+00 6.040068309233400656e-01
-7.900000000000000000e+01 6.000000000000000000e+00 3.205453924479166883e-01
-7.900000000000000000e+01 7.000000000000000000e+00 1.519872446369836816e-01
-7.800000000000000000e+01 -8.000000000000000000e+00 6.989279714993840154e-01
-7.800000000000000000e+01 -7.000000000000000000e+00 1.151858438130899831e+00
-7.800000000000000000e+01 -6.000000000000000000e+00 1.213594747840527788e+00
-7.800000000000000000e+01 -5.000000000000000000e+00 1.204718879646176521e+00
-7.800000000000000000e+01 -4.000000000000000000e+00 1.259928183774248422e+00
-7.800000000000000000e+01 -3.000000000000000000e+00 1.372081999333623292e+00
-7.800000000000000000e+01 -2.000000000000000000e+00 1.293332315150784506e+00
-7.800000000000000000e+01 -1.000000000000000000e+00 1.214808367529397470e+00
-7.800000000000000000e+01 0.000000000000000000e+00 1.341753946515388707e+00
-7.800000000000000000e+01 1.000000000000000000e+00 1.381439287795837911e+00
-7.800000000000000000e+01 2.000000000000000000e+00 1.362957554996524712e+00
-7.800000000000000000e+01 3.000000000000000000e+00 1.256297678668810702e+00
-7.800000000000000000e+01 4.000000000000000000e+00 9.372217690914417254e-01
-7.800000000000000000e+01 5.000000000000000000e+00 6.621308035082871246e-01
-7.800000000000000000e+01 6.000000000000000000e+00 3.036622902772141419e-01
-7.800000000000000000e+01 7.000000000000000000e+00 1.489948360937918270e-01
-7.700000000000000000e+01 -8.000000000000000000e+00 7.400040206397259235e-01
-7.700000000000000000e+01 -7.000000000000000000e+00 1.155812014327143089e+00
-7.700000000000000000e+01 -6.000000000000000000e+00 1.194069999456186304e+00
-7.700000000000000000e+01 -5.000000000000000000e+00 1.203098729949032109e+00
-7.700000000000000000e+01 -4.000000000000000000e+00 1.247178946938909849e+00
-7.700000000000000000e+01 -3.000000000000000000e+00 1.343097686935333268e+00
-7.700000000000000000e+01 -2.000000000000000000e+00 1.325604962782416907e+00
-7.700000000000000000e+01 -1.000000000000000000e+00 1.070195913615036520e+00
-7.700000000000000000e+01 0.000000000000000000e+00 1.255579736198087826e+00
-7.700000000000000000e+01 1.000000000000000000e+00 1.421850231545862542e+00
-7.700000000000000000e+01 2.000000000000000000e+00 1.371572560057255030e+00
-7.700000000000000000e+01 3.000000000000000000e+00 1.284987521108275299e+00
-7.700000000000000000e+01 4.000000000000000000e+00 1.173699110006118262e+00
-7.700000000000000000e+01 5.000000000000000000e+00 8.488874515301476631e-01
-7.700000000000000000e+01 6.000000000000000000e+00 3.252521537037987298e-01
-7.700000000000000000e+01 7.000000000000000000e+00 nan
