Longitude[deg], Latitude[deg], Dust optical depth
2.200000000000000000e+01 -3.000000000000000000e+00 nan
2.200000000000000000e+01 -2.000000000000000000e+00 nan
2.200000000000000000e+01 -1.000000000000000000e+00 1.027230825927645030e+00
2.200000000000000000e+01 0.000000000000000000e+00 8.920855037964440237e-01
2.200000000000000000e+01 1.000000000000000000e+00 1.116168299457317437e+00
2.200000000000000000e+01 2.000000000000000000e+00 1.050309403906895644e+00
2.200000000000000000e+01 3.000000000000000000e+00 1.049640615671913579e+00
2.200000000000000000e+01 4.000000000000000000e+00 1.048663768873689728e+00
2.200000000000000000e+01 5.000000000000000000e+00 1.017196394323217623e+00
2.200000000000000000e+01 6.000000000000000000e+00 1.106230449773031088e+00
2.200000000000000000e+01 7.000000000000000000e+00 1.110007227457617596e+00
2.200000000000000000e+01 8.000000000000000000e+00 1.115338133484708560e+00
2.200000000000000000e+01 9.000000000000000000e+00 1.189157242553957827e+00
2.200000000000000000e+01 1.000000000000000000e+01 1.444160394927157753e+00
2.200000000000000000e+01 1.100000000000000000e+01 1.708216763208941558e+00
2.200000000000000000e+01 1.200000000000000000e+01 1.779778424309906848e+00
2.200000000000000000e+01 1.300000000000000000e+01 1.852798537441602500e+00
2.300000000000000000e+01 -3.000000000000000000e+00 1.156454684143644052e+00
2.300000000000000000e+01 -2.000000000000000000e+00 1.043358250710770152e+00
2.300000000000000000e+01 -1.000000000000000000e+00 1.022353193629182533e+00
2.300000000000000000e+01 0.000000000000000000e+00 1.089137377603024426e+00
2.300000000000000000e+01 1.000000000000000000e+00 1.123610153255787392e+00
2.300000000000000000e+01 2.000000000000000000e+00 1.091172602927569679e+00
2.300000000000000000e+01 3.000000000000000000e+00 1.062322168920279752e+00
2.300000000000000000e+01 4.000000000000000000e+00 1.054334279141250885e+00
2.300000000000000000e+01 5.000000000000000000e+00 1.216926892902760127e+00
2.300000000000000000e+01 6.000000000000000000e+00 1.175603720264658536e+00
2.300000000000000000e+01 7.000000000000000000e+00 1.112726535530015548e+00
2.300000000000000000e+01 8.000000000000000000e+00 1.122564656782540693e+00
2.300000000000000000e+01 9.000000000000000000e+00 1.216239370326452240e+00
2.300000000000000000e+01 1.000000000000000000e+01 1.522368119854634383e+00
2.300000000000000000e+01 1.100000000000000000e+01 1.702925760692411306e+00
2.300000000000000000e+01 1.200000000000000000e+01 1.779972920931711222e+00
2.300000000000000000e+01 1.300000000000000000e+01 1.857341841558095563e+00
2.400000000000000000e+01 -3.000000000000000000e+00 1.169093117680527927e+00
2.400000000000000000e+01 -2.000000000000000000e+00 1.043196346379148265e+00
2.400000000000000000e+01 -1.000000000000000000e+00 1.024061360840679225e+00
2.400000000000000000e+01 0.000000000000000000e+00 1.099853666441261923e+00
2.400000000000000000e+01 1.000000000000000000e+00 1.122485982919038117e+00
2.400000000000000000e+01 2.000000000000000000e+00 1.100133456946711386e+00
2.400000000000000000e+01 3.000000000000000000e+00 1.067714254218170122e+00
2.400000000000000000e+01 4.000000000000000000e+00 1.058158216959317333e+00
2.400000000000000000e+01 5.000000000000000000e+00 1.243121225918136563e+00
2.400000000000000000e+01 6.000000000000000000e+00 1.214520850156618703e+00
2.400000000000000000e+01 7.000000000000000000e+00 1.117252183378866004e+00
2.400000000000000000e+01 8.000000000000000000e+00 1.123765521765809572e+00
2.400000000000000000e+01 9.000000000000000000e+00 1.236747108200230372e+00
2.400000000000000000e+01 1.000000000000000000e+01 1.554748128408120156e+00
2.400000000000000000e+01 1.100000000000000000e+01 1.697713049232491667e+00
2.400000000000000000e+01 1.200000000000000000e+01 1.781312316727948097e+00
2.400000000000000000e+01 1.300000000000000000e+01 1.858652190120113845e+00
2.500000000000000000e+01 -3.000000000000000000e+00 1.215906953271068680e+00
2.500000000000000000e+01 -2.000000000000000000e+00 1.041204705974826838e+00
2.500000000000000000e+01 -1.000000000000000000e+00 1.028885863280631696e+00
2.500000000000000000e+01 0.000000000000000000e+00 1.113663935080673850e+00
2.500000000000000000e+01 1.000000000000000000e+00 1.119390332696100332e+00
2.500000000000000000e+01 2.000000000000000000e+00 1.107237532517409306e+00
2.500000000000000000e+01 3.000000000000000000e+00 1.075525608846316761e+00
2.500000000000000000e+01 4.000000000000000000e+00 1.076515656116760145e+00
2.500000000000000000e+01 5.000000000000000000e+00 1.259737242754694453e+00
2.500000000000000000e+01 6.000000000000000000e+00 1.254691849008672255e+00
2.500000000000000000e+01 7.000000000000000000e+00 1.136122588590803506e+00
2.500000000000000000e+01 8.000000000000000000e+00 1.104245338589118441e+00
2.500000000000000000e+01 9.000000000000000000e+00 1.187670991667888032e+00
2.500000000000000000e+01 1.000000000000000000e+01 nan
2.500000000000000000e+01 1.100000000000000000e+01 nan
2.500000000000000000e+01 1.200000000000000000e+01 nan
2.500000000000000000e+01 1.300000000000000000e+01 nan
