Longitude[deg], Latitude[deg], Dust optical depth
-7.500000000000000000e+01 0.000000000000000000e+00 nan
-7.500000000000000000e+01 1.000000000000000000e+00 nan
-7.500000000000000000e+01 2.000000000000000000e+00 nan
-7.500000000000000000e+01 3.000000000000000000e+00 nan
-7.500000000000000000e+01 4.000000000000000000e+00 nan
-7.500000000000000000e+01 5.000000000000000000e+00 nan
-7.500000000000000000e+01 6.000000000000000000e+00 nan
-7.500000000000000000e+01 7.000000000000000000e+00 nan
-7.500000000000000000e+01 8.000000000000000000e+00 nan
-7.500000000000000000e+01 9.000000000000000000e+00 nan
-7.500000000000000000e+01 1.000000000000000000e+01 nan
-7.500000000000000000e+01 1.100000000000000000e+01 nan
-7.500000000000000000e+01 1.200000000000000000e+01 nan
-7.500000000000000000e+01 1.300000000000000000e+01 nan
-7.500000000000000000e+01 1.400000000000000000e+01 nan
-7.500000000000000000e+01 1.500000000000000000e+01 nan
-7.500000000000000000e+01 1.600000000000000000e+01 nan
-7.400000000000000000e+01 0.000000000000000000e+00 1.122352580436916991e+00
-7.400000000000000000e+01 1.000000000000000000e+00 1.042599744070222378e+00
-7.400000000000000000e+01 2.000000000000000000e+00 1.164675120312749446e+00
-7.400000000000000000e+01 3.000000000000000000e+00 1.386349027472858930e+00
-7.400000000000000000e+01 4.000000000000000000e+00 1.402250400714785350e+00
-7.400000000000000000e+01 5.000000000000000000e+00 1.273143606787414006e+00
-7.400000000000000000e+01 6.000000000000000000e+00 1.229804206995478655e+00
-7.400000000000000000e+01 7.000000000000000000e+00 1.228115061249287709e+00
-7.400000000000000000e+01 8.000000000000000000e+00 1.375522146161874737e+00
-7.400000000000000000e+01 9.000000000000000000e+00 1.427687539491145685e+00
-7.400000000000000000e+01 1.000000000000000000e+01 1.473708232391129469e+00
-7.400000000000000000e+01 1.100000000000000000e+01 1.437254326587839692e+00
-7.400000000000000000e+01 1.200000000000000000e+01 1.417805553178043354e+00
-7.400000000000000000e+01 1.300000000000000000e+01 1.286173221714221215e+00
-7.400000000000000000e+01 1.400000000000000000e+01 1.092880325376283102e+00
-7.400000000000000000e+01 1.500000000000000000e+01 9.488018647045656229e-01
-7.400000000000000000e+01 1.600000000000000000e+01 1.075263560180672151e+00
-7.300000000000000000e+01 0.000000000000000000e+00 1.053638136941888348e+00
-7.300000000000000000e+01 1.000000000000000000e+00 1.064104502051972823e+00
-7.300000000000000000e+01 2.000000000000000000e+00 1.232108748739032977e+00
-7.300000000000000000e+01 3.000000000000000000e+00 1.399546112459995273e+00
-7.300000000000000000e+01 4.000000000000000000e+00 1.384090072049621645e+00
-7.300000000000000000e+01 5.000000000000000000e+00 1.242949324341539930e+00
-7.300000000000000000e+01 6.000000000000000000e+00 1.201478078775566782e+00
-7.300000000000000000e+01 7.000000000000000000e+00 1.228324547677570378e+00
-7.300000000000000000e+01 8.000000000000000000e+00 1.373548398458963371e+00
-7.300000000000000000e+01 9.000000000000000000e+00 1.491466180407818420e+00
-7.300000000000000000e+01 1.000000000000000000e+01 1.485309084384278444e+00
-7.300000000000000000e+01 1.100000000000000000e+01 1.406887267349543613e+00
-7.300000000000000000e+01 1.200000000000000000e+01 1.322184267424643123e+00
-7.300000000000000000e+01 1.300000000000000000e+01 1.217123044975372048e+00
-7.300000000000000000e+01 1.400000000000000000e+01 1.097054814863926309e+00
-7.300000000000000000e+01 1.500000000000000000e+01 9.387803515676977906e-01
-7.300000000000000000e+01 1.600000000000000000e+01 9.181758174352268043e-01
-7.200000000000000000e+01 0.000000000000000000e+00 1.051685567933286602e+00
-7.200000000000000000e+01 1.000000000000000000e+00 1.065655655035426586e+00
-7.200000000000000000e+01 2.000000000000000000e+00 1.254097895883531821e+00
-7.200000000000000000e+01 3.000000000000000000e+00 1.404317127424661082e+00
-7.200000000000000000e+01 4.000000000000000000e+00 1.376611094390389756e+00
-7.200000000000000000e+01 5.000000000000000000e+00 1.235645500972349708e+00
-7.200000000000000000e+01 6.000000000000000000e+00 1.194591202768729321e+00
-7.200000000000000000e+01 7.000000000000000000e+00 1.232417916018740067e+00
-7.200000000000000000e+01 8.000000000000000000e+00 1.372721887783662220e+00
-7.200000000000000000e+01 9.000000000000000000e+00 1.508884948578098628e+00
-7.200000000000000000e+01 1.000000000000000000e+01 1.495408356603131761e+00
-7.200000000000000000e+01 1.100000000000000000e+01 1.376495242038891842e+00
-7.200000000000000000e+01 1.200000000000000000e+01 1.228648940168788561e+00
-7.200000000000000000e+01 1.300000000000000000e+01 1.130784265692084789e+00
-7.200000000000000000e+01 1.400000000000000000e+01 1.099567442531815598e+00
-7.200000000000000000e+01 1.500000000000000000e+01 9.192628508415425781e-01
-7.200000000000000000e+01 1.600000000000000000e+01 nan
