Longitude[deg], Latitude[deg], Dust optical depth
1.400000000000000000e+01 -7.600000000000000000e+01 nan
1.400000000000000000e+01 -7.500000000000000000e+01 nan
1.400000000000000000e+01 -7.400000000000000000e+01 nan
1.400000000000000000e+01 -7.300000000000000000e+01 nan
1.400000000000000000e+01 -7.200000000000000000e+01 nan
1.400000000000000000e+01 -7.100000000000000000e+01 nan
1.400000000000000000e+01 -7.000000000000000000e+01 nan
1.400000000000000000e+01 -6.900000000000000000e+01 nan
1.400000000000000000e+01 -6.800000000000000000e+01 nan
1.400000000000000000e+01 -6.700000000000000000e+01 nan
1.400000000000000000e+01 -6.600000000000000000e+01 nan
1.400000000000000000e+01 -6.500000000000000000e+01 nan
1.400000000000000000e+01 -6.400000000000000000e+01 nan
1.400000000000000000e+01 -6.300000000000000000e+01 nan
1.400000000000000000e+01 -6.200000000000000000e+01 nan
1.400000000000000000e+01 -6.100000000000000000e+01 nan
1.400000000000000000e+01 -6.000000000000000000e+01 nan
1.400000000000000000e+01 -5.900000000000000000e+01 nan
1.400000000000000000e+01 -5.800000000000000000e+01 nan
1.400000000000000000e+01 -5.700000000000000000e+01 nan
1.400000000000000000e+01 -5.600000000000000000e+01 nan
1.400000000000000000e+01 -5.500000000000000000e+01 nan
1.400000000000000000e+01 -5.400000000000000000e+01 nan
1.400000000000000000e+01 -5.300000000000000000e+01 nan
1.400000000000000000e+01 -5.200000000000000000e+01 nan
1.400000000000000000e+01 -5.100000000000000000e+01 nan
1.400000000000000000e+01 -5.000000000000000000e+01 nan
1.400000000000000000e+01 -4.900000000000000000e+01 nan
1.400000000000000000e+01 -4.800000000000000000e+01 nan
1.400000000000000000e+01 -4.700000000000000000e+01 nan
1.400000000000000000e+01 -4.600000000000000000e+01 nan
1.400000000000000000e+01 -4.500000000000000000e+01 nan
1.400000000000000000e+01 -4.400000000000000000e+01 nan
1.400000000000000000e+01 -4.300000000000000000e+01 nan
1.400000000000000000e+01 -4.200000000000000000e+01 nan
1.400000000000000000e+01 -4.100000000000000000e+01 nan
1.400000000000000000e+01 -4.000000000000000000e+01 nan
1.400000000000000000e+01 -3.900000000000000000e+01 nan
1.400000000000000000e+01 -3.800000000000000000e+01 nan
1.400000000000000000e+01 -3.700000000000000000e+01 nan
1.400000000000000000e+01 -3.600000000000000000e+01 nan
1.400000000000000000e+01 -3.500000000000000000e+01 nan
1.400000000000000000e+01 -3.400000000000000000e+01 nan
1.400000000000000000e+01 -3.300000000000000000e+01 nan
1.400000000000000000e+01 -3.200000000000000000e+01 nan
1.400000000000000000e+01 -3.100000000000000000e+01 nan
1.400000000000000000e+01 -3.000000000000000000e+01 nan
1.500000000000000000e+01 -7.600000000000000000e+01 nan
1.500000000000000000e+01 -7.500000000000000000e+01 nan
1.500000000000000000e+01 -7.400000000000000000e+01 nan
1.500000000000000000e+01 -7.300000000000000000e+01 nan
1.500000000000000000e+01 -7.200000000000000000e+01 nan
1.500000000000000000e+01 -7.100000000000000000e+01 nan
1.500000000000000000e+01 -7.000000000000000000e+01 nan
1.500000000000000000e+01 -6.900000000000000000e+01 nan
1.500000000000000000e+01 -6.800000000000000000e+01 nan
1.500000000000000000e+01 -6.700000000000000000e+01 nan
1.500000000000000000e+01 -6.600000000000000000e+01 nan
1.500000000000000000e+01 -6.500000000000000000e+01 nan
1.500000000000000000e+01 -6.400000000000000000e+01 nan
1.500000000000000000e+01 -6.300000000000000000e+01 nan
1.500000000000000000e+01 -6.200000000000000000e+01 nan
1.500000000000000000e+01 -6.100000000000000000e+01 nan
1.500000000000000000e+01 -6.000000000000000000e+01 nan
1.500000000000000000e+01 -5.900000000000000000e+01 nan
1.500000000000000000e+01 -5.800000000000000000e+01 nan
1.500000000000000000e+01 -5.700000000000000000e+01 nan
1.500000000000000000e+01 -5.600000000000000000e+01 nan
1.500000000000000000e+01 -5.500000000000000000e+01 nan
1.500000000000000000e+01 -5.400000000000000000e+01 nan
1.500000000000000000e+01 -5.300000000000000000e+01 nan
1.500000000000000000e+01 -5.200000000000000000e+01 nan
1.500000000000000000e+01 -5.100000000000000000e+01 nan
1.500000000000000000e+01 -5.000000000000000000e+01 nan
1.500000000000000000e+01 -4.900000000000000000e+01 nan
1.500000000000000000e+01 -4.800000000000000000e+01 nan
1.500000000000000000e+01 -4.700000000000000000e+01 nan
1.500000000000000000e+01 -4.600000000000000000e+01 nan
1.500000000000000000e+01 -4.500000000000000000e+01 nan
1.500000000000000000e+01 -4.400000000000000000e+01 nan
1.500000000000000000e+01 -4.300000000000000000e+01 nan
1.500000000000000000e+01 -4.200000000000000000e+01 nan
1.500000000000000000e+01 -4.100000000000000000e+01 nan
1.500000000000000000e+01 -4.000000000000000000e+01 nan
1.500000000000000000e+01 -3.900000000000000000e+01 nan
1.500000000000000000e+01 -3.800000000000000000e+01 nan
1.500000000000000000e+01 -3.700000000000000000e+01 nan
1.500000000000000000e+01 -3.600000000000000000e+01 nan
1.500000000000000000e+01 -3.500000000000000000e+01 nan
1.500000000000000000e+01 -3.400000000000000000e+01 nan
1.500000000000000000e+01 -3.300000000000000000e+01 nan
1.500000000000000000e+01 -3.200000000000000000e+01 nan
1.500000000000000000e+01 -3.100000000000000000e+01 nan
1.500000000000000000e+01 -3.000000000000000000e+01 nan
1.600000000000000000e+01 -7.600000000000000000e+01 nan
1.600000000000000000e+01 -7.500000000000000000e+01 nan
1.600000000000000000e+01 -7.400000000000000000e+01 nan
1.600000000000000000e+01 -7.300000000000000000e+01 nan
1.600000000000000000e+01 -7.200000000000000000e+01 nan
1.600000000000000000e+01 -7.100000000000000000e+01 nan
1.600000000000000000e+01 -7.000000000000000000e+01 nan
1.600000000000000000e+01 -6.900000000000000000e+01 nan
1.600000000000000000e+01 -6.800000000000000000e+01 nan
1.600000000000000000e+01 -6.700000000000000000e+01 nan
1.600000000000000000e+01 -6.600000000000000000e+01 nan
1.600000000000000000e+01 -6.500000000000000000e+01 nan
1.600000000000000000e+01 -6.400000000000000000e+01 nan
1.600000000000000000e+01 -6.300000000000000000e+01 nan
1.600000000000000000e+01 -6.200000000000000000e+01 nan
1.600000000000000000e+01 -6.100000000000000000e+01 nan
1.600000000000000000e+01 -6.000000000000000000e+01 nan
1.600000000000000000e+01 -5.900000000000000000e+01 nan
1.600000000000000000e+01 -5.800000000000000000e+01 nan
1.600000000000000000e+01 -5.700000000000000000e+01 nan
1.600000000000000000e+01 -5.600000000000000000e+01 nan
1.600000000000000000e+01 -5.500000000000000000e+01 nan
1.600000000000000000e+01 -5.400000000000000000e+01 nan
1.600000000000000000e+01 -5.300000000000000000e+01 nan
1.600000000000000000e+01 -5.200000000000000000e+01 nan
1.600000000000000000e+01 -5.100000000000000000e+01 nan
1.600000000000000000e+01 -5.000000000000000000e+01 nan
1.600000000000000000e+01 -4.900000000000000000e+01 nan
1.600000000000000000e+01 -4.800000000000000000e+01 nan
1.600000000000000000e+01 -4.700000000000000000e+01 nan
1.600000000000000000e+01 -4.600000000000000000e+01 nan
1.600000000000000000e+01 -4.500000000000000000e+01 nan
1.600000000000000000e+01 -4.400000000000000000e+01 nan
1.600000000000000000e+01 -4.300000000000000000e+01 nan
1.600000000000000000e+01 -4.200000000000000000e+01 nan
1.600000000000000000e+01 -4.100000000000000000e+01 nan
1.600000000000000000e+01 -4.000000000000000000e+01 nan
1.600000000000000000e+01 -3.900000000000000000e+01 nan
1.600000000000000000e+01 -3.800000000000000000e+01 nan
1.600000000000000000e+01 -3.700000000000000000e+01 nan
1.600000000000000000e+01 -3.600000000000000000e+01 nan
1.600000000000000000e+01 -3.500000000000000000e+01 nan
1.600000000000000000e+01 -3.400000000000000000e+01 nan
1.600000000000000000e+01 -3.300000000000000000e+01 nan
1.600000000000000000e+01 -3.200000000000000000e+01 nan
1.600000000000000000e+01 -3.100000000000000000e+01 nan
1.600000000000000000e+01 -3.000000000000000000e+01 nan
1.700000000000000000e+01 -7.600000000000000000e+01 nan
1.700000000000000000e+01 -7.500000000000000000e+01 nan
1.700000000000000000e+01 -7.400000000000000000e+01 nan
1.700000000000000000e+01 -7.300000000000000000e+01 nan
1.700000000000000000e+01 -7.200000000000000000e+01 nan
1.700000000000000000e+01 -7.100000000000000000e+01 nan
1.700000000000000000e+01 -7.000000000000000000e+01 nan
1.700000000000000000e+01 -6.900000000000000000e+01 nan
1.700000000000000000e+01 -6.800000000000000000e+01 nan
1.700000000000000000e+01 -6.700000000000000000e+01 nan
1.700000000000000000e+01 -6.600000000000000000e+01 nan
1.700000000000000000e+01 -6.500000000000000000e+01 nan
1.700000000000000000e+01 -6.400000000000000000e+01 nan
1.700000000000000000e+01 -6.300000000000000000e+01 nan
1.700000000000000000e+01 -6.200000000000000000e+01 nan
1.700000000000000000e+01 -6.100000000000000000e+01 nan
1.700000000000000000e+01 -6.000000000000000000e+01 nan
1.700000000000000000e+01 -5.900000000000000000e+01 nan
1.700000000000000000e+01 -5.800000000000000000e+01 nan
1.700000000000000000e+01 -5.700000000000000000e+01 nan
1.700000000000000000e+01 -5.600000000000000000e+01 nan
1.700000000000000000e+01 -5.500000000000000000e+01 nan
1.700000000000000000e+01 -5.400000000000000000e+01 nan
1.700000000000000000e+01 -5.300000000000000000e+01 nan
1.700000000000000000e+01 -5.200000000000000000e+01 nan
1.700000000000000000e+01 -5.100000000000000000e+01 nan
1.700000000000000000e+01 -5.000000000000000000e+01 nan
1.700000000000000000e+01 -4.900000000000000000e+01 nan
1.700000000000000000e+01 -4.800000000000000000e+01 nan
1.700000000000000000e+01 -4.700000000000000000e+01 nan
1.700000000000000000e+01 -4.600000000000000000e+01 nan
1.700000000000000000e+01 -4.500000000000000000e+01 nan
1.700000000000000000e+01 -4.400000000000000000e+01 nan
1.700000000000000000e+01 -4.300000000000000000e+01 nan
1.700000000000000000e+01 -4.200000000000000000e+01 nan
1.700000000000000000e+01 -4.100000000000000000e+01 nan
1.700000000000000000e+01 -4.000000000000000000e+01 nan
1.700000000000000000e+01 -3.900000000000000000e+01 nan
1.700000000000000000e+01 -3.800000000000000000e+01 nan
1.700000000000000000e+01 -3.700000000000000000e+01 nan
1.700000000000000000e+01 -3.600000000000000000e+01 nan
1.700000000000000000e+01 -3.500000000000000000e+01 nan
1.700000000000000000e+01 -3.400000000000000000e+01 nan
1.700000000000000000e+01 -3.300000000000000000e+01 nan
1.700000000000000000e+01 -3.200000000000000000e+01 nan
1.700000000000000000e+01 -3.100000000000000000e+01 nan
1.700000000000000000e+01 -3.000000000000000000e+01 nan
1.800000000000000000e+01 -7.600000000000000000e+01 nan
1.800000000000000000e+01 -7.500000000000000000e+01 nan
1.800000000000000000e+01 -7.400000000000000000e+01 nan
1.800000000000000000e+01 -7.300000000000000000e+01 nan
1.800000000000000000e+01 -7.200000000000000000e+01 nan
1.800000000000000000e+01 -7.100000000000000000e+01 nan
1.800000000000000000e+01 -7.000000000000000000e+01 nan
1.800000000000000000e+01 -6.900000000000000000e+01 nan
1.800000000000000000e+01 -6.800000000000000000e+01 nan
1.800000000000000000e+01 -6.700000000000000000e+01 nan
1.800000000000000000e+01 -6.600000000000000000e+01 nan
1.800000000000000000e+01 -6.500000000000000000e+01 nan
1.800000000000000000e+01 -6.400000000000000000e+01 nan
1.800000000000000000e+01 -6.300000000000000000e+01 nan
1.800000000000000000e+01 -6.200000000000000000e+01 nan
1.800000000000000000e+01 -6.100000000000000000e+01 nan
1.800000000000000000e+01 -6.000000000000000000e+01 nan
1.800000000000000000e+01 -5.900000000000000000e+01 nan
1.800000000000000000e+01 -5.800000000000000000e+01 nan
1.800000000000000000e+01 -5.700000000000000000e+01 nan
1.800000000000000000e+01 -5.600000000000000000e+01 nan
1.800000000000000000e+01 -5.500000000000000000e+01 nan
1.800000000000000000e+01 -5.400000000000000000e+01 nan
1.800000000000000000e+01 -5.300000000000000000e+01 nan
1.800000000000000000e+01 -5.200000000000000000e+01 nan
1.800000000000000000e+01 -5.100000000000000000e+01 nan
1.800000000000000000e+01 -5.000000000000000000e+01 nan
1.800000000000000000e+01 -4.900000000000000000e+01 nan
1.800000000000000000e+01 -4.800000000000000000e+01 nan
1.800000000000000000e+01 -4.700000000000000000e+01 nan
1.800000000000000000e+01 -4.600000000000000000e+01 nan
1.800000000000000000e+01 -4.500000000000000000e+01 nan
1.800000000000000000e+01 -4.400000000000000000e+01 nan
1.800000000000000000e+01 -4.300000000000000000e+01 nan
1.800000000000000000e+01 -4.200000000000000000e+01 nan
1.800000000000000000e+01 -4.100000000000000000e+01 nan
1.800000000000000000e+01 -4.000000000000000000e+01 nan
1.800000000000000000e+01 -3.900000000000000000e+01 nan
1.800000000000000000e+01 -3.800000000000000000e+01 nan
1.800000000000000000e+01 -3.700000000000000000e+01 nan
1.800000000000000000e+01 -3.600000000000000000e+01 nan
1.800000000000000000e+01 -3.500000000000000000e+01 nan
1.800000000000000000e+01 -3.400000000000000000e+01 nan
1.800000000000000000e+01 -3.300000000000000000e+01 nan
1.800000000000000000e+01 -3.200000000000000000e+01 nan
1.800000000000000000e+01 -3.100000000000000000e+01 nan
1.800000000000000000e+01 -3.000000000000000000e+01 nan
1.900000000000000000e+01 -7.600000000000000000e+01 nan
1.900000000000000000e+01 -7.500000000000000000e+01 nan
1.900000000000000000e+01 -7.400000000000000000e+01 nan
1.900000000000000000e+01 -7.300000000000000000e+01 nan
1.900000000000000000e+01 -7.200000000000000000e+01 nan
1.900000000000000000e+01 -7.100000000000000000e+01 nan
1.900000000000000000e+01 -7.000000000000000000e+01 nan
1.900000000000000000e+01 -6.900000000000000000e+01 nan
1.900000000000000000e+01 -6.800000000000000000e+01 nan
1.900000000000000000e+01 -6.700000000000000000e+01 nan
1.900000000000000000e+01 -6.600000000000000000e+01 nan
1.900000000000000000e+01 -6.500000000000000000e+01 nan
1.900000000000000000e+01 -6.400000000000000000e+01 nan
1.900000000000000000e+01 -6.300000000000000000e+01 nan
1.900000000000000000e+01 -6.200000000000000000e+01 nan
1.900000000000000000e+01 -6.100000000000000000e+01 nan
1.900000000000000000e+01 -6.000000000000000000e+01 nan
1.900000000000000000e+01 -5.900000000000000000e+01 nan
1.900000000000000000e+01 -5.800000000000000000e+01 nan
1.900000000000000000e+01 -5.700000000000000000e+01 nan
1.900000000000000000e+01 -5.600000000000000000e+01 nan
1.900000000000000000e+01 -5.500000000000000000e+01 nan
1.900000000000000000e+01 -5.400000000000000000e+01 nan
1.900000000000000000e+01 -5.300000000000000000e+01 nan
1.900000000000000000e+01 -5.200000000000000000e+01 nan
1.900000000000000000e+01 -5.100000000000000000e+01 nan
1.900000000000000000e+01 -5.000000000000000000e+01 nan
1.900000000000000000e+01 -4.900000000000000000e+01 nan
1.900000000000000000e+01 -4.800000000000000000e+01 nan
1.900000000000000000e+01 -4.700000000000000000e+01 nan
1.900000000000000000e+01 -4.600000000000000000e+01 nan
1.900000000000000000e+01 -4.500000000000000000e+01 nan
1.900000000000000000e+01 -4.400000000000000000e+01 nan
1.900000000000000000e+01 -4.300000000000000000e+01 nan
1.900000000000000000e+01 -4.200000000000000000e+01 nan
1.900000000000000000e+01 -4.100000000000000000e+01 nan
1.900000000000000000e+01 -4.000000000000000000e+01 nan
1.900000000000000000e+01 -3.900000000000000000e+01 nan
1.900000000000000000e+01 -3.800000000000000000e+01 nan
1.900000000000000000e+01 -3.700000000000000000e+01 nan
1.900000000000000000e+01 -3.600000000000000000e+01 nan
1.900000000000000000e+01 -3.500000000000000000e+01 nan
1.900000000000000000e+01 -3.400000000000000000e+01 nan
1.900000000000000000e+01 -3.300000000000000000e+01 nan
1.900000000000000000e+01 -3.200000000000000000e+01 nan
1.900000000000000000e+01 -3.100000000000000000e+01 nan
1.900000000000000000e+01 -3.000000000000000000e+01 nan
2.000000000000000000e+01 -7.600000000000000000e+01 nan
2.000000000000000000e+01 -7.500000000000000000e+01 nan
2.000000000000000000e+01 -7.400000000000000000e+01 nan
2.000000000000000000e+01 -7.300000000000000000e+01 nan
2.000000000000000000e+01 -7.200000000000000000e+01 nan
2.000000000000000000e+01 -7.100000000000000000e+01 nan
2.000000000000000000e+01 -7.000000000000000000e+01 nan
2.000000000000000000e+01 -6.900000000000000000e+01 nan
2.000000000000000000e+01 -6.800000000000000000e+01 nan
2.000000000000000000e+01 -6.700000000000000000e+01 nan
2.000000000000000000e+01 -6.600000000000000000e+01 nan
2.000000000000000000e+01 -6.500000000000000000e+01 nan
2.000000000000000000e+01 -6.400000000000000000e+01 nan
2.000000000000000000e+01 -6.300000000000000000e+01 nan
2.000000000000000000e+01 -6.200000000000000000e+01 nan
2.000000000000000000e+01 -6.100000000000000000e+01 nan
2.000000000000000000e+01 -6.000000000000000000e+01 nan
2.000000000000000000e+01 -5.900000000000000000e+01 nan
2.000000000000000000e+01 -5.800000000000000000e+01 nan
2.000000000000000000e+01 -5.700000000000000000e+01 nan
2.000000000000000000e+01 -5.600000000000000000e+01 nan
2.000000000000000000e+01 -5.500000000000000000e+01 nan
2.000000000000000000e+01 -5.400000000000000000e+01 nan
2.000000000000000000e+01 -5.300000000000000000e+01 nan
2.000000000000000000e+01 -5.200000000000000000e+01 nan
2.000000000000000000e+01 -5.100000000000000000e+01 nan
2.000000000000000000e+01 -5.000000000000000000e+01 nan
2.000000000000000000e+01 -4.900000000000000000e+01 nan
2.000000000000000000e+01 -4.800000000000000000e+01 nan
2.000000000000000000e+01 -4.700000000000000000e+01 nan
2.000000000000000000e+01 -4.600000000000000000e+01 nan
2.000000000000000000e+01 -4.500000000000000000e+01 nan
2.000000000000000000e+01 -4.400000000000000000e+01 nan
2.000000000000000000e+01 -4.300000000000000000e+01 nan
2.000000000000000000e+01 -4.200000000000000000e+01 nan
2.000000000000000000e+01 -4.100000000000000000e+01 nan
2.000000000000000000e+01 -4.000000000000000000e+01 nan
2.000000000000000000e+01 -3.900000000000000000e+01 nan
2.000000000000000000e+01 -3.800000000000000000e+01 nan
2.000000000000000000e+01 -3.700000000000000000e+01 nan
2.000000000000000000e+01 -3.600000000000000000e+01 nan
2.000000000000000000e+01 -3.500000000000000000e+01 nan
2.000000000000000000e+01 -3.400000000000000000e+01 nan
2.000000000000000000e+01 -3.300000000000000000e+01 nan
2.000000000000000000e+01 -3.200000000000000000e+01 nan
2.000000000000000000e+01 -3.100000000000000000e+01 nan
2.000000000000000000e+01 -3.000000000000000000e+01 nan
2.100000000000000000e+01 -7.600000000000000000e+01 nan
2.100000000000000000e+01 -7.500000000000000000e+01 nan
2.100000000000000000e+01 -7.400000000000000000e+01 nan
2.100000000000000000e+01 -7.300000000000000000e+01 nan
2.100000000000000000e+01 -7.200000000000000000e+01 nan
2.100000000000000000e+01 -7.100000000000000000e+01 nan
2.100000000000000000e+01 -7.000000000000000000e+01 nan
2.100000000000000000e+01 -6.900000000000000000e+01 nan
2.100000000000000000e+01 -6.800000000000000000e+01 nan
2.100000000000000000e+01 -6.700000000000000000e+01 nan
2.100000000000000000e+01 -6.600000000000000000e+01 nan
2.100000000000000000e+01 -6.500000000000000000e+01 nan
2.100000000000000000e+01 -6.400000000000000000e+01 nan
2.100000000000000000e+01 -6.300000000000000000e+01 nan
2.100000000000000000e+01 -6.200000000000000000e+01 nan
2.100000000000000000e+01 -6.100000000000000000e+01 nan
2.100000000000000000e+01 -6.000000000000000000e+01 9.363637908599719006e-01
2.100000000000000000e+01 -5.900000000000000000e+01 9.363637908599719006e-01
2.100000000000000000e+01 -5.800000000000000000e+01 nan
2.100000000000000000e+01 -5.700000000000000000e+01 nan
2.100000000000000000e+01 -5.600000000000000000e+01 nan
2.100000000000000000e+01 -5.500000000000000000e+01 nan
2.100000000000000000e+01 -5.400000000000000000e+01 nan
2.100000000000000000e+01 -5.300000000000000000e+01 nan
2.100000000000000000e+01 -5.200000000000000000e+01 nan
2.100000000000000000e+01 -5.100000000000000000e+01 nan
2.100000000000000000e+01 -5.000000000000000000e+01 nan
2.100000000000000000e+01 -4.900000000000000000e+01 nan
2.100000000000000000e+01 -4.800000000000000000e+01 nan
2.100000000000000000e+01 -4.700000000000000000e+01 nan
2.100000000000000000e+01 -4.600000000000000000e+01 nan
2.100000000000000000e+01 -4.500000000000000000e+01 nan
2.100000000000000000e+01 -4.400000000000000000e+01 nan
2.100000000000000000e+01 -4.300000000000000000e+01 nan
2.100000000000000000e+01 -4.200000000000000000e+01 nan
2.100000000000000000e+01 -4.100000000000000000e+01 nan
2.100000000000000000e+01 -4.000000000000000000e+01 nan
2.100000000000000000e+01 -3.900000000000000000e+01 nan
2.100000000000000000e+01 -3.800000000000000000e+01 nan
2.100000000000000000e+01 -3.700000000000000000e+01 nan
2.100000000000000000e+01 -3.600000000000000000e+01 nan
2.100000000000000000e+01 -3.500000000000000000e+01 nan
2.100000000000000000e+01 -3.400000000000000000e+01 nan
2.100000000000000000e+01 -3.300000000000000000e+01 nan
2.100000000000000000e+01 -3.200000000000000000e+01 nan
2.100000000000000000e+01 -3.100000000000000000e+01 nan
2.100000000000000000e+01 -3.000000000000000000e+01 nan
2.200000000000000000e+01 -7.600000000000000000e+01 nan
2.200000000000000000e+01 -7.500000000000000000e+01 nan
2.200000000000000000e+01 -7.400000000000000000e+01 nan
2.200000000000000000e+01 -7.300000000000000000e+01 nan
2.200000000000000000e+01 -7.200000000000000000e+01 nan
2.200000000000000000e+01 -7.100000000000000000e+01 nan
2.200000000000000000e+01 -7.000000000000000000e+01 nan
2.200000000000000000e+01 -6.900000000000000000e+01 nan
2.200000000000000000e+01 -6.800000000000000000e+01 nan
2.200000000000000000e+01 -6.700000000000000000e+01 nan
2.200000000000000000e+01 -6.600000000000000000e+01 nan
2.200000000000000000e+01 -6.500000000000000000e+01 nan
2.200000000000000000e+01 -6.400000000000000000e+01 nan
2.200000000000000000e+01 -6.300000000000000000e+01 nan
2.200000000000000000e+01 -6.200000000000000000e+01 nan
2.200000000000000000e+01 -6.100000000000000000e+01 nan
2.200000000000000000e+01 -6.000000000000000000e+01 9.436689617676276010e-01
2.200000000000000000e+01 -5.900000000000000000e+01 9.345882975106513113e-01
2.200000000000000000e+01 -5.800000000000000000e+01 8.197651806354354642e-01
2.200000000000000000e+01 -5.700000000000000000e+01 7.243193990106630009e-01
2.200000000000000000e+01 -5.600000000000000000e+01 8.160556848301199206e-01
2.200000000000000000e+01 -5.500000000000000000e+01 8.345761885196698593e-01
2.200000000000000000e+01 -5.400000000000000000e+01 7.806428295955366581e-01
2.200000000000000000e+01 -5.300000000000000000e+01 8.068077720888738869e-01
2.200000000000000000e+01 -5.200000000000000000e+01 8.325355862499617121e-01
2.200000000000000000e+01 -5.100000000000000000e+01 8.325539435253942466e-01
2.200000000000000000e+01 -5.000000000000000000e+01 7.154474843456035682e-01
2.200000000000000000e+01 -4.900000000000000000e+01 nan
2.200000000000000000e+01 -4.800000000000000000e+01 nan
2.200000000000000000e+01 -4.700000000000000000e+01 nan
2.200000000000000000e+01 -4.600000000000000000e+01 nan
2.200000000000000000e+01 -4.500000000000000000e+01 nan
2.200000000000000000e+01 -4.400000000000000000e+01 nan
2.200000000000000000e+01 -4.300000000000000000e+01 nan
2.200000000000000000e+01 -4.200000000000000000e+01 nan
2.200000000000000000e+01 -4.100000000000000000e+01 nan
2.200000000000000000e+01 -4.000000000000000000e+01 nan
2.200000000000000000e+01 -3.900000000000000000e+01 nan
2.200000000000000000e+01 -3.800000000000000000e+01 nan
2.200000000000000000e+01 -3.700000000000000000e+01 nan
2.200000000000000000e+01 -3.600000000000000000e+01 nan
2.200000000000000000e+01 -3.500000000000000000e+01 nan
2.200000000000000000e+01 -3.400000000000000000e+01 nan
2.200000000000000000e+01 -3.300000000000000000e+01 nan
2.200000000000000000e+01 -3.200000000000000000e+01 nan
2.200000000000000000e+01 -3.100000000000000000e+01 nan
2.200000000000000000e+01 -3.000000000000000000e+01 nan
2.300000000000000000e+01 -7.600000000000000000e+01 nan
2.300000000000000000e+01 -7.500000000000000000e+01 nan
2.300000000000000000e+01 -7.400000000000000000e+01 nan
2.300000000000000000e+01 -7.300000000000000000e+01 nan
2.300000000000000000e+01 -7.200000000000000000e+01 nan
2.300000000000000000e+01 -7.100000000000000000e+01 nan
2.300000000000000000e+01 -7.000000000000000000e+01 nan
2.300000000000000000e+01 -6.900000000000000000e+01 nan
2.300000000000000000e+01 -6.800000000000000000e+01 nan
2.300000000000000000e+01 -6.700000000000000000e+01 nan
2.300000000000000000e+01 -6.600000000000000000e+01 nan
2.300000000000000000e+01 -6.500000000000000000e+01 nan
2.300000000000000000e+01 -6.400000000000000000e+01 nan
2.300000000000000000e+01 -6.300000000000000000e+01 nan
2.300000000000000000e+01 -6.200000000000000000e+01 nan
2.300000000000000000e+01 -6.100000000000000000e+01 nan
2.300000000000000000e+01 -6.000000000000000000e+01 9.461600372091012456e-01
2.300000000000000000e+01 -5.900000000000000000e+01 9.341371161107169252e-01
2.300000000000000000e+01 -5.800000000000000000e+01 8.197651806354354642e-01
2.300000000000000000e+01 -5.700000000000000000e+01 7.243193990106630009e-01
2.300000000000000000e+01 -5.600000000000000000e+01 8.160556848301199206e-01
2.300000000000000000e+01 -5.500000000000000000e+01 8.345761885196698593e-01
2.300000000000000000e+01 -5.400000000000000000e+01 7.806428295955366581e-01
2.300000000000000000e+01 -5.300000000000000000e+01 8.068077720888738869e-01
2.300000000000000000e+01 -5.200000000000000000e+01 8.305882744968997589e-01
2.300000000000000000e+01 -5.100000000000000000e+01 8.279048671132046566e-01
2.300000000000000000e+01 -5.000000000000000000e+01 1.070222794290589752e+00
2.300000000000000000e+01 -4.900000000000000000e+01 1.080750146479985352e+00
2.300000000000000000e+01 -4.800000000000000000e+01 1.065237584239376867e+00
2.300000000000000000e+01 -4.700000000000000000e+01 9.569290118893648556e-01
2.300000000000000000e+01 -4.600000000000000000e+01 8.756539873385096318e-01
2.300000000000000000e+01 -4.500000000000000000e+01 9.784936531614084609e-01
2.300000000000000000e+01 -4.400000000000000000e+01 1.181871974959114002e+00
2.300000000000000000e+01 -4.300000000000000000e+01 1.037830249610847577e+00
2.300000000000000000e+01 -4.200000000000000000e+01 7.989263361164643529e-01
2.300000000000000000e+01 -4.100000000000000000e+01 7.147981166541783615e-01
2.300000000000000000e+01 -4.000000000000000000e+01 9.576705949318764510e-01
2.300000000000000000e+01 -3.900000000000000000e+01 1.031149606575847200e+00
2.300000000000000000e+01 -3.800000000000000000e+01 9.285804788723486247e-01
2.300000000000000000e+01 -3.700000000000000000e+01 7.944597073672871046e-01
2.300000000000000000e+01 -3.600000000000000000e+01 7.660480047307558493e-01
2.300000000000000000e+01 -3.500000000000000000e+01 6.918746361080582163e-01
2.300000000000000000e+01 -3.400000000000000000e+01 8.315782718673913054e-01
2.300000000000000000e+01 -3.300000000000000000e+01 9.068237980290944078e-01
2.300000000000000000e+01 -3.200000000000000000e+01 1.018531515770609408e+00
2.300000000000000000e+01 -3.100000000000000000e+01 1.034147467013303512e+00
2.300000000000000000e+01 -3.000000000000000000e+01 nan
2.400000000000000000e+01 -7.600000000000000000e+01 nan
2.400000000000000000e+01 -7.500000000000000000e+01 nan
2.400000000000000000e+01 -7.400000000000000000e+01 nan
2.400000000000000000e+01 -7.300000000000000000e+01 nan
2.400000000000000000e+01 -7.200000000000000000e+01 nan
2.400000000000000000e+01 -7.100000000000000000e+01 nan
2.400000000000000000e+01 -7.000000000000000000e+01 nan
2.400000000000000000e+01 -6.900000000000000000e+01 nan
2.400000000000000000e+01 -6.800000000000000000e+01 nan
2.400000000000000000e+01 -6.700000000000000000e+01 nan
2.400000000000000000e+01 -6.600000000000000000e+01 nan
2.400000000000000000e+01 -6.500000000000000000e+01 nan
2.400000000000000000e+01 -6.400000000000000000e+01 nan
2.400000000000000000e+01 -6.300000000000000000e+01 nan
2.400000000000000000e+01 -6.200000000000000000e+01 nan
2.400000000000000000e+01 -6.100000000000000000e+01 nan
2.400000000000000000e+01 -6.000000000000000000e+01 nan
2.400000000000000000e+01 -5.900000000000000000e+01 nan
2.400000000000000000e+01 -5.800000000000000000e+01 nan
2.400000000000000000e+01 -5.700000000000000000e+01 nan
2.400000000000000000e+01 -5.600000000000000000e+01 nan
2.400000000000000000e+01 -5.500000000000000000e+01 nan
2.400000000000000000e+01 -5.400000000000000000e+01 nan
2.400000000000000000e+01 -5.300000000000000000e+01 nan
2.400000000000000000e+01 -5.200000000000000000e+01 8.166702400282127572e-01
2.400000000000000000e+01 -5.100000000000000000e+01 8.187626607473872387e-01
2.400000000000000000e+01 -5.000000000000000000e+01 1.071410378301580923e+00
2.400000000000000000e+01 -4.900000000000000000e+01 1.080750146479985352e+00
2.400000000000000000e+01 -4.800000000000000000e+01 1.065237584239376867e+00
2.400000000000000000e+01 -4.700000000000000000e+01 9.569290118893648556e-01
2.400000000000000000e+01 -4.600000000000000000e+01 8.756539873385096318e-01
2.400000000000000000e+01 -4.500000000000000000e+01 9.784936531614084609e-01
2.400000000000000000e+01 -4.400000000000000000e+01 1.181871974959114002e+00
2.400000000000000000e+01 -4.300000000000000000e+01 1.037830249610847577e+00
2.400000000000000000e+01 -4.200000000000000000e+01 7.989263361164643529e-01
2.400000000000000000e+01 -4.100000000000000000e+01 7.147981166541783615e-01
2.400000000000000000e+01 -4.000000000000000000e+01 9.576705949318764510e-01
2.400000000000000000e+01 -3.900000000000000000e+01 1.031149606575847200e+00
2.400000000000000000e+01 -3.800000000000000000e+01 9.285804788723486247e-01
2.400000000000000000e+01 -3.700000000000000000e+01 7.944597073672871046e-01
2.400000000000000000e+01 -3.600000000000000000e+01 7.660480047307558493e-01
2.400000000000000000e+01 -3.500000000000000000e+01 6.918746361080582163e-01
2.400000000000000000e+01 -3.400000000000000000e+01 8.315782718673913054e-01
2.400000000000000000e+01 -3.300000000000000000e+01 9.068237980290944078e-01
2.400000000000000000e+01 -3.200000000000000000e+01 1.018531515770609408e+00
2.400000000000000000e+01 -3.100000000000000000e+01 1.034147467013303512e+00
2.400000000000000000e+01 -3.000000000000000000e+01 nan
