Longitude[deg], Latitude[deg], Dust optical depth
-1.530000000000000000e+02 -2.300000000000000000e+01 6.836222898807576165e+00
-1.530000000000000000e+02 -2.200000000000000000e+01 6.321708281919748984e+00
-1.530000000000000000e+02 -2.100000000000000000e+01 6.274586828406356176e+00
-1.530000000000000000e+02 -2.000000000000000000e+01 6.259018553674727592e+00
-1.530000000000000000e+02 -1.900000000000000000e+01 6.159411459350677021e+00
-1.530000000000000000e+02 -1.800000000000000000e+01 5.820092980894679080e+00
-1.530000000000000000e+02 -1.700000000000000000e+01 5.824863090909584429e+00
-1.530000000000000000e+02 -1.600000000000000000e+01 5.912660834112871022e+00
-1.530000000000000000e+02 -1.500000000000000000e+01 5.788274860689833545e+00
-1.530000000000000000e+02 -1.400000000000000000e+01 5.716060354781854258e+00
-1.530000000000000000e+02 -1.300000000000000000e+01 5.696445093769661128e+00
-1.530000000000000000e+02 -1.200000000000000000e+01 5.766113545969759002e+00
-1.530000000000000000e+02 -1.100000000000000000e+01 5.859967280302842418e+00
-1.530000000000000000e+02 -1.000000000000000000e+01 5.941280407013296738e+00
-1.530000000000000000e+02 -9.000000000000000000e+00 5.941510780750222764e+00
-1.530000000000000000e+02 -8.000000000000000000e+00 5.970143915770210086e+00
-1.530000000000000000e+02 -7.000000000000000000e+00 nan
-1.520000000000000000e+02 -2.300000000000000000e+01 6.965321414766572516e+00
-1.520000000000000000e+02 -2.200000000000000000e+01 6.365676893012530257e+00
-1.520000000000000000e+02 -2.100000000000000000e+01 6.125049538517821190e+00
-1.520000000000000000e+02 -2.000000000000000000e+01 6.148105741817797565e+00
-1.520000000000000000e+02 -1.900000000000000000e+01 6.082599926408645885e+00
-1.520000000000000000e+02 -1.800000000000000000e+01 5.835286110057923636e+00
-1.520000000000000000e+02 -1.700000000000000000e+01 5.701367115641364336e+00
-1.520000000000000000e+02 -1.600000000000000000e+01 5.808572207143638977e+00
-1.520000000000000000e+02 -1.500000000000000000e+01 5.739230932112618255e+00
-1.520000000000000000e+02 -1.400000000000000000e+01 5.612099247638961508e+00
-1.520000000000000000e+02 -1.300000000000000000e+01 5.628414896699725389e+00
-1.520000000000000000e+02 -1.200000000000000000e+01 5.758574597901989556e+00
-1.520000000000000000e+02 -1.100000000000000000e+01 5.877107331605044394e+00
-1.520000000000000000e+02 -1.000000000000000000e+01 5.980525369572422534e+00
-1.520000000000000000e+02 -9.000000000000000000e+00 6.011765645662493718e+00
-1.520000000000000000e+02 -8.000000000000000000e+00 6.059551470017213504e+00
-1.520000000000000000e+02 -7.000000000000000000e+00 nan
-1.510000000000000000e+02 -2.300000000000000000e+01 6.913056825403068650e+00
-1.510000000000000000e+02 -2.200000000000000000e+01 6.368289779894703351e+00
-1.510000000000000000e+02 -2.100000000000000000e+01 6.089870227015497406e+00
-1.510000000000000000e+02 -2.000000000000000000e+01 6.097397635978664354e+00
-1.510000000000000000e+02 -1.900000000000000000e+01 6.077657197840159675e+00
-1.510000000000000000e+02 -1.800000000000000000e+01 5.847727739260645485e+00
-1.510000000000000000e+02 -1.700000000000000000e+01 5.668957929294159648e+00
-1.510000000000000000e+02 -1.600000000000000000e+01 5.786538580368186580e+00
-1.510000000000000000e+02 -1.500000000000000000e+01 5.714605015164786472e+00
-1.510000000000000000e+02 -1.400000000000000000e+01 5.529740625327301373e+00
-1.510000000000000000e+02 -1.300000000000000000e+01 5.574817901939771225e+00
-1.510000000000000000e+02 -1.200000000000000000e+01 5.741495329745341714e+00
-1.510000000000000000e+02 -1.100000000000000000e+01 5.871773911379733590e+00
-1.510000000000000000e+02 -1.000000000000000000e+01 6.017022017859799732e+00
-1.510000000000000000e+02 -9.000000000000000000e+00 6.030990970423503406e+00
-1.510000000000000000e+02 -8.000000000000000000e+00 6.104927286829289201e+00
-1.510000000000000000e+02 -7.000000000000000000e+00 nan
-1.500000000000000000e+02 -2.300000000000000000e+01 6.715623824280745779e+00
-1.500000000000000000e+02 -2.200000000000000000e+01 6.366219631763716968e+00
-1.500000000000000000e+02 -2.100000000000000000e+01 6.080819355667258286e+00
-1.500000000000000000e+02 -2.000000000000000000e+01 6.053050493264117371e+00
-1.500000000000000000e+02 -1.900000000000000000e+01 6.090215866039615733e+00
-1.500000000000000000e+02 -1.800000000000000000e+01 5.874621848875824170e+00
-1.500000000000000000e+02 -1.700000000000000000e+01 5.651926625731828580e+00
-1.500000000000000000e+02 -1.600000000000000000e+01 5.699355906809340233e+00
-1.500000000000000000e+02 -1.500000000000000000e+01 5.677869380444766634e+00
-1.500000000000000000e+02 -1.400000000000000000e+01 5.472933351230475196e+00
-1.500000000000000000e+02 -1.300000000000000000e+01 5.495290096229296317e+00
-1.500000000000000000e+02 -1.200000000000000000e+01 5.580107157954572017e+00
-1.500000000000000000e+02 -1.100000000000000000e+01 5.740078765576571485e+00
-1.500000000000000000e+02 -1.000000000000000000e+01 5.891172705926750020e+00
-1.500000000000000000e+02 -9.000000000000000000e+00 6.026358356728695576e+00
-1.500000000000000000e+02 -8.000000000000000000e+00 nan
-1.500000000000000000e+02 -7.000000000000000000e+00 nan
