Longitude[deg], Latitude[deg], Dust optical depth
1.780000000000000000e+02 -1.400000000000000000e+01 1.680211769040542480e+00
1.780000000000000000e+02 -1.300000000000000000e+01 1.688659121478801151e+00
1.780000000000000000e+02 -1.200000000000000000e+01 1.586286890957542717e+00
1.780000000000000000e+02 -1.100000000000000000e+01 1.434474468511027556e+00
1.780000000000000000e+02 -1.000000000000000000e+01 1.464131322530592749e+00
1.780000000000000000e+02 -9.000000000000000000e+00 1.699719503909758567e+00
1.780000000000000000e+02 -8.000000000000000000e+00 1.660494292941542271e+00
1.780000000000000000e+02 -7.000000000000000000e+00 1.493066460767789261e+00
1.780000000000000000e+02 -6.000000000000000000e+00 1.554458804147017981e+00
1.780000000000000000e+02 -5.000000000000000000e+00 1.584544302868013732e+00
1.780000000000000000e+02 -4.000000000000000000e+00 1.458442218571040616e+00
1.780000000000000000e+02 -3.000000000000000000e+00 1.407938979506852650e+00
1.780000000000000000e+02 -2.000000000000000000e+00 1.435002679072481691e+00
1.780000000000000000e+02 -1.000000000000000000e+00 1.395223502742146016e+00
1.780000000000000000e+02 0.000000000000000000e+00 1.372659655254923061e+00
1.780000000000000000e+02 1.000000000000000000e+00 1.378503695013604258e+00
1.790000000000000000e+02 -1.400000000000000000e+01 1.686507470149182897e+00
1.790000000000000000e+02 -1.300000000000000000e+01 1.702442710513412116e+00
1.790000000000000000e+02 -1.200000000000000000e+01 1.600201302698194050e+00
1.790000000000000000e+02 -1.100000000000000000e+01 1.437214081523096487e+00
1.790000000000000000e+02 -1.000000000000000000e+01 1.493056144888280201e+00
1.790000000000000000e+02 -9.000000000000000000e+00 1.722237004632768853e+00
1.790000000000000000e+02 -8.000000000000000000e+00 1.698209905746363546e+00
1.790000000000000000e+02 -7.000000000000000000e+00 1.561885868933249544e+00
1.790000000000000000e+02 -6.000000000000000000e+00 1.585142417834475737e+00
1.790000000000000000e+02 -5.000000000000000000e+00 1.620695413646793037e+00
1.790000000000000000e+02 -4.000000000000000000e+00 1.502718424434452693e+00
1.790000000000000000e+02 -3.000000000000000000e+00 1.442344360851901541e+00
1.790000000000000000e+02 -2.000000000000000000e+00 1.458116295701546106e+00
1.790000000000000000e+02 -1.000000000000000000e+00 1.413793101233050908e+00
1.790000000000000000e+02 0.000000000000000000e+00 1.389847071150468905e+00
1.790000000000000000e+02 1.000000000000000000e+00 1.375934723595284792e+00
-1.800000000000000000e+02 -1.400000000000000000e+01 1.688802635910736205e+00
-1.800000000000000000e+02 -1.300000000000000000e+01 1.709440971659250241e+00
-1.800000000000000000e+02 -1.200000000000000000e+01 1.605638162734822183e+00
-1.800000000000000000e+02 -1.100000000000000000e+01 1.438486563032528531e+00
-1.800000000000000000e+02 -1.000000000000000000e+01 1.500971016791068591e+00
-1.800000000000000000e+02 -9.000000000000000000e+00 1.740403937003047963e+00
-1.800000000000000000e+02 -8.000000000000000000e+00 1.712473675207740298e+00
-1.800000000000000000e+02 -7.000000000000000000e+00 1.599499794586696444e+00
-1.800000000000000000e+02 -6.000000000000000000e+00 1.611342819828965656e+00
-1.800000000000000000e+02 -5.000000000000000000e+00 1.643411432686628704e+00
-1.800000000000000000e+02 -4.000000000000000000e+00 1.539574373706166011e+00
-1.800000000000000000e+02 -3.000000000000000000e+00 1.465322369402493718e+00
-1.800000000000000000e+02 -2.000000000000000000e+00 1.483775123380818073e+00
-1.800000000000000000e+02 -1.000000000000000000e+00 1.435657404676691451e+00
-1.800000000000000000e+02 0.000000000000000000e+00 1.410231835821735169e+00
-1.800000000000000000e+02 1.000000000000000000e+00 1.371504344087420169e+00
-1.790000000000000000e+02 -1.400000000000000000e+01 1.699074726817677572e+00
-1.790000000000000000e+02 -1.300000000000000000e+01 1.725511324384041201e+00
-1.790000000000000000e+02 -1.200000000000000000e+01 1.814588136886008396e+00
-1.790000000000000000e+02 -1.100000000000000000e+01 1.516894088809700003e+00
-1.790000000000000000e+02 -1.000000000000000000e+01 nan
-1.790000000000000000e+02 -9.000000000000000000e+00 nan
-1.790000000000000000e+02 -8.000000000000000000e+00 nan
-1.790000000000000000e+02 -7.000000000000000000e+00 nan
-1.790000000000000000e+02 -6.000000000000000000e+00 nan
-1.790000000000000000e+02 -5.000000000000000000e+00 nan
-1.790000000000000000e+02 -4.000000000000000000e+00 nan
-1.790000000000000000e+02 -3.000000000000000000e+00 nan
-1.790000000000000000e+02 -2.000000000000000000e+00 nan
-1.790000000000000000e+02 -1.000000000000000000e+00 nan
-1.790000000000000000e+02 0.000000000000000000e+00 nan
-1.790000000000000000e+02 1.000000000000000000e+00 nan
