Longitude[deg], Latitude[deg], Dust optical depth
-4.800000000000000000e+01 7.000000000000000000e+00 nan
-4.800000000000000000e+01 8.000000000000000000e+00 nan
-4.800000000000000000e+01 9.000000000000000000e+00 nan
-4.800000000000000000e+01 1.000000000000000000e+01 nan
-4.800000000000000000e+01 1.100000000000000000e+01 nan
-4.800000000000000000e+01 1.200000000000000000e+01 nan
-4.800000000000000000e+01 1.300000000000000000e+01 nan
-4.800000000000000000e+01 1.400000000000000000e+01 nan
-4.800000000000000000e+01 1.500000000000000000e+01 nan
-4.800000000000000000e+01 1.600000000000000000e+01 nan
-4.800000000000000000e+01 1.700000000000000000e+01 nan
-4.800000000000000000e+01 1.800000000000000000e+01 nan
-4.800000000000000000e+01 1.900000000000000000e+01 nan
-4.800000000000000000e+01 2.000000000000000000e+01 nan
-4.800000000000000000e+01 2.100000000000000000e+01 nan
-4.800000000000000000e+01 2.200000000000000000e+01 nan
-4.800000000000000000e+01 2.300000000000000000e+01 nan
-4.800000000000000000e+01 2.400000000000000000e+01 nan
-4.800000000000000000e+01 2.500000000000000000e+01 nan
-4.800000000000000000e+01 2.600000000000000000e+01 2.490008347075487183e-01
-4.800000000000000000e+01 2.700000000000000000e+01 2.639791783965954597e-01
-4.800000000000000000e+01 2.800000000000000000e+01 nan
-4.700000000000000000e+01 7.000000000000000000e+00 nan
-4.700000000000000000e+01 8.000000000000000000e+00 nan
-4.700000000000000000e+01 9.000000000000000000e+00 nan
-4.700000000000000000e+01 1.000000000000000000e+01 nan
-4.700000000000000000e+01 1.100000000000000000e+01 nan
-4.700000000000000000e+01 1.200000000000000000e+01 nan
-4.700000000000000000e+01 1.300000000000000000e+01 nan
-4.700000000000000000e+01 1.400000000000000000e+01 nan
-4.700000000000000000e+01 1.500000000000000000e+01 nan
-4.700000000000000000e+01 1.600000000000000000e+01 nan
-4.700000000000000000e+01 1.700000000000000000e+01 6.652686108264624920e-01
-4.700000000000000000e+01 1.800000000000000000e+01 6.401633020769049720e-01
-4.700000000000000000e+01 1.900000000000000000e+01 6.948749982771987854e-01
-4.700000000000000000e+01 2.000000000000000000e+01 6.931557301432809126e-01
-4.700000000000000000e+01 2.100000000000000000e+01 6.243307984699195679e-01
-4.700000000000000000e+01 2.200000000000000000e+01 5.873371982853621276e-01
-4.700000000000000000e+01 2.300000000000000000e+01 5.426343706450009741e-01
-4.700000000000000000e+01 2.400000000000000000e+01 4.792160429749753869e-01
-4.700000000000000000e+01 2.500000000000000000e+01 3.473669591495701647e-01
-4.700000000000000000e+01 2.600000000000000000e+01 2.478382122210060212e-01
-4.700000000000000000e+01 2.700000000000000000e+01 2.407026938258553794e-01
-4.700000000000000000e+01 2.800000000000000000e+01 nan
-4.600000000000000000e+01 7.000000000000000000e+00 1.247150286186150536e+00
-4.600000000000000000e+01 8.000000000000000000e+00 1.348767853644697201e+00
-4.600000000000000000e+01 9.000000000000000000e+00 1.348241631458564793e+00
-4.600000000000000000e+01 1.000000000000000000e+01 1.224886073218538485e+00
-4.600000000000000000e+01 1.100000000000000000e+01 1.032157051710865359e+00
-4.600000000000000000e+01 1.200000000000000000e+01 8.144875626947115643e-01
-4.600000000000000000e+01 1.300000000000000000e+01 7.275447126225574879e-01
-4.600000000000000000e+01 1.400000000000000000e+01 6.943929103126194047e-01
-4.600000000000000000e+01 1.500000000000000000e+01 6.382486409019394458e-01
-4.600000000000000000e+01 1.600000000000000000e+01 6.662772498971895052e-01
-4.600000000000000000e+01 1.700000000000000000e+01 6.786117139550574828e-01
-4.600000000000000000e+01 1.800000000000000000e+01 6.746752270440071753e-01
-4.600000000000000000e+01 1.900000000000000000e+01 7.099011282193294914e-01
-4.600000000000000000e+01 2.000000000000000000e+01 6.885545650370585857e-01
-4.600000000000000000e+01 2.100000000000000000e+01 6.111812538774213932e-01
-4.600000000000000000e+01 2.200000000000000000e+01 5.901155988028294885e-01
-4.600000000000000000e+01 2.300000000000000000e+01 5.340441046033893580e-01
-4.600000000000000000e+01 2.400000000000000000e+01 4.639863260161418146e-01
-4.600000000000000000e+01 2.500000000000000000e+01 3.198856537214715412e-01
-4.600000000000000000e+01 2.600000000000000000e+01 2.223225153658242026e-01
-4.600000000000000000e+01 2.700000000000000000e+01 2.163905596486900840e-01
-4.600000000000000000e+01 2.800000000000000000e+01 3.672397246670017212e-01
-4.500000000000000000e+01 7.000000000000000000e+00 1.318122107315540914e+00
-4.500000000000000000e+01 8.000000000000000000e+00 1.351502939902296418e+00
-4.500000000000000000e+01 9.000000000000000000e+00 1.353150262329937625e+00
-4.500000000000000000e+01 1.000000000000000000e+01 1.226515846130419529e+00
-4.500000000000000000e+01 1.100000000000000000e+01 1.001620652667960742e+00
-4.500000000000000000e+01 1.200000000000000000e+01 7.799686223738846458e-01
-4.500000000000000000e+01 1.300000000000000000e+01 7.215848211825298675e-01
-4.500000000000000000e+01 1.400000000000000000e+01 6.921326601112708365e-01
-4.500000000000000000e+01 1.500000000000000000e+01 6.447750692925988680e-01
-4.500000000000000000e+01 1.600000000000000000e+01 6.615307331827405823e-01
-4.500000000000000000e+01 1.700000000000000000e+01 7.004104080454045533e-01
-4.500000000000000000e+01 1.800000000000000000e+01 7.044123861205296988e-01
-4.500000000000000000e+01 1.900000000000000000e+01 7.079447027796682557e-01
-4.500000000000000000e+01 2.000000000000000000e+01 6.863904240733607054e-01
-4.500000000000000000e+01 2.100000000000000000e+01 6.193372054080761302e-01
-4.500000000000000000e+01 2.200000000000000000e+01 5.683553768884833657e-01
-4.500000000000000000e+01 2.300000000000000000e+01 5.092596636818677025e-01
-4.500000000000000000e+01 2.400000000000000000e+01 4.284154411575071819e-01
-4.500000000000000000e+01 2.500000000000000000e+01 2.611604688704037280e-01
-4.500000000000000000e+01 2.600000000000000000e+01 1.785134253905083512e-01
-4.500000000000000000e+01 2.700000000000000000e+01 1.889930278554138310e-01
-4.500000000000000000e+01 2.800000000000000000e+01 3.035990998479024539e-01
-4.400000000000000000e+01 7.000000000000000000e+00 1.326635097672655084e+00
-4.400000000000000000e+01 8.000000000000000000e+00 1.343857780364856813e+00
-4.400000000000000000e+01 9.000000000000000000e+00 1.333877001553933628e+00
-4.400000000000000000e+01 1.000000000000000000e+01 1.222517827894152642e+00
-4.400000000000000000e+01 1.100000000000000000e+01 9.600361011441297387e-01
-4.400000000000000000e+01 1.200000000000000000e+01 7.705151388370102827e-01
-4.400000000000000000e+01 1.300000000000000000e+01 7.172552414593832415e-01
-4.400000000000000000e+01 1.400000000000000000e+01 6.970431375444967603e-01
-4.400000000000000000e+01 1.500000000000000000e+01 6.538498692085363828e-01
-4.400000000000000000e+01 1.600000000000000000e+01 6.613304896260513432e-01
-4.400000000000000000e+01 1.700000000000000000e+01 7.202913786907120253e-01
-4.400000000000000000e+01 1.800000000000000000e+01 7.197272011142099579e-01
-4.400000000000000000e+01 1.900000000000000000e+01 7.056551568689698462e-01
-4.400000000000000000e+01 2.000000000000000000e+01 6.867009980492334575e-01
-4.400000000000000000e+01 2.100000000000000000e+01 6.220769816742354186e-01
-4.400000000000000000e+01 2.200000000000000000e+01 5.359856224342983699e-01
-4.400000000000000000e+01 2.300000000000000000e+01 4.747085883534816197e-01
-4.400000000000000000e+01 2.400000000000000000e+01 4.011567229420032743e-01
-4.400000000000000000e+01 2.500000000000000000e+01 2.551284821226152966e-01
-4.400000000000000000e+01 2.600000000000000000e+01 1.783802384601799462e-01
-4.400000000000000000e+01 2.700000000000000000e+01 1.828236076630228579e-01
-4.400000000000000000e+01 2.800000000000000000e+01 2.687523336802382645e-01
-4.300000000000000000e+01 7.000000000000000000e+00 nan
-4.300000000000000000e+01 8.000000000000000000e+00 1.316804917936706731e+00
-4.300000000000000000e+01 9.000000000000000000e+00 1.314942262773659776e+00
-4.300000000000000000e+01 1.000000000000000000e+01 1.175434182934785854e+00
-4.300000000000000000e+01 1.100000000000000000e+01 9.546528659614665902e-01
-4.300000000000000000e+01 1.200000000000000000e+01 7.765588255379504146e-01
-4.300000000000000000e+01 1.300000000000000000e+01 7.314262634325081613e-01
-4.300000000000000000e+01 1.400000000000000000e+01 7.164976601704657888e-01
-4.300000000000000000e+01 1.500000000000000000e+01 6.597597307596827498e-01
-4.300000000000000000e+01 1.600000000000000000e+01 6.601686988179554794e-01
-4.300000000000000000e+01 1.700000000000000000e+01 7.156825580790041608e-01
-4.300000000000000000e+01 1.800000000000000000e+01 7.254577370273495029e-01
-4.300000000000000000e+01 1.900000000000000000e+01 6.963516831007652286e-01
-4.300000000000000000e+01 2.000000000000000000e+01 6.384918841607685192e-01
-4.300000000000000000e+01 2.100000000000000000e+01 6.041042195478104615e-01
-4.300000000000000000e+01 2.200000000000000000e+01 5.236211760439880569e-01
-4.300000000000000000e+01 2.300000000000000000e+01 4.300640152189779131e-01
-4.300000000000000000e+01 2.400000000000000000e+01 3.238659599940672540e-01
-4.300000000000000000e+01 2.500000000000000000e+01 2.451547687098364348e-01
-4.300000000000000000e+01 2.600000000000000000e+01 1.795390129989338224e-01
-4.300000000000000000e+01 2.700000000000000000e+01 nan
-4.300000000000000000e+01 2.800000000000000000e+01 nan
