Longitude[deg], Latitude[deg], Dust optical depth
-4.900000000000000000e+01 -7.600000000000000000e+01 nan
-4.900000000000000000e+01 -7.500000000000000000e+01 nan
-4.900000000000000000e+01 -7.400000000000000000e+01 nan
-4.900000000000000000e+01 -7.300000000000000000e+01 nan
-4.900000000000000000e+01 -7.200000000000000000e+01 nan
-4.900000000000000000e+01 -7.100000000000000000e+01 nan
-4.900000000000000000e+01 -7.000000000000000000e+01 nan
-4.900000000000000000e+01 -6.900000000000000000e+01 nan
-4.900000000000000000e+01 -6.800000000000000000e+01 nan
-4.900000000000000000e+01 -6.700000000000000000e+01 nan
-4.900000000000000000e+01 -6.600000000000000000e+01 nan
-4.900000000000000000e+01 -6.500000000000000000e+01 nan
-4.900000000000000000e+01 -6.400000000000000000e+01 nan
-4.900000000000000000e+01 -6.300000000000000000e+01 nan
-4.900000000000000000e+01 -6.200000000000000000e+01 nan
-4.900000000000000000e+01 -6.100000000000000000e+01 nan
-4.900000000000000000e+01 -6.000000000000000000e+01 nan
-4.900000000000000000e+01 -5.900000000000000000e+01 nan
-4.900000000000000000e+01 -5.800000000000000000e+01 nan
-4.900000000000000000e+01 -5.700000000000000000e+01 nan
-4.900000000000000000e+01 -5.600000000000000000e+01 nan
-4.900000000000000000e+01 -5.500000000000000000e+01 nan
-4.900000000000000000e+01 -5.400000000000000000e+01 nan
-4.900000000000000000e+01 -5.300000000000000000e+01 nan
-4.900000000000000000e+01 -5.200000000000000000e+01 nan
-4.900000000000000000e+01 -5.100000000000000000e+01 nan
-4.900000000000000000e+01 -5.000000000000000000e+01 nan
-4.900000000000000000e+01 -4.900000000000000000e+01 nan
-4.900000000000000000e+01 -4.800000000000000000e+01 nan
-4.900000000000000000e+01 -4.700000000000000000e+01 nan
-4.900000000000000000e+01 -4.600000000000000000e+01 nan
-4.900000000000000000e+01 -4.500000000000000000e+01 nan
-4.900000000000000000e+01 -4.400000000000000000e+01 nan
-4.900000000000000000e+01 -4.300000000000000000e+01 nan
-4.900000000000000000e+01 -4.200000000000000000e+01 nan
-4.900000000000000000e+01 -4.100000000000000000e+01 nan
-4.900000000000000000e+01 -4.000000000000000000e+01 nan
-4.900000000000000000e+01 -3.900000000000000000e+01 nan
-4.900000000000000000e+01 -3.800000000000000000e+01 nan
-4.900000000000000000e+01 -3.700000000000000000e+01 nan
-4.900000000000000000e+01 -3.600000000000000000e+01 nan
-4.900000000000000000e+01 -3.500000000000000000e+01 nan
-4.900000000000000000e+01 -3.400000000000000000e+01 nan
-4.900000000000000000e+01 -3.300000000000000000e+01 nan
-4.900000000000000000e+01 -3.200000000000000000e+01 nan
-4.900000000000000000e+01 -3.100000000000000000e+01 nan
-4.900000000000000000e+01 -3.000000000000000000e+01 nan
-4.900000000000000000e+01 -2.900000000000000000e+01 nan
-4.800000000000000000e+01 -7.600000000000000000e+01 nan
-4.800000000000000000e+01 -7.500000000000000000e+01 nan
-4.800000000000000000e+01 -7.400000000000000000e+01 nan
-4.800000000000000000e+01 -7.300000000000000000e+01 nan
-4.800000000000000000e+01 -7.200000000000000000e+01 nan
-4.800000000000000000e+01 -7.100000000000000000e+01 nan
-4.800000000000000000e+01 -7.000000000000000000e+01 nan
-4.800000000000000000e+01 -6.900000000000000000e+01 nan
-4.800000000000000000e+01 -6.800000000000000000e+01 nan
-4.800000000000000000e+01 -6.700000000000000000e+01 nan
-4.800000000000000000e+01 -6.600000000000000000e+01 nan
-4.800000000000000000e+01 -6.500000000000000000e+01 nan
-4.800000000000000000e+01 -6.400000000000000000e+01 nan
-4.800000000000000000e+01 -6.300000000000000000e+01 nan
-4.800000000000000000e+01 -6.200000000000000000e+01 nan
-4.800000000000000000e+01 -6.100000000000000000e+01 nan
-4.800000000000000000e+01 -6.000000000000000000e+01 nan
-4.800000000000000000e+01 -5.900000000000000000e+01 nan
-4.800000000000000000e+01 -5.800000000000000000e+01 nan
-4.800000000000000000e+01 -5.700000000000000000e+01 nan
-4.800000000000000000e+01 -5.600000000000000000e+01 nan
-4.800000000000000000e+01 -5.500000000000000000e+01 nan
-4.800000000000000000e+01 -5.400000000000000000e+01 nan
-4.800000000000000000e+01 -5.300000000000000000e+01 nan
-4.800000000000000000e+01 -5.200000000000000000e+01 nan
-4.800000000000000000e+01 -5.100000000000000000e+01 nan
-4.800000000000000000e+01 -5.000000000000000000e+01 nan
-4.800000000000000000e+01 -4.900000000000000000e+01 nan
-4.800000000000000000e+01 -4.800000000000000000e+01 nan
-4.800000000000000000e+01 -4.700000000000000000e+01 nan
-4.800000000000000000e+01 -4.600000000000000000e+01 nan
-4.800000000000000000e+01 -4.500000000000000000e+01 nan
-4.800000000000000000e+01 -4.400000000000000000e+01 nan
-4.800000000000000000e+01 -4.300000000000000000e+01 nan
-4.800000000000000000e+01 -4.200000000000000000e+01 nan
-4.800000000000000000e+01 -4.100000000000000000e+01 nan
-4.800000000000000000e+01 -4.000000000000000000e+01 nan
-4.800000000000000000e+01 -3.900000000000000000e+01 nan
-4.800000000000000000e+01 -3.800000000000000000e+01 nan
-4.800000000000000000e+01 -3.700000000000000000e+01 nan
-4.800000000000000000e+01 -3.600000000000000000e+01 nan
-4.800000000000000000e+01 -3.500000000000000000e+01 nan
-4.800000000000000000e+01 -3.400000000000000000e+01 nan
-4.800000000000000000e+01 -3.300000000000000000e+01 nan
-4.800000000000000000e+01 -3.200000000000000000e+01 nan
-4.800000000000000000e+01 -3.100000000000000000e+01 nan
-4.800000000000000000e+01 -3.000000000000000000e+01 nan
-4.800000000000000000e+01 -2.900000000000000000e+01 nan
-4.700000000000000000e+01 -7.600000000000000000e+01 nan
-4.700000000000000000e+01 -7.500000000000000000e+01 nan
-4.700000000000000000e+01 -7.400000000000000000e+01 nan
-4.700000000000000000e+01 -7.300000000000000000e+01 nan
-4.700000000000000000e+01 -7.200000000000000000e+01 nan
-4.700000000000000000e+01 -7.100000000000000000e+01 nan
-4.700000000000000000e+01 -7.000000000000000000e+01 nan
-4.700000000000000000e+01 -6.900000000000000000e+01 nan
-4.700000000000000000e+01 -6.800000000000000000e+01 nan
-4.700000000000000000e+01 -6.700000000000000000e+01 nan
-4.700000000000000000e+01 -6.600000000000000000e+01 nan
-4.700000000000000000e+01 -6.500000000000000000e+01 nan
-4.700000000000000000e+01 -6.400000000000000000e+01 nan
-4.700000000000000000e+01 -6.300000000000000000e+01 nan
-4.700000000000000000e+01 -6.200000000000000000e+01 nan
-4.700000000000000000e+01 -6.100000000000000000e+01 nan
-4.700000000000000000e+01 -6.000000000000000000e+01 nan
-4.700000000000000000e+01 -5.900000000000000000e+01 nan
-4.700000000000000000e+01 -5.800000000000000000e+01 nan
-4.700000000000000000e+01 -5.700000000000000000e+01 nan
-4.700000000000000000e+01 -5.600000000000000000e+01 nan
-4.700000000000000000e+01 -5.500000000000000000e+01 nan
-4.700000000000000000e+01 -5.400000000000000000e+01 nan
-4.700000000000000000e+01 -5.300000000000000000e+01 nan
-4.700000000000000000e+01 -5.200000000000000000e+01 nan
-4.700000000000000000e+01 -5.100000000000000000e+01 nan
-4.700000000000000000e+01 -5.000000000000000000e+01 nan
-4.700000000000000000e+01 -4.900000000000000000e+01 nan
-4.700000000000000000e+01 -4.800000000000000000e+01 nan
-4.700000000000000000e+01 -4.700000000000000000e+01 nan
-4.700000000000000000e+01 -4.600000000000000000e+01 nan
-4.700000000000000000e+01 -4.500000000000000000e+01 nan
-4.700000000000000000e+01 -4.400000000000000000e+01 nan
-4.700000000000000000e+01 -4.300000000000000000e+01 nan
-4.700000000000000000e+01 -4.200000000000000000e+01 nan
-4.700000000000000000e+01 -4.100000000000000000e+01 nan
-4.700000000000000000e+01 -4.000000000000000000e+01 nan
-4.700000000000000000e+01 -3.900000000000000000e+01 nan
-4.700000000000000000e+01 -3.800000000000000000e+01 nan
-4.700000000000000000e+01 -3.700000000000000000e+01 nan
-4.700000000000000000e+01 -3.600000000000000000e+01 nan
-4.700000000000000000e+01 -3.500000000000000000e+01 nan
-4.700000000000000000e+01 -3.400000000000000000e+01 nan
-4.700000000000000000e+01 -3.300000000000000000e+01 nan
-4.700000000000000000e+01 -3.200000000000000000e+01 nan
-4.700000000000000000e+01 -3.100000000000000000e+01 nan
-4.700000000000000000e+01 -3.000000000000000000e+01 nan
-4.700000000000000000e+01 -2.900000000000000000e+01 nan
-4.600000000000000000e+01 -7.600000000000000000e+01 nan
-4.600000000000000000e+01 -7.500000000000000000e+01 nan
-4.600000000000000000e+01 -7.400000000000000000e+01 nan
-4.600000000000000000e+01 -7.300000000000000000e+01 nan
-4.600000000000000000e+01 -7.200000000000000000e+01 nan
-4.600000000000000000e+01 -7.100000000000000000e+01 nan
-4.600000000000000000e+01 -7.000000000000000000e+01 nan
-4.600000000000000000e+01 -6.900000000000000000e+01 nan
-4.600000000000000000e+01 -6.800000000000000000e+01 nan
-4.600000000000000000e+01 -6.700000000000000000e+01 nan
-4.600000000000000000e+01 -6.600000000000000000e+01 nan
-4.600000000000000000e+01 -6.500000000000000000e+01 nan
-4.600000000000000000e+01 -6.400000000000000000e+01 nan
-4.600000000000000000e+01 -6.300000000000000000e+01 nan
-4.600000000000000000e+01 -6.200000000000000000e+01 nan
-4.600000000000000000e+01 -6.100000000000000000e+01 nan
-4.600000000000000000e+01 -6.000000000000000000e+01 nan
-4.600000000000000000e+01 -5.900000000000000000e+01 nan
-4.600000000000000000e+01 -5.800000000000000000e+01 nan
-4.600000000000000000e+01 -5.700000000000000000e+01 nan
-4.600000000000000000e+01 -5.600000000000000000e+01 nan
-4.600000000000000000e+01 -5.500000000000000000e+01 nan
-4.600000000000000000e+01 -5.400000000000000000e+01 nan
-4.600000000000000000e+01 -5.300000000000000000e+01 nan
-4.600000000000000000e+01 -5.200000000000000000e+01 nan
-4.600000000000000000e+01 -5.100000000000000000e+01 nan
-4.600000000000000000e+01 -5.000000000000000000e+01 nan
-4.600000000000000000e+01 -4.900000000000000000e+01 nan
-4.600000000000000000e+01 -4.800000000000000000e+01 nan
-4.600000000000000000e+01 -4.700000000000000000e+01 nan
-4.600000000000000000e+01 -4.600000000000000000e+01 nan
-4.600000000000000000e+01 -4.500000000000000000e+01 nan
-4.600000000000000000e+01 -4.400000000000000000e+01 nan
-4.600000000000000000e+01 -4.300000000000000000e+01 nan
-4.600000000000000000e+01 -4.200000000000000000e+01 nan
-4.600000000000000000e+01 -4.100000000000000000e+01 nan
-4.600000000000000000e+01 -4.000000000000000000e+01 nan
-4.600000000000000000e+01 -3.900000000000000000e+01 nan
-4.600000000000000000e+01 -3.800000000000000000e+01 nan
-4.600000000000000000e+01 -3.700000000000000000e+01 nan
-4.600000000000000000e+01 -3.600000000000000000e+01 nan
-4.600000000000000000e+01 -3.500000000000000000e+01 nan
-4.600000000000000000e+01 -3.400000000000000000e+01 nan
-4.600000000000000000e+01 -3.300000000000000000e+01 nan
-4.600000000000000000e+01 -3.200000000000000000e+01 nan
-4.600000000000000000e+01 -3.100000000000000000e+01 nan
-4.600000000000000000e+01 -3.000000000000000000e+01 nan
-4.600000000000000000e+01 -2.900000000000000000e+01 nan
-4.500000000000000000e+01 -7.600000000000000000e+01 nan
-4.500000000000000000e+01 -7.500000000000000000e+01 nan
-4.500000000000000000e+01 -7.400000000000000000e+01 nan
-4.500000000000000000e+01 -7.300000000000000000e+01 nan
-4.500000000000000000e+01 -7.200000000000000000e+01 nan
-4.500000000000000000e+01 -7.100000000000000000e+01 nan
-4.500000000000000000e+01 -7.000000000000000000e+01 nan
-4.500000000000000000e+01 -6.900000000000000000e+01 nan
-4.500000000000000000e+01 -6.800000000000000000e+01 nan
-4.500000000000000000e+01 -6.700000000000000000e+01 nan
-4.500000000000000000e+01 -6.600000000000000000e+01 nan
-4.500000000000000000e+01 -6.500000000000000000e+01 nan
-4.500000000000000000e+01 -6.400000000000000000e+01 nan
-4.500000000000000000e+01 -6.300000000000000000e+01 nan
-4.500000000000000000e+01 -6.200000000000000000e+01 nan
-4.500000000000000000e+01 -6.100000000000000000e+01 nan
-4.500000000000000000e+01 -6.000000000000000000e+01 nan
-4.500000000000000000e+01 -5.900000000000000000e+01 nan
-4.500000000000000000e+01 -5.800000000000000000e+01 nan
-4.500000000000000000e+01 -5.700000000000000000e+01 nan
-4.500000000000000000e+01 -5.600000000000000000e+01 nan
-4.500000000000000000e+01 -5.500000000000000000e+01 nan
-4.500000000000000000e+01 -5.400000000000000000e+01 nan
-4.500000000000000000e+01 -5.300000000000000000e+01 nan
-4.500000000000000000e+01 -5.200000000000000000e+01 nan
-4.500000000000000000e+01 -5.100000000000000000e+01 nan
-4.500000000000000000e+01 -5.000000000000000000e+01 nan
-4.500000000000000000e+01 -4.900000000000000000e+01 nan
-4.500000000000000000e+01 -4.800000000000000000e+01 nan
-4.500000000000000000e+01 -4.700000000000000000e+01 nan
-4.500000000000000000e+01 -4.600000000000000000e+01 nan
-4.500000000000000000e+01 -4.500000000000000000e+01 nan
-4.500000000000000000e+01 -4.400000000000000000e+01 nan
-4.500000000000000000e+01 -4.300000000000000000e+01 nan
-4.500000000000000000e+01 -4.200000000000000000e+01 nan
-4.500000000000000000e+01 -4.100000000000000000e+01 nan
-4.500000000000000000e+01 -4.000000000000000000e+01 nan
-4.500000000000000000e+01 -3.900000000000000000e+01 nan
-4.500000000000000000e+01 -3.800000000000000000e+01 nan
-4.500000000000000000e+01 -3.700000000000000000e+01 nan
-4.500000000000000000e+01 -3.600000000000000000e+01 nan
-4.500000000000000000e+01 -3.500000000000000000e+01 nan
-4.500000000000000000e+01 -3.400000000000000000e+01 nan
-4.500000000000000000e+01 -3.300000000000000000e+01 nan
-4.500000000000000000e+01 -3.200000000000000000e+01 nan
-4.500000000000000000e+01 -3.100000000000000000e+01 nan
-4.500000000000000000e+01 -3.000000000000000000e+01 nan
-4.500000000000000000e+01 -2.900000000000000000e+01 nan
-4.400000000000000000e+01 -7.600000000000000000e+01 nan
-4.400000000000000000e+01 -7.500000000000000000e+01 nan
-4.400000000000000000e+01 -7.400000000000000000e+01 nan
-4.400000000000000000e+01 -7.300000000000000000e+01 nan
-4.400000000000000000e+01 -7.200000000000000000e+01 nan
-4.400000000000000000e+01 -7.100000000000000000e+01 nan
-4.400000000000000000e+01 -7.000000000000000000e+01 nan
-4.400000000000000000e+01 -6.900000000000000000e+01 nan
-4.400000000000000000e+01 -6.800000000000000000e+01 nan
-4.400000000000000000e+01 -6.700000000000000000e+01 nan
-4.400000000000000000e+01 -6.600000000000000000e+01 nan
-4.400000000000000000e+01 -6.500000000000000000e+01 nan
-4.400000000000000000e+01 -6.400000000000000000e+01 nan
-4.400000000000000000e+01 -6.300000000000000000e+01 nan
-4.400000000000000000e+01 -6.200000000000000000e+01 nan
-4.400000000000000000e+01 -6.100000000000000000e+01 nan
-4.400000000000000000e+01 -6.000000000000000000e+01 nan
-4.400000000000000000e+01 -5.900000000000000000e+01 nan
-4.400000000000000000e+01 -5.800000000000000000e+01 nan
-4.400000000000000000e+01 -5.700000000000000000e+01 nan
-4.400000000000000000e+01 -5.600000000000000000e+01 nan
-4.400000000000000000e+01 -5.500000000000000000e+01 nan
-4.400000000000000000e+01 -5.400000000000000000e+01 nan
-4.400000000000000000e+01 -5.300000000000000000e+01 nan
-4.400000000000000000e+01 -5.200000000000000000e+01 nan
-4.400000000000000000e+01 -5.100000000000000000e+01 nan
-4.400000000000000000e+01 -5.000000000000000000e+01 nan
-4.400000000000000000e+01 -4.900000000000000000e+01 nan
-4.400000000000000000e+01 -4.800000000000000000e+01 nan
-4.400000000000000000e+01 -4.700000000000000000e+01 nan
-4.400000000000000000e+01 -4.600000000000000000e+01 nan
-4.400000000000000000e+01 -4.500000000000000000e+01 nan
-4.400000000000000000e+01 -4.400000000000000000e+01 nan
-4.400000000000000000e+01 -4.300000000000000000e+01 nan
-4.400000000000000000e+01 -4.200000000000000000e+01 nan
-4.400000000000000000e+01 -4.100000000000000000e+01 nan
-4.400000000000000000e+01 -4.000000000000000000e+01 nan
-4.400000000000000000e+01 -3.900000000000000000e+01 nan
-4.400000000000000000e+01 -3.800000000000000000e+01 nan
-4.400000000000000000e+01 -3.700000000000000000e+01 nan
-4.400000000000000000e+01 -3.600000000000000000e+01 nan
-4.400000000000000000e+01 -3.500000000000000000e+01 nan
-4.400000000000000000e+01 -3.400000000000000000e+01 nan
-4.400000000000000000e+01 -3.300000000000000000e+01 nan
-4.400000000000000000e+01 -3.200000000000000000e+01 nan
-4.400000000000000000e+01 -3.100000000000000000e+01 nan
-4.400000000000000000e+01 -3.000000000000000000e+01 nan
-4.400000000000000000e+01 -2.900000000000000000e+01 nan
-4.300000000000000000e+01 -7.600000000000000000e+01 nan
-4.300000000000000000e+01 -7.500000000000000000e+01 nan
-4.300000000000000000e+01 -7.400000000000000000e+01 nan
-4.300000000000000000e+01 -7.300000000000000000e+01 nan
-4.300000000000000000e+01 -7.200000000000000000e+01 nan
-4.300000000000000000e+01 -7.100000000000000000e+01 nan
-4.300000000000000000e+01 -7.000000000000000000e+01 nan
-4.300000000000000000e+01 -6.900000000000000000e+01 nan
-4.300000000000000000e+01 -6.800000000000000000e+01 nan
-4.300000000000000000e+01 -6.700000000000000000e+01 nan
-4.300000000000000000e+01 -6.600000000000000000e+01 nan
-4.300000000000000000e+01 -6.500000000000000000e+01 nan
-4.300000000000000000e+01 -6.400000000000000000e+01 nan
-4.300000000000000000e+01 -6.300000000000000000e+01 nan
-4.300000000000000000e+01 -6.200000000000000000e+01 nan
-4.300000000000000000e+01 -6.100000000000000000e+01 nan
-4.300000000000000000e+01 -6.000000000000000000e+01 1.522326473233015065e+00
-4.300000000000000000e+01 -5.900000000000000000e+01 1.436608542868496929e+00
-4.300000000000000000e+01 -5.800000000000000000e+01 1.303508485203209721e+00
-4.300000000000000000e+01 -5.700000000000000000e+01 1.196008378889235502e+00
-4.300000000000000000e+01 -5.600000000000000000e+01 1.079709781812870251e+00
-4.300000000000000000e+01 -5.500000000000000000e+01 nan
-4.300000000000000000e+01 -5.400000000000000000e+01 nan
-4.300000000000000000e+01 -5.300000000000000000e+01 nan
-4.300000000000000000e+01 -5.200000000000000000e+01 nan
-4.300000000000000000e+01 -5.100000000000000000e+01 nan
-4.300000000000000000e+01 -5.000000000000000000e+01 nan
-4.300000000000000000e+01 -4.900000000000000000e+01 nan
-4.300000000000000000e+01 -4.800000000000000000e+01 nan
-4.300000000000000000e+01 -4.700000000000000000e+01 nan
-4.300000000000000000e+01 -4.600000000000000000e+01 nan
-4.300000000000000000e+01 -4.500000000000000000e+01 nan
-4.300000000000000000e+01 -4.400000000000000000e+01 nan
-4.300000000000000000e+01 -4.300000000000000000e+01 nan
-4.300000000000000000e+01 -4.200000000000000000e+01 nan
-4.300000000000000000e+01 -4.100000000000000000e+01 nan
-4.300000000000000000e+01 -4.000000000000000000e+01 nan
-4.300000000000000000e+01 -3.900000000000000000e+01 nan
-4.300000000000000000e+01 -3.800000000000000000e+01 nan
-4.300000000000000000e+01 -3.700000000000000000e+01 nan
-4.300000000000000000e+01 -3.600000000000000000e+01 nan
-4.300000000000000000e+01 -3.500000000000000000e+01 nan
-4.300000000000000000e+01 -3.400000000000000000e+01 nan
-4.300000000000000000e+01 -3.300000000000000000e+01 nan
-4.300000000000000000e+01 -3.200000000000000000e+01 nan
-4.300000000000000000e+01 -3.100000000000000000e+01 nan
-4.300000000000000000e+01 -3.000000000000000000e+01 nan
-4.300000000000000000e+01 -2.900000000000000000e+01 nan
-4.200000000000000000e+01 -7.600000000000000000e+01 nan
-4.200000000000000000e+01 -7.500000000000000000e+01 nan
-4.200000000000000000e+01 -7.400000000000000000e+01 nan
-4.200000000000000000e+01 -7.300000000000000000e+01 nan
-4.200000000000000000e+01 -7.200000000000000000e+01 nan
-4.200000000000000000e+01 -7.100000000000000000e+01 nan
-4.200000000000000000e+01 -7.000000000000000000e+01 nan
-4.200000000000000000e+01 -6.900000000000000000e+01 nan
-4.200000000000000000e+01 -6.800000000000000000e+01 nan
-4.200000000000000000e+01 -6.700000000000000000e+01 nan
-4.200000000000000000e+01 -6.600000000000000000e+01 nan
-4.200000000000000000e+01 -6.500000000000000000e+01 nan
-4.200000000000000000e+01 -6.400000000000000000e+01 nan
-4.200000000000000000e+01 -6.300000000000000000e+01 nan
-4.200000000000000000e+01 -6.200000000000000000e+01 nan
-4.200000000000000000e+01 -6.100000000000000000e+01 nan
-4.200000000000000000e+01 -6.000000000000000000e+01 1.522326473233015065e+00
-4.200000000000000000e+01 -5.900000000000000000e+01 1.436608542868496929e+00
-4.200000000000000000e+01 -5.800000000000000000e+01 1.294803040731934418e+00
-4.200000000000000000e+01 -5.700000000000000000e+01 1.204777998889240642e+00
-4.200000000000000000e+01 -5.600000000000000000e+01 1.608416406040638957e+00
-4.200000000000000000e+01 -5.500000000000000000e+01 1.703799464038054046e+00
-4.200000000000000000e+01 -5.400000000000000000e+01 1.676521999371505700e+00
-4.200000000000000000e+01 -5.300000000000000000e+01 1.732358891754414376e+00
-4.200000000000000000e+01 -5.200000000000000000e+01 1.737887812510708674e+00
-4.200000000000000000e+01 -5.100000000000000000e+01 1.709462918462126169e+00
-4.200000000000000000e+01 -5.000000000000000000e+01 1.706684518656305771e+00
-4.200000000000000000e+01 -4.900000000000000000e+01 1.743148252202353587e+00
-4.200000000000000000e+01 -4.800000000000000000e+01 1.858038115328427109e+00
-4.200000000000000000e+01 -4.700000000000000000e+01 1.850459192405902842e+00
-4.200000000000000000e+01 -4.600000000000000000e+01 1.761198670517268861e+00
-4.200000000000000000e+01 -4.500000000000000000e+01 1.701389550693516606e+00
-4.200000000000000000e+01 -4.400000000000000000e+01 1.451246078552220320e+00
-4.200000000000000000e+01 -4.300000000000000000e+01 1.369595931139959921e+00
-4.200000000000000000e+01 -4.200000000000000000e+01 1.241989393561846899e+00
-4.200000000000000000e+01 -4.100000000000000000e+01 1.181798143538522528e+00
-4.200000000000000000e+01 -4.000000000000000000e+01 1.157597502472679896e+00
-4.200000000000000000e+01 -3.900000000000000000e+01 nan
-4.200000000000000000e+01 -3.800000000000000000e+01 nan
-4.200000000000000000e+01 -3.700000000000000000e+01 nan
-4.200000000000000000e+01 -3.600000000000000000e+01 nan
-4.200000000000000000e+01 -3.500000000000000000e+01 nan
-4.200000000000000000e+01 -3.400000000000000000e+01 nan
-4.200000000000000000e+01 -3.300000000000000000e+01 nan
-4.200000000000000000e+01 -3.200000000000000000e+01 nan
-4.200000000000000000e+01 -3.100000000000000000e+01 nan
-4.200000000000000000e+01 -3.000000000000000000e+01 nan
-4.200000000000000000e+01 -2.900000000000000000e+01 nan
-4.100000000000000000e+01 -7.600000000000000000e+01 nan
-4.100000000000000000e+01 -7.500000000000000000e+01 nan
-4.100000000000000000e+01 -7.400000000000000000e+01 nan
-4.100000000000000000e+01 -7.300000000000000000e+01 nan
-4.100000000000000000e+01 -7.200000000000000000e+01 nan
-4.100000000000000000e+01 -7.100000000000000000e+01 nan
-4.100000000000000000e+01 -7.000000000000000000e+01 nan
-4.100000000000000000e+01 -6.900000000000000000e+01 nan
-4.100000000000000000e+01 -6.800000000000000000e+01 nan
-4.100000000000000000e+01 -6.700000000000000000e+01 nan
-4.100000000000000000e+01 -6.600000000000000000e+01 nan
-4.100000000000000000e+01 -6.500000000000000000e+01 nan
-4.100000000000000000e+01 -6.400000000000000000e+01 nan
-4.100000000000000000e+01 -6.300000000000000000e+01 nan
-4.100000000000000000e+01 -6.200000000000000000e+01 nan
-4.100000000000000000e+01 -6.100000000000000000e+01 nan
-4.100000000000000000e+01 -6.000000000000000000e+01 nan
-4.100000000000000000e+01 -5.900000000000000000e+01 nan
-4.100000000000000000e+01 -5.800000000000000000e+01 1.161921610705220376e+00
-4.100000000000000000e+01 -5.700000000000000000e+01 1.223195409727616534e+00
-4.100000000000000000e+01 -5.600000000000000000e+01 1.685056883204733458e+00
-4.100000000000000000e+01 -5.500000000000000000e+01 1.703799464038054046e+00
-4.100000000000000000e+01 -5.400000000000000000e+01 1.676521999371505700e+00
-4.100000000000000000e+01 -5.300000000000000000e+01 1.732358891754414376e+00
-4.100000000000000000e+01 -5.200000000000000000e+01 1.737887812510708674e+00
-4.100000000000000000e+01 -5.100000000000000000e+01 1.709462918462126169e+00
-4.100000000000000000e+01 -5.000000000000000000e+01 1.706684518656305771e+00
-4.100000000000000000e+01 -4.900000000000000000e+01 1.743148252202353587e+00
-4.100000000000000000e+01 -4.800000000000000000e+01 1.858038115328427109e+00
-4.100000000000000000e+01 -4.700000000000000000e+01 1.850459192405902842e+00
-4.100000000000000000e+01 -4.600000000000000000e+01 1.761198670517268861e+00
-4.100000000000000000e+01 -4.500000000000000000e+01 1.701389550693516606e+00
-4.100000000000000000e+01 -4.400000000000000000e+01 1.418871574358861798e+00
-4.100000000000000000e+01 -4.300000000000000000e+01 1.369092744629636815e+00
-4.100000000000000000e+01 -4.200000000000000000e+01 1.305671957779033665e+00
-4.100000000000000000e+01 -4.100000000000000000e+01 1.169592293062362565e+00
-4.100000000000000000e+01 -4.000000000000000000e+01 1.069540023439056409e+00
-4.100000000000000000e+01 -3.900000000000000000e+01 1.059237623449772681e+00
-4.100000000000000000e+01 -3.800000000000000000e+01 1.281617785520763775e+00
-4.100000000000000000e+01 -3.700000000000000000e+01 1.394546883184145214e+00
-4.100000000000000000e+01 -3.600000000000000000e+01 1.577847152524014751e+00
-4.100000000000000000e+01 -3.500000000000000000e+01 1.585394744696940528e+00
-4.100000000000000000e+01 -3.400000000000000000e+01 1.898414707600466933e+00
-4.100000000000000000e+01 -3.300000000000000000e+01 1.999959891798871681e+00
-4.100000000000000000e+01 -3.200000000000000000e+01 1.851601790750559973e+00
-4.100000000000000000e+01 -3.100000000000000000e+01 1.579120156994251456e+00
-4.100000000000000000e+01 -3.000000000000000000e+01 1.211859312803033495e+00
-4.100000000000000000e+01 -2.900000000000000000e+01 nan
-4.000000000000000000e+01 -7.600000000000000000e+01 nan
-4.000000000000000000e+01 -7.500000000000000000e+01 nan
-4.000000000000000000e+01 -7.400000000000000000e+01 nan
-4.000000000000000000e+01 -7.300000000000000000e+01 nan
-4.000000000000000000e+01 -7.200000000000000000e+01 nan
-4.000000000000000000e+01 -7.100000000000000000e+01 nan
-4.000000000000000000e+01 -7.000000000000000000e+01 nan
-4.000000000000000000e+01 -6.900000000000000000e+01 nan
-4.000000000000000000e+01 -6.800000000000000000e+01 nan
-4.000000000000000000e+01 -6.700000000000000000e+01 nan
-4.000000000000000000e+01 -6.600000000000000000e+01 nan
-4.000000000000000000e+01 -6.500000000000000000e+01 nan
-4.000000000000000000e+01 -6.400000000000000000e+01 nan
-4.000000000000000000e+01 -6.300000000000000000e+01 nan
-4.000000000000000000e+01 -6.200000000000000000e+01 nan
-4.000000000000000000e+01 -6.100000000000000000e+01 nan
-4.000000000000000000e+01 -6.000000000000000000e+01 nan
-4.000000000000000000e+01 -5.900000000000000000e+01 nan
-4.000000000000000000e+01 -5.800000000000000000e+01 nan
-4.000000000000000000e+01 -5.700000000000000000e+01 nan
-4.000000000000000000e+01 -5.600000000000000000e+01 nan
-4.000000000000000000e+01 -5.500000000000000000e+01 nan
-4.000000000000000000e+01 -5.400000000000000000e+01 nan
-4.000000000000000000e+01 -5.300000000000000000e+01 nan
-4.000000000000000000e+01 -5.200000000000000000e+01 nan
-4.000000000000000000e+01 -5.100000000000000000e+01 nan
-4.000000000000000000e+01 -5.000000000000000000e+01 nan
-4.000000000000000000e+01 -4.900000000000000000e+01 nan
-4.000000000000000000e+01 -4.800000000000000000e+01 nan
-4.000000000000000000e+01 -4.700000000000000000e+01 nan
-4.000000000000000000e+01 -4.600000000000000000e+01 nan
-4.000000000000000000e+01 -4.500000000000000000e+01 nan
-4.000000000000000000e+01 -4.400000000000000000e+01 1.353521212047214872e+00
-4.000000000000000000e+01 -4.300000000000000000e+01 1.364314339360851669e+00
-4.000000000000000000e+01 -4.200000000000000000e+01 1.317836877832315068e+00
-4.000000000000000000e+01 -4.100000000000000000e+01 1.164113174175016363e+00
-4.000000000000000000e+01 -4.000000000000000000e+01 1.069105800058215427e+00
-4.000000000000000000e+01 -3.900000000000000000e+01 1.059237623449772681e+00
-4.000000000000000000e+01 -3.800000000000000000e+01 1.281617785520763775e+00
-4.000000000000000000e+01 -3.700000000000000000e+01 1.394546883184145214e+00
-4.000000000000000000e+01 -3.600000000000000000e+01 1.577847152524014751e+00
-4.000000000000000000e+01 -3.500000000000000000e+01 1.585394744696940528e+00
-4.000000000000000000e+01 -3.400000000000000000e+01 1.898414707600466933e+00
-4.000000000000000000e+01 -3.300000000000000000e+01 1.999959891798871681e+00
-4.000000000000000000e+01 -3.200000000000000000e+01 1.851601790750559973e+00
-4.000000000000000000e+01 -3.100000000000000000e+01 1.579120156994251456e+00
-4.000000000000000000e+01 -3.000000000000000000e+01 1.211859312803033495e+00
-4.000000000000000000e+01 -2.900000000000000000e+01 nan
