Longitude[deg], Latitude[deg], Dust optical depth
1.730000000000000000e+02 -2.400000000000000000e+01 nan
1.730000000000000000e+02 -2.300000000000000000e+01 nan
1.730000000000000000e+02 -2.200000000000000000e+01 nan
1.730000000000000000e+02 -2.100000000000000000e+01 nan
1.730000000000000000e+02 -2.000000000000000000e+01 nan
1.730000000000000000e+02 -1.900000000000000000e+01 nan
1.730000000000000000e+02 -1.800000000000000000e+01 nan
1.730000000000000000e+02 -1.700000000000000000e+01 nan
1.730000000000000000e+02 -1.600000000000000000e+01 nan
1.730000000000000000e+02 -1.500000000000000000e+01 5.102027938839206023e+00
1.730000000000000000e+02 -1.400000000000000000e+01 4.941621841585385866e+00
1.730000000000000000e+02 -1.300000000000000000e+01 4.956655444863618420e+00
1.730000000000000000e+02 -1.200000000000000000e+01 4.937785944098496138e+00
1.730000000000000000e+02 -1.100000000000000000e+01 4.775075726828474920e+00
1.730000000000000000e+02 -1.000000000000000000e+01 4.689614508851338570e+00
1.730000000000000000e+02 -9.000000000000000000e+00 4.648466878570020278e+00
1.730000000000000000e+02 -8.000000000000000000e+00 nan
1.740000000000000000e+02 -2.400000000000000000e+01 5.997784929915488839e+00
1.740000000000000000e+02 -2.300000000000000000e+01 5.959708704104012433e+00
1.740000000000000000e+02 -2.200000000000000000e+01 5.906007211450506666e+00
1.740000000000000000e+02 -2.100000000000000000e+01 5.916605734552770279e+00
1.740000000000000000e+02 -2.000000000000000000e+01 5.936948794719423717e+00
1.740000000000000000e+02 -1.900000000000000000e+01 5.862651018258016933e+00
1.740000000000000000e+02 -1.800000000000000000e+01 5.693598918032935607e+00
1.740000000000000000e+02 -1.700000000000000000e+01 5.521413563901412580e+00
1.740000000000000000e+02 -1.600000000000000000e+01 5.409628560251234397e+00
1.740000000000000000e+02 -1.500000000000000000e+01 5.287048132416837021e+00
1.740000000000000000e+02 -1.400000000000000000e+01 5.107603232422357920e+00
1.740000000000000000e+02 -1.300000000000000000e+01 5.026130514865378096e+00
1.740000000000000000e+02 -1.200000000000000000e+01 4.981371442826564966e+00
1.740000000000000000e+02 -1.100000000000000000e+01 4.793128975197438635e+00
1.740000000000000000e+02 -1.000000000000000000e+01 4.690348307983118303e+00
1.740000000000000000e+02 -9.000000000000000000e+00 4.642064353696723877e+00
1.740000000000000000e+02 -8.000000000000000000e+00 nan
1.750000000000000000e+02 -2.400000000000000000e+01 5.980046282224734000e+00
1.750000000000000000e+02 -2.300000000000000000e+01 5.944759978682900403e+00
1.750000000000000000e+02 -2.200000000000000000e+01 5.862691860268402166e+00
1.750000000000000000e+02 -2.100000000000000000e+01 5.865456677772300509e+00
1.750000000000000000e+02 -2.000000000000000000e+01 5.880754462899674628e+00
1.750000000000000000e+02 -1.900000000000000000e+01 5.809161089964331559e+00
1.750000000000000000e+02 -1.800000000000000000e+01 5.663702653567162848e+00
1.750000000000000000e+02 -1.700000000000000000e+01 5.469393158525044818e+00
1.750000000000000000e+02 -1.600000000000000000e+01 5.402124138393003427e+00
1.750000000000000000e+02 -1.500000000000000000e+01 5.300702810760631323e+00
1.750000000000000000e+02 -1.400000000000000000e+01 5.108797747473914797e+00
1.750000000000000000e+02 -1.300000000000000000e+01 5.005210621841597707e+00
1.750000000000000000e+02 -1.200000000000000000e+01 4.950807875156453264e+00
1.750000000000000000e+02 -1.100000000000000000e+01 4.781741814917730871e+00
1.750000000000000000e+02 -1.000000000000000000e+01 4.669670654029066448e+00
1.750000000000000000e+02 -9.000000000000000000e+00 4.615427010474472347e+00
1.750000000000000000e+02 -8.000000000000000000e+00 nan
1.760000000000000000e+02 -2.400000000000000000e+01 5.956691824828800996e+00
1.760000000000000000e+02 -2.300000000000000000e+01 5.925798563673254193e+00
1.760000000000000000e+02 -2.200000000000000000e+01 5.753946747900009484e+00
1.760000000000000000e+02 -2.100000000000000000e+01 5.667582394999390871e+00
1.760000000000000000e+02 -2.000000000000000000e+01 5.759996413853238018e+00
1.760000000000000000e+02 -1.900000000000000000e+01 5.744856903724440578e+00
1.760000000000000000e+02 -1.800000000000000000e+01 5.585917961445129087e+00
1.760000000000000000e+02 -1.700000000000000000e+01 5.397934457096514649e+00
1.760000000000000000e+02 -1.600000000000000000e+01 5.369400126416473462e+00
1.760000000000000000e+02 -1.500000000000000000e+01 5.315429604858753265e+00
1.760000000000000000e+02 -1.400000000000000000e+01 5.093546432417618064e+00
1.760000000000000000e+02 -1.300000000000000000e+01 4.896385852562620933e+00
1.760000000000000000e+02 -1.200000000000000000e+01 4.825677981258069238e+00
1.760000000000000000e+02 -1.100000000000000000e+01 4.752772606621009643e+00
1.760000000000000000e+02 -1.000000000000000000e+01 4.528404305915476158e+00
1.760000000000000000e+02 -9.000000000000000000e+00 4.482624286257908430e+00
1.760000000000000000e+02 -8.000000000000000000e+00 nan
