Longitude[deg], Latitude[deg], Dust optical depth
-1.600000000000000000e+01 -1.100000000000000000e+01 nan
-1.600000000000000000e+01 -1.000000000000000000e+01 nan
-1.600000000000000000e+01 -9.000000000000000000e+00 nan
-1.600000000000000000e+01 -8.000000000000000000e+00 nan
-1.600000000000000000e+01 -7.000000000000000000e+00 nan
-1.600000000000000000e+01 -6.000000000000000000e+00 nan
-1.600000000000000000e+01 -5.000000000000000000e+00 nan
-1.600000000000000000e+01 -4.000000000000000000e+00 nan
-1.600000000000000000e+01 -3.000000000000000000e+00 nan
-1.600000000000000000e+01 -2.000000000000000000e+00 nan
-1.600000000000000000e+01 -1.000000000000000000e+00 nan
-1.600000000000000000e+01 0.000000000000000000e+00 1.931062100684464156e+00
-1.600000000000000000e+01 1.000000000000000000e+00 1.959167990645454216e+00
-1.600000000000000000e+01 2.000000000000000000e+00 1.999433513017558672e+00
-1.600000000000000000e+01 3.000000000000000000e+00 2.009120064267549743e+00
-1.600000000000000000e+01 4.000000000000000000e+00 2.014767861894303458e+00
-1.500000000000000000e+01 -1.100000000000000000e+01 1.891803331633737928e+00
-1.500000000000000000e+01 -1.000000000000000000e+01 1.905401780343854101e+00
-1.500000000000000000e+01 -9.000000000000000000e+00 1.860414353251206521e+00
-1.500000000000000000e+01 -8.000000000000000000e+00 1.858489047250044601e+00
-1.500000000000000000e+01 -7.000000000000000000e+00 1.873902540657048865e+00
-1.500000000000000000e+01 -6.000000000000000000e+00 1.835065629336475101e+00
-1.500000000000000000e+01 -5.000000000000000000e+00 1.658469597168308551e+00
-1.500000000000000000e+01 -4.000000000000000000e+00 1.676370378846466114e+00
-1.500000000000000000e+01 -3.000000000000000000e+00 1.834524149043592178e+00
-1.500000000000000000e+01 -2.000000000000000000e+00 1.840065206936447817e+00
-1.500000000000000000e+01 -1.000000000000000000e+00 1.644213511741495104e+00
-1.500000000000000000e+01 0.000000000000000000e+00 1.607106509014257556e+00
-1.500000000000000000e+01 1.000000000000000000e+00 1.944748996669137586e+00
-1.500000000000000000e+01 2.000000000000000000e+00 2.006851761379352617e+00
-1.500000000000000000e+01 3.000000000000000000e+00 2.001607101895170882e+00
-1.500000000000000000e+01 4.000000000000000000e+00 1.970184599212185139e+00
-1.400000000000000000e+01 -1.100000000000000000e+01 1.906084474720936006e+00
-1.400000000000000000e+01 -1.000000000000000000e+01 1.883163583492790449e+00
-1.400000000000000000e+01 -9.000000000000000000e+00 1.837482585694259596e+00
-1.400000000000000000e+01 -8.000000000000000000e+00 1.855843276607466841e+00
-1.400000000000000000e+01 -7.000000000000000000e+00 1.875083302586955991e+00
-1.400000000000000000e+01 -6.000000000000000000e+00 1.822897873542572045e+00
-1.400000000000000000e+01 -5.000000000000000000e+00 1.655930013716289562e+00
-1.400000000000000000e+01 -4.000000000000000000e+00 1.701828020302619260e+00
-1.400000000000000000e+01 -3.000000000000000000e+00 1.850923898861610795e+00
-1.400000000000000000e+01 -2.000000000000000000e+00 1.849141510911004760e+00
-1.400000000000000000e+01 -1.000000000000000000e+00 1.663499505690223756e+00
-1.400000000000000000e+01 0.000000000000000000e+00 1.605241297782264986e+00
-1.400000000000000000e+01 1.000000000000000000e+00 1.940359106434333514e+00
-1.400000000000000000e+01 2.000000000000000000e+00 2.006831825854357820e+00
-1.400000000000000000e+01 3.000000000000000000e+00 1.988120202354358490e+00
-1.400000000000000000e+01 4.000000000000000000e+00 1.961639278750094029e+00
-1.300000000000000000e+01 -1.100000000000000000e+01 1.911668260732481750e+00
-1.300000000000000000e+01 -1.000000000000000000e+01 1.866964463606769042e+00
-1.300000000000000000e+01 -9.000000000000000000e+00 1.822998171347990359e+00
-1.300000000000000000e+01 -8.000000000000000000e+00 1.853430908113969267e+00
-1.300000000000000000e+01 -7.000000000000000000e+00 1.876542858362362676e+00
-1.300000000000000000e+01 -6.000000000000000000e+00 1.801831796836555366e+00
-1.300000000000000000e+01 -5.000000000000000000e+00 1.654057195223914256e+00
-1.300000000000000000e+01 -4.000000000000000000e+00 1.748933676441286833e+00
-1.300000000000000000e+01 -3.000000000000000000e+00 1.869726167988751131e+00
-1.300000000000000000e+01 -2.000000000000000000e+00 1.863313297215687170e+00
-1.300000000000000000e+01 -1.000000000000000000e+00 1.699619941563138559e+00
-1.300000000000000000e+01 0.000000000000000000e+00 1.605160168790055852e+00
-1.300000000000000000e+01 1.000000000000000000e+00 1.935496798657882822e+00
-1.300000000000000000e+01 2.000000000000000000e+00 2.003593446810358003e+00
-1.300000000000000000e+01 3.000000000000000000e+00 1.973459151307621395e+00
-1.300000000000000000e+01 4.000000000000000000e+00 nan
