Longitude[deg], Latitude[deg], Dust optical depth
-4.600000000000000000e+01 -8.000000000000000000e+00 nan
-4.600000000000000000e+01 -7.000000000000000000e+00 nan
-4.600000000000000000e+01 -6.000000000000000000e+00 nan
-4.600000000000000000e+01 -5.000000000000000000e+00 nan
-4.600000000000000000e+01 -4.000000000000000000e+00 nan
-4.600000000000000000e+01 -3.000000000000000000e+00 nan
-4.600000000000000000e+01 -2.000000000000000000e+00 nan
-4.600000000000000000e+01 -1.000000000000000000e+00 nan
-4.600000000000000000e+01 0.000000000000000000e+00 nan
-4.600000000000000000e+01 1.000000000000000000e+00 nan
-4.600000000000000000e+01 2.000000000000000000e+00 nan
-4.600000000000000000e+01 3.000000000000000000e+00 1.137893272222829877e+00
-4.600000000000000000e+01 4.000000000000000000e+00 1.137893272222829877e+00
-4.600000000000000000e+01 5.000000000000000000e+00 1.203238163663671534e+00
-4.600000000000000000e+01 6.000000000000000000e+00 1.262039384447171342e+00
-4.600000000000000000e+01 7.000000000000000000e+00 1.251669110714898281e+00
-4.600000000000000000e+01 8.000000000000000000e+00 nan
-4.500000000000000000e+01 -8.000000000000000000e+00 1.215169348995127407e+00
-4.500000000000000000e+01 -7.000000000000000000e+00 1.292572505035597397e+00
-4.500000000000000000e+01 -6.000000000000000000e+00 1.104000918528828867e+00
-4.500000000000000000e+01 -5.000000000000000000e+00 1.131794838863357633e+00
-4.500000000000000000e+01 -4.000000000000000000e+00 1.317518150597873694e+00
-4.500000000000000000e+01 -3.000000000000000000e+00 1.345795560844704308e+00
-4.500000000000000000e+01 -2.000000000000000000e+00 1.313353681293511377e+00
-4.500000000000000000e+01 -1.000000000000000000e+00 1.308506945705579128e+00
-4.500000000000000000e+01 0.000000000000000000e+00 1.268607548738100554e+00
-4.500000000000000000e+01 1.000000000000000000e+00 1.262901608538286924e+00
-4.500000000000000000e+01 2.000000000000000000e+00 1.269595059308457285e+00
-4.500000000000000000e+01 3.000000000000000000e+00 1.197458967259979579e+00
-4.500000000000000000e+01 4.000000000000000000e+00 1.149251767567633697e+00
-4.500000000000000000e+01 5.000000000000000000e+00 1.204877772375515521e+00
-4.500000000000000000e+01 6.000000000000000000e+00 1.290588277853308874e+00
-4.500000000000000000e+01 7.000000000000000000e+00 1.270529842258203645e+00
-4.500000000000000000e+01 8.000000000000000000e+00 nan
-4.400000000000000000e+01 -8.000000000000000000e+00 1.231237746059503646e+00
-4.400000000000000000e+01 -7.000000000000000000e+00 1.232476176901770248e+00
-4.400000000000000000e+01 -6.000000000000000000e+00 1.118185138607728613e+00
-4.400000000000000000e+01 -5.000000000000000000e+00 1.142679725257070400e+00
-4.400000000000000000e+01 -4.000000000000000000e+00 1.306617983136797001e+00
-4.400000000000000000e+01 -3.000000000000000000e+00 1.339044207850043966e+00
-4.400000000000000000e+01 -2.000000000000000000e+00 1.304535579349668240e+00
-4.400000000000000000e+01 -1.000000000000000000e+00 1.300142214726488499e+00
-4.400000000000000000e+01 0.000000000000000000e+00 1.262873125922858497e+00
-4.400000000000000000e+01 1.000000000000000000e+00 1.253146940604668691e+00
-4.400000000000000000e+01 2.000000000000000000e+00 1.262939957599236385e+00
-4.400000000000000000e+01 3.000000000000000000e+00 1.208828951087959735e+00
-4.400000000000000000e+01 4.000000000000000000e+00 1.152736540952491451e+00
-4.400000000000000000e+01 5.000000000000000000e+00 1.202880720294102979e+00
-4.400000000000000000e+01 6.000000000000000000e+00 1.307329250595707704e+00
-4.400000000000000000e+01 7.000000000000000000e+00 1.276492899446324936e+00
-4.400000000000000000e+01 8.000000000000000000e+00 nan
-4.300000000000000000e+01 -8.000000000000000000e+00 1.232957866498828325e+00
-4.300000000000000000e+01 -7.000000000000000000e+00 1.216686479175138835e+00
-4.300000000000000000e+01 -6.000000000000000000e+00 1.127220935632823107e+00
-4.300000000000000000e+01 -5.000000000000000000e+00 1.154267800710850223e+00
-4.300000000000000000e+01 -4.000000000000000000e+00 1.298443447658147010e+00
-4.300000000000000000e+01 -3.000000000000000000e+00 1.321593361784059395e+00
-4.300000000000000000e+01 -2.000000000000000000e+00 1.280807846162474783e+00
-4.300000000000000000e+01 -1.000000000000000000e+00 1.282301176624935035e+00
-4.300000000000000000e+01 0.000000000000000000e+00 1.255391104482590947e+00
-4.300000000000000000e+01 1.000000000000000000e+00 1.233513029474566425e+00
-4.300000000000000000e+01 2.000000000000000000e+00 1.225617833642882015e+00
-4.300000000000000000e+01 3.000000000000000000e+00 1.200794109745254135e+00
-4.300000000000000000e+01 4.000000000000000000e+00 1.161903472931115955e+00
-4.300000000000000000e+01 5.000000000000000000e+00 1.199295334557801906e+00
-4.300000000000000000e+01 6.000000000000000000e+00 1.327096846196415880e+00
-4.300000000000000000e+01 7.000000000000000000e+00 1.270919232898828133e+00
-4.300000000000000000e+01 8.000000000000000000e+00 nan
