Longitude[deg], Latitude[deg], Dust optical depth
1.410000000000000000e+02 -3.000000000000000000e+00 nan
1.410000000000000000e+02 -2.000000000000000000e+00 nan
1.410000000000000000e+02 -1.000000000000000000e+00 nan
1.410000000000000000e+02 0.000000000000000000e+00 nan
1.410000000000000000e+02 1.000000000000000000e+00 nan
1.410000000000000000e+02 2.000000000000000000e+00 nan
1.410000000000000000e+02 3.000000000000000000e+00 nan
1.410000000000000000e+02 4.000000000000000000e+00 nan
1.410000000000000000e+02 5.000000000000000000e+00 nan
1.410000000000000000e+02 6.000000000000000000e+00 nan
1.410000000000000000e+02 7.000000000000000000e+00 nan
1.410000000000000000e+02 8.000000000000000000e+00 nan
1.410000000000000000e+02 9.000000000000000000e+00 nan
1.410000000000000000e+02 1.000000000000000000e+01 nan
1.410000000000000000e+02 1.100000000000000000e+01 nan
1.410000000000000000e+02 1.200000000000000000e+01 nan
1.410000000000000000e+02 1.300000000000000000e+01 nan
1.410000000000000000e+02 1.400000000000000000e+01 nan
1.410000000000000000e+02 1.500000000000000000e+01 nan
1.410000000000000000e+02 1.600000000000000000e+01 nan
1.420000000000000000e+02 -3.000000000000000000e+00 nan
1.420000000000000000e+02 -2.000000000000000000e+00 nan
1.420000000000000000e+02 -1.000000000000000000e+00 nan
1.420000000000000000e+02 0.000000000000000000e+00 nan
1.420000000000000000e+02 1.000000000000000000e+00 nan
1.420000000000000000e+02 2.000000000000000000e+00 nan
1.420000000000000000e+02 3.000000000000000000e+00 nan
1.420000000000000000e+02 4.000000000000000000e+00 nan
1.420000000000000000e+02 5.000000000000000000e+00 nan
1.420000000000000000e+02 6.000000000000000000e+00 nan
1.420000000000000000e+02 7.000000000000000000e+00 nan
1.420000000000000000e+02 8.000000000000000000e+00 1.996281035449426700e+00
1.420000000000000000e+02 9.000000000000000000e+00 1.972181860201779102e+00
1.420000000000000000e+02 1.000000000000000000e+01 1.973631230827602723e+00
1.420000000000000000e+02 1.100000000000000000e+01 2.051550156384537971e+00
1.420000000000000000e+02 1.200000000000000000e+01 2.130328568224436392e+00
1.420000000000000000e+02 1.300000000000000000e+01 2.162432115574692393e+00
1.420000000000000000e+02 1.400000000000000000e+01 2.249669125157599314e+00
1.420000000000000000e+02 1.500000000000000000e+01 2.376180242133266063e+00
1.420000000000000000e+02 1.600000000000000000e+01 2.474592547539786302e+00
1.430000000000000000e+02 -3.000000000000000000e+00 2.179123281387335798e+00
1.430000000000000000e+02 -2.000000000000000000e+00 2.124531685726597008e+00
1.430000000000000000e+02 -1.000000000000000000e+00 1.979632031998981523e+00
1.430000000000000000e+02 0.000000000000000000e+00 1.979395507026916912e+00
1.430000000000000000e+02 1.000000000000000000e+00 2.063977931351927531e+00
1.430000000000000000e+02 2.000000000000000000e+00 2.057789382481710838e+00
1.430000000000000000e+02 3.000000000000000000e+00 2.073534999164965420e+00
1.430000000000000000e+02 4.000000000000000000e+00 2.081572825260689097e+00
1.430000000000000000e+02 5.000000000000000000e+00 2.070621583167882473e+00
1.430000000000000000e+02 6.000000000000000000e+00 2.077693108429718105e+00
1.430000000000000000e+02 7.000000000000000000e+00 2.032532496846520154e+00
1.430000000000000000e+02 8.000000000000000000e+00 2.053274753757915683e+00
1.430000000000000000e+02 9.000000000000000000e+00 1.971874037184720985e+00
1.430000000000000000e+02 1.000000000000000000e+01 1.976587727570818798e+00
1.430000000000000000e+02 1.100000000000000000e+01 2.053337771143061818e+00
1.430000000000000000e+02 1.200000000000000000e+01 2.090078382302892557e+00
1.430000000000000000e+02 1.300000000000000000e+01 2.108966512881645716e+00
1.430000000000000000e+02 1.400000000000000000e+01 2.218374329707511361e+00
1.430000000000000000e+02 1.500000000000000000e+01 2.410686468054978437e+00
1.430000000000000000e+02 1.600000000000000000e+01 2.479014030138863678e+00
1.440000000000000000e+02 -3.000000000000000000e+00 2.188055865766655117e+00
1.440000000000000000e+02 -2.000000000000000000e+00 2.111365543094000596e+00
1.440000000000000000e+02 -1.000000000000000000e+00 1.990775379708028980e+00
1.440000000000000000e+02 0.000000000000000000e+00 1.994984760700507564e+00
1.440000000000000000e+02 1.000000000000000000e+00 2.095292319490880129e+00
1.440000000000000000e+02 2.000000000000000000e+00 2.070685930418245224e+00
1.440000000000000000e+02 3.000000000000000000e+00 2.094498269474480701e+00
1.440000000000000000e+02 4.000000000000000000e+00 2.138134366802139752e+00
1.440000000000000000e+02 5.000000000000000000e+00 2.082327911258777142e+00
1.440000000000000000e+02 6.000000000000000000e+00 2.081438173280611093e+00
1.440000000000000000e+02 7.000000000000000000e+00 2.015291163915914119e+00
1.440000000000000000e+02 8.000000000000000000e+00 2.018171641687467321e+00
1.440000000000000000e+02 9.000000000000000000e+00 1.972482474077310810e+00
1.440000000000000000e+02 1.000000000000000000e+01 1.980405410594662463e+00
1.440000000000000000e+02 1.100000000000000000e+01 2.055546532178980534e+00
1.440000000000000000e+02 1.200000000000000000e+01 2.069192330281668823e+00
1.440000000000000000e+02 1.300000000000000000e+01 2.082768747643607643e+00
1.440000000000000000e+02 1.400000000000000000e+01 2.195768771217899040e+00
1.440000000000000000e+02 1.500000000000000000e+01 2.416208236416207189e+00
1.440000000000000000e+02 1.600000000000000000e+01 2.487038616569772209e+00
1.450000000000000000e+02 -3.000000000000000000e+00 2.174631950475749864e+00
1.450000000000000000e+02 -2.000000000000000000e+00 2.099592253800430797e+00
1.450000000000000000e+02 -1.000000000000000000e+00 1.978618820105302101e+00
1.450000000000000000e+02 0.000000000000000000e+00 1.981370267259710216e+00
1.450000000000000000e+02 1.000000000000000000e+00 2.075468340644612830e+00
1.450000000000000000e+02 2.000000000000000000e+00 2.065397003441835189e+00
1.450000000000000000e+02 3.000000000000000000e+00 2.073972813112301417e+00
1.450000000000000000e+02 4.000000000000000000e+00 2.156876186172921095e+00
1.450000000000000000e+02 5.000000000000000000e+00 2.101367629185737052e+00
1.450000000000000000e+02 6.000000000000000000e+00 2.070621402762188090e+00
1.450000000000000000e+02 7.000000000000000000e+00 1.996520891517746810e+00
1.450000000000000000e+02 8.000000000000000000e+00 1.984594872090852169e+00
1.450000000000000000e+02 9.000000000000000000e+00 1.972133640974181201e+00
1.450000000000000000e+02 1.000000000000000000e+01 2.004167479135809948e+00
1.450000000000000000e+02 1.100000000000000000e+01 2.052643457151232642e+00
1.450000000000000000e+02 1.200000000000000000e+01 2.054469947260093132e+00
1.450000000000000000e+02 1.300000000000000000e+01 2.084574225646599110e+00
1.450000000000000000e+02 1.400000000000000000e+01 2.205749778923069560e+00
1.450000000000000000e+02 1.500000000000000000e+01 2.415050525009755589e+00
1.450000000000000000e+02 1.600000000000000000e+01 2.485666276797303897e+00
1.460000000000000000e+02 -3.000000000000000000e+00 2.161616428833731174e+00
1.460000000000000000e+02 -2.000000000000000000e+00 2.086372407682711039e+00
1.460000000000000000e+02 -1.000000000000000000e+00 1.955942578340093885e+00
1.460000000000000000e+02 0.000000000000000000e+00 1.953774806372555295e+00
1.460000000000000000e+02 1.000000000000000000e+00 2.014843758542260055e+00
1.460000000000000000e+02 2.000000000000000000e+00 2.049148992143429382e+00
1.460000000000000000e+02 3.000000000000000000e+00 2.039728101256573556e+00
1.460000000000000000e+02 4.000000000000000000e+00 2.144576341272052655e+00
1.460000000000000000e+02 5.000000000000000000e+00 2.105636948120727769e+00
1.460000000000000000e+02 6.000000000000000000e+00 2.001134404049916160e+00
1.460000000000000000e+02 7.000000000000000000e+00 1.991997741008925349e+00
1.460000000000000000e+02 8.000000000000000000e+00 1.974875982887588588e+00
1.460000000000000000e+02 9.000000000000000000e+00 1.958542516867898264e+00
1.460000000000000000e+02 1.000000000000000000e+01 1.971342777414441860e+00
1.460000000000000000e+02 1.100000000000000000e+01 2.018619931701584935e+00
1.460000000000000000e+02 1.200000000000000000e+01 1.996032411864567369e+00
1.460000000000000000e+02 1.300000000000000000e+01 1.984585419789669292e+00
1.460000000000000000e+02 1.400000000000000000e+01 2.151191751415364894e+00
1.460000000000000000e+02 1.500000000000000000e+01 nan
1.460000000000000000e+02 1.600000000000000000e+01 nan
