Longitude[deg], Latitude[deg], Dust optical depth
1.600000000000000000e+01 3.200000000000000000e+01 nan
1.600000000000000000e+01 3.300000000000000000e+01 nan
1.600000000000000000e+01 3.400000000000000000e+01 nan
1.600000000000000000e+01 3.500000000000000000e+01 nan
1.600000000000000000e+01 3.600000000000000000e+01 nan
1.600000000000000000e+01 3.700000000000000000e+01 nan
1.600000000000000000e+01 3.800000000000000000e+01 nan
1.600000000000000000e+01 3.900000000000000000e+01 nan
1.600000000000000000e+01 4.000000000000000000e+01 nan
1.600000000000000000e+01 4.100000000000000000e+01 nan
1.600000000000000000e+01 4.200000000000000000e+01 nan
1.600000000000000000e+01 4.300000000000000000e+01 nan
1.600000000000000000e+01 4.400000000000000000e+01 nan
1.600000000000000000e+01 4.500000000000000000e+01 nan
1.600000000000000000e+01 4.600000000000000000e+01 nan
1.600000000000000000e+01 4.700000000000000000e+01 nan
1.600000000000000000e+01 4.800000000000000000e+01 nan
1.600000000000000000e+01 4.900000000000000000e+01 nan
1.600000000000000000e+01 5.000000000000000000e+01 nan
1.600000000000000000e+01 5.100000000000000000e+01 nan
1.700000000000000000e+01 3.200000000000000000e+01 nan
1.700000000000000000e+01 3.300000000000000000e+01 nan
1.700000000000000000e+01 3.400000000000000000e+01 nan
1.700000000000000000e+01 3.500000000000000000e+01 nan
1.700000000000000000e+01 3.600000000000000000e+01 nan
1.700000000000000000e+01 3.700000000000000000e+01 nan
1.700000000000000000e+01 3.800000000000000000e+01 nan
1.700000000000000000e+01 3.900000000000000000e+01 nan
1.700000000000000000e+01 4.000000000000000000e+01 nan
1.700000000000000000e+01 4.100000000000000000e+01 nan
1.700000000000000000e+01 4.200000000000000000e+01 nan
1.700000000000000000e+01 4.300000000000000000e+01 nan
1.700000000000000000e+01 4.400000000000000000e+01 nan
1.700000000000000000e+01 4.500000000000000000e+01 nan
1.700000000000000000e+01 4.600000000000000000e+01 nan
1.700000000000000000e+01 4.700000000000000000e+01 nan
1.700000000000000000e+01 4.800000000000000000e+01 nan
1.700000000000000000e+01 4.900000000000000000e+01 nan
1.700000000000000000e+01 5.000000000000000000e+01 nan
1.700000000000000000e+01 5.100000000000000000e+01 nan
1.800000000000000000e+01 3.200000000000000000e+01 nan
1.800000000000000000e+01 3.300000000000000000e+01 nan
1.800000000000000000e+01 3.400000000000000000e+01 nan
1.800000000000000000e+01 3.500000000000000000e+01 nan
1.800000000000000000e+01 3.600000000000000000e+01 nan
1.800000000000000000e+01 3.700000000000000000e+01 nan
1.800000000000000000e+01 3.800000000000000000e+01 nan
1.800000000000000000e+01 3.900000000000000000e+01 nan
1.800000000000000000e+01 4.000000000000000000e+01 nan
1.800000000000000000e+01 4.100000000000000000e+01 nan
1.800000000000000000e+01 4.200000000000000000e+01 3.290440770258439285e-01
1.800000000000000000e+01 4.300000000000000000e+01 3.335714295768991700e-01
1.800000000000000000e+01 4.400000000000000000e+01 2.860940308902789608e-01
1.800000000000000000e+01 4.500000000000000000e+01 2.373254308240204669e-01
1.800000000000000000e+01 4.600000000000000000e+01 nan
1.800000000000000000e+01 4.700000000000000000e+01 nan
1.800000000000000000e+01 4.800000000000000000e+01 nan
1.800000000000000000e+01 4.900000000000000000e+01 nan
1.800000000000000000e+01 5.000000000000000000e+01 nan
1.800000000000000000e+01 5.100000000000000000e+01 nan
1.900000000000000000e+01 3.200000000000000000e+01 nan
1.900000000000000000e+01 3.300000000000000000e+01 nan
1.900000000000000000e+01 3.400000000000000000e+01 nan
1.900000000000000000e+01 3.500000000000000000e+01 1.053215643458559780e+00
1.900000000000000000e+01 3.600000000000000000e+01 9.060359379652127565e-01
1.900000000000000000e+01 3.700000000000000000e+01 5.212429811638498167e-01
1.900000000000000000e+01 3.800000000000000000e+01 3.214225172354863713e-01
1.900000000000000000e+01 3.900000000000000000e+01 2.457520412012489386e-01
1.900000000000000000e+01 4.000000000000000000e+01 2.158719489381763224e-01
1.900000000000000000e+01 4.100000000000000000e+01 2.776709770963659563e-01
1.900000000000000000e+01 4.200000000000000000e+01 3.070803662183855254e-01
1.900000000000000000e+01 4.300000000000000000e+01 3.357106069858832309e-01
1.900000000000000000e+01 4.400000000000000000e+01 3.166641019586644012e-01
1.900000000000000000e+01 4.500000000000000000e+01 2.698048871402958238e-01
1.900000000000000000e+01 4.600000000000000000e+01 nan
1.900000000000000000e+01 4.700000000000000000e+01 nan
1.900000000000000000e+01 4.800000000000000000e+01 nan
1.900000000000000000e+01 4.900000000000000000e+01 nan
1.900000000000000000e+01 5.000000000000000000e+01 nan
1.900000000000000000e+01 5.100000000000000000e+01 nan
2.000000000000000000e+01 3.200000000000000000e+01 1.084010550940465833e+00
2.000000000000000000e+01 3.300000000000000000e+01 1.114485632963739370e+00
2.000000000000000000e+01 3.400000000000000000e+01 1.111401550884681289e+00
2.000000000000000000e+01 3.500000000000000000e+01 1.015616856902396448e+00
2.000000000000000000e+01 3.600000000000000000e+01 7.745132476431251245e-01
2.000000000000000000e+01 3.700000000000000000e+01 4.675172354943880060e-01
2.000000000000000000e+01 3.800000000000000000e+01 3.180614615681011115e-01
2.000000000000000000e+01 3.900000000000000000e+01 2.497887213584618071e-01
2.000000000000000000e+01 4.000000000000000000e+01 2.143994629917771177e-01
2.000000000000000000e+01 4.100000000000000000e+01 2.694654905469511252e-01
2.000000000000000000e+01 4.200000000000000000e+01 3.086402713685070798e-01
2.000000000000000000e+01 4.300000000000000000e+01 3.524907660598559089e-01
2.000000000000000000e+01 4.400000000000000000e+01 3.325597209298642998e-01
2.000000000000000000e+01 4.500000000000000000e+01 2.758613681086822256e-01
2.000000000000000000e+01 4.600000000000000000e+01 nan
2.000000000000000000e+01 4.700000000000000000e+01 nan
2.000000000000000000e+01 4.800000000000000000e+01 nan
2.000000000000000000e+01 4.900000000000000000e+01 nan
2.000000000000000000e+01 5.000000000000000000e+01 nan
2.000000000000000000e+01 5.100000000000000000e+01 nan
2.100000000000000000e+01 3.200000000000000000e+01 1.053242380828009583e+00
2.100000000000000000e+01 3.300000000000000000e+01 1.093523981877301265e+00
2.100000000000000000e+01 3.400000000000000000e+01 1.093745323981344164e+00
2.100000000000000000e+01 3.500000000000000000e+01 9.637238100428926479e-01
2.100000000000000000e+01 3.600000000000000000e+01 6.071028187147544664e-01
2.100000000000000000e+01 3.700000000000000000e+01 3.971985246795264879e-01
2.100000000000000000e+01 3.800000000000000000e+01 3.092020733659905374e-01
2.100000000000000000e+01 3.900000000000000000e+01 2.537381294015904620e-01
2.100000000000000000e+01 4.000000000000000000e+01 2.113346755627964757e-01
2.100000000000000000e+01 4.100000000000000000e+01 2.615763895700191632e-01
2.100000000000000000e+01 4.200000000000000000e+01 3.163469586442914094e-01
2.100000000000000000e+01 4.300000000000000000e+01 3.735977707271979087e-01
2.100000000000000000e+01 4.400000000000000000e+01 3.297200192764111470e-01
2.100000000000000000e+01 4.500000000000000000e+01 2.570596767636189606e-01
2.100000000000000000e+01 4.600000000000000000e+01 2.026876747623384545e-01
2.100000000000000000e+01 4.700000000000000000e+01 nan
2.100000000000000000e+01 4.800000000000000000e+01 nan
2.100000000000000000e+01 4.900000000000000000e+01 nan
2.100000000000000000e+01 5.000000000000000000e+01 nan
2.100000000000000000e+01 5.100000000000000000e+01 nan
2.200000000000000000e+01 3.200000000000000000e+01 1.016009733216281408e+00
2.200000000000000000e+01 3.300000000000000000e+01 1.061659499653799354e+00
2.200000000000000000e+01 3.400000000000000000e+01 1.064135039348189649e+00
2.200000000000000000e+01 3.500000000000000000e+01 8.902009837593485297e-01
2.200000000000000000e+01 3.600000000000000000e+01 5.212926580720730341e-01
2.200000000000000000e+01 3.700000000000000000e+01 3.648802071543468806e-01
2.200000000000000000e+01 3.800000000000000000e+01 2.924871673235557856e-01
2.200000000000000000e+01 3.900000000000000000e+01 2.332203937532852378e-01
2.200000000000000000e+01 4.000000000000000000e+01 1.976995419469308457e-01
2.200000000000000000e+01 4.100000000000000000e+01 2.519752778891420353e-01
2.200000000000000000e+01 4.200000000000000000e+01 3.068336506052200541e-01
2.200000000000000000e+01 4.300000000000000000e+01 3.507696668877245405e-01
2.200000000000000000e+01 4.400000000000000000e+01 3.117422122232210158e-01
2.200000000000000000e+01 4.500000000000000000e+01 2.478083168053703267e-01
2.200000000000000000e+01 4.600000000000000000e+01 2.110358382757264728e-01
2.200000000000000000e+01 4.700000000000000000e+01 nan
2.200000000000000000e+01 4.800000000000000000e+01 nan
2.200000000000000000e+01 4.900000000000000000e+01 nan
2.200000000000000000e+01 5.000000000000000000e+01 nan
2.200000000000000000e+01 5.100000000000000000e+01 nan
2.300000000000000000e+01 3.200000000000000000e+01 1.034570825788845072e+00
2.300000000000000000e+01 3.300000000000000000e+01 1.068139622018067669e+00
2.300000000000000000e+01 3.400000000000000000e+01 1.060778047528164514e+00
2.300000000000000000e+01 3.500000000000000000e+01 8.871248705148117031e-01
2.300000000000000000e+01 3.600000000000000000e+01 5.072311605592370043e-01
2.300000000000000000e+01 3.700000000000000000e+01 3.489671047397804315e-01
2.300000000000000000e+01 3.800000000000000000e+01 2.772547708308279457e-01
2.300000000000000000e+01 3.900000000000000000e+01 2.154595172224019473e-01
2.300000000000000000e+01 4.000000000000000000e+01 1.960693572005108298e-01
2.300000000000000000e+01 4.100000000000000000e+01 2.395623484365155265e-01
2.300000000000000000e+01 4.200000000000000000e+01 2.983180867342313247e-01
2.300000000000000000e+01 4.300000000000000000e+01 3.220456693531816850e-01
2.300000000000000000e+01 4.400000000000000000e+01 2.819387204450693463e-01
2.300000000000000000e+01 4.500000000000000000e+01 2.470235085806252728e-01
2.300000000000000000e+01 4.600000000000000000e+01 2.199917981892785812e-01
2.300000000000000000e+01 4.700000000000000000e+01 nan
2.300000000000000000e+01 4.800000000000000000e+01 nan
2.300000000000000000e+01 4.900000000000000000e+01 nan
2.300000000000000000e+01 5.000000000000000000e+01 nan
2.300000000000000000e+01 5.100000000000000000e+01 nan
2.400000000000000000e+01 3.200000000000000000e+01 1.070873119705152643e+00
2.400000000000000000e+01 3.300000000000000000e+01 1.088555976254984126e+00
2.400000000000000000e+01 3.400000000000000000e+01 1.069904818741269414e+00
2.400000000000000000e+01 3.500000000000000000e+01 8.975728879341682287e-01
2.400000000000000000e+01 3.600000000000000000e+01 4.778990577864850042e-01
2.400000000000000000e+01 3.700000000000000000e+01 3.253153149281516332e-01
2.400000000000000000e+01 3.800000000000000000e+01 2.697211468021539216e-01
2.400000000000000000e+01 3.900000000000000000e+01 2.180389268238892009e-01
2.400000000000000000e+01 4.000000000000000000e+01 1.942470317314108630e-01
2.400000000000000000e+01 4.100000000000000000e+01 2.260023442660792359e-01
2.400000000000000000e+01 4.200000000000000000e+01 2.874957326749402187e-01
2.400000000000000000e+01 4.300000000000000000e+01 3.144888280258615332e-01
2.400000000000000000e+01 4.400000000000000000e+01 2.742754263465683739e-01
2.400000000000000000e+01 4.500000000000000000e+01 2.555669616368847485e-01
2.400000000000000000e+01 4.600000000000000000e+01 2.180885806878080091e-01
2.400000000000000000e+01 4.700000000000000000e+01 nan
2.400000000000000000e+01 4.800000000000000000e+01 nan
2.400000000000000000e+01 4.900000000000000000e+01 nan
2.400000000000000000e+01 5.000000000000000000e+01 nan
2.400000000000000000e+01 5.100000000000000000e+01 nan
