Longitude[deg], Latitude[deg], Dust optical depth
1.110000000000000000e+02 -1.800000000000000000e+01 nan
1.110000000000000000e+02 -1.700000000000000000e+01 nan
1.110000000000000000e+02 -1.600000000000000000e+01 nan
1.110000000000000000e+02 -1.500000000000000000e+01 nan
1.110000000000000000e+02 -1.400000000000000000e+01 nan
1.110000000000000000e+02 -1.300000000000000000e+01 nan
1.110000000000000000e+02 -1.200000000000000000e+01 nan
1.110000000000000000e+02 -1.100000000000000000e+01 nan
1.110000000000000000e+02 -1.000000000000000000e+01 nan
1.110000000000000000e+02 -9.000000000000000000e+00 1.785377306903781047e+00
1.110000000000000000e+02 -8.000000000000000000e+00 1.800730906701963230e+00
1.110000000000000000e+02 -7.000000000000000000e+00 1.869313351272459567e+00
1.110000000000000000e+02 -6.000000000000000000e+00 1.863224606620192292e+00
1.110000000000000000e+02 -5.000000000000000000e+00 1.894438408631807569e+00
1.110000000000000000e+02 -4.000000000000000000e+00 1.895654681569574507e+00
1.110000000000000000e+02 -3.000000000000000000e+00 1.793336956639531632e+00
1.110000000000000000e+02 -2.000000000000000000e+00 nan
1.110000000000000000e+02 -1.000000000000000000e+00 nan
1.120000000000000000e+02 -1.800000000000000000e+01 1.943017770863636251e+00
1.120000000000000000e+02 -1.700000000000000000e+01 1.859229513658786637e+00
1.120000000000000000e+02 -1.600000000000000000e+01 1.770166171844552272e+00
1.120000000000000000e+02 -1.500000000000000000e+01 1.851313237233244591e+00
1.120000000000000000e+02 -1.400000000000000000e+01 1.859968614985947788e+00
1.120000000000000000e+02 -1.300000000000000000e+01 2.026231428809501800e+00
1.120000000000000000e+02 -1.200000000000000000e+01 2.043034272987739541e+00
1.120000000000000000e+02 -1.100000000000000000e+01 1.902262913429822344e+00
1.120000000000000000e+02 -1.000000000000000000e+01 1.921151464326246172e+00
1.120000000000000000e+02 -9.000000000000000000e+00 1.930014013058372058e+00
1.120000000000000000e+02 -8.000000000000000000e+00 1.842537369052677620e+00
1.120000000000000000e+02 -7.000000000000000000e+00 1.890181468417752253e+00
1.120000000000000000e+02 -6.000000000000000000e+00 1.887484982475935880e+00
1.120000000000000000e+02 -5.000000000000000000e+00 1.904497728370605047e+00
1.120000000000000000e+02 -4.000000000000000000e+00 1.920744660428425288e+00
1.120000000000000000e+02 -3.000000000000000000e+00 1.924449061362746738e+00
1.120000000000000000e+02 -2.000000000000000000e+00 nan
1.120000000000000000e+02 -1.000000000000000000e+00 nan
1.130000000000000000e+02 -1.800000000000000000e+01 1.921943786833159695e+00
1.130000000000000000e+02 -1.700000000000000000e+01 1.849263492106106632e+00
1.130000000000000000e+02 -1.600000000000000000e+01 1.753276043146846375e+00
1.130000000000000000e+02 -1.500000000000000000e+01 1.811588978953272422e+00
1.130000000000000000e+02 -1.400000000000000000e+01 1.853651368270924138e+00
1.130000000000000000e+02 -1.300000000000000000e+01 2.023169058729035186e+00
1.130000000000000000e+02 -1.200000000000000000e+01 2.034241647817318643e+00
1.130000000000000000e+02 -1.100000000000000000e+01 1.922809377303932532e+00
1.130000000000000000e+02 -1.000000000000000000e+01 1.936684646717500735e+00
1.130000000000000000e+02 -9.000000000000000000e+00 1.949912960504005754e+00
1.130000000000000000e+02 -8.000000000000000000e+00 1.853719512928152291e+00
1.130000000000000000e+02 -7.000000000000000000e+00 1.913145303838129641e+00
1.130000000000000000e+02 -6.000000000000000000e+00 1.906496793711454529e+00
1.130000000000000000e+02 -5.000000000000000000e+00 1.908893416742404314e+00
1.130000000000000000e+02 -4.000000000000000000e+00 1.938774886385989493e+00
1.130000000000000000e+02 -3.000000000000000000e+00 1.974191023268677014e+00
1.130000000000000000e+02 -2.000000000000000000e+00 1.984802066755050332e+00
1.130000000000000000e+02 -1.000000000000000000e+00 nan
1.140000000000000000e+02 -1.800000000000000000e+01 1.907028617202367160e+00
1.140000000000000000e+02 -1.700000000000000000e+01 1.838718963516994709e+00
1.140000000000000000e+02 -1.600000000000000000e+01 1.713631483788542909e+00
1.140000000000000000e+02 -1.500000000000000000e+01 1.709558626237619006e+00
1.140000000000000000e+02 -1.400000000000000000e+01 1.851520364135817331e+00
1.140000000000000000e+02 -1.300000000000000000e+01 2.015241326137202194e+00
1.140000000000000000e+02 -1.200000000000000000e+01 1.988554487309515117e+00
1.140000000000000000e+02 -1.100000000000000000e+01 1.942264032626155990e+00
1.140000000000000000e+02 -1.000000000000000000e+01 1.954251612016607131e+00
1.140000000000000000e+02 -9.000000000000000000e+00 1.964267890509418857e+00
1.140000000000000000e+02 -8.000000000000000000e+00 1.863861816202062593e+00
1.140000000000000000e+02 -7.000000000000000000e+00 1.992934271179289896e+00
1.140000000000000000e+02 -6.000000000000000000e+00 1.952997032739141270e+00
1.140000000000000000e+02 -5.000000000000000000e+00 1.913347150330641622e+00
1.140000000000000000e+02 -4.000000000000000000e+00 2.007089010525716422e+00
1.140000000000000000e+02 -3.000000000000000000e+00 2.081686253186687097e+00
1.140000000000000000e+02 -2.000000000000000000e+00 nan
1.140000000000000000e+02 -1.000000000000000000e+00 nan
