Longitude[deg], Latitude[deg], Dust optical depth
-8.300000000000000000e+01 -7.600000000000000000e+01 nan
-8.300000000000000000e+01 -7.500000000000000000e+01 nan
-8.300000000000000000e+01 -7.400000000000000000e+01 nan
-8.300000000000000000e+01 -7.300000000000000000e+01 nan
-8.300000000000000000e+01 -7.200000000000000000e+01 nan
-8.300000000000000000e+01 -7.100000000000000000e+01 nan
-8.300000000000000000e+01 -7.000000000000000000e+01 nan
-8.300000000000000000e+01 -6.900000000000000000e+01 nan
-8.300000000000000000e+01 -6.800000000000000000e+01 nan
-8.300000000000000000e+01 -6.700000000000000000e+01 nan
-8.300000000000000000e+01 -6.600000000000000000e+01 nan
-8.300000000000000000e+01 -6.500000000000000000e+01 nan
-8.300000000000000000e+01 -6.400000000000000000e+01 nan
-8.300000000000000000e+01 -6.300000000000000000e+01 nan
-8.300000000000000000e+01 -6.200000000000000000e+01 nan
-8.300000000000000000e+01 -6.100000000000000000e+01 nan
-8.300000000000000000e+01 -6.000000000000000000e+01 nan
-8.300000000000000000e+01 -5.900000000000000000e+01 nan
-8.300000000000000000e+01 -5.800000000000000000e+01 nan
-8.300000000000000000e+01 -5.700000000000000000e+01 nan
-8.300000000000000000e+01 -5.600000000000000000e+01 nan
-8.300000000000000000e+01 -5.500000000000000000e+01 nan
-8.300000000000000000e+01 -5.400000000000000000e+01 nan
-8.300000000000000000e+01 -5.300000000000000000e+01 nan
-8.300000000000000000e+01 -5.200000000000000000e+01 nan
-8.300000000000000000e+01 -5.100000000000000000e+01 nan
-8.300000000000000000e+01 -5.000000000000000000e+01 nan
-8.300000000000000000e+01 -4.900000000000000000e+01 nan
-8.300000000000000000e+01 -4.800000000000000000e+01 nan
-8.300000000000000000e+01 -4.700000000000000000e+01 nan
-8.300000000000000000e+01 -4.600000000000000000e+01 nan
-8.300000000000000000e+01 -4.500000000000000000e+01 nan
-8.300000000000000000e+01 -4.400000000000000000e+01 nan
-8.300000000000000000e+01 -4.300000000000000000e+01 nan
-8.300000000000000000e+01 -4.200000000000000000e+01 nan
-8.300000000000000000e+01 -4.100000000000000000e+01 nan
-8.300000000000000000e+01 -4.000000000000000000e+01 nan
-8.300000000000000000e+01 -3.900000000000000000e+01 nan
-8.300000000000000000e+01 -3.800000000000000000e+01 nan
-8.300000000000000000e+01 -3.700000000000000000e+01 nan
-8.300000000000000000e+01 -3.600000000000000000e+01 nan
-8.300000000000000000e+01 -3.500000000000000000e+01 nan
-8.300000000000000000e+01 -3.400000000000000000e+01 nan
-8.300000000000000000e+01 -3.300000000000000000e+01 nan
-8.300000000000000000e+01 -3.200000000000000000e+01 nan
-8.300000000000000000e+01 -3.100000000000000000e+01 nan
-8.300000000000000000e+01 -3.000000000000000000e+01 nan
-8.200000000000000000e+01 -7.600000000000000000e+01 nan
-8.200000000000000000e+01 -7.500000000000000000e+01 nan
-8.200000000000000000e+01 -7.400000000000000000e+01 nan
-8.200000000000000000e+01 -7.300000000000000000e+01 nan
-8.200000000000000000e+01 -7.200000000000000000e+01 nan
-8.200000000000000000e+01 -7.100000000000000000e+01 nan
-8.200000000000000000e+01 -7.000000000000000000e+01 nan
-8.200000000000000000e+01 -6.900000000000000000e+01 nan
-8.200000000000000000e+01 -6.800000000000000000e+01 nan
-8.200000000000000000e+01 -6.700000000000000000e+01 nan
-8.200000000000000000e+01 -6.600000000000000000e+01 nan
-8.200000000000000000e+01 -6.500000000000000000e+01 nan
-8.200000000000000000e+01 -6.400000000000000000e+01 nan
-8.200000000000000000e+01 -6.300000000000000000e+01 nan
-8.200000000000000000e+01 -6.200000000000000000e+01 nan
-8.200000000000000000e+01 -6.100000000000000000e+01 nan
-8.200000000000000000e+01 -6.000000000000000000e+01 nan
-8.200000000000000000e+01 -5.900000000000000000e+01 nan
-8.200000000000000000e+01 -5.800000000000000000e+01 nan
-8.200000000000000000e+01 -5.700000000000000000e+01 nan
-8.200000000000000000e+01 -5.600000000000000000e+01 nan
-8.200000000000000000e+01 -5.500000000000000000e+01 nan
-8.200000000000000000e+01 -5.400000000000000000e+01 nan
-8.200000000000000000e+01 -5.300000000000000000e+01 nan
-8.200000000000000000e+01 -5.200000000000000000e+01 nan
-8.200000000000000000e+01 -5.100000000000000000e+01 nan
-8.200000000000000000e+01 -5.000000000000000000e+01 nan
-8.200000000000000000e+01 -4.900000000000000000e+01 nan
-8.200000000000000000e+01 -4.800000000000000000e+01 nan
-8.200000000000000000e+01 -4.700000000000000000e+01 nan
-8.200000000000000000e+01 -4.600000000000000000e+01 nan
-8.200000000000000000e+01 -4.500000000000000000e+01 nan
-8.200000000000000000e+01 -4.400000000000000000e+01 nan
-8.200000000000000000e+01 -4.300000000000000000e+01 nan
-8.200000000000000000e+01 -4.200000000000000000e+01 nan
-8.200000000000000000e+01 -4.100000000000000000e+01 nan
-8.200000000000000000e+01 -4.000000000000000000e+01 nan
-8.200000000000000000e+01 -3.900000000000000000e+01 nan
-8.200000000000000000e+01 -3.800000000000000000e+01 nan
-8.200000000000000000e+01 -3.700000000000000000e+01 nan
-8.200000000000000000e+01 -3.600000000000000000e+01 nan
-8.200000000000000000e+01 -3.500000000000000000e+01 nan
-8.200000000000000000e+01 -3.400000000000000000e+01 nan
-8.200000000000000000e+01 -3.300000000000000000e+01 nan
-8.200000000000000000e+01 -3.200000000000000000e+01 nan
-8.200000000000000000e+01 -3.100000000000000000e+01 nan
-8.200000000000000000e+01 -3.000000000000000000e+01 nan
-8.100000000000000000e+01 -7.600000000000000000e+01 nan
-8.100000000000000000e+01 -7.500000000000000000e+01 nan
-8.100000000000000000e+01 -7.400000000000000000e+01 nan
-8.100000000000000000e+01 -7.300000000000000000e+01 nan
-8.100000000000000000e+01 -7.200000000000000000e+01 nan
-8.100000000000000000e+01 -7.100000000000000000e+01 nan
-8.100000000000000000e+01 -7.000000000000000000e+01 nan
-8.100000000000000000e+01 -6.900000000000000000e+01 nan
-8.100000000000000000e+01 -6.800000000000000000e+01 nan
-8.100000000000000000e+01 -6.700000000000000000e+01 nan
-8.100000000000000000e+01 -6.600000000000000000e+01 nan
-8.100000000000000000e+01 -6.500000000000000000e+01 nan
-8.100000000000000000e+01 -6.400000000000000000e+01 nan
-8.100000000000000000e+01 -6.300000000000000000e+01 nan
-8.100000000000000000e+01 -6.200000000000000000e+01 nan
-8.100000000000000000e+01 -6.100000000000000000e+01 nan
-8.100000000000000000e+01 -6.000000000000000000e+01 nan
-8.100000000000000000e+01 -5.900000000000000000e+01 nan
-8.100000000000000000e+01 -5.800000000000000000e+01 nan
-8.100000000000000000e+01 -5.700000000000000000e+01 nan
-8.100000000000000000e+01 -5.600000000000000000e+01 nan
-8.100000000000000000e+01 -5.500000000000000000e+01 nan
-8.100000000000000000e+01 -5.400000000000000000e+01 nan
-8.100000000000000000e+01 -5.300000000000000000e+01 nan
-8.100000000000000000e+01 -5.200000000000000000e+01 nan
-8.100000000000000000e+01 -5.100000000000000000e+01 nan
-8.100000000000000000e+01 -5.000000000000000000e+01 nan
-8.100000000000000000e+01 -4.900000000000000000e+01 nan
-8.100000000000000000e+01 -4.800000000000000000e+01 nan
-8.100000000000000000e+01 -4.700000000000000000e+01 nan
-8.100000000000000000e+01 -4.600000000000000000e+01 nan
-8.100000000000000000e+01 -4.500000000000000000e+01 nan
-8.100000000000000000e+01 -4.400000000000000000e+01 nan
-8.100000000000000000e+01 -4.300000000000000000e+01 nan
-8.100000000000000000e+01 -4.200000000000000000e+01 nan
-8.100000000000000000e+01 -4.100000000000000000e+01 nan
-8.100000000000000000e+01 -4.000000000000000000e+01 nan
-8.100000000000000000e+01 -3.900000000000000000e+01 nan
-8.100000000000000000e+01 -3.800000000000000000e+01 nan
-8.100000000000000000e+01 -3.700000000000000000e+01 nan
-8.100000000000000000e+01 -3.600000000000000000e+01 nan
-8.100000000000000000e+01 -3.500000000000000000e+01 nan
-8.100000000000000000e+01 -3.400000000000000000e+01 nan
-8.100000000000000000e+01 -3.300000000000000000e+01 nan
-8.100000000000000000e+01 -3.200000000000000000e+01 nan
-8.100000000000000000e+01 -3.100000000000000000e+01 nan
-8.100000000000000000e+01 -3.000000000000000000e+01 nan
-8.000000000000000000e+01 -7.600000000000000000e+01 nan
-8.000000000000000000e+01 -7.500000000000000000e+01 nan
-8.000000000000000000e+01 -7.400000000000000000e+01 nan
-8.000000000000000000e+01 -7.300000000000000000e+01 nan
-8.000000000000000000e+01 -7.200000000000000000e+01 nan
-8.000000000000000000e+01 -7.100000000000000000e+01 nan
-8.000000000000000000e+01 -7.000000000000000000e+01 nan
-8.000000000000000000e+01 -6.900000000000000000e+01 nan
-8.000000000000000000e+01 -6.800000000000000000e+01 nan
-8.000000000000000000e+01 -6.700000000000000000e+01 nan
-8.000000000000000000e+01 -6.600000000000000000e+01 nan
-8.000000000000000000e+01 -6.500000000000000000e+01 nan
-8.000000000000000000e+01 -6.400000000000000000e+01 nan
-8.000000000000000000e+01 -6.300000000000000000e+01 nan
-8.000000000000000000e+01 -6.200000000000000000e+01 nan
-8.000000000000000000e+01 -6.100000000000000000e+01 nan
-8.000000000000000000e+01 -6.000000000000000000e+01 nan
-8.000000000000000000e+01 -5.900000000000000000e+01 nan
-8.000000000000000000e+01 -5.800000000000000000e+01 nan
-8.000000000000000000e+01 -5.700000000000000000e+01 nan
-8.000000000000000000e+01 -5.600000000000000000e+01 nan
-8.000000000000000000e+01 -5.500000000000000000e+01 nan
-8.000000000000000000e+01 -5.400000000000000000e+01 nan
-8.000000000000000000e+01 -5.300000000000000000e+01 nan
-8.000000000000000000e+01 -5.200000000000000000e+01 nan
-8.000000000000000000e+01 -5.100000000000000000e+01 nan
-8.000000000000000000e+01 -5.000000000000000000e+01 nan
-8.000000000000000000e+01 -4.900000000000000000e+01 nan
-8.000000000000000000e+01 -4.800000000000000000e+01 nan
-8.000000000000000000e+01 -4.700000000000000000e+01 nan
-8.000000000000000000e+01 -4.600000000000000000e+01 nan
-8.000000000000000000e+01 -4.500000000000000000e+01 nan
-8.000000000000000000e+01 -4.400000000000000000e+01 nan
-8.000000000000000000e+01 -4.300000000000000000e+01 nan
-8.000000000000000000e+01 -4.200000000000000000e+01 nan
-8.000000000000000000e+01 -4.100000000000000000e+01 nan
-8.000000000000000000e+01 -4.000000000000000000e+01 nan
-8.000000000000000000e+01 -3.900000000000000000e+01 nan
-8.000000000000000000e+01 -3.800000000000000000e+01 nan
-8.000000000000000000e+01 -3.700000000000000000e+01 nan
-8.000000000000000000e+01 -3.600000000000000000e+01 nan
-8.000000000000000000e+01 -3.500000000000000000e+01 nan
-8.000000000000000000e+01 -3.400000000000000000e+01 nan
-8.000000000000000000e+01 -3.300000000000000000e+01 nan
-8.000000000000000000e+01 -3.200000000000000000e+01 nan
-8.000000000000000000e+01 -3.100000000000000000e+01 nan
-8.000000000000000000e+01 -3.000000000000000000e+01 nan
-7.900000000000000000e+01 -7.600000000000000000e+01 nan
-7.900000000000000000e+01 -7.500000000000000000e+01 nan
-7.900000000000000000e+01 -7.400000000000000000e+01 nan
-7.900000000000000000e+01 -7.300000000000000000e+01 nan
-7.900000000000000000e+01 -7.200000000000000000e+01 nan
-7.900000000000000000e+01 -7.100000000000000000e+01 nan
-7.900000000000000000e+01 -7.000000000000000000e+01 nan
-7.900000000000000000e+01 -6.900000000000000000e+01 nan
-7.900000000000000000e+01 -6.800000000000000000e+01 nan
-7.900000000000000000e+01 -6.700000000000000000e+01 nan
-7.900000000000000000e+01 -6.600000000000000000e+01 nan
-7.900000000000000000e+01 -6.500000000000000000e+01 nan
-7.900000000000000000e+01 -6.400000000000000000e+01 nan
-7.900000000000000000e+01 -6.300000000000000000e+01 nan
-7.900000000000000000e+01 -6.200000000000000000e+01 nan
-7.900000000000000000e+01 -6.100000000000000000e+01 nan
-7.900000000000000000e+01 -6.000000000000000000e+01 nan
-7.900000000000000000e+01 -5.900000000000000000e+01 nan
-7.900000000000000000e+01 -5.800000000000000000e+01 nan
-7.900000000000000000e+01 -5.700000000000000000e+01 nan
-7.900000000000000000e+01 -5.600000000000000000e+01 nan
-7.900000000000000000e+01 -5.500000000000000000e+01 nan
-7.900000000000000000e+01 -5.400000000000000000e+01 nan
-7.900000000000000000e+01 -5.300000000000000000e+01 nan
-7.900000000000000000e+01 -5.200000000000000000e+01 nan
-7.900000000000000000e+01 -5.100000000000000000e+01 nan
-7.900000000000000000e+01 -5.000000000000000000e+01 nan
-7.900000000000000000e+01 -4.900000000000000000e+01 nan
-7.900000000000000000e+01 -4.800000000000000000e+01 nan
-7.900000000000000000e+01 -4.700000000000000000e+01 nan
-7.900000000000000000e+01 -4.600000000000000000e+01 nan
-7.900000000000000000e+01 -4.500000000000000000e+01 nan
-7.900000000000000000e+01 -4.400000000000000000e+01 nan
-7.900000000000000000e+01 -4.300000000000000000e+01 nan
-7.900000000000000000e+01 -4.200000000000000000e+01 nan
-7.900000000000000000e+01 -4.100000000000000000e+01 nan
-7.900000000000000000e+01 -4.000000000000000000e+01 nan
-7.900000000000000000e+01 -3.900000000000000000e+01 nan
-7.900000000000000000e+01 -3.800000000000000000e+01 nan
-7.900000000000000000e+01 -3.700000000000000000e+01 nan
-7.900000000000000000e+01 -3.600000000000000000e+01 nan
-7.900000000000000000e+01 -3.500000000000000000e+01 nan
-7.900000000000000000e+01 -3.400000000000000000e+01 nan
-7.900000000000000000e+01 -3.300000000000000000e+01 nan
-7.900000000000000000e+01 -3.200000000000000000e+01 nan
-7.900000000000000000e+01 -3.100000000000000000e+01 nan
-7.900000000000000000e+01 -3.000000000000000000e+01 nan
-7.800000000000000000e+01 -7.600000000000000000e+01 nan
-7.800000000000000000e+01 -7.500000000000000000e+01 nan
-7.800000000000000000e+01 -7.400000000000000000e+01 nan
-7.800000000000000000e+01 -7.300000000000000000e+01 nan
-7.800000000000000000e+01 -7.200000000000000000e+01 nan
-7.800000000000000000e+01 -7.100000000000000000e+01 nan
-7.800000000000000000e+01 -7.000000000000000000e+01 nan
-7.800000000000000000e+01 -6.900000000000000000e+01 nan
-7.800000000000000000e+01 -6.800000000000000000e+01 nan
-7.800000000000000000e+01 -6.700000000000000000e+01 nan
-7.800000000000000000e+01 -6.600000000000000000e+01 nan
-7.800000000000000000e+01 -6.500000000000000000e+01 nan
-7.800000000000000000e+01 -6.400000000000000000e+01 nan
-7.800000000000000000e+01 -6.300000000000000000e+01 nan
-7.800000000000000000e+01 -6.200000000000000000e+01 nan
-7.800000000000000000e+01 -6.100000000000000000e+01 nan
-7.800000000000000000e+01 -6.000000000000000000e+01 nan
-7.800000000000000000e+01 -5.900000000000000000e+01 nan
-7.800000000000000000e+01 -5.800000000000000000e+01 nan
-7.800000000000000000e+01 -5.700000000000000000e+01 nan
-7.800000000000000000e+01 -5.600000000000000000e+01 nan
-7.800000000000000000e+01 -5.500000000000000000e+01 nan
-7.800000000000000000e+01 -5.400000000000000000e+01 nan
-7.800000000000000000e+01 -5.300000000000000000e+01 nan
-7.800000000000000000e+01 -5.200000000000000000e+01 nan
-7.800000000000000000e+01 -5.100000000000000000e+01 nan
-7.800000000000000000e+01 -5.000000000000000000e+01 nan
-7.800000000000000000e+01 -4.900000000000000000e+01 nan
-7.800000000000000000e+01 -4.800000000000000000e+01 nan
-7.800000000000000000e+01 -4.700000000000000000e+01 nan
-7.800000000000000000e+01 -4.600000000000000000e+01 nan
-7.800000000000000000e+01 -4.500000000000000000e+01 nan
-7.800000000000000000e+01 -4.400000000000000000e+01 nan
-7.800000000000000000e+01 -4.300000000000000000e+01 nan
-7.800000000000000000e+01 -4.200000000000000000e+01 nan
-7.800000000000000000e+01 -4.100000000000000000e+01 nan
-7.800000000000000000e+01 -4.000000000000000000e+01 nan
-7.800000000000000000e+01 -3.900000000000000000e+01 nan
-7.800000000000000000e+01 -3.800000000000000000e+01 nan
-7.800000000000000000e+01 -3.700000000000000000e+01 nan
-7.800000000000000000e+01 -3.600000000000000000e+01 nan
-7.800000000000000000e+01 -3.500000000000000000e+01 nan
-7.800000000000000000e+01 -3.400000000000000000e+01 nan
-7.800000000000000000e+01 -3.300000000000000000e+01 nan
-7.800000000000000000e+01 -3.200000000000000000e+01 nan
-7.800000000000000000e+01 -3.100000000000000000e+01 nan
-7.800000000000000000e+01 -3.000000000000000000e+01 nan
-7.700000000000000000e+01 -7.600000000000000000e+01 nan
-7.700000000000000000e+01 -7.500000000000000000e+01 nan
-7.700000000000000000e+01 -7.400000000000000000e+01 nan
-7.700000000000000000e+01 -7.300000000000000000e+01 nan
-7.700000000000000000e+01 -7.200000000000000000e+01 nan
-7.700000000000000000e+01 -7.100000000000000000e+01 nan
-7.700000000000000000e+01 -7.000000000000000000e+01 nan
-7.700000000000000000e+01 -6.900000000000000000e+01 nan
-7.700000000000000000e+01 -6.800000000000000000e+01 nan
-7.700000000000000000e+01 -6.700000000000000000e+01 nan
-7.700000000000000000e+01 -6.600000000000000000e+01 nan
-7.700000000000000000e+01 -6.500000000000000000e+01 nan
-7.700000000000000000e+01 -6.400000000000000000e+01 nan
-7.700000000000000000e+01 -6.300000000000000000e+01 nan
-7.700000000000000000e+01 -6.200000000000000000e+01 nan
-7.700000000000000000e+01 -6.100000000000000000e+01 nan
-7.700000000000000000e+01 -6.000000000000000000e+01 nan
-7.700000000000000000e+01 -5.900000000000000000e+01 nan
-7.700000000000000000e+01 -5.800000000000000000e+01 nan
-7.700000000000000000e+01 -5.700000000000000000e+01 nan
-7.700000000000000000e+01 -5.600000000000000000e+01 nan
-7.700000000000000000e+01 -5.500000000000000000e+01 nan
-7.700000000000000000e+01 -5.400000000000000000e+01 nan
-7.700000000000000000e+01 -5.300000000000000000e+01 nan
-7.700000000000000000e+01 -5.200000000000000000e+01 nan
-7.700000000000000000e+01 -5.100000000000000000e+01 nan
-7.700000000000000000e+01 -5.000000000000000000e+01 nan
-7.700000000000000000e+01 -4.900000000000000000e+01 nan
-7.700000000000000000e+01 -4.800000000000000000e+01 nan
-7.700000000000000000e+01 -4.700000000000000000e+01 nan
-7.700000000000000000e+01 -4.600000000000000000e+01 nan
-7.700000000000000000e+01 -4.500000000000000000e+01 nan
-7.700000000000000000e+01 -4.400000000000000000e+01 nan
-7.700000000000000000e+01 -4.300000000000000000e+01 nan
-7.700000000000000000e+01 -4.200000000000000000e+01 nan
-7.700000000000000000e+01 -4.100000000000000000e+01 nan
-7.700000000000000000e+01 -4.000000000000000000e+01 nan
-7.700000000000000000e+01 -3.900000000000000000e+01 nan
-7.700000000000000000e+01 -3.800000000000000000e+01 nan
-7.700000000000000000e+01 -3.700000000000000000e+01 nan
-7.700000000000000000e+01 -3.600000000000000000e+01 nan
-7.700000000000000000e+01 -3.500000000000000000e+01 nan
-7.700000000000000000e+01 -3.400000000000000000e+01 nan
-7.700000000000000000e+01 -3.300000000000000000e+01 nan
-7.700000000000000000e+01 -3.200000000000000000e+01 nan
-7.700000000000000000e+01 -3.100000000000000000e+01 nan
-7.700000000000000000e+01 -3.000000000000000000e+01 nan
-7.600000000000000000e+01 -7.600000000000000000e+01 nan
-7.600000000000000000e+01 -7.500000000000000000e+01 nan
-7.600000000000000000e+01 -7.400000000000000000e+01 nan
-7.600000000000000000e+01 -7.300000000000000000e+01 nan
-7.600000000000000000e+01 -7.200000000000000000e+01 nan
-7.600000000000000000e+01 -7.100000000000000000e+01 nan
-7.600000000000000000e+01 -7.000000000000000000e+01 nan
-7.600000000000000000e+01 -6.900000000000000000e+01 nan
-7.600000000000000000e+01 -6.800000000000000000e+01 nan
-7.600000000000000000e+01 -6.700000000000000000e+01 nan
-7.600000000000000000e+01 -6.600000000000000000e+01 nan
-7.600000000000000000e+01 -6.500000000000000000e+01 nan
-7.600000000000000000e+01 -6.400000000000000000e+01 nan
-7.600000000000000000e+01 -6.300000000000000000e+01 nan
-7.600000000000000000e+01 -6.200000000000000000e+01 nan
-7.600000000000000000e+01 -6.100000000000000000e+01 nan
-7.600000000000000000e+01 -6.000000000000000000e+01 1.582141162017351332e+00
-7.600000000000000000e+01 -5.900000000000000000e+01 1.556009118095878163e+00
-7.600000000000000000e+01 -5.800000000000000000e+01 1.541458274453507027e+00
-7.600000000000000000e+01 -5.700000000000000000e+01 1.603999447732229244e+00
-7.600000000000000000e+01 -5.600000000000000000e+01 1.651214494971037894e+00
-7.600000000000000000e+01 -5.500000000000000000e+01 1.490355708455512795e+00
-7.600000000000000000e+01 -5.400000000000000000e+01 nan
-7.600000000000000000e+01 -5.300000000000000000e+01 nan
-7.600000000000000000e+01 -5.200000000000000000e+01 nan
-7.600000000000000000e+01 -5.100000000000000000e+01 nan
-7.600000000000000000e+01 -5.000000000000000000e+01 nan
-7.600000000000000000e+01 -4.900000000000000000e+01 nan
-7.600000000000000000e+01 -4.800000000000000000e+01 nan
-7.600000000000000000e+01 -4.700000000000000000e+01 nan
-7.600000000000000000e+01 -4.600000000000000000e+01 nan
-7.600000000000000000e+01 -4.500000000000000000e+01 nan
-7.600000000000000000e+01 -4.400000000000000000e+01 nan
-7.600000000000000000e+01 -4.300000000000000000e+01 nan
-7.600000000000000000e+01 -4.200000000000000000e+01 nan
-7.600000000000000000e+01 -4.100000000000000000e+01 nan
-7.600000000000000000e+01 -4.000000000000000000e+01 nan
-7.600000000000000000e+01 -3.900000000000000000e+01 nan
-7.600000000000000000e+01 -3.800000000000000000e+01 nan
-7.600000000000000000e+01 -3.700000000000000000e+01 nan
-7.600000000000000000e+01 -3.600000000000000000e+01 nan
-7.600000000000000000e+01 -3.500000000000000000e+01 nan
-7.600000000000000000e+01 -3.400000000000000000e+01 nan
-7.600000000000000000e+01 -3.300000000000000000e+01 nan
-7.600000000000000000e+01 -3.200000000000000000e+01 nan
-7.600000000000000000e+01 -3.100000000000000000e+01 nan
-7.600000000000000000e+01 -3.000000000000000000e+01 nan
-7.500000000000000000e+01 -7.600000000000000000e+01 nan
-7.500000000000000000e+01 -7.500000000000000000e+01 nan
-7.500000000000000000e+01 -7.400000000000000000e+01 nan
-7.500000000000000000e+01 -7.300000000000000000e+01 nan
-7.500000000000000000e+01 -7.200000000000000000e+01 nan
-7.500000000000000000e+01 -7.100000000000000000e+01 nan
-7.500000000000000000e+01 -7.000000000000000000e+01 nan
-7.500000000000000000e+01 -6.900000000000000000e+01 nan
-7.500000000000000000e+01 -6.800000000000000000e+01 nan
-7.500000000000000000e+01 -6.700000000000000000e+01 nan
-7.500000000000000000e+01 -6.600000000000000000e+01 nan
-7.500000000000000000e+01 -6.500000000000000000e+01 nan
-7.500000000000000000e+01 -6.400000000000000000e+01 nan
-7.500000000000000000e+01 -6.300000000000000000e+01 nan
-7.500000000000000000e+01 -6.200000000000000000e+01 nan
-7.500000000000000000e+01 -6.100000000000000000e+01 nan
-7.500000000000000000e+01 -6.000000000000000000e+01 1.582141162017351332e+00
-7.500000000000000000e+01 -5.900000000000000000e+01 1.556009118095878163e+00
-7.500000000000000000e+01 -5.800000000000000000e+01 1.541458274453507027e+00
-7.500000000000000000e+01 -5.700000000000000000e+01 1.606024547764624222e+00
-7.500000000000000000e+01 -5.600000000000000000e+01 1.647387419294683797e+00
-7.500000000000000000e+01 -5.500000000000000000e+01 1.521694563968346126e+00
-7.500000000000000000e+01 -5.400000000000000000e+01 1.398457492679952452e+00
-7.500000000000000000e+01 -5.300000000000000000e+01 1.152169775101332228e+00
-7.500000000000000000e+01 -5.200000000000000000e+01 1.098251822078694317e+00
-7.500000000000000000e+01 -5.100000000000000000e+01 9.302065192397589444e-01
-7.500000000000000000e+01 -5.000000000000000000e+01 9.072489246975097288e-01
-7.500000000000000000e+01 -4.900000000000000000e+01 8.805597972334682222e-01
-7.500000000000000000e+01 -4.800000000000000000e+01 8.657454459723650242e-01
-7.500000000000000000e+01 -4.700000000000000000e+01 8.949698547494995271e-01
-7.500000000000000000e+01 -4.600000000000000000e+01 8.556417023910426467e-01
-7.500000000000000000e+01 -4.500000000000000000e+01 9.272632733690748807e-01
-7.500000000000000000e+01 -4.400000000000000000e+01 1.041794703601363947e+00
-7.500000000000000000e+01 -4.300000000000000000e+01 1.190133699393543854e+00
-7.500000000000000000e+01 -4.200000000000000000e+01 1.150941412722951140e+00
-7.500000000000000000e+01 -4.100000000000000000e+01 1.196526689564963553e+00
-7.500000000000000000e+01 -4.000000000000000000e+01 1.233322095201035529e+00
-7.500000000000000000e+01 -3.900000000000000000e+01 1.210051765433653115e+00
-7.500000000000000000e+01 -3.800000000000000000e+01 1.302367888415053576e+00
-7.500000000000000000e+01 -3.700000000000000000e+01 1.397820322559372164e+00
-7.500000000000000000e+01 -3.600000000000000000e+01 1.587055016611648384e+00
-7.500000000000000000e+01 -3.500000000000000000e+01 1.734024277101939182e+00
-7.500000000000000000e+01 -3.400000000000000000e+01 2.262918524642286489e+00
-7.500000000000000000e+01 -3.300000000000000000e+01 2.401469261091779384e+00
-7.500000000000000000e+01 -3.200000000000000000e+01 2.416093615027339769e+00
-7.500000000000000000e+01 -3.100000000000000000e+01 2.787672516514219101e+00
-7.500000000000000000e+01 -3.000000000000000000e+01 nan
-7.400000000000000000e+01 -7.600000000000000000e+01 nan
-7.400000000000000000e+01 -7.500000000000000000e+01 nan
-7.400000000000000000e+01 -7.400000000000000000e+01 nan
-7.400000000000000000e+01 -7.300000000000000000e+01 nan
-7.400000000000000000e+01 -7.200000000000000000e+01 nan
-7.400000000000000000e+01 -7.100000000000000000e+01 nan
-7.400000000000000000e+01 -7.000000000000000000e+01 nan
-7.400000000000000000e+01 -6.900000000000000000e+01 nan
-7.400000000000000000e+01 -6.800000000000000000e+01 nan
-7.400000000000000000e+01 -6.700000000000000000e+01 nan
-7.400000000000000000e+01 -6.600000000000000000e+01 nan
-7.400000000000000000e+01 -6.500000000000000000e+01 nan
-7.400000000000000000e+01 -6.400000000000000000e+01 nan
-7.400000000000000000e+01 -6.300000000000000000e+01 nan
-7.400000000000000000e+01 -6.200000000000000000e+01 nan
-7.400000000000000000e+01 -6.100000000000000000e+01 nan
-7.400000000000000000e+01 -6.000000000000000000e+01 nan
-7.400000000000000000e+01 -5.900000000000000000e+01 nan
-7.400000000000000000e+01 -5.800000000000000000e+01 nan
-7.400000000000000000e+01 -5.700000000000000000e+01 nan
-7.400000000000000000e+01 -5.600000000000000000e+01 1.615202726474051609e+00
-7.400000000000000000e+01 -5.500000000000000000e+01 1.540667898971336491e+00
-7.400000000000000000e+01 -5.400000000000000000e+01 1.396444283387237473e+00
-7.400000000000000000e+01 -5.300000000000000000e+01 1.152169775101332228e+00
-7.400000000000000000e+01 -5.200000000000000000e+01 1.098251822078694317e+00
-7.400000000000000000e+01 -5.100000000000000000e+01 9.302065192397589444e-01
-7.400000000000000000e+01 -5.000000000000000000e+01 9.072489246975097288e-01
-7.400000000000000000e+01 -4.900000000000000000e+01 8.805597972334682222e-01
-7.400000000000000000e+01 -4.800000000000000000e+01 8.657454459723650242e-01
-7.400000000000000000e+01 -4.700000000000000000e+01 8.949698547494995271e-01
-7.400000000000000000e+01 -4.600000000000000000e+01 8.556417023910426467e-01
-7.400000000000000000e+01 -4.500000000000000000e+01 9.272632733690748807e-01
-7.400000000000000000e+01 -4.400000000000000000e+01 1.041794703601363947e+00
-7.400000000000000000e+01 -4.300000000000000000e+01 1.190133699393543854e+00
-7.400000000000000000e+01 -4.200000000000000000e+01 1.150941412722951140e+00
-7.400000000000000000e+01 -4.100000000000000000e+01 1.196526689564963553e+00
-7.400000000000000000e+01 -4.000000000000000000e+01 1.233322095201035529e+00
-7.400000000000000000e+01 -3.900000000000000000e+01 1.210533130962634152e+00
-7.400000000000000000e+01 -3.800000000000000000e+01 1.307016541179704339e+00
-7.400000000000000000e+01 -3.700000000000000000e+01 1.585229080267670065e+00
-7.400000000000000000e+01 -3.600000000000000000e+01 1.591500039696021940e+00
-7.400000000000000000e+01 -3.500000000000000000e+01 1.787564320498260306e+00
-7.400000000000000000e+01 -3.400000000000000000e+01 2.286101527150183887e+00
-7.400000000000000000e+01 -3.300000000000000000e+01 2.408175354254145972e+00
-7.400000000000000000e+01 -3.200000000000000000e+01 2.518745812449223465e+00
-7.400000000000000000e+01 -3.100000000000000000e+01 2.816438437128719663e+00
-7.400000000000000000e+01 -3.000000000000000000e+01 nan
-7.300000000000000000e+01 -7.600000000000000000e+01 nan
-7.300000000000000000e+01 -7.500000000000000000e+01 nan
-7.300000000000000000e+01 -7.400000000000000000e+01 nan
-7.300000000000000000e+01 -7.300000000000000000e+01 nan
-7.300000000000000000e+01 -7.200000000000000000e+01 nan
-7.300000000000000000e+01 -7.100000000000000000e+01 nan
-7.300000000000000000e+01 -7.000000000000000000e+01 nan
-7.300000000000000000e+01 -6.900000000000000000e+01 nan
-7.300000000000000000e+01 -6.800000000000000000e+01 nan
-7.300000000000000000e+01 -6.700000000000000000e+01 nan
-7.300000000000000000e+01 -6.600000000000000000e+01 nan
-7.300000000000000000e+01 -6.500000000000000000e+01 nan
-7.300000000000000000e+01 -6.400000000000000000e+01 nan
-7.300000000000000000e+01 -6.300000000000000000e+01 nan
-7.300000000000000000e+01 -6.200000000000000000e+01 nan
-7.300000000000000000e+01 -6.100000000000000000e+01 nan
-7.300000000000000000e+01 -6.000000000000000000e+01 nan
-7.300000000000000000e+01 -5.900000000000000000e+01 nan
-7.300000000000000000e+01 -5.800000000000000000e+01 nan
-7.300000000000000000e+01 -5.700000000000000000e+01 nan
-7.300000000000000000e+01 -5.600000000000000000e+01 nan
-7.300000000000000000e+01 -5.500000000000000000e+01 nan
-7.300000000000000000e+01 -5.400000000000000000e+01 nan
-7.300000000000000000e+01 -5.300000000000000000e+01 nan
-7.300000000000000000e+01 -5.200000000000000000e+01 nan
-7.300000000000000000e+01 -5.100000000000000000e+01 nan
-7.300000000000000000e+01 -5.000000000000000000e+01 nan
-7.300000000000000000e+01 -4.900000000000000000e+01 nan
-7.300000000000000000e+01 -4.800000000000000000e+01 nan
-7.300000000000000000e+01 -4.700000000000000000e+01 nan
-7.300000000000000000e+01 -4.600000000000000000e+01 nan
-7.300000000000000000e+01 -4.500000000000000000e+01 nan
-7.300000000000000000e+01 -4.400000000000000000e+01 nan
-7.300000000000000000e+01 -4.300000000000000000e+01 nan
-7.300000000000000000e+01 -4.200000000000000000e+01 nan
-7.300000000000000000e+01 -4.100000000000000000e+01 nan
-7.300000000000000000e+01 -4.000000000000000000e+01 nan
-7.300000000000000000e+01 -3.900000000000000000e+01 nan
-7.300000000000000000e+01 -3.800000000000000000e+01 1.407616126826350733e+00
-7.300000000000000000e+01 -3.700000000000000000e+01 1.678408280001876474e+00
-7.300000000000000000e+01 -3.600000000000000000e+01 1.603219467732417414e+00
-7.300000000000000000e+01 -3.500000000000000000e+01 1.870334152298503527e+00
-7.300000000000000000e+01 -3.400000000000000000e+01 2.315867317559395566e+00
-7.300000000000000000e+01 -3.300000000000000000e+01 2.409301023618243942e+00
-7.300000000000000000e+01 -3.200000000000000000e+01 2.585071019367633838e+00
-7.300000000000000000e+01 -3.100000000000000000e+01 2.825138749638249624e+00
-7.300000000000000000e+01 -3.000000000000000000e+01 nan
