Longitude[deg], Latitude[deg], Dust optical depth
-1.900000000000000000e+01 -1.700000000000000000e+01 nan
-1.900000000000000000e+01 -1.600000000000000000e+01 nan
-1.900000000000000000e+01 -1.500000000000000000e+01 nan
-1.900000000000000000e+01 -1.400000000000000000e+01 nan
-1.900000000000000000e+01 -1.300000000000000000e+01 nan
-1.900000000000000000e+01 -1.200000000000000000e+01 nan
-1.900000000000000000e+01 -1.100000000000000000e+01 nan
-1.900000000000000000e+01 -1.000000000000000000e+01 4.570483328057240335e+00
-1.900000000000000000e+01 -9.000000000000000000e+00 4.006769798308424946e+00
-1.900000000000000000e+01 -8.000000000000000000e+00 3.731316899179141000e+00
-1.900000000000000000e+01 -7.000000000000000000e+00 3.751562829460281190e+00
-1.900000000000000000e+01 -6.000000000000000000e+00 3.706066660644256050e+00
-1.900000000000000000e+01 -5.000000000000000000e+00 3.614303762002155640e+00
-1.900000000000000000e+01 -4.000000000000000000e+00 3.433724172767304239e+00
-1.900000000000000000e+01 -3.000000000000000000e+00 3.327071463936511542e+00
-1.900000000000000000e+01 -2.000000000000000000e+00 3.122408475959593588e+00
-1.900000000000000000e+01 -1.000000000000000000e+00 nan
-1.900000000000000000e+01 0.000000000000000000e+00 nan
-1.800000000000000000e+01 -1.700000000000000000e+01 5.072435820236437465e+00
-1.800000000000000000e+01 -1.600000000000000000e+01 5.250380251793469455e+00
-1.800000000000000000e+01 -1.500000000000000000e+01 5.522835068214081211e+00
-1.800000000000000000e+01 -1.400000000000000000e+01 5.766575306083586483e+00
-1.800000000000000000e+01 -1.300000000000000000e+01 5.688826826382694435e+00
-1.800000000000000000e+01 -1.200000000000000000e+01 5.309428669089228059e+00
-1.800000000000000000e+01 -1.100000000000000000e+01 4.968936877454201984e+00
-1.800000000000000000e+01 -1.000000000000000000e+01 4.661340923342386589e+00
-1.800000000000000000e+01 -9.000000000000000000e+00 4.174936224242468796e+00
-1.800000000000000000e+01 -8.000000000000000000e+00 3.873764085964598092e+00
-1.800000000000000000e+01 -7.000000000000000000e+00 3.798020644124857181e+00
-1.800000000000000000e+01 -6.000000000000000000e+00 3.693938292573271998e+00
-1.800000000000000000e+01 -5.000000000000000000e+00 3.633026740683789058e+00
-1.800000000000000000e+01 -4.000000000000000000e+00 3.479614751946592310e+00
-1.800000000000000000e+01 -3.000000000000000000e+00 3.363999645118923354e+00
-1.800000000000000000e+01 -2.000000000000000000e+00 3.210135721531407249e+00
-1.800000000000000000e+01 -1.000000000000000000e+00 3.060866398238940800e+00
-1.800000000000000000e+01 0.000000000000000000e+00 nan
-1.700000000000000000e+01 -1.700000000000000000e+01 5.027763485023212908e+00
-1.700000000000000000e+01 -1.600000000000000000e+01 5.185452098919431485e+00
-1.700000000000000000e+01 -1.500000000000000000e+01 5.461551377514831884e+00
-1.700000000000000000e+01 -1.400000000000000000e+01 5.724219701625935741e+00
-1.700000000000000000e+01 -1.300000000000000000e+01 5.687275932649179744e+00
-1.700000000000000000e+01 -1.200000000000000000e+01 5.285020118193989092e+00
-1.700000000000000000e+01 -1.100000000000000000e+01 4.928557317942177995e+00
-1.700000000000000000e+01 -1.000000000000000000e+01 4.601062829287751121e+00
-1.700000000000000000e+01 -9.000000000000000000e+00 4.215310005740126265e+00
-1.700000000000000000e+01 -8.000000000000000000e+00 4.043485709535407757e+00
-1.700000000000000000e+01 -7.000000000000000000e+00 3.950609726093701202e+00
-1.700000000000000000e+01 -6.000000000000000000e+00 3.698381679075509521e+00
-1.700000000000000000e+01 -5.000000000000000000e+00 3.620755175012650984e+00
-1.700000000000000000e+01 -4.000000000000000000e+00 3.468338697092514522e+00
-1.700000000000000000e+01 -3.000000000000000000e+00 3.383770614041331726e+00
-1.700000000000000000e+01 -2.000000000000000000e+00 3.269840231754457704e+00
-1.700000000000000000e+01 -1.000000000000000000e+00 3.148175636788308918e+00
-1.700000000000000000e+01 0.000000000000000000e+00 nan
-1.600000000000000000e+01 -1.700000000000000000e+01 4.958486240757098429e+00
-1.600000000000000000e+01 -1.600000000000000000e+01 5.068389388370612814e+00
-1.600000000000000000e+01 -1.500000000000000000e+01 5.277403388520485628e+00
-1.600000000000000000e+01 -1.400000000000000000e+01 5.690115422555280134e+00
-1.600000000000000000e+01 -1.300000000000000000e+01 5.683732440199795732e+00
-1.600000000000000000e+01 -1.200000000000000000e+01 5.010472141897277076e+00
-1.600000000000000000e+01 -1.100000000000000000e+01 4.621132215439391899e+00
-1.600000000000000000e+01 -1.000000000000000000e+01 4.323026428498130791e+00
-1.600000000000000000e+01 -9.000000000000000000e+00 4.216522935569110508e+00
-1.600000000000000000e+01 -8.000000000000000000e+00 4.169583145871095908e+00
-1.600000000000000000e+01 -7.000000000000000000e+00 4.059055197330279086e+00
-1.600000000000000000e+01 -6.000000000000000000e+00 3.729838804923538476e+00
-1.600000000000000000e+01 -5.000000000000000000e+00 3.433838619856202534e+00
-1.600000000000000000e+01 -4.000000000000000000e+00 3.381712202638890385e+00
-1.600000000000000000e+01 -3.000000000000000000e+00 3.401865421627781050e+00
-1.600000000000000000e+01 -2.000000000000000000e+00 3.334497366055659828e+00
-1.600000000000000000e+01 -1.000000000000000000e+00 nan
-1.600000000000000000e+01 0.000000000000000000e+00 nan
