Longitude[deg], Latitude[deg], Dust optical depth
1.700000000000000000e+02 1.000000000000000000e+01 nan
1.700000000000000000e+02 1.100000000000000000e+01 nan
1.700000000000000000e+02 1.200000000000000000e+01 nan
1.700000000000000000e+02 1.300000000000000000e+01 nan
1.700000000000000000e+02 1.400000000000000000e+01 nan
1.700000000000000000e+02 1.500000000000000000e+01 nan
1.700000000000000000e+02 1.600000000000000000e+01 nan
1.700000000000000000e+02 1.700000000000000000e+01 nan
1.700000000000000000e+02 1.800000000000000000e+01 nan
1.700000000000000000e+02 1.900000000000000000e+01 5.574800184661621749e+00
1.700000000000000000e+02 2.000000000000000000e+01 5.390511287817585817e+00
1.700000000000000000e+02 2.100000000000000000e+01 5.166999202149359149e+00
1.700000000000000000e+02 2.200000000000000000e+01 5.097656806844103272e+00
1.700000000000000000e+02 2.300000000000000000e+01 5.054833401131538118e+00
1.700000000000000000e+02 2.400000000000000000e+01 nan
1.710000000000000000e+02 1.000000000000000000e+01 nan
1.710000000000000000e+02 1.100000000000000000e+01 5.703880971953783963e+00
1.710000000000000000e+02 1.200000000000000000e+01 5.790864264192346234e+00
1.710000000000000000e+02 1.300000000000000000e+01 5.849204176732219373e+00
1.710000000000000000e+02 1.400000000000000000e+01 5.721796997431052745e+00
1.710000000000000000e+02 1.500000000000000000e+01 5.604555091925006671e+00
1.710000000000000000e+02 1.600000000000000000e+01 5.503106061930147064e+00
1.710000000000000000e+02 1.700000000000000000e+01 5.509111199551107951e+00
1.710000000000000000e+02 1.800000000000000000e+01 5.454127548615518961e+00
1.710000000000000000e+02 1.900000000000000000e+01 5.429243637849762827e+00
1.710000000000000000e+02 2.000000000000000000e+01 5.326615101112244233e+00
1.710000000000000000e+02 2.100000000000000000e+01 5.138895802659006584e+00
1.710000000000000000e+02 2.200000000000000000e+01 5.064019236764561782e+00
1.710000000000000000e+02 2.300000000000000000e+01 5.028608040354787256e+00
1.710000000000000000e+02 2.400000000000000000e+01 nan
1.720000000000000000e+02 1.000000000000000000e+01 nan
1.720000000000000000e+02 1.100000000000000000e+01 5.665004376863326030e+00
1.720000000000000000e+02 1.200000000000000000e+01 5.741512383778739625e+00
1.720000000000000000e+02 1.300000000000000000e+01 5.820972480619598599e+00
1.720000000000000000e+02 1.400000000000000000e+01 5.731575061279698957e+00
1.720000000000000000e+02 1.500000000000000000e+01 5.622634634876540360e+00
1.720000000000000000e+02 1.600000000000000000e+01 5.526566090636956474e+00
1.720000000000000000e+02 1.700000000000000000e+01 5.497075167140798690e+00
1.720000000000000000e+02 1.800000000000000000e+01 5.476963429490953494e+00
1.720000000000000000e+02 1.900000000000000000e+01 5.427591702015648778e+00
1.720000000000000000e+02 2.000000000000000000e+01 5.283145576713755176e+00
1.720000000000000000e+02 2.100000000000000000e+01 5.119884277367009240e+00
1.720000000000000000e+02 2.200000000000000000e+01 5.050556312480409815e+00
1.720000000000000000e+02 2.300000000000000000e+01 4.988475519981066419e+00
1.720000000000000000e+02 2.400000000000000000e+01 nan
1.730000000000000000e+02 1.000000000000000000e+01 nan
1.730000000000000000e+02 1.100000000000000000e+01 5.610626542676614648e+00
1.730000000000000000e+02 1.200000000000000000e+01 5.705002586517952778e+00
1.730000000000000000e+02 1.300000000000000000e+01 5.811616918267089815e+00
1.730000000000000000e+02 1.400000000000000000e+01 5.736680315947479514e+00
1.730000000000000000e+02 1.500000000000000000e+01 5.604942049931553427e+00
1.730000000000000000e+02 1.600000000000000000e+01 5.542408328034731824e+00
1.730000000000000000e+02 1.700000000000000000e+01 5.484330153966650911e+00
1.730000000000000000e+02 1.800000000000000000e+01 5.455241669101818403e+00
1.730000000000000000e+02 1.900000000000000000e+01 5.447739551358525389e+00
1.730000000000000000e+02 2.000000000000000000e+01 5.324537770643075874e+00
1.730000000000000000e+02 2.100000000000000000e+01 5.180655024612353721e+00
1.730000000000000000e+02 2.200000000000000000e+01 5.076536289215745512e+00
1.730000000000000000e+02 2.300000000000000000e+01 5.014438894953629600e+00
1.730000000000000000e+02 2.400000000000000000e+01 5.018374533423279438e+00
1.740000000000000000e+02 1.000000000000000000e+01 nan
1.740000000000000000e+02 1.100000000000000000e+01 5.575854563743877890e+00
1.740000000000000000e+02 1.200000000000000000e+01 5.673825470987798880e+00
1.740000000000000000e+02 1.300000000000000000e+01 5.802646457842733696e+00
1.740000000000000000e+02 1.400000000000000000e+01 5.734900001056838725e+00
1.740000000000000000e+02 1.500000000000000000e+01 5.565433650575792868e+00
1.740000000000000000e+02 1.600000000000000000e+01 5.531927445264082976e+00
1.740000000000000000e+02 1.700000000000000000e+01 5.520419459891876102e+00
1.740000000000000000e+02 1.800000000000000000e+01 5.433143425369643786e+00
1.740000000000000000e+02 1.900000000000000000e+01 5.439293927766494008e+00
1.740000000000000000e+02 2.000000000000000000e+01 5.397541619872443519e+00
1.740000000000000000e+02 2.100000000000000000e+01 5.216974205745620097e+00
1.740000000000000000e+02 2.200000000000000000e+01 5.087882802555840911e+00
1.740000000000000000e+02 2.300000000000000000e+01 5.050711722625603528e+00
1.740000000000000000e+02 2.400000000000000000e+01 5.086439511364192256e+00
1.750000000000000000e+02 1.000000000000000000e+01 nan
1.750000000000000000e+02 1.100000000000000000e+01 5.605099448307008458e+00
1.750000000000000000e+02 1.200000000000000000e+01 5.662773333885077420e+00
1.750000000000000000e+02 1.300000000000000000e+01 5.792296571047208076e+00
1.750000000000000000e+02 1.400000000000000000e+01 5.726063528484713672e+00
1.750000000000000000e+02 1.500000000000000000e+01 5.558710833189074663e+00
1.750000000000000000e+02 1.600000000000000000e+01 5.536430678455331211e+00
1.750000000000000000e+02 1.700000000000000000e+01 5.551442696062078852e+00
1.750000000000000000e+02 1.800000000000000000e+01 5.467922060718441557e+00
1.750000000000000000e+02 1.900000000000000000e+01 5.440484693779547243e+00
1.750000000000000000e+02 2.000000000000000000e+01 5.416195578466986404e+00
1.750000000000000000e+02 2.100000000000000000e+01 5.140428421145588622e+00
1.750000000000000000e+02 2.200000000000000000e+01 5.061351168164539338e+00
1.750000000000000000e+02 2.300000000000000000e+01 5.099631028057697080e+00
1.750000000000000000e+02 2.400000000000000000e+01 nan
