Longitude[deg], Latitude[deg], Dust optical depth
2.300000000000000000e+01 -2.900000000000000000e+01 1.221609507810113460e+00
2.300000000000000000e+01 -2.800000000000000000e+01 1.196106408345483541e+00
2.300000000000000000e+01 -2.700000000000000000e+01 1.056854238901036247e+00
2.300000000000000000e+01 -2.600000000000000000e+01 1.133708391636633728e+00
2.300000000000000000e+01 -2.500000000000000000e+01 1.133966919316698574e+00
2.300000000000000000e+01 -2.400000000000000000e+01 1.116305352643561344e+00
2.300000000000000000e+01 -2.300000000000000000e+01 9.261068587815375341e-01
2.300000000000000000e+01 -2.200000000000000000e+01 6.894050975507598489e-01
2.300000000000000000e+01 -2.100000000000000000e+01 6.248913587735495101e-01
2.300000000000000000e+01 -2.000000000000000000e+01 7.332475415720048906e-01
2.300000000000000000e+01 -1.900000000000000000e+01 8.103194704884854049e-01
2.300000000000000000e+01 -1.800000000000000000e+01 6.729124185056114538e-01
2.300000000000000000e+01 -1.700000000000000000e+01 6.022772575268489081e-01
2.300000000000000000e+01 -1.600000000000000000e+01 7.809284782742411668e-01
2.300000000000000000e+01 -1.500000000000000000e+01 8.307146781958408832e-01
2.300000000000000000e+01 -1.400000000000000000e+01 8.812294968146865415e-01
2.300000000000000000e+01 -1.300000000000000000e+01 1.026061430041783407e+00
2.300000000000000000e+01 -1.200000000000000000e+01 1.221589057223481767e+00
2.300000000000000000e+01 -1.100000000000000000e+01 1.372816493112521519e+00
2.300000000000000000e+01 -1.000000000000000000e+01 1.436345200710969827e+00
2.300000000000000000e+01 -9.000000000000000000e+00 1.205022009727862553e+00
2.300000000000000000e+01 -8.000000000000000000e+00 1.252942840720696616e+00
2.300000000000000000e+01 -7.000000000000000000e+00 1.281795910029741803e+00
2.300000000000000000e+01 -6.000000000000000000e+00 1.073741820412809966e+00
2.300000000000000000e+01 -5.000000000000000000e+00 8.463649101055010782e-01
2.300000000000000000e+01 -4.000000000000000000e+00 7.679209632640343619e-01
2.300000000000000000e+01 -3.000000000000000000e+00 nan
2.400000000000000000e+01 -2.900000000000000000e+01 1.216102763112579810e+00
2.400000000000000000e+01 -2.800000000000000000e+01 1.191029753396047663e+00
2.400000000000000000e+01 -2.700000000000000000e+01 1.054388777756861462e+00
2.400000000000000000e+01 -2.600000000000000000e+01 1.131679792854155764e+00
2.400000000000000000e+01 -2.500000000000000000e+01 1.129408694857537698e+00
2.400000000000000000e+01 -2.400000000000000000e+01 1.113077146805934614e+00
2.400000000000000000e+01 -2.300000000000000000e+01 9.415191760591876680e-01
2.400000000000000000e+01 -2.200000000000000000e+01 6.936237415104991033e-01
2.400000000000000000e+01 -2.100000000000000000e+01 6.094201077542230616e-01
2.400000000000000000e+01 -2.000000000000000000e+01 6.943629016253904940e-01
2.400000000000000000e+01 -1.900000000000000000e+01 7.899570752790028294e-01
2.400000000000000000e+01 -1.800000000000000000e+01 6.621866516705530170e-01
2.400000000000000000e+01 -1.700000000000000000e+01 6.055436562530412958e-01
2.400000000000000000e+01 -1.600000000000000000e+01 7.868712723389889030e-01
2.400000000000000000e+01 -1.500000000000000000e+01 8.303065841266905611e-01
2.400000000000000000e+01 -1.400000000000000000e+01 8.757269858198866164e-01
2.400000000000000000e+01 -1.300000000000000000e+01 1.005140438854230434e+00
2.400000000000000000e+01 -1.200000000000000000e+01 1.217032798721690234e+00
2.400000000000000000e+01 -1.100000000000000000e+01 1.362668771645154875e+00
2.400000000000000000e+01 -1.000000000000000000e+01 1.433944394683707824e+00
2.400000000000000000e+01 -9.000000000000000000e+00 1.210551287339925786e+00
2.400000000000000000e+01 -8.000000000000000000e+00 1.252888531712982312e+00
2.400000000000000000e+01 -7.000000000000000000e+00 1.281795910029741803e+00
2.400000000000000000e+01 -6.000000000000000000e+00 1.073741820412809966e+00
2.400000000000000000e+01 -5.000000000000000000e+00 8.463649101055010782e-01
2.400000000000000000e+01 -4.000000000000000000e+00 7.679209632640343619e-01
2.400000000000000000e+01 -3.000000000000000000e+00 nan
2.500000000000000000e+01 -2.900000000000000000e+01 1.191689559204944793e+00
2.500000000000000000e+01 -2.800000000000000000e+01 1.173419863783280892e+00
2.500000000000000000e+01 -2.700000000000000000e+01 1.044177262832724828e+00
2.500000000000000000e+01 -2.600000000000000000e+01 1.128106076432044746e+00
2.500000000000000000e+01 -2.500000000000000000e+01 1.112738604576231305e+00
2.500000000000000000e+01 -2.400000000000000000e+01 1.105630367354060839e+00
2.500000000000000000e+01 -2.300000000000000000e+01 9.838129737756978743e-01
2.500000000000000000e+01 -2.200000000000000000e+01 7.097589186016804996e-01
2.500000000000000000e+01 -2.100000000000000000e+01 5.657499670031729266e-01
2.500000000000000000e+01 -2.000000000000000000e+01 6.283055925693133981e-01
2.500000000000000000e+01 -1.900000000000000000e+01 7.134903467762715445e-01
2.500000000000000000e+01 -1.800000000000000000e+01 6.278841667020305106e-01
2.500000000000000000e+01 -1.700000000000000000e+01 6.145208674137758731e-01
2.500000000000000000e+01 -1.600000000000000000e+01 8.014931723678675457e-01
2.500000000000000000e+01 -1.500000000000000000e+01 8.279634817922160162e-01
2.500000000000000000e+01 -1.400000000000000000e+01 8.444730423342756698e-01
2.500000000000000000e+01 -1.300000000000000000e+01 9.014895427596453237e-01
2.500000000000000000e+01 -1.200000000000000000e+01 1.161561205917306827e+00
2.500000000000000000e+01 -1.100000000000000000e+01 1.160219834563407160e+00
2.500000000000000000e+01 -1.000000000000000000e+01 1.306585174135824312e+00
2.500000000000000000e+01 -9.000000000000000000e+00 nan
2.500000000000000000e+01 -8.000000000000000000e+00 nan
2.500000000000000000e+01 -7.000000000000000000e+00 nan
2.500000000000000000e+01 -6.000000000000000000e+00 nan
2.500000000000000000e+01 -5.000000000000000000e+00 nan
2.500000000000000000e+01 -4.000000000000000000e+00 nan
2.500000000000000000e+01 -3.000000000000000000e+00 nan
