Longitude[deg], Latitude[deg], Dust optical depth
-8.000000000000000000e+00 -2.700000000000000000e+01 1.451108054365045863e+00
-8.000000000000000000e+00 -2.600000000000000000e+01 1.558132448521680535e+00
-8.000000000000000000e+00 -2.500000000000000000e+01 1.626420133627753284e+00
-8.000000000000000000e+00 -2.400000000000000000e+01 1.634003043579029368e+00
-8.000000000000000000e+00 -2.300000000000000000e+01 1.705831429360439744e+00
-8.000000000000000000e+00 -2.200000000000000000e+01 1.957113434579100586e+00
-8.000000000000000000e+00 -2.100000000000000000e+01 1.894229344154941153e+00
-8.000000000000000000e+00 -2.000000000000000000e+01 1.880409367219954220e+00
-8.000000000000000000e+00 -1.900000000000000000e+01 2.084348530268235411e+00
-8.000000000000000000e+00 -1.800000000000000000e+01 2.081531389532111032e+00
-8.000000000000000000e+00 -1.700000000000000000e+01 2.049217705698203051e+00
-8.000000000000000000e+00 -1.600000000000000000e+01 1.860861185294746090e+00
-8.000000000000000000e+00 -1.500000000000000000e+01 1.900908350976328487e+00
-8.000000000000000000e+00 -1.400000000000000000e+01 2.227047290880165953e+00
-8.000000000000000000e+00 -1.300000000000000000e+01 2.374582537074142241e+00
-8.000000000000000000e+00 -1.200000000000000000e+01 2.371278726304647755e+00
-8.000000000000000000e+00 -1.100000000000000000e+01 2.327846340705965744e+00
-8.000000000000000000e+00 -1.000000000000000000e+01 2.340267295972308759e+00
-8.000000000000000000e+00 -9.000000000000000000e+00 2.361281841538295900e+00
-8.000000000000000000e+00 -8.000000000000000000e+00 2.461229216210342852e+00
-8.000000000000000000e+00 -7.000000000000000000e+00 2.475559717359529621e+00
-8.000000000000000000e+00 -6.000000000000000000e+00 2.447829296080959338e+00
-8.000000000000000000e+00 -5.000000000000000000e+00 2.370030644342273174e+00
-8.000000000000000000e+00 -4.000000000000000000e+00 2.248564571286042479e+00
-8.000000000000000000e+00 -3.000000000000000000e+00 2.195512053962761279e+00
-8.000000000000000000e+00 -2.000000000000000000e+00 2.172121864355140097e+00
-8.000000000000000000e+00 -1.000000000000000000e+00 nan
-8.000000000000000000e+00 0.000000000000000000e+00 nan
-7.000000000000000000e+00 -2.700000000000000000e+01 1.454038858936050227e+00
-7.000000000000000000e+00 -2.600000000000000000e+01 1.564481886235542740e+00
-7.000000000000000000e+00 -2.500000000000000000e+01 1.625712933833112661e+00
-7.000000000000000000e+00 -2.400000000000000000e+01 1.643148336887021443e+00
-7.000000000000000000e+00 -2.300000000000000000e+01 1.706992446404111519e+00
-7.000000000000000000e+00 -2.200000000000000000e+01 1.915517428973014802e+00
-7.000000000000000000e+00 -2.100000000000000000e+01 1.882085339848502459e+00
-7.000000000000000000e+00 -2.000000000000000000e+01 1.879646953054444847e+00
-7.000000000000000000e+00 -1.900000000000000000e+01 2.081623421927492945e+00
-7.000000000000000000e+00 -1.800000000000000000e+01 2.076593241018260816e+00
-7.000000000000000000e+00 -1.700000000000000000e+01 2.037848233374030649e+00
-7.000000000000000000e+00 -1.600000000000000000e+01 1.853453402200633704e+00
-7.000000000000000000e+00 -1.500000000000000000e+01 1.883820399130583301e+00
-7.000000000000000000e+00 -1.400000000000000000e+01 2.229074760062422556e+00
-7.000000000000000000e+00 -1.300000000000000000e+01 2.370487542394400737e+00
-7.000000000000000000e+00 -1.200000000000000000e+01 2.368770434461434427e+00
-7.000000000000000000e+00 -1.100000000000000000e+01 2.333601298849793171e+00
-7.000000000000000000e+00 -1.000000000000000000e+01 2.336280578352698978e+00
-7.000000000000000000e+00 -9.000000000000000000e+00 2.350296580543481006e+00
-7.000000000000000000e+00 -8.000000000000000000e+00 2.463841854472104576e+00
-7.000000000000000000e+00 -7.000000000000000000e+00 2.481620198603201377e+00
-7.000000000000000000e+00 -6.000000000000000000e+00 2.448632911743050311e+00
-7.000000000000000000e+00 -5.000000000000000000e+00 2.375981770927895198e+00
-7.000000000000000000e+00 -4.000000000000000000e+00 2.303099116575912930e+00
-7.000000000000000000e+00 -3.000000000000000000e+00 2.195711066847862547e+00
-7.000000000000000000e+00 -2.000000000000000000e+00 2.171156201273769959e+00
-7.000000000000000000e+00 -1.000000000000000000e+00 nan
-7.000000000000000000e+00 0.000000000000000000e+00 nan
-6.000000000000000000e+00 -2.700000000000000000e+01 1.457317852667248337e+00
-6.000000000000000000e+00 -2.600000000000000000e+01 1.569695534727135744e+00
-6.000000000000000000e+00 -2.500000000000000000e+01 1.624707408714491041e+00
-6.000000000000000000e+00 -2.400000000000000000e+01 1.656367495045929505e+00
-6.000000000000000000e+00 -2.300000000000000000e+01 1.712060967828785474e+00
-6.000000000000000000e+00 -2.200000000000000000e+01 1.747449948211097670e+00
-6.000000000000000000e+00 -2.100000000000000000e+01 1.874509499152990699e+00
-6.000000000000000000e+00 -2.000000000000000000e+01 1.878729997053677714e+00
-6.000000000000000000e+00 -1.900000000000000000e+01 2.077884117341143089e+00
-6.000000000000000000e+00 -1.800000000000000000e+01 2.071115014823285083e+00
-6.000000000000000000e+00 -1.700000000000000000e+01 1.985035801317240223e+00
-6.000000000000000000e+00 -1.600000000000000000e+01 1.830836024301879750e+00
-6.000000000000000000e+00 -1.500000000000000000e+01 1.871119967189177169e+00
-6.000000000000000000e+00 -1.400000000000000000e+01 2.231305861380874056e+00
-6.000000000000000000e+00 -1.300000000000000000e+01 2.364707986868132217e+00
-6.000000000000000000e+00 -1.200000000000000000e+01 2.364752564244604560e+00
-6.000000000000000000e+00 -1.100000000000000000e+01 2.342756610348637469e+00
-6.000000000000000000e+00 -1.000000000000000000e+01 2.327227928026448733e+00
-6.000000000000000000e+00 -9.000000000000000000e+00 2.334109039593115664e+00
-6.000000000000000000e+00 -8.000000000000000000e+00 2.469765952550289079e+00
-6.000000000000000000e+00 -7.000000000000000000e+00 2.509297260487240777e+00
-6.000000000000000000e+00 -6.000000000000000000e+00 2.481772769467072148e+00
-6.000000000000000000e+00 -5.000000000000000000e+00 2.395322176230192390e+00
-6.000000000000000000e+00 -4.000000000000000000e+00 2.350364759405608517e+00
-6.000000000000000000e+00 -3.000000000000000000e+00 2.420170314227859887e+00
-6.000000000000000000e+00 -2.000000000000000000e+00 nan
-6.000000000000000000e+00 -1.000000000000000000e+00 nan
-6.000000000000000000e+00 0.000000000000000000e+00 nan
