Longitude[deg], Latitude[deg], Dust optical depth
-5.200000000000000000e+01 -7.800000000000000000e+01 nan
-5.200000000000000000e+01 -7.700000000000000000e+01 nan
-5.200000000000000000e+01 -7.600000000000000000e+01 nan
-5.200000000000000000e+01 -7.500000000000000000e+01 nan
-5.200000000000000000e+01 -7.400000000000000000e+01 nan
-5.200000000000000000e+01 -7.300000000000000000e+01 nan
-5.200000000000000000e+01 -7.200000000000000000e+01 nan
-5.200000000000000000e+01 -7.100000000000000000e+01 nan
-5.200000000000000000e+01 -7.000000000000000000e+01 nan
-5.200000000000000000e+01 -6.900000000000000000e+01 nan
-5.200000000000000000e+01 -6.800000000000000000e+01 nan
-5.200000000000000000e+01 -6.700000000000000000e+01 nan
-5.200000000000000000e+01 -6.600000000000000000e+01 nan
-5.200000000000000000e+01 -6.500000000000000000e+01 nan
-5.200000000000000000e+01 -6.400000000000000000e+01 nan
-5.200000000000000000e+01 -6.300000000000000000e+01 nan
-5.200000000000000000e+01 -6.200000000000000000e+01 nan
-5.200000000000000000e+01 -6.100000000000000000e+01 nan
-5.200000000000000000e+01 -6.000000000000000000e+01 nan
-5.200000000000000000e+01 -5.900000000000000000e+01 nan
-5.200000000000000000e+01 -5.800000000000000000e+01 nan
-5.200000000000000000e+01 -5.700000000000000000e+01 nan
-5.200000000000000000e+01 -5.600000000000000000e+01 nan
-5.200000000000000000e+01 -5.500000000000000000e+01 nan
-5.200000000000000000e+01 -5.400000000000000000e+01 nan
-5.200000000000000000e+01 -5.300000000000000000e+01 nan
-5.200000000000000000e+01 -5.200000000000000000e+01 nan
-5.200000000000000000e+01 -5.100000000000000000e+01 nan
-5.200000000000000000e+01 -5.000000000000000000e+01 nan
-5.200000000000000000e+01 -4.900000000000000000e+01 nan
-5.200000000000000000e+01 -4.800000000000000000e+01 nan
-5.200000000000000000e+01 -4.700000000000000000e+01 nan
-5.200000000000000000e+01 -4.600000000000000000e+01 nan
-5.200000000000000000e+01 -4.500000000000000000e+01 nan
-5.200000000000000000e+01 -4.400000000000000000e+01 nan
-5.200000000000000000e+01 -4.300000000000000000e+01 nan
-5.200000000000000000e+01 -4.200000000000000000e+01 nan
-5.200000000000000000e+01 -4.100000000000000000e+01 nan
-5.200000000000000000e+01 -4.000000000000000000e+01 nan
-5.200000000000000000e+01 -3.900000000000000000e+01 nan
-5.200000000000000000e+01 -3.800000000000000000e+01 nan
-5.200000000000000000e+01 -3.700000000000000000e+01 nan
-5.200000000000000000e+01 -3.600000000000000000e+01 nan
-5.200000000000000000e+01 -3.500000000000000000e+01 nan
-5.200000000000000000e+01 -3.400000000000000000e+01 nan
-5.200000000000000000e+01 -3.300000000000000000e+01 nan
-5.200000000000000000e+01 -3.200000000000000000e+01 nan
-5.200000000000000000e+01 -3.100000000000000000e+01 nan
-5.100000000000000000e+01 -7.800000000000000000e+01 nan
-5.100000000000000000e+01 -7.700000000000000000e+01 nan
-5.100000000000000000e+01 -7.600000000000000000e+01 nan
-5.100000000000000000e+01 -7.500000000000000000e+01 nan
-5.100000000000000000e+01 -7.400000000000000000e+01 nan
-5.100000000000000000e+01 -7.300000000000000000e+01 nan
-5.100000000000000000e+01 -7.200000000000000000e+01 nan
-5.100000000000000000e+01 -7.100000000000000000e+01 nan
-5.100000000000000000e+01 -7.000000000000000000e+01 nan
-5.100000000000000000e+01 -6.900000000000000000e+01 nan
-5.100000000000000000e+01 -6.800000000000000000e+01 nan
-5.100000000000000000e+01 -6.700000000000000000e+01 nan
-5.100000000000000000e+01 -6.600000000000000000e+01 nan
-5.100000000000000000e+01 -6.500000000000000000e+01 nan
-5.100000000000000000e+01 -6.400000000000000000e+01 nan
-5.100000000000000000e+01 -6.300000000000000000e+01 nan
-5.100000000000000000e+01 -6.200000000000000000e+01 nan
-5.100000000000000000e+01 -6.100000000000000000e+01 nan
-5.100000000000000000e+01 -6.000000000000000000e+01 nan
-5.100000000000000000e+01 -5.900000000000000000e+01 nan
-5.100000000000000000e+01 -5.800000000000000000e+01 nan
-5.100000000000000000e+01 -5.700000000000000000e+01 nan
-5.100000000000000000e+01 -5.600000000000000000e+01 nan
-5.100000000000000000e+01 -5.500000000000000000e+01 nan
-5.100000000000000000e+01 -5.400000000000000000e+01 nan
-5.100000000000000000e+01 -5.300000000000000000e+01 nan
-5.100000000000000000e+01 -5.200000000000000000e+01 nan
-5.100000000000000000e+01 -5.100000000000000000e+01 nan
-5.100000000000000000e+01 -5.000000000000000000e+01 nan
-5.100000000000000000e+01 -4.900000000000000000e+01 nan
-5.100000000000000000e+01 -4.800000000000000000e+01 nan
-5.100000000000000000e+01 -4.700000000000000000e+01 nan
-5.100000000000000000e+01 -4.600000000000000000e+01 nan
-5.100000000000000000e+01 -4.500000000000000000e+01 nan
-5.100000000000000000e+01 -4.400000000000000000e+01 nan
-5.100000000000000000e+01 -4.300000000000000000e+01 nan
-5.100000000000000000e+01 -4.200000000000000000e+01 nan
-5.100000000000000000e+01 -4.100000000000000000e+01 nan
-5.100000000000000000e+01 -4.000000000000000000e+01 nan
-5.100000000000000000e+01 -3.900000000000000000e+01 nan
-5.100000000000000000e+01 -3.800000000000000000e+01 nan
-5.100000000000000000e+01 -3.700000000000000000e+01 nan
-5.100000000000000000e+01 -3.600000000000000000e+01 nan
-5.100000000000000000e+01 -3.500000000000000000e+01 nan
-5.100000000000000000e+01 -3.400000000000000000e+01 nan
-5.100000000000000000e+01 -3.300000000000000000e+01 nan
-5.100000000000000000e+01 -3.200000000000000000e+01 nan
-5.100000000000000000e+01 -3.100000000000000000e+01 nan
-5.000000000000000000e+01 -7.800000000000000000e+01 nan
-5.000000000000000000e+01 -7.700000000000000000e+01 nan
-5.000000000000000000e+01 -7.600000000000000000e+01 nan
-5.000000000000000000e+01 -7.500000000000000000e+01 nan
-5.000000000000000000e+01 -7.400000000000000000e+01 nan
-5.000000000000000000e+01 -7.300000000000000000e+01 nan
-5.000000000000000000e+01 -7.200000000000000000e+01 nan
-5.000000000000000000e+01 -7.100000000000000000e+01 nan
-5.000000000000000000e+01 -7.000000000000000000e+01 nan
-5.000000000000000000e+01 -6.900000000000000000e+01 nan
-5.000000000000000000e+01 -6.800000000000000000e+01 nan
-5.000000000000000000e+01 -6.700000000000000000e+01 nan
-5.000000000000000000e+01 -6.600000000000000000e+01 nan
-5.000000000000000000e+01 -6.500000000000000000e+01 nan
-5.000000000000000000e+01 -6.400000000000000000e+01 nan
-5.000000000000000000e+01 -6.300000000000000000e+01 nan
-5.000000000000000000e+01 -6.200000000000000000e+01 nan
-5.000000000000000000e+01 -6.100000000000000000e+01 nan
-5.000000000000000000e+01 -6.000000000000000000e+01 nan
-5.000000000000000000e+01 -5.900000000000000000e+01 nan
-5.000000000000000000e+01 -5.800000000000000000e+01 nan
-5.000000000000000000e+01 -5.700000000000000000e+01 nan
-5.000000000000000000e+01 -5.600000000000000000e+01 nan
-5.000000000000000000e+01 -5.500000000000000000e+01 nan
-5.000000000000000000e+01 -5.400000000000000000e+01 nan
-5.000000000000000000e+01 -5.300000000000000000e+01 nan
-5.000000000000000000e+01 -5.200000000000000000e+01 nan
-5.000000000000000000e+01 -5.100000000000000000e+01 nan
-5.000000000000000000e+01 -5.000000000000000000e+01 nan
-5.000000000000000000e+01 -4.900000000000000000e+01 nan
-5.000000000000000000e+01 -4.800000000000000000e+01 nan
-5.000000000000000000e+01 -4.700000000000000000e+01 nan
-5.000000000000000000e+01 -4.600000000000000000e+01 nan
-5.000000000000000000e+01 -4.500000000000000000e+01 nan
-5.000000000000000000e+01 -4.400000000000000000e+01 nan
-5.000000000000000000e+01 -4.300000000000000000e+01 nan
-5.000000000000000000e+01 -4.200000000000000000e+01 nan
-5.000000000000000000e+01 -4.100000000000000000e+01 nan
-5.000000000000000000e+01 -4.000000000000000000e+01 nan
-5.000000000000000000e+01 -3.900000000000000000e+01 nan
-5.000000000000000000e+01 -3.800000000000000000e+01 nan
-5.000000000000000000e+01 -3.700000000000000000e+01 nan
-5.000000000000000000e+01 -3.600000000000000000e+01 nan
-5.000000000000000000e+01 -3.500000000000000000e+01 nan
-5.000000000000000000e+01 -3.400000000000000000e+01 nan
-5.000000000000000000e+01 -3.300000000000000000e+01 nan
-5.000000000000000000e+01 -3.200000000000000000e+01 nan
-5.000000000000000000e+01 -3.100000000000000000e+01 nan
-4.900000000000000000e+01 -7.800000000000000000e+01 nan
-4.900000000000000000e+01 -7.700000000000000000e+01 nan
-4.900000000000000000e+01 -7.600000000000000000e+01 nan
-4.900000000000000000e+01 -7.500000000000000000e+01 nan
-4.900000000000000000e+01 -7.400000000000000000e+01 nan
-4.900000000000000000e+01 -7.300000000000000000e+01 nan
-4.900000000000000000e+01 -7.200000000000000000e+01 nan
-4.900000000000000000e+01 -7.100000000000000000e+01 nan
-4.900000000000000000e+01 -7.000000000000000000e+01 nan
-4.900000000000000000e+01 -6.900000000000000000e+01 nan
-4.900000000000000000e+01 -6.800000000000000000e+01 nan
-4.900000000000000000e+01 -6.700000000000000000e+01 nan
-4.900000000000000000e+01 -6.600000000000000000e+01 nan
-4.900000000000000000e+01 -6.500000000000000000e+01 nan
-4.900000000000000000e+01 -6.400000000000000000e+01 nan
-4.900000000000000000e+01 -6.300000000000000000e+01 nan
-4.900000000000000000e+01 -6.200000000000000000e+01 nan
-4.900000000000000000e+01 -6.100000000000000000e+01 nan
-4.900000000000000000e+01 -6.000000000000000000e+01 nan
-4.900000000000000000e+01 -5.900000000000000000e+01 nan
-4.900000000000000000e+01 -5.800000000000000000e+01 nan
-4.900000000000000000e+01 -5.700000000000000000e+01 nan
-4.900000000000000000e+01 -5.600000000000000000e+01 nan
-4.900000000000000000e+01 -5.500000000000000000e+01 nan
-4.900000000000000000e+01 -5.400000000000000000e+01 nan
-4.900000000000000000e+01 -5.300000000000000000e+01 nan
-4.900000000000000000e+01 -5.200000000000000000e+01 nan
-4.900000000000000000e+01 -5.100000000000000000e+01 nan
-4.900000000000000000e+01 -5.000000000000000000e+01 nan
-4.900000000000000000e+01 -4.900000000000000000e+01 nan
-4.900000000000000000e+01 -4.800000000000000000e+01 nan
-4.900000000000000000e+01 -4.700000000000000000e+01 nan
-4.900000000000000000e+01 -4.600000000000000000e+01 nan
-4.900000000000000000e+01 -4.500000000000000000e+01 nan
-4.900000000000000000e+01 -4.400000000000000000e+01 nan
-4.900000000000000000e+01 -4.300000000000000000e+01 nan
-4.900000000000000000e+01 -4.200000000000000000e+01 nan
-4.900000000000000000e+01 -4.100000000000000000e+01 nan
-4.900000000000000000e+01 -4.000000000000000000e+01 nan
-4.900000000000000000e+01 -3.900000000000000000e+01 nan
-4.900000000000000000e+01 -3.800000000000000000e+01 nan
-4.900000000000000000e+01 -3.700000000000000000e+01 nan
-4.900000000000000000e+01 -3.600000000000000000e+01 nan
-4.900000000000000000e+01 -3.500000000000000000e+01 nan
-4.900000000000000000e+01 -3.400000000000000000e+01 nan
-4.900000000000000000e+01 -3.300000000000000000e+01 nan
-4.900000000000000000e+01 -3.200000000000000000e+01 nan
-4.900000000000000000e+01 -3.100000000000000000e+01 nan
-4.800000000000000000e+01 -7.800000000000000000e+01 nan
-4.800000000000000000e+01 -7.700000000000000000e+01 nan
-4.800000000000000000e+01 -7.600000000000000000e+01 nan
-4.800000000000000000e+01 -7.500000000000000000e+01 nan
-4.800000000000000000e+01 -7.400000000000000000e+01 nan
-4.800000000000000000e+01 -7.300000000000000000e+01 nan
-4.800000000000000000e+01 -7.200000000000000000e+01 nan
-4.800000000000000000e+01 -7.100000000000000000e+01 nan
-4.800000000000000000e+01 -7.000000000000000000e+01 nan
-4.800000000000000000e+01 -6.900000000000000000e+01 nan
-4.800000000000000000e+01 -6.800000000000000000e+01 nan
-4.800000000000000000e+01 -6.700000000000000000e+01 nan
-4.800000000000000000e+01 -6.600000000000000000e+01 nan
-4.800000000000000000e+01 -6.500000000000000000e+01 nan
-4.800000000000000000e+01 -6.400000000000000000e+01 nan
-4.800000000000000000e+01 -6.300000000000000000e+01 nan
-4.800000000000000000e+01 -6.200000000000000000e+01 nan
-4.800000000000000000e+01 -6.100000000000000000e+01 nan
-4.800000000000000000e+01 -6.000000000000000000e+01 nan
-4.800000000000000000e+01 -5.900000000000000000e+01 nan
-4.800000000000000000e+01 -5.800000000000000000e+01 nan
-4.800000000000000000e+01 -5.700000000000000000e+01 nan
-4.800000000000000000e+01 -5.600000000000000000e+01 nan
-4.800000000000000000e+01 -5.500000000000000000e+01 nan
-4.800000000000000000e+01 -5.400000000000000000e+01 nan
-4.800000000000000000e+01 -5.300000000000000000e+01 nan
-4.800000000000000000e+01 -5.200000000000000000e+01 nan
-4.800000000000000000e+01 -5.100000000000000000e+01 nan
-4.800000000000000000e+01 -5.000000000000000000e+01 nan
-4.800000000000000000e+01 -4.900000000000000000e+01 nan
-4.800000000000000000e+01 -4.800000000000000000e+01 nan
-4.800000000000000000e+01 -4.700000000000000000e+01 nan
-4.800000000000000000e+01 -4.600000000000000000e+01 nan
-4.800000000000000000e+01 -4.500000000000000000e+01 nan
-4.800000000000000000e+01 -4.400000000000000000e+01 nan
-4.800000000000000000e+01 -4.300000000000000000e+01 nan
-4.800000000000000000e+01 -4.200000000000000000e+01 nan
-4.800000000000000000e+01 -4.100000000000000000e+01 nan
-4.800000000000000000e+01 -4.000000000000000000e+01 nan
-4.800000000000000000e+01 -3.900000000000000000e+01 nan
-4.800000000000000000e+01 -3.800000000000000000e+01 nan
-4.800000000000000000e+01 -3.700000000000000000e+01 nan
-4.800000000000000000e+01 -3.600000000000000000e+01 nan
-4.800000000000000000e+01 -3.500000000000000000e+01 nan
-4.800000000000000000e+01 -3.400000000000000000e+01 nan
-4.800000000000000000e+01 -3.300000000000000000e+01 nan
-4.800000000000000000e+01 -3.200000000000000000e+01 nan
-4.800000000000000000e+01 -3.100000000000000000e+01 nan
-4.700000000000000000e+01 -7.800000000000000000e+01 nan
-4.700000000000000000e+01 -7.700000000000000000e+01 nan
-4.700000000000000000e+01 -7.600000000000000000e+01 nan
-4.700000000000000000e+01 -7.500000000000000000e+01 nan
-4.700000000000000000e+01 -7.400000000000000000e+01 nan
-4.700000000000000000e+01 -7.300000000000000000e+01 nan
-4.700000000000000000e+01 -7.200000000000000000e+01 nan
-4.700000000000000000e+01 -7.100000000000000000e+01 nan
-4.700000000000000000e+01 -7.000000000000000000e+01 nan
-4.700000000000000000e+01 -6.900000000000000000e+01 nan
-4.700000000000000000e+01 -6.800000000000000000e+01 nan
-4.700000000000000000e+01 -6.700000000000000000e+01 nan
-4.700000000000000000e+01 -6.600000000000000000e+01 nan
-4.700000000000000000e+01 -6.500000000000000000e+01 nan
-4.700000000000000000e+01 -6.400000000000000000e+01 nan
-4.700000000000000000e+01 -6.300000000000000000e+01 nan
-4.700000000000000000e+01 -6.200000000000000000e+01 nan
-4.700000000000000000e+01 -6.100000000000000000e+01 nan
-4.700000000000000000e+01 -6.000000000000000000e+01 nan
-4.700000000000000000e+01 -5.900000000000000000e+01 nan
-4.700000000000000000e+01 -5.800000000000000000e+01 nan
-4.700000000000000000e+01 -5.700000000000000000e+01 nan
-4.700000000000000000e+01 -5.600000000000000000e+01 nan
-4.700000000000000000e+01 -5.500000000000000000e+01 nan
-4.700000000000000000e+01 -5.400000000000000000e+01 nan
-4.700000000000000000e+01 -5.300000000000000000e+01 nan
-4.700000000000000000e+01 -5.200000000000000000e+01 nan
-4.700000000000000000e+01 -5.100000000000000000e+01 nan
-4.700000000000000000e+01 -5.000000000000000000e+01 nan
-4.700000000000000000e+01 -4.900000000000000000e+01 nan
-4.700000000000000000e+01 -4.800000000000000000e+01 nan
-4.700000000000000000e+01 -4.700000000000000000e+01 nan
-4.700000000000000000e+01 -4.600000000000000000e+01 nan
-4.700000000000000000e+01 -4.500000000000000000e+01 nan
-4.700000000000000000e+01 -4.400000000000000000e+01 nan
-4.700000000000000000e+01 -4.300000000000000000e+01 nan
-4.700000000000000000e+01 -4.200000000000000000e+01 nan
-4.700000000000000000e+01 -4.100000000000000000e+01 nan
-4.700000000000000000e+01 -4.000000000000000000e+01 nan
-4.700000000000000000e+01 -3.900000000000000000e+01 nan
-4.700000000000000000e+01 -3.800000000000000000e+01 nan
-4.700000000000000000e+01 -3.700000000000000000e+01 nan
-4.700000000000000000e+01 -3.600000000000000000e+01 nan
-4.700000000000000000e+01 -3.500000000000000000e+01 nan
-4.700000000000000000e+01 -3.400000000000000000e+01 nan
-4.700000000000000000e+01 -3.300000000000000000e+01 nan
-4.700000000000000000e+01 -3.200000000000000000e+01 nan
-4.700000000000000000e+01 -3.100000000000000000e+01 nan
-4.600000000000000000e+01 -7.800000000000000000e+01 nan
-4.600000000000000000e+01 -7.700000000000000000e+01 nan
-4.600000000000000000e+01 -7.600000000000000000e+01 nan
-4.600000000000000000e+01 -7.500000000000000000e+01 nan
-4.600000000000000000e+01 -7.400000000000000000e+01 nan
-4.600000000000000000e+01 -7.300000000000000000e+01 nan
-4.600000000000000000e+01 -7.200000000000000000e+01 nan
-4.600000000000000000e+01 -7.100000000000000000e+01 nan
-4.600000000000000000e+01 -7.000000000000000000e+01 nan
-4.600000000000000000e+01 -6.900000000000000000e+01 nan
-4.600000000000000000e+01 -6.800000000000000000e+01 nan
-4.600000000000000000e+01 -6.700000000000000000e+01 nan
-4.600000000000000000e+01 -6.600000000000000000e+01 nan
-4.600000000000000000e+01 -6.500000000000000000e+01 nan
-4.600000000000000000e+01 -6.400000000000000000e+01 nan
-4.600000000000000000e+01 -6.300000000000000000e+01 nan
-4.600000000000000000e+01 -6.200000000000000000e+01 nan
-4.600000000000000000e+01 -6.100000000000000000e+01 nan
-4.600000000000000000e+01 -6.000000000000000000e+01 nan
-4.600000000000000000e+01 -5.900000000000000000e+01 nan
-4.600000000000000000e+01 -5.800000000000000000e+01 nan
-4.600000000000000000e+01 -5.700000000000000000e+01 nan
-4.600000000000000000e+01 -5.600000000000000000e+01 nan
-4.600000000000000000e+01 -5.500000000000000000e+01 nan
-4.600000000000000000e+01 -5.400000000000000000e+01 nan
-4.600000000000000000e+01 -5.300000000000000000e+01 nan
-4.600000000000000000e+01 -5.200000000000000000e+01 nan
-4.600000000000000000e+01 -5.100000000000000000e+01 nan
-4.600000000000000000e+01 -5.000000000000000000e+01 nan
-4.600000000000000000e+01 -4.900000000000000000e+01 nan
-4.600000000000000000e+01 -4.800000000000000000e+01 nan
-4.600000000000000000e+01 -4.700000000000000000e+01 nan
-4.600000000000000000e+01 -4.600000000000000000e+01 nan
-4.600000000000000000e+01 -4.500000000000000000e+01 nan
-4.600000000000000000e+01 -4.400000000000000000e+01 nan
-4.600000000000000000e+01 -4.300000000000000000e+01 nan
-4.600000000000000000e+01 -4.200000000000000000e+01 nan
-4.600000000000000000e+01 -4.100000000000000000e+01 nan
-4.600000000000000000e+01 -4.000000000000000000e+01 nan
-4.600000000000000000e+01 -3.900000000000000000e+01 nan
-4.600000000000000000e+01 -3.800000000000000000e+01 nan
-4.600000000000000000e+01 -3.700000000000000000e+01 nan
-4.600000000000000000e+01 -3.600000000000000000e+01 nan
-4.600000000000000000e+01 -3.500000000000000000e+01 nan
-4.600000000000000000e+01 -3.400000000000000000e+01 nan
-4.600000000000000000e+01 -3.300000000000000000e+01 nan
-4.600000000000000000e+01 -3.200000000000000000e+01 nan
-4.600000000000000000e+01 -3.100000000000000000e+01 nan
-4.500000000000000000e+01 -7.800000000000000000e+01 nan
-4.500000000000000000e+01 -7.700000000000000000e+01 nan
-4.500000000000000000e+01 -7.600000000000000000e+01 nan
-4.500000000000000000e+01 -7.500000000000000000e+01 nan
-4.500000000000000000e+01 -7.400000000000000000e+01 nan
-4.500000000000000000e+01 -7.300000000000000000e+01 nan
-4.500000000000000000e+01 -7.200000000000000000e+01 nan
-4.500000000000000000e+01 -7.100000000000000000e+01 nan
-4.500000000000000000e+01 -7.000000000000000000e+01 nan
-4.500000000000000000e+01 -6.900000000000000000e+01 nan
-4.500000000000000000e+01 -6.800000000000000000e+01 nan
-4.500000000000000000e+01 -6.700000000000000000e+01 nan
-4.500000000000000000e+01 -6.600000000000000000e+01 nan
-4.500000000000000000e+01 -6.500000000000000000e+01 nan
-4.500000000000000000e+01 -6.400000000000000000e+01 nan
-4.500000000000000000e+01 -6.300000000000000000e+01 nan
-4.500000000000000000e+01 -6.200000000000000000e+01 nan
-4.500000000000000000e+01 -6.100000000000000000e+01 nan
-4.500000000000000000e+01 -6.000000000000000000e+01 nan
-4.500000000000000000e+01 -5.900000000000000000e+01 nan
-4.500000000000000000e+01 -5.800000000000000000e+01 nan
-4.500000000000000000e+01 -5.700000000000000000e+01 nan
-4.500000000000000000e+01 -5.600000000000000000e+01 nan
-4.500000000000000000e+01 -5.500000000000000000e+01 nan
-4.500000000000000000e+01 -5.400000000000000000e+01 nan
-4.500000000000000000e+01 -5.300000000000000000e+01 nan
-4.500000000000000000e+01 -5.200000000000000000e+01 nan
-4.500000000000000000e+01 -5.100000000000000000e+01 nan
-4.500000000000000000e+01 -5.000000000000000000e+01 nan
-4.500000000000000000e+01 -4.900000000000000000e+01 nan
-4.500000000000000000e+01 -4.800000000000000000e+01 nan
-4.500000000000000000e+01 -4.700000000000000000e+01 nan
-4.500000000000000000e+01 -4.600000000000000000e+01 nan
-4.500000000000000000e+01 -4.500000000000000000e+01 nan
-4.500000000000000000e+01 -4.400000000000000000e+01 nan
-4.500000000000000000e+01 -4.300000000000000000e+01 nan
-4.500000000000000000e+01 -4.200000000000000000e+01 nan
-4.500000000000000000e+01 -4.100000000000000000e+01 nan
-4.500000000000000000e+01 -4.000000000000000000e+01 nan
-4.500000000000000000e+01 -3.900000000000000000e+01 nan
-4.500000000000000000e+01 -3.800000000000000000e+01 nan
-4.500000000000000000e+01 -3.700000000000000000e+01 nan
-4.500000000000000000e+01 -3.600000000000000000e+01 nan
-4.500000000000000000e+01 -3.500000000000000000e+01 nan
-4.500000000000000000e+01 -3.400000000000000000e+01 nan
-4.500000000000000000e+01 -3.300000000000000000e+01 nan
-4.500000000000000000e+01 -3.200000000000000000e+01 nan
-4.500000000000000000e+01 -3.100000000000000000e+01 nan
-4.400000000000000000e+01 -7.800000000000000000e+01 nan
-4.400000000000000000e+01 -7.700000000000000000e+01 nan
-4.400000000000000000e+01 -7.600000000000000000e+01 nan
-4.400000000000000000e+01 -7.500000000000000000e+01 nan
-4.400000000000000000e+01 -7.400000000000000000e+01 nan
-4.400000000000000000e+01 -7.300000000000000000e+01 nan
-4.400000000000000000e+01 -7.200000000000000000e+01 nan
-4.400000000000000000e+01 -7.100000000000000000e+01 nan
-4.400000000000000000e+01 -7.000000000000000000e+01 nan
-4.400000000000000000e+01 -6.900000000000000000e+01 nan
-4.400000000000000000e+01 -6.800000000000000000e+01 nan
-4.400000000000000000e+01 -6.700000000000000000e+01 nan
-4.400000000000000000e+01 -6.600000000000000000e+01 nan
-4.400000000000000000e+01 -6.500000000000000000e+01 nan
-4.400000000000000000e+01 -6.400000000000000000e+01 nan
-4.400000000000000000e+01 -6.300000000000000000e+01 nan
-4.400000000000000000e+01 -6.200000000000000000e+01 nan
-4.400000000000000000e+01 -6.100000000000000000e+01 nan
-4.400000000000000000e+01 -6.000000000000000000e+01 2.380021893379442588e-01
-4.400000000000000000e+01 -5.900000000000000000e+01 2.909650520486045666e-01
-4.400000000000000000e+01 -5.800000000000000000e+01 3.629017891815913277e-01
-4.400000000000000000e+01 -5.700000000000000000e+01 3.160751545605382240e-02
-4.400000000000000000e+01 -5.600000000000000000e+01 1.674649581818172042e-02
-4.400000000000000000e+01 -5.500000000000000000e+01 3.937607941581450777e-01
-4.400000000000000000e+01 -5.400000000000000000e+01 nan
-4.400000000000000000e+01 -5.300000000000000000e+01 nan
-4.400000000000000000e+01 -5.200000000000000000e+01 nan
-4.400000000000000000e+01 -5.100000000000000000e+01 nan
-4.400000000000000000e+01 -5.000000000000000000e+01 nan
-4.400000000000000000e+01 -4.900000000000000000e+01 nan
-4.400000000000000000e+01 -4.800000000000000000e+01 nan
-4.400000000000000000e+01 -4.700000000000000000e+01 nan
-4.400000000000000000e+01 -4.600000000000000000e+01 nan
-4.400000000000000000e+01 -4.500000000000000000e+01 nan
-4.400000000000000000e+01 -4.400000000000000000e+01 nan
-4.400000000000000000e+01 -4.300000000000000000e+01 nan
-4.400000000000000000e+01 -4.200000000000000000e+01 nan
-4.400000000000000000e+01 -4.100000000000000000e+01 nan
-4.400000000000000000e+01 -4.000000000000000000e+01 nan
-4.400000000000000000e+01 -3.900000000000000000e+01 nan
-4.400000000000000000e+01 -3.800000000000000000e+01 nan
-4.400000000000000000e+01 -3.700000000000000000e+01 nan
-4.400000000000000000e+01 -3.600000000000000000e+01 nan
-4.400000000000000000e+01 -3.500000000000000000e+01 nan
-4.400000000000000000e+01 -3.400000000000000000e+01 nan
-4.400000000000000000e+01 -3.300000000000000000e+01 nan
-4.400000000000000000e+01 -3.200000000000000000e+01 nan
-4.400000000000000000e+01 -3.100000000000000000e+01 nan
-4.300000000000000000e+01 -7.800000000000000000e+01 nan
-4.300000000000000000e+01 -7.700000000000000000e+01 nan
-4.300000000000000000e+01 -7.600000000000000000e+01 nan
-4.300000000000000000e+01 -7.500000000000000000e+01 nan
-4.300000000000000000e+01 -7.400000000000000000e+01 nan
-4.300000000000000000e+01 -7.300000000000000000e+01 nan
-4.300000000000000000e+01 -7.200000000000000000e+01 nan
-4.300000000000000000e+01 -7.100000000000000000e+01 nan
-4.300000000000000000e+01 -7.000000000000000000e+01 nan
-4.300000000000000000e+01 -6.900000000000000000e+01 nan
-4.300000000000000000e+01 -6.800000000000000000e+01 nan
-4.300000000000000000e+01 -6.700000000000000000e+01 nan
-4.300000000000000000e+01 -6.600000000000000000e+01 nan
-4.300000000000000000e+01 -6.500000000000000000e+01 nan
-4.300000000000000000e+01 -6.400000000000000000e+01 nan
-4.300000000000000000e+01 -6.300000000000000000e+01 nan
-4.300000000000000000e+01 -6.200000000000000000e+01 nan
-4.300000000000000000e+01 -6.100000000000000000e+01 nan
-4.300000000000000000e+01 -6.000000000000000000e+01 2.380021893379442588e-01
-4.300000000000000000e+01 -5.900000000000000000e+01 2.909650520486045666e-01
-4.300000000000000000e+01 -5.800000000000000000e+01 3.629017891815913277e-01
-4.300000000000000000e+01 -5.700000000000000000e+01 1.793170197766830176e-02
-4.300000000000000000e+01 -5.600000000000000000e+01 3.645937642158078029e-01
-4.300000000000000000e+01 -5.500000000000000000e+01 8.765474000390770237e-02
-4.300000000000000000e+01 -5.400000000000000000e+01 8.922431127443429533e-02
-4.300000000000000000e+01 -5.300000000000000000e+01 1.463956027451287778e-01
-4.300000000000000000e+01 -5.200000000000000000e+01 1.494450268854711772e-01
-4.300000000000000000e+01 -5.100000000000000000e+01 9.092993004062069340e-02
-4.300000000000000000e+01 -5.000000000000000000e+01 7.231276667252303780e-02
-4.300000000000000000e+01 -4.900000000000000000e+01 4.189229021592482186e-03
-4.300000000000000000e+01 -4.800000000000000000e+01 1.649413599601406988e-01
-4.300000000000000000e+01 -4.700000000000000000e+01 1.586517452635551328e-01
-4.300000000000000000e+01 -4.600000000000000000e+01 1.060879375230523031e-01
-4.300000000000000000e+01 -4.500000000000000000e+01 9.537558372244966942e-02
-4.300000000000000000e+01 -4.400000000000000000e+01 3.963957057593801014e-01
-4.300000000000000000e+01 -4.300000000000000000e+01 6.588776627622814352e-01
-4.300000000000000000e+01 -4.200000000000000000e+01 7.036578899172111212e-01
-4.300000000000000000e+01 -4.100000000000000000e+01 7.166368749528821969e-01
-4.300000000000000000e+01 -4.000000000000000000e+01 9.280146326982877669e-01
-4.300000000000000000e+01 -3.900000000000000000e+01 9.655050725259936018e-01
-4.300000000000000000e+01 -3.800000000000000000e+01 1.137742213570521965e+00
-4.300000000000000000e+01 -3.700000000000000000e+01 1.194313580546853659e+00
-4.300000000000000000e+01 -3.600000000000000000e+01 1.346809314335112528e+00
-4.300000000000000000e+01 -3.500000000000000000e+01 1.299733866094810120e+00
-4.300000000000000000e+01 -3.400000000000000000e+01 1.267131303815534293e+00
-4.300000000000000000e+01 -3.300000000000000000e+01 nan
-4.300000000000000000e+01 -3.200000000000000000e+01 nan
-4.300000000000000000e+01 -3.100000000000000000e+01 nan
-4.200000000000000000e+01 -7.800000000000000000e+01 nan
-4.200000000000000000e+01 -7.700000000000000000e+01 nan
-4.200000000000000000e+01 -7.600000000000000000e+01 nan
-4.200000000000000000e+01 -7.500000000000000000e+01 nan
-4.200000000000000000e+01 -7.400000000000000000e+01 nan
-4.200000000000000000e+01 -7.300000000000000000e+01 nan
-4.200000000000000000e+01 -7.200000000000000000e+01 nan
-4.200000000000000000e+01 -7.100000000000000000e+01 nan
-4.200000000000000000e+01 -7.000000000000000000e+01 nan
-4.200000000000000000e+01 -6.900000000000000000e+01 nan
-4.200000000000000000e+01 -6.800000000000000000e+01 nan
-4.200000000000000000e+01 -6.700000000000000000e+01 nan
-4.200000000000000000e+01 -6.600000000000000000e+01 nan
-4.200000000000000000e+01 -6.500000000000000000e+01 nan
-4.200000000000000000e+01 -6.400000000000000000e+01 nan
-4.200000000000000000e+01 -6.300000000000000000e+01 nan
-4.200000000000000000e+01 -6.200000000000000000e+01 nan
-4.200000000000000000e+01 -6.100000000000000000e+01 nan
-4.200000000000000000e+01 -6.000000000000000000e+01 nan
-4.200000000000000000e+01 -5.900000000000000000e+01 nan
-4.200000000000000000e+01 -5.800000000000000000e+01 nan
-4.200000000000000000e+01 -5.700000000000000000e+01 1.603168690041295932e-02
-4.200000000000000000e+01 -5.600000000000000000e+01 3.712589194016269190e-01
-4.200000000000000000e+01 -5.500000000000000000e+01 8.117698045219749747e-02
-4.200000000000000000e+01 -5.400000000000000000e+01 8.922431127443429533e-02
-4.200000000000000000e+01 -5.300000000000000000e+01 1.463956027451287778e-01
-4.200000000000000000e+01 -5.200000000000000000e+01 1.494450268854711772e-01
-4.200000000000000000e+01 -5.100000000000000000e+01 9.092993004062069340e-02
-4.200000000000000000e+01 -5.000000000000000000e+01 7.231276667252303780e-02
-4.200000000000000000e+01 -4.900000000000000000e+01 4.189229021592482186e-03
-4.200000000000000000e+01 -4.800000000000000000e+01 1.649413599601406988e-01
-4.200000000000000000e+01 -4.700000000000000000e+01 1.586517452635551328e-01
-4.200000000000000000e+01 -4.600000000000000000e+01 1.060879375230523031e-01
-4.200000000000000000e+01 -4.500000000000000000e+01 9.537558372244966942e-02
-4.200000000000000000e+01 -4.400000000000000000e+01 3.963957057593801014e-01
-4.200000000000000000e+01 -4.300000000000000000e+01 6.588776627622814352e-01
-4.200000000000000000e+01 -4.200000000000000000e+01 7.036578899172111212e-01
-4.200000000000000000e+01 -4.100000000000000000e+01 7.171171010001444746e-01
-4.200000000000000000e+01 -4.000000000000000000e+01 9.285840390294755053e-01
-4.200000000000000000e+01 -3.900000000000000000e+01 9.679611151162947902e-01
-4.200000000000000000e+01 -3.800000000000000000e+01 1.137482617855705813e+00
-4.200000000000000000e+01 -3.700000000000000000e+01 1.275431452252924203e+00
-4.200000000000000000e+01 -3.600000000000000000e+01 1.347004924671237447e+00
-4.200000000000000000e+01 -3.500000000000000000e+01 1.267573623404125938e+00
-4.200000000000000000e+01 -3.400000000000000000e+01 1.163118240521048286e+00
-4.200000000000000000e+01 -3.300000000000000000e+01 1.146968743759729348e+00
-4.200000000000000000e+01 -3.200000000000000000e+01 1.005833152868711666e+00
-4.200000000000000000e+01 -3.100000000000000000e+01 nan
-4.100000000000000000e+01 -7.800000000000000000e+01 nan
-4.100000000000000000e+01 -7.700000000000000000e+01 nan
-4.100000000000000000e+01 -7.600000000000000000e+01 nan
-4.100000000000000000e+01 -7.500000000000000000e+01 nan
-4.100000000000000000e+01 -7.400000000000000000e+01 nan
-4.100000000000000000e+01 -7.300000000000000000e+01 nan
-4.100000000000000000e+01 -7.200000000000000000e+01 nan
-4.100000000000000000e+01 -7.100000000000000000e+01 nan
-4.100000000000000000e+01 -7.000000000000000000e+01 nan
-4.100000000000000000e+01 -6.900000000000000000e+01 nan
-4.100000000000000000e+01 -6.800000000000000000e+01 nan
-4.100000000000000000e+01 -6.700000000000000000e+01 nan
-4.100000000000000000e+01 -6.600000000000000000e+01 nan
-4.100000000000000000e+01 -6.500000000000000000e+01 nan
-4.100000000000000000e+01 -6.400000000000000000e+01 nan
-4.100000000000000000e+01 -6.300000000000000000e+01 nan
-4.100000000000000000e+01 -6.200000000000000000e+01 nan
-4.100000000000000000e+01 -6.100000000000000000e+01 nan
-4.100000000000000000e+01 -6.000000000000000000e+01 nan
-4.100000000000000000e+01 -5.900000000000000000e+01 nan
-4.100000000000000000e+01 -5.800000000000000000e+01 nan
-4.100000000000000000e+01 -5.700000000000000000e+01 nan
-4.100000000000000000e+01 -5.600000000000000000e+01 nan
-4.100000000000000000e+01 -5.500000000000000000e+01 nan
-4.100000000000000000e+01 -5.400000000000000000e+01 nan
-4.100000000000000000e+01 -5.300000000000000000e+01 nan
-4.100000000000000000e+01 -5.200000000000000000e+01 nan
-4.100000000000000000e+01 -5.100000000000000000e+01 nan
-4.100000000000000000e+01 -5.000000000000000000e+01 nan
-4.100000000000000000e+01 -4.900000000000000000e+01 nan
-4.100000000000000000e+01 -4.800000000000000000e+01 nan
-4.100000000000000000e+01 -4.700000000000000000e+01 nan
-4.100000000000000000e+01 -4.600000000000000000e+01 nan
-4.100000000000000000e+01 -4.500000000000000000e+01 nan
-4.100000000000000000e+01 -4.400000000000000000e+01 nan
-4.100000000000000000e+01 -4.300000000000000000e+01 nan
-4.100000000000000000e+01 -4.200000000000000000e+01 nan
-4.100000000000000000e+01 -4.100000000000000000e+01 8.908751979001511279e-01
-4.100000000000000000e+01 -4.000000000000000000e+01 9.410657013359328138e-01
-4.100000000000000000e+01 -3.900000000000000000e+01 9.783090368080922250e-01
-4.100000000000000000e+01 -3.800000000000000000e+01 1.137073255099019908e+00
-4.100000000000000000e+01 -3.700000000000000000e+01 1.304769264149366226e+00
-4.100000000000000000e+01 -3.600000000000000000e+01 1.352759897087381979e+00
-4.100000000000000000e+01 -3.500000000000000000e+01 1.265700263489061506e+00
-4.100000000000000000e+01 -3.400000000000000000e+01 1.157326057373492034e+00
-4.100000000000000000e+01 -3.300000000000000000e+01 1.146968743759729348e+00
-4.100000000000000000e+01 -3.200000000000000000e+01 1.005833152868711666e+00
-4.100000000000000000e+01 -3.100000000000000000e+01 nan
