Longitude[deg], Latitude[deg], Dust optical depth
-8.300000000000000000e+01 -4.300000000000000000e+01 nan
-8.300000000000000000e+01 -4.200000000000000000e+01 nan
-8.300000000000000000e+01 -4.100000000000000000e+01 nan
-8.300000000000000000e+01 -4.000000000000000000e+01 nan
-8.300000000000000000e+01 -3.900000000000000000e+01 nan
-8.300000000000000000e+01 -3.800000000000000000e+01 nan
-8.300000000000000000e+01 -3.700000000000000000e+01 nan
-8.300000000000000000e+01 -3.600000000000000000e+01 nan
-8.300000000000000000e+01 -3.500000000000000000e+01 nan
-8.300000000000000000e+01 -3.400000000000000000e+01 nan
-8.300000000000000000e+01 -3.300000000000000000e+01 nan
-8.300000000000000000e+01 -3.200000000000000000e+01 nan
-8.300000000000000000e+01 -3.100000000000000000e+01 nan
-8.300000000000000000e+01 -3.000000000000000000e+01 nan
-8.300000000000000000e+01 -2.900000000000000000e+01 nan
-8.300000000000000000e+01 -2.800000000000000000e+01 nan
-8.300000000000000000e+01 -2.700000000000000000e+01 nan
-8.300000000000000000e+01 -2.600000000000000000e+01 nan
-8.300000000000000000e+01 -2.500000000000000000e+01 nan
-8.300000000000000000e+01 -2.400000000000000000e+01 nan
-8.300000000000000000e+01 -2.300000000000000000e+01 nan
-8.300000000000000000e+01 -2.200000000000000000e+01 nan
-8.300000000000000000e+01 -2.100000000000000000e+01 nan
-8.300000000000000000e+01 -2.000000000000000000e+01 nan
-8.300000000000000000e+01 -1.900000000000000000e+01 4.692073087005654841e+00
-8.300000000000000000e+01 -1.800000000000000000e+01 4.907189090117836550e+00
-8.300000000000000000e+01 -1.700000000000000000e+01 nan
-8.300000000000000000e+01 -1.600000000000000000e+01 nan
-8.200000000000000000e+01 -4.300000000000000000e+01 2.867586079895300788e+00
-8.200000000000000000e+01 -4.200000000000000000e+01 3.405862921825477674e+00
-8.200000000000000000e+01 -4.100000000000000000e+01 3.748889163177646200e+00
-8.200000000000000000e+01 -4.000000000000000000e+01 4.022409597532746517e+00
-8.200000000000000000e+01 -3.900000000000000000e+01 4.239924061191806537e+00
-8.200000000000000000e+01 -3.800000000000000000e+01 4.855599850676214579e+00
-8.200000000000000000e+01 -3.700000000000000000e+01 4.529971324383889275e+00
-8.200000000000000000e+01 -3.600000000000000000e+01 4.202532075658472976e+00
-8.200000000000000000e+01 -3.500000000000000000e+01 4.196772410918341301e+00
-8.200000000000000000e+01 -3.400000000000000000e+01 4.279501613734307597e+00
-8.200000000000000000e+01 -3.300000000000000000e+01 4.426439865277193242e+00
-8.200000000000000000e+01 -3.200000000000000000e+01 4.878635895177646731e+00
-8.200000000000000000e+01 -3.100000000000000000e+01 5.101120347980991454e+00
-8.200000000000000000e+01 -3.000000000000000000e+01 5.155498079969013325e+00
-8.200000000000000000e+01 -2.900000000000000000e+01 5.469159230484485157e+00
-8.200000000000000000e+01 -2.800000000000000000e+01 6.358912633707619833e+00
-8.200000000000000000e+01 -2.700000000000000000e+01 6.566479905965225683e+00
-8.200000000000000000e+01 -2.600000000000000000e+01 5.917843526516235464e+00
-8.200000000000000000e+01 -2.500000000000000000e+01 5.278140023195286190e+00
-8.200000000000000000e+01 -2.400000000000000000e+01 5.100554230213216300e+00
-8.200000000000000000e+01 -2.300000000000000000e+01 5.080567217463610952e+00
-8.200000000000000000e+01 -2.200000000000000000e+01 4.609598249081734878e+00
-8.200000000000000000e+01 -2.100000000000000000e+01 4.247518680256841428e+00
-8.200000000000000000e+01 -2.000000000000000000e+01 4.415570732585709202e+00
-8.200000000000000000e+01 -1.900000000000000000e+01 4.812610679263430669e+00
-8.200000000000000000e+01 -1.800000000000000000e+01 5.155565377560159313e+00
-8.200000000000000000e+01 -1.700000000000000000e+01 5.455009593175071281e+00
-8.200000000000000000e+01 -1.600000000000000000e+01 nan
-8.100000000000000000e+01 -4.300000000000000000e+01 2.867586079895300788e+00
-8.100000000000000000e+01 -4.200000000000000000e+01 3.405862921825477674e+00
-8.100000000000000000e+01 -4.100000000000000000e+01 3.748889163177646200e+00
-8.100000000000000000e+01 -4.000000000000000000e+01 4.022409597532746517e+00
-8.100000000000000000e+01 -3.900000000000000000e+01 4.239924061191806537e+00
-8.100000000000000000e+01 -3.800000000000000000e+01 4.855599850676214579e+00
-8.100000000000000000e+01 -3.700000000000000000e+01 4.529971324383889275e+00
-8.100000000000000000e+01 -3.600000000000000000e+01 4.202532075658472976e+00
-8.100000000000000000e+01 -3.500000000000000000e+01 4.196772410918341301e+00
-8.100000000000000000e+01 -3.400000000000000000e+01 4.279501613734307597e+00
-8.100000000000000000e+01 -3.300000000000000000e+01 4.426439865277193242e+00
-8.100000000000000000e+01 -3.200000000000000000e+01 4.878635895177646731e+00
-8.100000000000000000e+01 -3.100000000000000000e+01 5.101120347980991454e+00
-8.100000000000000000e+01 -3.000000000000000000e+01 5.155498079969013325e+00
-8.100000000000000000e+01 -2.900000000000000000e+01 5.469159230484485157e+00
-8.100000000000000000e+01 -2.800000000000000000e+01 6.358912633707619833e+00
-8.100000000000000000e+01 -2.700000000000000000e+01 6.566479905965225683e+00
-8.100000000000000000e+01 -2.600000000000000000e+01 5.917843526516235464e+00
-8.100000000000000000e+01 -2.500000000000000000e+01 5.278140023195286190e+00
-8.100000000000000000e+01 -2.400000000000000000e+01 5.100554230213216300e+00
-8.100000000000000000e+01 -2.300000000000000000e+01 5.080567217463610952e+00
-8.100000000000000000e+01 -2.200000000000000000e+01 4.609598249081734878e+00
-8.100000000000000000e+01 -2.100000000000000000e+01 4.247518680256841428e+00
-8.100000000000000000e+01 -2.000000000000000000e+01 4.415726335309484440e+00
-8.100000000000000000e+01 -1.900000000000000000e+01 4.815196852577816600e+00
-8.100000000000000000e+01 -1.800000000000000000e+01 5.161779799364242471e+00
-8.100000000000000000e+01 -1.700000000000000000e+01 5.473472754905890802e+00
-8.100000000000000000e+01 -1.600000000000000000e+01 nan
