Longitude[deg], Latitude[deg], Dust optical depth
1.050000000000000000e+02 1.700000000000000000e+01 nan
1.050000000000000000e+02 1.800000000000000000e+01 nan
1.050000000000000000e+02 1.900000000000000000e+01 nan
1.050000000000000000e+02 2.000000000000000000e+01 nan
1.050000000000000000e+02 2.100000000000000000e+01 nan
1.050000000000000000e+02 2.200000000000000000e+01 nan
1.050000000000000000e+02 2.300000000000000000e+01 nan
1.050000000000000000e+02 2.400000000000000000e+01 nan
1.050000000000000000e+02 2.500000000000000000e+01 nan
1.050000000000000000e+02 2.600000000000000000e+01 nan
1.050000000000000000e+02 2.700000000000000000e+01 nan
1.050000000000000000e+02 2.800000000000000000e+01 nan
1.050000000000000000e+02 2.900000000000000000e+01 nan
1.050000000000000000e+02 3.000000000000000000e+01 nan
1.050000000000000000e+02 3.100000000000000000e+01 nan
1.050000000000000000e+02 3.200000000000000000e+01 nan
1.050000000000000000e+02 3.300000000000000000e+01 nan
1.050000000000000000e+02 3.400000000000000000e+01 nan
1.050000000000000000e+02 3.500000000000000000e+01 nan
1.050000000000000000e+02 3.600000000000000000e+01 nan
1.050000000000000000e+02 3.700000000000000000e+01 nan
1.050000000000000000e+02 3.800000000000000000e+01 nan
1.060000000000000000e+02 1.700000000000000000e+01 nan
1.060000000000000000e+02 1.800000000000000000e+01 nan
1.060000000000000000e+02 1.900000000000000000e+01 nan
1.060000000000000000e+02 2.000000000000000000e+01 nan
1.060000000000000000e+02 2.100000000000000000e+01 nan
1.060000000000000000e+02 2.200000000000000000e+01 nan
1.060000000000000000e+02 2.300000000000000000e+01 nan
1.060000000000000000e+02 2.400000000000000000e+01 nan
1.060000000000000000e+02 2.500000000000000000e+01 nan
1.060000000000000000e+02 2.600000000000000000e+01 nan
1.060000000000000000e+02 2.700000000000000000e+01 nan
1.060000000000000000e+02 2.800000000000000000e+01 nan
1.060000000000000000e+02 2.900000000000000000e+01 nan
1.060000000000000000e+02 3.000000000000000000e+01 nan
1.060000000000000000e+02 3.100000000000000000e+01 nan
1.060000000000000000e+02 3.200000000000000000e+01 nan
1.060000000000000000e+02 3.300000000000000000e+01 nan
1.060000000000000000e+02 3.400000000000000000e+01 nan
1.060000000000000000e+02 3.500000000000000000e+01 nan
1.060000000000000000e+02 3.600000000000000000e+01 nan
1.060000000000000000e+02 3.700000000000000000e+01 nan
1.060000000000000000e+02 3.800000000000000000e+01 nan
1.070000000000000000e+02 1.700000000000000000e+01 nan
1.070000000000000000e+02 1.800000000000000000e+01 nan
1.070000000000000000e+02 1.900000000000000000e+01 nan
1.070000000000000000e+02 2.000000000000000000e+01 nan
1.070000000000000000e+02 2.100000000000000000e+01 nan
1.070000000000000000e+02 2.200000000000000000e+01 nan
1.070000000000000000e+02 2.300000000000000000e+01 nan
1.070000000000000000e+02 2.400000000000000000e+01 nan
1.070000000000000000e+02 2.500000000000000000e+01 nan
1.070000000000000000e+02 2.600000000000000000e+01 nan
1.070000000000000000e+02 2.700000000000000000e+01 nan
1.070000000000000000e+02 2.800000000000000000e+01 2.075053111792614757e+00
1.070000000000000000e+02 2.900000000000000000e+01 2.051633824184418753e+00
1.070000000000000000e+02 3.000000000000000000e+01 nan
1.070000000000000000e+02 3.100000000000000000e+01 nan
1.070000000000000000e+02 3.200000000000000000e+01 nan
1.070000000000000000e+02 3.300000000000000000e+01 nan
1.070000000000000000e+02 3.400000000000000000e+01 nan
1.070000000000000000e+02 3.500000000000000000e+01 nan
1.070000000000000000e+02 3.600000000000000000e+01 nan
1.070000000000000000e+02 3.700000000000000000e+01 nan
1.070000000000000000e+02 3.800000000000000000e+01 nan
1.080000000000000000e+02 1.700000000000000000e+01 nan
1.080000000000000000e+02 1.800000000000000000e+01 nan
1.080000000000000000e+02 1.900000000000000000e+01 nan
1.080000000000000000e+02 2.000000000000000000e+01 nan
1.080000000000000000e+02 2.100000000000000000e+01 nan
1.080000000000000000e+02 2.200000000000000000e+01 2.830305880864449897e+00
1.080000000000000000e+02 2.300000000000000000e+01 2.437130192998275380e+00
1.080000000000000000e+02 2.400000000000000000e+01 2.299227288503935540e+00
1.080000000000000000e+02 2.500000000000000000e+01 2.256142072071683824e+00
1.080000000000000000e+02 2.600000000000000000e+01 2.138544683363172716e+00
1.080000000000000000e+02 2.700000000000000000e+01 2.080513120948976891e+00
1.080000000000000000e+02 2.800000000000000000e+01 2.079128880700488402e+00
1.080000000000000000e+02 2.900000000000000000e+01 2.063436222883503035e+00
1.080000000000000000e+02 3.000000000000000000e+01 2.073921612426458339e+00
1.080000000000000000e+02 3.100000000000000000e+01 nan
1.080000000000000000e+02 3.200000000000000000e+01 nan
1.080000000000000000e+02 3.300000000000000000e+01 nan
1.080000000000000000e+02 3.400000000000000000e+01 nan
1.080000000000000000e+02 3.500000000000000000e+01 nan
1.080000000000000000e+02 3.600000000000000000e+01 nan
1.080000000000000000e+02 3.700000000000000000e+01 nan
1.080000000000000000e+02 3.800000000000000000e+01 nan
1.090000000000000000e+02 1.700000000000000000e+01 nan
1.090000000000000000e+02 1.800000000000000000e+01 2.629818807940564440e+00
1.090000000000000000e+02 1.900000000000000000e+01 2.770526719925721970e+00
1.090000000000000000e+02 2.000000000000000000e+01 2.840356598129758492e+00
1.090000000000000000e+02 2.100000000000000000e+01 2.434064981947361428e+00
1.090000000000000000e+02 2.200000000000000000e+01 2.410665268146912066e+00
1.090000000000000000e+02 2.300000000000000000e+01 2.530291237941006965e+00
1.090000000000000000e+02 2.400000000000000000e+01 2.382768653528041902e+00
1.090000000000000000e+02 2.500000000000000000e+01 2.286990147792790307e+00
1.090000000000000000e+02 2.600000000000000000e+01 2.149033705178913678e+00
1.090000000000000000e+02 2.700000000000000000e+01 2.065465660981076645e+00
1.090000000000000000e+02 2.800000000000000000e+01 2.055131436479023854e+00
1.090000000000000000e+02 2.900000000000000000e+01 2.045721588048494688e+00
1.090000000000000000e+02 3.000000000000000000e+01 2.077830289285340193e+00
1.090000000000000000e+02 3.100000000000000000e+01 nan
1.090000000000000000e+02 3.200000000000000000e+01 nan
1.090000000000000000e+02 3.300000000000000000e+01 nan
1.090000000000000000e+02 3.400000000000000000e+01 nan
1.090000000000000000e+02 3.500000000000000000e+01 nan
1.090000000000000000e+02 3.600000000000000000e+01 nan
1.090000000000000000e+02 3.700000000000000000e+01 nan
1.090000000000000000e+02 3.800000000000000000e+01 nan
1.100000000000000000e+02 1.700000000000000000e+01 2.513177951499693918e+00
1.100000000000000000e+02 1.800000000000000000e+01 2.603459619599893582e+00
1.100000000000000000e+02 1.900000000000000000e+01 2.730000313946574941e+00
1.100000000000000000e+02 2.000000000000000000e+01 2.858487985521000585e+00
1.100000000000000000e+02 2.100000000000000000e+01 2.544922451708218514e+00
1.100000000000000000e+02 2.200000000000000000e+01 2.343395301759157334e+00
1.100000000000000000e+02 2.300000000000000000e+01 2.407382966968871774e+00
1.100000000000000000e+02 2.400000000000000000e+01 2.332267172963332857e+00
1.100000000000000000e+02 2.500000000000000000e+01 2.262630343787676690e+00
1.100000000000000000e+02 2.600000000000000000e+01 2.175313408886832001e+00
1.100000000000000000e+02 2.700000000000000000e+01 2.057449226790036168e+00
1.100000000000000000e+02 2.800000000000000000e+01 2.020185111324929839e+00
1.100000000000000000e+02 2.900000000000000000e+01 2.007245409033063144e+00
1.100000000000000000e+02 3.000000000000000000e+01 nan
1.100000000000000000e+02 3.100000000000000000e+01 nan
1.100000000000000000e+02 3.200000000000000000e+01 nan
1.100000000000000000e+02 3.300000000000000000e+01 nan
1.100000000000000000e+02 3.400000000000000000e+01 nan
1.100000000000000000e+02 3.500000000000000000e+01 nan
1.100000000000000000e+02 3.600000000000000000e+01 nan
1.100000000000000000e+02 3.700000000000000000e+01 nan
1.100000000000000000e+02 3.800000000000000000e+01 nan
1.110000000000000000e+02 1.700000000000000000e+01 2.456068636733491406e+00
1.110000000000000000e+02 1.800000000000000000e+01 2.550793740491947847e+00
1.110000000000000000e+02 1.900000000000000000e+01 2.649312340385110875e+00
1.110000000000000000e+02 2.000000000000000000e+01 2.750141187050937130e+00
1.110000000000000000e+02 2.100000000000000000e+01 2.694274774849167997e+00
1.110000000000000000e+02 2.200000000000000000e+01 2.352536407733792689e+00
1.110000000000000000e+02 2.300000000000000000e+01 2.276631045339657877e+00
1.110000000000000000e+02 2.400000000000000000e+01 2.199530414345547413e+00
1.110000000000000000e+02 2.500000000000000000e+01 2.191235114430481357e+00
1.110000000000000000e+02 2.600000000000000000e+01 2.185560360138871339e+00
1.110000000000000000e+02 2.700000000000000000e+01 2.092082891409734469e+00
1.110000000000000000e+02 2.800000000000000000e+01 2.034818943747605413e+00
1.110000000000000000e+02 2.900000000000000000e+01 2.001240886667687846e+00
1.110000000000000000e+02 3.000000000000000000e+01 nan
1.110000000000000000e+02 3.100000000000000000e+01 nan
1.110000000000000000e+02 3.200000000000000000e+01 nan
1.110000000000000000e+02 3.300000000000000000e+01 nan
1.110000000000000000e+02 3.400000000000000000e+01 nan
1.110000000000000000e+02 3.500000000000000000e+01 nan
1.110000000000000000e+02 3.600000000000000000e+01 nan
1.110000000000000000e+02 3.700000000000000000e+01 nan
1.110000000000000000e+02 3.800000000000000000e+01 nan
1.120000000000000000e+02 1.700000000000000000e+01 nan
1.120000000000000000e+02 1.800000000000000000e+01 2.507044644654296661e+00
1.120000000000000000e+02 1.900000000000000000e+01 2.563725920828822780e+00
1.120000000000000000e+02 2.000000000000000000e+01 2.615675911797359809e+00
1.120000000000000000e+02 2.100000000000000000e+01 2.649066611722226128e+00
1.120000000000000000e+02 2.200000000000000000e+01 2.484811614243694677e+00
1.120000000000000000e+02 2.300000000000000000e+01 2.260464376158016986e+00
1.120000000000000000e+02 2.400000000000000000e+01 2.170082400055536542e+00
1.120000000000000000e+02 2.500000000000000000e+01 2.160828997514975480e+00
1.120000000000000000e+02 2.600000000000000000e+01 2.172968864549311707e+00
1.120000000000000000e+02 2.700000000000000000e+01 2.119578330859190451e+00
1.120000000000000000e+02 2.800000000000000000e+01 2.058568140296585192e+00
1.120000000000000000e+02 2.900000000000000000e+01 2.012073960858069999e+00
1.120000000000000000e+02 3.000000000000000000e+01 nan
1.120000000000000000e+02 3.100000000000000000e+01 nan
1.120000000000000000e+02 3.200000000000000000e+01 nan
1.120000000000000000e+02 3.300000000000000000e+01 nan
1.120000000000000000e+02 3.400000000000000000e+01 nan
1.120000000000000000e+02 3.500000000000000000e+01 nan
1.120000000000000000e+02 3.600000000000000000e+01 nan
1.120000000000000000e+02 3.700000000000000000e+01 nan
1.120000000000000000e+02 3.800000000000000000e+01 nan
1.130000000000000000e+02 1.700000000000000000e+01 nan
1.130000000000000000e+02 1.800000000000000000e+01 2.481654323754602487e+00
1.130000000000000000e+02 1.900000000000000000e+01 2.536188376258243338e+00
1.130000000000000000e+02 2.000000000000000000e+01 2.560357032361241458e+00
1.130000000000000000e+02 2.100000000000000000e+01 2.581492195068453288e+00
1.130000000000000000e+02 2.200000000000000000e+01 2.544064637583461685e+00
1.130000000000000000e+02 2.300000000000000000e+01 2.352103182746377197e+00
1.130000000000000000e+02 2.400000000000000000e+01 2.223728177401303796e+00
1.130000000000000000e+02 2.500000000000000000e+01 2.165432175851452978e+00
1.130000000000000000e+02 2.600000000000000000e+01 2.144275960017435256e+00
1.130000000000000000e+02 2.700000000000000000e+01 2.107981039666404488e+00
1.130000000000000000e+02 2.800000000000000000e+01 2.076847037529931050e+00
1.130000000000000000e+02 2.900000000000000000e+01 nan
1.130000000000000000e+02 3.000000000000000000e+01 nan
1.130000000000000000e+02 3.100000000000000000e+01 nan
1.130000000000000000e+02 3.200000000000000000e+01 nan
1.130000000000000000e+02 3.300000000000000000e+01 nan
1.130000000000000000e+02 3.400000000000000000e+01 nan
1.130000000000000000e+02 3.500000000000000000e+01 nan
1.130000000000000000e+02 3.600000000000000000e+01 nan
1.130000000000000000e+02 3.700000000000000000e+01 nan
1.130000000000000000e+02 3.800000000000000000e+01 nan
