Longitude[deg], Latitude[deg], Dust optical depth
1.390000000000000000e+02 -1.000000000000000000e+01 nan
1.390000000000000000e+02 -9.000000000000000000e+00 nan
1.390000000000000000e+02 -8.000000000000000000e+00 nan
1.390000000000000000e+02 -7.000000000000000000e+00 nan
1.390000000000000000e+02 -6.000000000000000000e+00 nan
1.390000000000000000e+02 -5.000000000000000000e+00 nan
1.390000000000000000e+02 -4.000000000000000000e+00 nan
1.390000000000000000e+02 -3.000000000000000000e+00 nan
1.390000000000000000e+02 -2.000000000000000000e+00 nan
1.390000000000000000e+02 -1.000000000000000000e+00 nan
1.390000000000000000e+02 0.000000000000000000e+00 nan
1.390000000000000000e+02 1.000000000000000000e+00 nan
1.390000000000000000e+02 2.000000000000000000e+00 5.228426840374915230e+00
1.390000000000000000e+02 3.000000000000000000e+00 5.070210354490393811e+00
1.390000000000000000e+02 4.000000000000000000e+00 5.046651151998929663e+00
1.390000000000000000e+02 5.000000000000000000e+00 5.122341520676221727e+00
1.390000000000000000e+02 6.000000000000000000e+00 5.056273755419430138e+00
1.390000000000000000e+02 7.000000000000000000e+00 5.115146467893970872e+00
1.390000000000000000e+02 8.000000000000000000e+00 5.273829793267441168e+00
1.390000000000000000e+02 9.000000000000000000e+00 5.311785456254337845e+00
1.390000000000000000e+02 1.000000000000000000e+01 5.268161753468971753e+00
1.390000000000000000e+02 1.100000000000000000e+01 5.206386545021129741e+00
1.400000000000000000e+02 -1.000000000000000000e+01 4.959056554251739080e+00
1.400000000000000000e+02 -9.000000000000000000e+00 4.964746673290753698e+00
1.400000000000000000e+02 -8.000000000000000000e+00 5.137711084620955937e+00
1.400000000000000000e+02 -7.000000000000000000e+00 5.257455798687054482e+00
1.400000000000000000e+02 -6.000000000000000000e+00 5.263341516601020231e+00
1.400000000000000000e+02 -5.000000000000000000e+00 5.296997785185793894e+00
1.400000000000000000e+02 -4.000000000000000000e+00 5.103764976029764533e+00
1.400000000000000000e+02 -3.000000000000000000e+00 5.000134515084337927e+00
1.400000000000000000e+02 -2.000000000000000000e+00 5.118665684950748584e+00
1.400000000000000000e+02 -1.000000000000000000e+00 5.124924806225582330e+00
1.400000000000000000e+02 0.000000000000000000e+00 5.155355982446838681e+00
1.400000000000000000e+02 1.000000000000000000e+00 5.279055034851910300e+00
1.400000000000000000e+02 2.000000000000000000e+00 5.302131279621097981e+00
1.400000000000000000e+02 3.000000000000000000e+00 5.153139249748841522e+00
1.400000000000000000e+02 4.000000000000000000e+00 5.035338037206844142e+00
1.400000000000000000e+02 5.000000000000000000e+00 5.105467263790849586e+00
1.400000000000000000e+02 6.000000000000000000e+00 5.079422201324780062e+00
1.400000000000000000e+02 7.000000000000000000e+00 5.122357435775603207e+00
1.400000000000000000e+02 8.000000000000000000e+00 5.228343943080814960e+00
1.400000000000000000e+02 9.000000000000000000e+00 5.291643905413152993e+00
1.400000000000000000e+02 1.000000000000000000e+01 5.274691248440234403e+00
1.400000000000000000e+02 1.100000000000000000e+01 5.180144811085547474e+00
1.410000000000000000e+02 -1.000000000000000000e+01 4.916627280352453333e+00
1.410000000000000000e+02 -9.000000000000000000e+00 4.936168179680112011e+00
1.410000000000000000e+02 -8.000000000000000000e+00 5.031524385272286182e+00
1.410000000000000000e+02 -7.000000000000000000e+00 5.202849366427734878e+00
1.410000000000000000e+02 -6.000000000000000000e+00 5.282704162267695125e+00
1.410000000000000000e+02 -5.000000000000000000e+00 5.190846181063538012e+00
1.410000000000000000e+02 -4.000000000000000000e+00 4.961236404530215083e+00
1.410000000000000000e+02 -3.000000000000000000e+00 4.988299793555113659e+00
1.410000000000000000e+02 -2.000000000000000000e+00 5.117141488903634183e+00
1.410000000000000000e+02 -1.000000000000000000e+00 5.111583021845414798e+00
1.410000000000000000e+02 0.000000000000000000e+00 5.110830954341532895e+00
1.410000000000000000e+02 1.000000000000000000e+00 5.193915323261301786e+00
1.410000000000000000e+02 2.000000000000000000e+00 5.275182563038022465e+00
1.410000000000000000e+02 3.000000000000000000e+00 5.161316904269239281e+00
1.410000000000000000e+02 4.000000000000000000e+00 5.035374335294555692e+00
1.410000000000000000e+02 5.000000000000000000e+00 5.094502338602095115e+00
1.410000000000000000e+02 6.000000000000000000e+00 5.132595643142995989e+00
1.410000000000000000e+02 7.000000000000000000e+00 5.152639715321335245e+00
1.410000000000000000e+02 8.000000000000000000e+00 5.228186544714493067e+00
1.410000000000000000e+02 9.000000000000000000e+00 5.311787209491345862e+00
1.410000000000000000e+02 1.000000000000000000e+01 5.309629694964236535e+00
1.410000000000000000e+02 1.100000000000000000e+01 5.201220698851780178e+00
1.420000000000000000e+02 -1.000000000000000000e+01 4.858159781278491351e+00
1.420000000000000000e+02 -9.000000000000000000e+00 4.885712447818153059e+00
1.420000000000000000e+02 -8.000000000000000000e+00 4.937058704293402656e+00
1.420000000000000000e+02 -7.000000000000000000e+00 5.098253875479382913e+00
1.420000000000000000e+02 -6.000000000000000000e+00 5.222998436147537227e+00
1.420000000000000000e+02 -5.000000000000000000e+00 5.056848155573455017e+00
1.420000000000000000e+02 -4.000000000000000000e+00 4.851956352990687726e+00
1.420000000000000000e+02 -3.000000000000000000e+00 4.975719469592128519e+00
1.420000000000000000e+02 -2.000000000000000000e+00 5.065339936697399459e+00
1.420000000000000000e+02 -1.000000000000000000e+00 5.058227750564372016e+00
1.420000000000000000e+02 0.000000000000000000e+00 5.075301369883125524e+00
1.420000000000000000e+02 1.000000000000000000e+00 5.128158307690858564e+00
1.420000000000000000e+02 2.000000000000000000e+00 5.205895255325176052e+00
1.420000000000000000e+02 3.000000000000000000e+00 5.142633373232902372e+00
1.420000000000000000e+02 4.000000000000000000e+00 5.035359092725450125e+00
1.420000000000000000e+02 5.000000000000000000e+00 5.100543792622465489e+00
1.420000000000000000e+02 6.000000000000000000e+00 5.148559501380344017e+00
1.420000000000000000e+02 7.000000000000000000e+00 5.212661835510623121e+00
1.420000000000000000e+02 8.000000000000000000e+00 5.275419806379853860e+00
1.420000000000000000e+02 9.000000000000000000e+00 5.338966909140024697e+00
1.420000000000000000e+02 1.000000000000000000e+01 5.325687279266036356e+00
1.420000000000000000e+02 1.100000000000000000e+01 5.233585287093212024e+00
1.430000000000000000e+02 -1.000000000000000000e+01 4.761159420139841281e+00
1.430000000000000000e+02 -9.000000000000000000e+00 4.778330252195019945e+00
1.430000000000000000e+02 -8.000000000000000000e+00 4.816262519946449494e+00
1.430000000000000000e+02 -7.000000000000000000e+00 4.933358891310503758e+00
1.430000000000000000e+02 -6.000000000000000000e+00 5.061318949674464385e+00
1.430000000000000000e+02 -5.000000000000000000e+00 4.913461961285634061e+00
1.430000000000000000e+02 -4.000000000000000000e+00 4.796219515430550473e+00
1.430000000000000000e+02 -3.000000000000000000e+00 4.953356062818270900e+00
1.430000000000000000e+02 -2.000000000000000000e+00 4.996868446375311912e+00
1.430000000000000000e+02 -1.000000000000000000e+00 4.983445206602411304e+00
1.430000000000000000e+02 0.000000000000000000e+00 5.055653653504667666e+00
1.430000000000000000e+02 1.000000000000000000e+00 5.097033273488261074e+00
1.430000000000000000e+02 2.000000000000000000e+00 5.156077156497261171e+00
1.430000000000000000e+02 3.000000000000000000e+00 5.122775364394830611e+00
1.430000000000000000e+02 4.000000000000000000e+00 5.025765998188018280e+00
1.430000000000000000e+02 5.000000000000000000e+00 5.122377299115477456e+00
1.430000000000000000e+02 6.000000000000000000e+00 5.151772114572529482e+00
1.430000000000000000e+02 7.000000000000000000e+00 5.227902432341601902e+00
1.430000000000000000e+02 8.000000000000000000e+00 5.319117873948274067e+00
1.430000000000000000e+02 9.000000000000000000e+00 5.334974310040969669e+00
1.430000000000000000e+02 1.000000000000000000e+01 5.272613475143757888e+00
1.430000000000000000e+02 1.100000000000000000e+01 nan
