Longitude[deg], Latitude[deg], Dust optical depth
-1.790000000000000000e+02 3.300000000000000000e+01 nan
-1.790000000000000000e+02 3.400000000000000000e+01 nan
-1.790000000000000000e+02 3.500000000000000000e+01 nan
-1.790000000000000000e+02 3.600000000000000000e+01 nan
-1.790000000000000000e+02 3.700000000000000000e+01 nan
-1.790000000000000000e+02 3.800000000000000000e+01 nan
-1.790000000000000000e+02 3.900000000000000000e+01 nan
-1.790000000000000000e+02 4.000000000000000000e+01 nan
-1.790000000000000000e+02 4.100000000000000000e+01 nan
-1.790000000000000000e+02 4.200000000000000000e+01 nan
-1.790000000000000000e+02 4.300000000000000000e+01 nan
-1.790000000000000000e+02 4.400000000000000000e+01 nan
-1.790000000000000000e+02 4.500000000000000000e+01 nan
-1.790000000000000000e+02 4.600000000000000000e+01 nan
-1.790000000000000000e+02 4.700000000000000000e+01 nan
-1.790000000000000000e+02 4.800000000000000000e+01 nan
-1.790000000000000000e+02 4.900000000000000000e+01 nan
-1.790000000000000000e+02 5.000000000000000000e+01 nan
-1.780000000000000000e+02 3.300000000000000000e+01 nan
-1.780000000000000000e+02 3.400000000000000000e+01 nan
-1.780000000000000000e+02 3.500000000000000000e+01 nan
-1.780000000000000000e+02 3.600000000000000000e+01 nan
-1.780000000000000000e+02 3.700000000000000000e+01 nan
-1.780000000000000000e+02 3.800000000000000000e+01 nan
-1.780000000000000000e+02 3.900000000000000000e+01 nan
-1.780000000000000000e+02 4.000000000000000000e+01 nan
-1.780000000000000000e+02 4.100000000000000000e+01 nan
-1.780000000000000000e+02 4.200000000000000000e+01 nan
-1.780000000000000000e+02 4.300000000000000000e+01 nan
-1.780000000000000000e+02 4.400000000000000000e+01 nan
-1.780000000000000000e+02 4.500000000000000000e+01 nan
-1.780000000000000000e+02 4.600000000000000000e+01 nan
-1.780000000000000000e+02 4.700000000000000000e+01 nan
-1.780000000000000000e+02 4.800000000000000000e+01 nan
-1.780000000000000000e+02 4.900000000000000000e+01 nan
-1.780000000000000000e+02 5.000000000000000000e+01 nan
-1.770000000000000000e+02 3.300000000000000000e+01 nan
-1.770000000000000000e+02 3.400000000000000000e+01 nan
-1.770000000000000000e+02 3.500000000000000000e+01 nan
-1.770000000000000000e+02 3.600000000000000000e+01 nan
-1.770000000000000000e+02 3.700000000000000000e+01 nan
-1.770000000000000000e+02 3.800000000000000000e+01 nan
-1.770000000000000000e+02 3.900000000000000000e+01 nan
-1.770000000000000000e+02 4.000000000000000000e+01 2.417977162995091911e-01
-1.770000000000000000e+02 4.100000000000000000e+01 2.234150147449828205e-01
-1.770000000000000000e+02 4.200000000000000000e+01 2.234150147449828205e-01
-1.770000000000000000e+02 4.300000000000000000e+01 nan
-1.770000000000000000e+02 4.400000000000000000e+01 nan
-1.770000000000000000e+02 4.500000000000000000e+01 nan
-1.770000000000000000e+02 4.600000000000000000e+01 nan
-1.770000000000000000e+02 4.700000000000000000e+01 nan
-1.770000000000000000e+02 4.800000000000000000e+01 nan
-1.770000000000000000e+02 4.900000000000000000e+01 nan
-1.770000000000000000e+02 5.000000000000000000e+01 nan
-1.760000000000000000e+02 3.300000000000000000e+01 nan
-1.760000000000000000e+02 3.400000000000000000e+01 7.630578926567425091e-01
-1.760000000000000000e+02 3.500000000000000000e+01 4.131043120659417811e-01
-1.760000000000000000e+02 3.600000000000000000e+01 2.167658753545687322e-01
-1.760000000000000000e+02 3.700000000000000000e+01 2.306649649218788511e-01
-1.760000000000000000e+02 3.800000000000000000e+01 2.854511526094907214e-01
-1.760000000000000000e+02 3.900000000000000000e+01 2.881963975406288681e-01
-1.760000000000000000e+02 4.000000000000000000e+01 2.606370579814661359e-01
-1.760000000000000000e+02 4.100000000000000000e+01 2.341092434888768226e-01
-1.760000000000000000e+02 4.200000000000000000e+01 2.633223276618406050e-01
-1.760000000000000000e+02 4.300000000000000000e+01 nan
-1.760000000000000000e+02 4.400000000000000000e+01 nan
-1.760000000000000000e+02 4.500000000000000000e+01 nan
-1.760000000000000000e+02 4.600000000000000000e+01 nan
-1.760000000000000000e+02 4.700000000000000000e+01 nan
-1.760000000000000000e+02 4.800000000000000000e+01 nan
-1.760000000000000000e+02 4.900000000000000000e+01 nan
-1.760000000000000000e+02 5.000000000000000000e+01 nan
-1.750000000000000000e+02 3.300000000000000000e+01 9.323068327093532170e-01
-1.750000000000000000e+02 3.400000000000000000e+01 8.146448524066371988e-01
-1.750000000000000000e+02 3.500000000000000000e+01 5.949952791555965792e-01
-1.750000000000000000e+02 3.600000000000000000e+01 3.199193272849794600e-01
-1.750000000000000000e+02 3.700000000000000000e+01 2.676809552775666901e-01
-1.750000000000000000e+02 3.800000000000000000e+01 2.585196786789127343e-01
-1.750000000000000000e+02 3.900000000000000000e+01 2.589830834272456861e-01
-1.750000000000000000e+02 4.000000000000000000e+01 2.429942234381456678e-01
-1.750000000000000000e+02 4.100000000000000000e+01 2.341092434888768226e-01
-1.750000000000000000e+02 4.200000000000000000e+01 2.588979850229806701e-01
-1.750000000000000000e+02 4.300000000000000000e+01 nan
-1.750000000000000000e+02 4.400000000000000000e+01 nan
-1.750000000000000000e+02 4.500000000000000000e+01 nan
-1.750000000000000000e+02 4.600000000000000000e+01 nan
-1.750000000000000000e+02 4.700000000000000000e+01 nan
-1.750000000000000000e+02 4.800000000000000000e+01 nan
-1.750000000000000000e+02 4.900000000000000000e+01 nan
-1.750000000000000000e+02 5.000000000000000000e+01 nan
-1.740000000000000000e+02 3.300000000000000000e+01 9.418074832986652600e-01
-1.740000000000000000e+02 3.400000000000000000e+01 8.450680466623856635e-01
-1.740000000000000000e+02 3.500000000000000000e+01 6.970686921617599285e-01
-1.740000000000000000e+02 3.600000000000000000e+01 4.295199949875946333e-01
-1.740000000000000000e+02 3.700000000000000000e+01 2.949336115092124344e-01
-1.740000000000000000e+02 3.800000000000000000e+01 2.463725515186357129e-01
-1.740000000000000000e+02 3.900000000000000000e+01 2.110999228670850103e-01
-1.740000000000000000e+02 4.000000000000000000e+01 2.042948035708019028e-01
-1.740000000000000000e+02 4.100000000000000000e+01 2.232328380209468999e-01
-1.740000000000000000e+02 4.200000000000000000e+01 2.357166605308414209e-01
-1.740000000000000000e+02 4.300000000000000000e+01 nan
-1.740000000000000000e+02 4.400000000000000000e+01 nan
-1.740000000000000000e+02 4.500000000000000000e+01 nan
-1.740000000000000000e+02 4.600000000000000000e+01 nan
-1.740000000000000000e+02 4.700000000000000000e+01 nan
-1.740000000000000000e+02 4.800000000000000000e+01 nan
-1.740000000000000000e+02 4.900000000000000000e+01 nan
-1.740000000000000000e+02 5.000000000000000000e+01 nan
-1.730000000000000000e+02 3.300000000000000000e+01 9.765506619788498766e-01
-1.730000000000000000e+02 3.400000000000000000e+01 8.643632875747968569e-01
-1.730000000000000000e+02 3.500000000000000000e+01 6.880041013794739868e-01
-1.730000000000000000e+02 3.600000000000000000e+01 3.838453294878936828e-01
-1.730000000000000000e+02 3.700000000000000000e+01 3.185667464151697992e-01
-1.730000000000000000e+02 3.800000000000000000e+01 3.001947896708770380e-01
-1.730000000000000000e+02 3.900000000000000000e+01 2.237586801611580190e-01
-1.730000000000000000e+02 4.000000000000000000e+01 1.908804719405358119e-01
-1.730000000000000000e+02 4.100000000000000000e+01 2.123394252761247603e-01
-1.730000000000000000e+02 4.200000000000000000e+01 2.422214631231343340e-01
-1.730000000000000000e+02 4.300000000000000000e+01 nan
-1.730000000000000000e+02 4.400000000000000000e+01 nan
-1.730000000000000000e+02 4.500000000000000000e+01 nan
-1.730000000000000000e+02 4.600000000000000000e+01 nan
-1.730000000000000000e+02 4.700000000000000000e+01 nan
-1.730000000000000000e+02 4.800000000000000000e+01 nan
-1.730000000000000000e+02 4.900000000000000000e+01 nan
-1.730000000000000000e+02 5.000000000000000000e+01 nan
-1.720000000000000000e+02 3.300000000000000000e+01 nan
-1.720000000000000000e+02 3.400000000000000000e+01 8.721039626550243229e-01
-1.720000000000000000e+02 3.500000000000000000e+01 6.005835222074986657e-01
-1.720000000000000000e+02 3.600000000000000000e+01 3.485806955050230194e-01
-1.720000000000000000e+02 3.700000000000000000e+01 3.339564110389944829e-01
-1.720000000000000000e+02 3.800000000000000000e+01 3.229703031104738664e-01
-1.720000000000000000e+02 3.900000000000000000e+01 2.386156587431923770e-01
-1.720000000000000000e+02 4.000000000000000000e+01 2.014687444288129625e-01
-1.720000000000000000e+02 4.100000000000000000e+01 2.118241790107320832e-01
-1.720000000000000000e+02 4.200000000000000000e+01 2.422214631231343340e-01
-1.720000000000000000e+02 4.300000000000000000e+01 nan
-1.720000000000000000e+02 4.400000000000000000e+01 nan
-1.720000000000000000e+02 4.500000000000000000e+01 nan
-1.720000000000000000e+02 4.600000000000000000e+01 nan
-1.720000000000000000e+02 4.700000000000000000e+01 nan
-1.720000000000000000e+02 4.800000000000000000e+01 nan
-1.720000000000000000e+02 4.900000000000000000e+01 nan
-1.720000000000000000e+02 5.000000000000000000e+01 nan
-1.710000000000000000e+02 3.300000000000000000e+01 nan
-1.710000000000000000e+02 3.400000000000000000e+01 nan
-1.710000000000000000e+02 3.500000000000000000e+01 5.877609701767232409e-01
-1.710000000000000000e+02 3.600000000000000000e+01 3.949370555103320357e-01
-1.710000000000000000e+02 3.700000000000000000e+01 3.554692848225393664e-01
-1.710000000000000000e+02 3.800000000000000000e+01 3.028266121153272428e-01
-1.710000000000000000e+02 3.900000000000000000e+01 2.230311965354045689e-01
-1.710000000000000000e+02 4.000000000000000000e+01 2.030158188072743453e-01
-1.710000000000000000e+02 4.100000000000000000e+01 2.279566019343735039e-01
-1.710000000000000000e+02 4.200000000000000000e+01 nan
-1.710000000000000000e+02 4.300000000000000000e+01 nan
-1.710000000000000000e+02 4.400000000000000000e+01 nan
-1.710000000000000000e+02 4.500000000000000000e+01 nan
-1.710000000000000000e+02 4.600000000000000000e+01 nan
-1.710000000000000000e+02 4.700000000000000000e+01 nan
-1.710000000000000000e+02 4.800000000000000000e+01 nan
-1.710000000000000000e+02 4.900000000000000000e+01 nan
-1.710000000000000000e+02 5.000000000000000000e+01 nan
