Longitude[deg], Latitude[deg], Dust optical depth
-9.000000000000000000e+00 0.000000000000000000e+00 nan
-9.000000000000000000e+00 1.000000000000000000e+00 nan
-9.000000000000000000e+00 2.000000000000000000e+00 nan
-9.000000000000000000e+00 3.000000000000000000e+00 1.357785878088230147e+00
-9.000000000000000000e+00 4.000000000000000000e+00 1.242586159380027366e+00
-9.000000000000000000e+00 5.000000000000000000e+00 1.155518188429355275e+00
-9.000000000000000000e+00 6.000000000000000000e+00 1.147590314466089056e+00
-9.000000000000000000e+00 7.000000000000000000e+00 1.141531547678232617e+00
-9.000000000000000000e+00 8.000000000000000000e+00 1.144873021232912125e+00
-9.000000000000000000e+00 9.000000000000000000e+00 1.107429575939059108e+00
-9.000000000000000000e+00 1.000000000000000000e+01 1.089114273197137051e+00
-9.000000000000000000e+00 1.100000000000000000e+01 1.073567561064729947e+00
-9.000000000000000000e+00 1.200000000000000000e+01 1.017917504368290649e+00
-9.000000000000000000e+00 1.300000000000000000e+01 1.009293826160176488e+00
-9.000000000000000000e+00 1.400000000000000000e+01 9.781647249196104843e-01
-9.000000000000000000e+00 1.500000000000000000e+01 9.544418074602553093e-01
-9.000000000000000000e+00 1.600000000000000000e+01 9.597533671272788780e-01
-8.000000000000000000e+00 0.000000000000000000e+00 1.477588104920170897e+00
-8.000000000000000000e+00 1.000000000000000000e+00 1.377665267913519287e+00
-8.000000000000000000e+00 2.000000000000000000e+00 1.332929524503383201e+00
-8.000000000000000000e+00 3.000000000000000000e+00 1.347737420669014696e+00
-8.000000000000000000e+00 4.000000000000000000e+00 1.266940427102926536e+00
-8.000000000000000000e+00 5.000000000000000000e+00 1.168893918618481020e+00
-8.000000000000000000e+00 6.000000000000000000e+00 1.163541947796976617e+00
-8.000000000000000000e+00 7.000000000000000000e+00 1.144515429846189480e+00
-8.000000000000000000e+00 8.000000000000000000e+00 1.130164212381797428e+00
-8.000000000000000000e+00 9.000000000000000000e+00 1.095016680957145772e+00
-8.000000000000000000e+00 1.000000000000000000e+01 1.080351992673128647e+00
-8.000000000000000000e+00 1.100000000000000000e+01 1.072500354742071060e+00
-8.000000000000000000e+00 1.200000000000000000e+01 1.067916212450697122e+00
-8.000000000000000000e+00 1.300000000000000000e+01 1.055070322965295349e+00
-8.000000000000000000e+00 1.400000000000000000e+01 9.736205128684715104e-01
-8.000000000000000000e+00 1.500000000000000000e+01 9.461723050597100615e-01
-8.000000000000000000e+00 1.600000000000000000e+01 9.585908366407616121e-01
-7.000000000000000000e+00 0.000000000000000000e+00 1.477509940315304249e+00
-7.000000000000000000e+00 1.000000000000000000e+00 1.386425637556890633e+00
-7.000000000000000000e+00 2.000000000000000000e+00 1.345374030385377839e+00
-7.000000000000000000e+00 3.000000000000000000e+00 1.350660292099078674e+00
-7.000000000000000000e+00 4.000000000000000000e+00 1.276661123581180668e+00
-7.000000000000000000e+00 5.000000000000000000e+00 1.205983991334175442e+00
-7.000000000000000000e+00 6.000000000000000000e+00 1.167148636499433900e+00
-7.000000000000000000e+00 7.000000000000000000e+00 1.150016801554662793e+00
-7.000000000000000000e+00 8.000000000000000000e+00 1.128414951872782401e+00
-7.000000000000000000e+00 9.000000000000000000e+00 1.092360524962803225e+00
-7.000000000000000000e+00 1.000000000000000000e+01 1.077464954028214406e+00
-7.000000000000000000e+00 1.100000000000000000e+01 1.073286216009545324e+00
-7.000000000000000000e+00 1.200000000000000000e+01 1.086176408391887671e+00
-7.000000000000000000e+00 1.300000000000000000e+01 1.075245816320701486e+00
-7.000000000000000000e+00 1.400000000000000000e+01 9.673164816169252944e-01
-7.000000000000000000e+00 1.500000000000000000e+01 9.396622716087520422e-01
-7.000000000000000000e+00 1.600000000000000000e+01 9.563641083306603230e-01
-6.000000000000000000e+00 0.000000000000000000e+00 1.477069704434399000e+00
-6.000000000000000000e+00 1.000000000000000000e+00 1.450047206208369355e+00
-6.000000000000000000e+00 2.000000000000000000e+00 1.409188962911892995e+00
-6.000000000000000000e+00 3.000000000000000000e+00 1.368049288217558779e+00
-6.000000000000000000e+00 4.000000000000000000e+00 1.345816658113785813e+00
-6.000000000000000000e+00 5.000000000000000000e+00 1.251152479060972045e+00
-6.000000000000000000e+00 6.000000000000000000e+00 1.185867796506591798e+00
-6.000000000000000000e+00 7.000000000000000000e+00 1.168738998255179018e+00
-6.000000000000000000e+00 8.000000000000000000e+00 1.158365595269771786e+00
-6.000000000000000000e+00 9.000000000000000000e+00 1.111319323067231135e+00
-6.000000000000000000e+00 1.000000000000000000e+01 1.092099524220739859e+00
-6.000000000000000000e+00 1.100000000000000000e+01 1.092768143288137095e+00
-6.000000000000000000e+00 1.200000000000000000e+01 1.080897945571259067e+00
-6.000000000000000000e+00 1.300000000000000000e+01 1.069899520259192105e+00
-6.000000000000000000e+00 1.400000000000000000e+01 9.719975623559680145e-01
-6.000000000000000000e+00 1.500000000000000000e+01 9.425913534255323523e-01
-6.000000000000000000e+00 1.600000000000000000e+01 nan
