Longitude[deg], Latitude[deg], Dust optical depth
1.760000000000000000e+02 -4.700000000000000000e+01 5.045859410734633954e+00
1.760000000000000000e+02 -4.600000000000000000e+01 5.107742246416122178e+00
1.760000000000000000e+02 -4.500000000000000000e+01 5.194906023091252933e+00
1.760000000000000000e+02 -4.400000000000000000e+01 5.432626426107774797e+00
1.760000000000000000e+02 -4.300000000000000000e+01 5.764059188991016214e+00
1.760000000000000000e+02 -4.200000000000000000e+01 6.203784547454370468e+00
1.760000000000000000e+02 -4.100000000000000000e+01 6.499976495915049668e+00
1.760000000000000000e+02 -4.000000000000000000e+01 6.617346977087377624e+00
1.760000000000000000e+02 -3.900000000000000000e+01 6.617346977087377624e+00
1.760000000000000000e+02 -3.800000000000000000e+01 nan
1.760000000000000000e+02 -3.700000000000000000e+01 nan
1.760000000000000000e+02 -3.600000000000000000e+01 nan
1.760000000000000000e+02 -3.500000000000000000e+01 nan
1.760000000000000000e+02 -3.400000000000000000e+01 nan
1.760000000000000000e+02 -3.300000000000000000e+01 nan
1.760000000000000000e+02 -3.200000000000000000e+01 nan
1.760000000000000000e+02 -3.100000000000000000e+01 nan
1.760000000000000000e+02 -3.000000000000000000e+01 nan
1.760000000000000000e+02 -2.900000000000000000e+01 nan
1.760000000000000000e+02 -2.800000000000000000e+01 nan
1.760000000000000000e+02 -2.700000000000000000e+01 nan
1.760000000000000000e+02 -2.600000000000000000e+01 nan
1.760000000000000000e+02 -2.500000000000000000e+01 nan
1.760000000000000000e+02 -2.400000000000000000e+01 nan
1.760000000000000000e+02 -2.300000000000000000e+01 5.732082924962297099e+00
1.760000000000000000e+02 -2.200000000000000000e+01 6.078328170932338459e+00
1.760000000000000000e+02 -2.100000000000000000e+01 nan
1.760000000000000000e+02 -2.000000000000000000e+01 nan
1.770000000000000000e+02 -4.700000000000000000e+01 5.051330740263515473e+00
1.770000000000000000e+02 -4.600000000000000000e+01 5.121226239444572670e+00
1.770000000000000000e+02 -4.500000000000000000e+01 5.196533761164391585e+00
1.770000000000000000e+02 -4.400000000000000000e+01 5.458326346443731047e+00
1.770000000000000000e+02 -4.300000000000000000e+01 5.813766724155000176e+00
1.770000000000000000e+02 -4.200000000000000000e+01 6.209230332791240592e+00
1.770000000000000000e+02 -4.100000000000000000e+01 6.502245910355698655e+00
1.770000000000000000e+02 -4.000000000000000000e+01 6.616679839751067327e+00
1.770000000000000000e+02 -3.900000000000000000e+01 6.645280346606037725e+00
1.770000000000000000e+02 -3.800000000000000000e+01 6.778749617458565524e+00
1.770000000000000000e+02 -3.700000000000000000e+01 6.939830705613893258e+00
1.770000000000000000e+02 -3.600000000000000000e+01 6.939598282043530020e+00
1.770000000000000000e+02 -3.500000000000000000e+01 6.800857243499190297e+00
1.770000000000000000e+02 -3.400000000000000000e+01 6.548043001448157874e+00
1.770000000000000000e+02 -3.300000000000000000e+01 6.337529314619279930e+00
1.770000000000000000e+02 -3.200000000000000000e+01 6.567977004793617013e+00
1.770000000000000000e+02 -3.100000000000000000e+01 6.654785435390921933e+00
1.770000000000000000e+02 -3.000000000000000000e+01 6.681174101209744975e+00
1.770000000000000000e+02 -2.900000000000000000e+01 6.717301830203648905e+00
1.770000000000000000e+02 -2.800000000000000000e+01 6.672229649562219755e+00
1.770000000000000000e+02 -2.700000000000000000e+01 6.722468648842379935e+00
1.770000000000000000e+02 -2.600000000000000000e+01 6.428935317962681140e+00
1.770000000000000000e+02 -2.500000000000000000e+01 5.934258999370815246e+00
1.770000000000000000e+02 -2.400000000000000000e+01 5.686817908076903905e+00
1.770000000000000000e+02 -2.300000000000000000e+01 5.669482301441981065e+00
1.770000000000000000e+02 -2.200000000000000000e+01 5.847355854337353165e+00
1.770000000000000000e+02 -2.100000000000000000e+01 6.244376992962355821e+00
1.770000000000000000e+02 -2.000000000000000000e+01 nan
1.780000000000000000e+02 -4.700000000000000000e+01 5.070441717596116504e+00
1.780000000000000000e+02 -4.600000000000000000e+01 5.169777631980426946e+00
1.780000000000000000e+02 -4.500000000000000000e+01 5.201277347055632383e+00
1.780000000000000000e+02 -4.400000000000000000e+01 5.511120346990042940e+00
1.780000000000000000e+02 -4.300000000000000000e+01 5.846431429885628361e+00
1.780000000000000000e+02 -4.200000000000000000e+01 6.211888405669367508e+00
1.780000000000000000e+02 -4.100000000000000000e+01 6.503039075254450907e+00
1.780000000000000000e+02 -4.000000000000000000e+01 6.616679839751067327e+00
1.780000000000000000e+02 -3.900000000000000000e+01 6.649443645213081844e+00
1.780000000000000000e+02 -3.800000000000000000e+01 6.782052409296116302e+00
1.780000000000000000e+02 -3.700000000000000000e+01 6.939830705613893258e+00
1.780000000000000000e+02 -3.600000000000000000e+01 6.939598282043530020e+00
1.780000000000000000e+02 -3.500000000000000000e+01 6.800857243499190297e+00
1.780000000000000000e+02 -3.400000000000000000e+01 6.548043001448157874e+00
1.780000000000000000e+02 -3.300000000000000000e+01 6.337529314619279930e+00
1.780000000000000000e+02 -3.200000000000000000e+01 6.567977004793617013e+00
1.780000000000000000e+02 -3.100000000000000000e+01 6.654785435390921933e+00
1.780000000000000000e+02 -3.000000000000000000e+01 6.681174101209744975e+00
1.780000000000000000e+02 -2.900000000000000000e+01 6.717301830203648905e+00
1.780000000000000000e+02 -2.800000000000000000e+01 6.672229649562219755e+00
1.780000000000000000e+02 -2.700000000000000000e+01 6.722468648842379935e+00
1.780000000000000000e+02 -2.600000000000000000e+01 6.428935317962681140e+00
1.780000000000000000e+02 -2.500000000000000000e+01 5.934258999370815246e+00
1.780000000000000000e+02 -2.400000000000000000e+01 5.690146253744163829e+00
1.780000000000000000e+02 -2.300000000000000000e+01 5.665724147127107813e+00
1.780000000000000000e+02 -2.200000000000000000e+01 5.835680510221607165e+00
1.780000000000000000e+02 -2.100000000000000000e+01 6.233567039488719708e+00
1.780000000000000000e+02 -2.000000000000000000e+01 nan
