Longitude[deg], Latitude[deg], Dust optical depth
4.700000000000000000e+01 -1.500000000000000000e+01 nan
4.700000000000000000e+01 -1.400000000000000000e+01 nan
4.700000000000000000e+01 -1.300000000000000000e+01 nan
4.700000000000000000e+01 -1.200000000000000000e+01 nan
4.700000000000000000e+01 -1.100000000000000000e+01 nan
4.700000000000000000e+01 -1.000000000000000000e+01 nan
4.700000000000000000e+01 -9.000000000000000000e+00 nan
4.700000000000000000e+01 -8.000000000000000000e+00 nan
4.700000000000000000e+01 -7.000000000000000000e+00 nan
4.700000000000000000e+01 -6.000000000000000000e+00 nan
4.700000000000000000e+01 -5.000000000000000000e+00 nan
4.700000000000000000e+01 -4.000000000000000000e+00 1.073178662627180424e+00
4.700000000000000000e+01 -3.000000000000000000e+00 1.208147249994669048e+00
4.700000000000000000e+01 -2.000000000000000000e+00 1.177028332035708225e+00
4.700000000000000000e+01 -1.000000000000000000e+00 1.032695435834943165e+00
4.700000000000000000e+01 0.000000000000000000e+00 9.589524848669417345e-01
4.700000000000000000e+01 1.000000000000000000e+00 nan
4.800000000000000000e+01 -1.500000000000000000e+01 9.562970610726748699e-01
4.800000000000000000e+01 -1.400000000000000000e+01 9.649827260590050360e-01
4.800000000000000000e+01 -1.300000000000000000e+01 9.070103104622779799e-01
4.800000000000000000e+01 -1.200000000000000000e+01 8.929303535318640073e-01
4.800000000000000000e+01 -1.100000000000000000e+01 9.762169301512589881e-01
4.800000000000000000e+01 -1.000000000000000000e+01 1.074419629188053671e+00
4.800000000000000000e+01 -9.000000000000000000e+00 1.221288671758394173e+00
4.800000000000000000e+01 -8.000000000000000000e+00 1.094044203436187912e+00
4.800000000000000000e+01 -7.000000000000000000e+00 1.124391344754085198e+00
4.800000000000000000e+01 -6.000000000000000000e+00 1.211694565092835907e+00
4.800000000000000000e+01 -5.000000000000000000e+00 1.159645461854643234e+00
4.800000000000000000e+01 -4.000000000000000000e+00 1.150229287364247455e+00
4.800000000000000000e+01 -3.000000000000000000e+00 1.242198747642038859e+00
4.800000000000000000e+01 -2.000000000000000000e+00 1.212810503673594109e+00
4.800000000000000000e+01 -1.000000000000000000e+00 1.036967612681317208e+00
4.800000000000000000e+01 0.000000000000000000e+00 9.556544417004027014e-01
4.800000000000000000e+01 1.000000000000000000e+00 nan
4.900000000000000000e+01 -1.500000000000000000e+01 9.884525036925070340e-01
4.900000000000000000e+01 -1.400000000000000000e+01 9.502541775604271823e-01
4.900000000000000000e+01 -1.300000000000000000e+01 8.912462411698799380e-01
4.900000000000000000e+01 -1.200000000000000000e+01 9.218167888411469280e-01
4.900000000000000000e+01 -1.100000000000000000e+01 9.918249373734439045e-01
4.900000000000000000e+01 -1.000000000000000000e+01 1.072243188470598296e+00
4.900000000000000000e+01 -9.000000000000000000e+00 1.114133410428959081e+00
4.900000000000000000e+01 -8.000000000000000000e+00 1.079385847250027064e+00
4.900000000000000000e+01 -7.000000000000000000e+00 1.193154819397521216e+00
4.900000000000000000e+01 -6.000000000000000000e+00 1.221871339563215697e+00
4.900000000000000000e+01 -5.000000000000000000e+00 1.164301492266897498e+00
4.900000000000000000e+01 -4.000000000000000000e+00 1.135251199091716456e+00
4.900000000000000000e+01 -3.000000000000000000e+00 1.230641098282821533e+00
4.900000000000000000e+01 -2.000000000000000000e+00 1.194182360148952293e+00
4.900000000000000000e+01 -1.000000000000000000e+00 1.051738609340157504e+00
4.900000000000000000e+01 0.000000000000000000e+00 9.641753912896349199e-01
4.900000000000000000e+01 1.000000000000000000e+00 nan
5.000000000000000000e+01 -1.500000000000000000e+01 1.011043605851254190e+00
5.000000000000000000e+01 -1.400000000000000000e+01 9.321665251867402580e-01
5.000000000000000000e+01 -1.300000000000000000e+01 8.791693782778098321e-01
5.000000000000000000e+01 -1.200000000000000000e+01 9.495471260860871565e-01
5.000000000000000000e+01 -1.100000000000000000e+01 1.019708316291836780e+00
5.000000000000000000e+01 -1.000000000000000000e+01 1.066906845105829005e+00
5.000000000000000000e+01 -9.000000000000000000e+00 1.086499279962290787e+00
5.000000000000000000e+01 -8.000000000000000000e+00 1.068248090384889437e+00
5.000000000000000000e+01 -7.000000000000000000e+00 1.218316092981525323e+00
5.000000000000000000e+01 -6.000000000000000000e+00 1.248125068014423134e+00
5.000000000000000000e+01 -5.000000000000000000e+00 1.169088939460555254e+00
5.000000000000000000e+01 -4.000000000000000000e+00 1.096242068209429821e+00
5.000000000000000000e+01 -3.000000000000000000e+00 1.170332407282613563e+00
5.000000000000000000e+01 -2.000000000000000000e+00 1.162253036580382481e+00
5.000000000000000000e+01 -1.000000000000000000e+00 1.071097064037627611e+00
5.000000000000000000e+01 0.000000000000000000e+00 9.760688565030540831e-01
5.000000000000000000e+01 1.000000000000000000e+00 nan
