Longitude[deg], Latitude[deg], Dust optical depth
1.360000000000000000e+02 1.000000000000000000e+01 nan
1.360000000000000000e+02 1.100000000000000000e+01 nan
1.360000000000000000e+02 1.200000000000000000e+01 nan
1.360000000000000000e+02 1.300000000000000000e+01 nan
1.360000000000000000e+02 1.400000000000000000e+01 nan
1.360000000000000000e+02 1.500000000000000000e+01 nan
1.360000000000000000e+02 1.600000000000000000e+01 nan
1.360000000000000000e+02 1.700000000000000000e+01 nan
1.360000000000000000e+02 1.800000000000000000e+01 nan
1.360000000000000000e+02 1.900000000000000000e+01 nan
1.360000000000000000e+02 2.000000000000000000e+01 nan
1.360000000000000000e+02 2.100000000000000000e+01 nan
1.360000000000000000e+02 2.200000000000000000e+01 nan
1.360000000000000000e+02 2.300000000000000000e+01 nan
1.360000000000000000e+02 2.400000000000000000e+01 nan
1.360000000000000000e+02 2.500000000000000000e+01 nan
1.360000000000000000e+02 2.600000000000000000e+01 nan
1.360000000000000000e+02 2.700000000000000000e+01 nan
1.360000000000000000e+02 2.800000000000000000e+01 nan
1.370000000000000000e+02 1.000000000000000000e+01 nan
1.370000000000000000e+02 1.100000000000000000e+01 nan
1.370000000000000000e+02 1.200000000000000000e+01 nan
1.370000000000000000e+02 1.300000000000000000e+01 nan
1.370000000000000000e+02 1.400000000000000000e+01 nan
1.370000000000000000e+02 1.500000000000000000e+01 nan
1.370000000000000000e+02 1.600000000000000000e+01 nan
1.370000000000000000e+02 1.700000000000000000e+01 nan
1.370000000000000000e+02 1.800000000000000000e+01 nan
1.370000000000000000e+02 1.900000000000000000e+01 nan
1.370000000000000000e+02 2.000000000000000000e+01 6.302670509779842334e+00
1.370000000000000000e+02 2.100000000000000000e+01 6.548578880444201111e+00
1.370000000000000000e+02 2.200000000000000000e+01 6.593037911438853094e+00
1.370000000000000000e+02 2.300000000000000000e+01 6.579930310426859386e+00
1.370000000000000000e+02 2.400000000000000000e+01 6.548418494400935153e+00
1.370000000000000000e+02 2.500000000000000000e+01 6.448787628088354040e+00
1.370000000000000000e+02 2.600000000000000000e+01 6.392940042732027095e+00
1.370000000000000000e+02 2.700000000000000000e+01 nan
1.370000000000000000e+02 2.800000000000000000e+01 nan
1.380000000000000000e+02 1.000000000000000000e+01 nan
1.380000000000000000e+02 1.100000000000000000e+01 nan
1.380000000000000000e+02 1.200000000000000000e+01 5.537326901892369868e+00
1.380000000000000000e+02 1.300000000000000000e+01 5.553204375546122229e+00
1.380000000000000000e+02 1.400000000000000000e+01 5.438473750403165496e+00
1.380000000000000000e+02 1.500000000000000000e+01 5.357943537898659514e+00
1.380000000000000000e+02 1.600000000000000000e+01 5.398096141384721491e+00
1.380000000000000000e+02 1.700000000000000000e+01 5.605953083466046927e+00
1.380000000000000000e+02 1.800000000000000000e+01 5.707377716287335367e+00
1.380000000000000000e+02 1.900000000000000000e+01 5.747038700704331760e+00
1.380000000000000000e+02 2.000000000000000000e+01 5.871404145863618140e+00
1.380000000000000000e+02 2.100000000000000000e+01 6.183566659367301988e+00
1.380000000000000000e+02 2.200000000000000000e+01 6.545582552373328866e+00
1.380000000000000000e+02 2.300000000000000000e+01 6.661946729270365353e+00
1.380000000000000000e+02 2.400000000000000000e+01 6.595661334517810559e+00
1.380000000000000000e+02 2.500000000000000000e+01 6.428545830634949887e+00
1.380000000000000000e+02 2.600000000000000000e+01 6.295040945382063491e+00
1.380000000000000000e+02 2.700000000000000000e+01 6.168318897963564140e+00
1.380000000000000000e+02 2.800000000000000000e+01 nan
1.390000000000000000e+02 1.000000000000000000e+01 5.513418449177856395e+00
1.390000000000000000e+02 1.100000000000000000e+01 5.475088444282445010e+00
1.390000000000000000e+02 1.200000000000000000e+01 5.509076881772871914e+00
1.390000000000000000e+02 1.300000000000000000e+01 5.532907258116766869e+00
1.390000000000000000e+02 1.400000000000000000e+01 5.475022530577924762e+00
1.390000000000000000e+02 1.500000000000000000e+01 5.401941707726288122e+00
1.390000000000000000e+02 1.600000000000000000e+01 5.380210754383497829e+00
1.390000000000000000e+02 1.700000000000000000e+01 5.550263224687703278e+00
1.390000000000000000e+02 1.800000000000000000e+01 5.683815530018417661e+00
1.390000000000000000e+02 1.900000000000000000e+01 5.673535498283068357e+00
1.390000000000000000e+02 2.000000000000000000e+01 5.686279795275819282e+00
1.390000000000000000e+02 2.100000000000000000e+01 5.812718313936979797e+00
1.390000000000000000e+02 2.200000000000000000e+01 6.207676015682793036e+00
1.390000000000000000e+02 2.300000000000000000e+01 6.694471422547675132e+00
1.390000000000000000e+02 2.400000000000000000e+01 6.709472609285515254e+00
1.390000000000000000e+02 2.500000000000000000e+01 6.440993085268948093e+00
1.390000000000000000e+02 2.600000000000000000e+01 6.262535588991385183e+00
1.390000000000000000e+02 2.700000000000000000e+01 6.180630927763683502e+00
1.390000000000000000e+02 2.800000000000000000e+01 6.121876382029629582e+00
1.400000000000000000e+02 1.000000000000000000e+01 5.533161140688244828e+00
1.400000000000000000e+02 1.100000000000000000e+01 5.490071368056550938e+00
1.400000000000000000e+02 1.200000000000000000e+01 5.538359519412750842e+00
1.400000000000000000e+02 1.300000000000000000e+01 5.585412099168365785e+00
1.400000000000000000e+02 1.400000000000000000e+01 5.502786319223083922e+00
1.400000000000000000e+02 1.500000000000000000e+01 5.397056806518301109e+00
1.400000000000000000e+02 1.600000000000000000e+01 5.346265224882760236e+00
1.400000000000000000e+02 1.700000000000000000e+01 5.430289495602239391e+00
1.400000000000000000e+02 1.800000000000000000e+01 5.581646424301728082e+00
1.400000000000000000e+02 1.900000000000000000e+01 5.558254966142429865e+00
1.400000000000000000e+02 2.000000000000000000e+01 5.545809811905932918e+00
1.400000000000000000e+02 2.100000000000000000e+01 5.644990607103308022e+00
1.400000000000000000e+02 2.200000000000000000e+01 5.938678785766927426e+00
1.400000000000000000e+02 2.300000000000000000e+01 6.508636261026844672e+00
1.400000000000000000e+02 2.400000000000000000e+01 6.693755867866872045e+00
1.400000000000000000e+02 2.500000000000000000e+01 6.463515781552663597e+00
1.400000000000000000e+02 2.600000000000000000e+01 6.304774000943646151e+00
1.400000000000000000e+02 2.700000000000000000e+01 6.243738494261491745e+00
1.400000000000000000e+02 2.800000000000000000e+01 6.232619920707941574e+00
1.410000000000000000e+02 1.000000000000000000e+01 5.545188891486901639e+00
1.410000000000000000e+02 1.100000000000000000e+01 5.536458071407838410e+00
1.410000000000000000e+02 1.200000000000000000e+01 5.582256047205513383e+00
1.410000000000000000e+02 1.300000000000000000e+01 5.641920302116052000e+00
1.410000000000000000e+02 1.400000000000000000e+01 5.554264117831372083e+00
1.410000000000000000e+02 1.500000000000000000e+01 5.375136905921899633e+00
1.410000000000000000e+02 1.600000000000000000e+01 5.314782598075826314e+00
1.410000000000000000e+02 1.700000000000000000e+01 5.413880751682327741e+00
1.410000000000000000e+02 1.800000000000000000e+01 5.558192092790386063e+00
1.410000000000000000e+02 1.900000000000000000e+01 5.542081638951625422e+00
1.410000000000000000e+02 2.000000000000000000e+01 5.503830923508679085e+00
1.410000000000000000e+02 2.100000000000000000e+01 5.609846218118929251e+00
1.410000000000000000e+02 2.200000000000000000e+01 5.923216805359704296e+00
1.410000000000000000e+02 2.300000000000000000e+01 6.342618101307893497e+00
1.410000000000000000e+02 2.400000000000000000e+01 6.499889002338623101e+00
1.410000000000000000e+02 2.500000000000000000e+01 6.437757111516484443e+00
1.410000000000000000e+02 2.600000000000000000e+01 6.373407008105886895e+00
1.410000000000000000e+02 2.700000000000000000e+01 6.327912387467867106e+00
1.410000000000000000e+02 2.800000000000000000e+01 6.311039049198823747e+00
1.420000000000000000e+02 1.000000000000000000e+01 5.557709775850419476e+00
1.420000000000000000e+02 1.100000000000000000e+01 5.566163704646966082e+00
1.420000000000000000e+02 1.200000000000000000e+01 5.598626183308996751e+00
1.420000000000000000e+02 1.300000000000000000e+01 5.644019737581372986e+00
1.420000000000000000e+02 1.400000000000000000e+01 5.574715744534202599e+00
1.420000000000000000e+02 1.500000000000000000e+01 5.386525485711379346e+00
1.420000000000000000e+02 1.600000000000000000e+01 5.333226856211567224e+00
1.420000000000000000e+02 1.700000000000000000e+01 5.475687912675471836e+00
1.420000000000000000e+02 1.800000000000000000e+01 5.674133414480335702e+00
1.420000000000000000e+02 1.900000000000000000e+01 5.599702183952965484e+00
1.420000000000000000e+02 2.000000000000000000e+01 5.502933090524766868e+00
1.420000000000000000e+02 2.100000000000000000e+01 5.629335513129396062e+00
1.420000000000000000e+02 2.200000000000000000e+01 5.994070194366669213e+00
1.420000000000000000e+02 2.300000000000000000e+01 6.295736344784141458e+00
1.420000000000000000e+02 2.400000000000000000e+01 6.341256056137866359e+00
1.420000000000000000e+02 2.500000000000000000e+01 6.411683683247214383e+00
1.420000000000000000e+02 2.600000000000000000e+01 6.439873145399484855e+00
1.420000000000000000e+02 2.700000000000000000e+01 6.381319322257022364e+00
1.420000000000000000e+02 2.800000000000000000e+01 nan
1.430000000000000000e+02 1.000000000000000000e+01 nan
1.430000000000000000e+02 1.100000000000000000e+01 nan
1.430000000000000000e+02 1.200000000000000000e+01 nan
1.430000000000000000e+02 1.300000000000000000e+01 nan
1.430000000000000000e+02 1.400000000000000000e+01 nan
1.430000000000000000e+02 1.500000000000000000e+01 nan
1.430000000000000000e+02 1.600000000000000000e+01 nan
1.430000000000000000e+02 1.700000000000000000e+01 nan
1.430000000000000000e+02 1.800000000000000000e+01 nan
1.430000000000000000e+02 1.900000000000000000e+01 nan
1.430000000000000000e+02 2.000000000000000000e+01 nan
1.430000000000000000e+02 2.100000000000000000e+01 nan
1.430000000000000000e+02 2.200000000000000000e+01 nan
1.430000000000000000e+02 2.300000000000000000e+01 nan
1.430000000000000000e+02 2.400000000000000000e+01 nan
1.430000000000000000e+02 2.500000000000000000e+01 nan
1.430000000000000000e+02 2.600000000000000000e+01 nan
1.430000000000000000e+02 2.700000000000000000e+01 nan
1.430000000000000000e+02 2.800000000000000000e+01 nan
