Longitude[deg], Latitude[deg], Dust optical depth
-5.500000000000000000e+01 2.300000000000000000e+01 nan
-5.500000000000000000e+01 2.400000000000000000e+01 nan
-5.500000000000000000e+01 2.500000000000000000e+01 nan
-5.500000000000000000e+01 2.600000000000000000e+01 nan
-5.500000000000000000e+01 2.700000000000000000e+01 nan
-5.500000000000000000e+01 2.800000000000000000e+01 nan
-5.500000000000000000e+01 2.900000000000000000e+01 nan
-5.500000000000000000e+01 3.000000000000000000e+01 nan
-5.500000000000000000e+01 3.100000000000000000e+01 nan
-5.500000000000000000e+01 3.200000000000000000e+01 nan
-5.500000000000000000e+01 3.300000000000000000e+01 nan
-5.500000000000000000e+01 3.400000000000000000e+01 nan
-5.500000000000000000e+01 3.500000000000000000e+01 nan
-5.500000000000000000e+01 3.600000000000000000e+01 nan
-5.500000000000000000e+01 3.700000000000000000e+01 nan
-5.500000000000000000e+01 3.800000000000000000e+01 nan
-5.500000000000000000e+01 3.900000000000000000e+01 nan
-5.500000000000000000e+01 4.000000000000000000e+01 nan
-5.500000000000000000e+01 4.100000000000000000e+01 nan
-5.500000000000000000e+01 4.200000000000000000e+01 nan
-5.500000000000000000e+01 4.300000000000000000e+01 nan
-5.400000000000000000e+01 2.300000000000000000e+01 nan
-5.400000000000000000e+01 2.400000000000000000e+01 nan
-5.400000000000000000e+01 2.500000000000000000e+01 nan
-5.400000000000000000e+01 2.600000000000000000e+01 nan
-5.400000000000000000e+01 2.700000000000000000e+01 nan
-5.400000000000000000e+01 2.800000000000000000e+01 nan
-5.400000000000000000e+01 2.900000000000000000e+01 nan
-5.400000000000000000e+01 3.000000000000000000e+01 nan
-5.400000000000000000e+01 3.100000000000000000e+01 nan
-5.400000000000000000e+01 3.200000000000000000e+01 nan
-5.400000000000000000e+01 3.300000000000000000e+01 nan
-5.400000000000000000e+01 3.400000000000000000e+01 nan
-5.400000000000000000e+01 3.500000000000000000e+01 nan
-5.400000000000000000e+01 3.600000000000000000e+01 nan
-5.400000000000000000e+01 3.700000000000000000e+01 nan
-5.400000000000000000e+01 3.800000000000000000e+01 4.572586775855144725e-01
-5.400000000000000000e+01 3.900000000000000000e+01 3.228374293637987780e-01
-5.400000000000000000e+01 4.000000000000000000e+01 3.496095118578811944e-01
-5.400000000000000000e+01 4.100000000000000000e+01 3.961740120745112503e-01
-5.400000000000000000e+01 4.200000000000000000e+01 3.659110060186907543e-01
-5.400000000000000000e+01 4.300000000000000000e+01 nan
-5.300000000000000000e+01 2.300000000000000000e+01 nan
-5.300000000000000000e+01 2.400000000000000000e+01 nan
-5.300000000000000000e+01 2.500000000000000000e+01 nan
-5.300000000000000000e+01 2.600000000000000000e+01 nan
-5.300000000000000000e+01 2.700000000000000000e+01 nan
-5.300000000000000000e+01 2.800000000000000000e+01 nan
-5.300000000000000000e+01 2.900000000000000000e+01 nan
-5.300000000000000000e+01 3.000000000000000000e+01 nan
-5.300000000000000000e+01 3.100000000000000000e+01 nan
-5.300000000000000000e+01 3.200000000000000000e+01 nan
-5.300000000000000000e+01 3.300000000000000000e+01 9.552970492422151461e-01
-5.300000000000000000e+01 3.400000000000000000e+01 9.536754018645304809e-01
-5.300000000000000000e+01 3.500000000000000000e+01 8.728060957863699176e-01
-5.300000000000000000e+01 3.600000000000000000e+01 7.599944141614829451e-01
-5.300000000000000000e+01 3.700000000000000000e+01 5.296353487938385562e-01
-5.300000000000000000e+01 3.800000000000000000e+01 4.979773188212755497e-01
-5.300000000000000000e+01 3.900000000000000000e+01 5.150246830331998149e-01
-5.300000000000000000e+01 4.000000000000000000e+01 4.651046401392763263e-01
-5.300000000000000000e+01 4.100000000000000000e+01 4.330668114770521715e-01
-5.300000000000000000e+01 4.200000000000000000e+01 3.569281530715571193e-01
-5.300000000000000000e+01 4.300000000000000000e+01 nan
-5.200000000000000000e+01 2.300000000000000000e+01 nan
-5.200000000000000000e+01 2.400000000000000000e+01 nan
-5.200000000000000000e+01 2.500000000000000000e+01 nan
-5.200000000000000000e+01 2.600000000000000000e+01 nan
-5.200000000000000000e+01 2.700000000000000000e+01 1.023966206091446063e+00
-5.200000000000000000e+01 2.800000000000000000e+01 9.999998848773223870e-01
-5.200000000000000000e+01 2.900000000000000000e+01 1.047295284369327950e+00
-5.200000000000000000e+01 3.000000000000000000e+01 1.052513862854794091e+00
-5.200000000000000000e+01 3.100000000000000000e+01 9.886787071460814147e-01
-5.200000000000000000e+01 3.200000000000000000e+01 9.409694973359516990e-01
-5.200000000000000000e+01 3.300000000000000000e+01 9.182996645041793249e-01
-5.200000000000000000e+01 3.400000000000000000e+01 9.504117517035701734e-01
-5.200000000000000000e+01 3.500000000000000000e+01 8.909424104887269102e-01
-5.200000000000000000e+01 3.600000000000000000e+01 7.840880488639491164e-01
-5.200000000000000000e+01 3.700000000000000000e+01 6.038477019556220959e-01
-5.200000000000000000e+01 3.800000000000000000e+01 5.641024448639611055e-01
-5.200000000000000000e+01 3.900000000000000000e+01 5.929623369860609339e-01
-5.200000000000000000e+01 4.000000000000000000e+01 5.321860056959226704e-01
-5.200000000000000000e+01 4.100000000000000000e+01 5.000359540942640457e-01
-5.200000000000000000e+01 4.200000000000000000e+01 nan
-5.200000000000000000e+01 4.300000000000000000e+01 nan
-5.100000000000000000e+01 2.300000000000000000e+01 nan
-5.100000000000000000e+01 2.400000000000000000e+01 8.758707662436705510e-01
-5.100000000000000000e+01 2.500000000000000000e+01 9.292870279787045495e-01
-5.100000000000000000e+01 2.600000000000000000e+01 9.818855230186264160e-01
-5.100000000000000000e+01 2.700000000000000000e+01 9.977474793522076446e-01
-5.100000000000000000e+01 2.800000000000000000e+01 1.012247317981785466e+00
-5.100000000000000000e+01 2.900000000000000000e+01 1.057501908303753790e+00
-5.100000000000000000e+01 3.000000000000000000e+01 1.054070582236442233e+00
-5.100000000000000000e+01 3.100000000000000000e+01 1.007119347500970319e+00
-5.100000000000000000e+01 3.200000000000000000e+01 9.611879956199208541e-01
-5.100000000000000000e+01 3.300000000000000000e+01 9.546910517645316174e-01
-5.100000000000000000e+01 3.400000000000000000e+01 9.749114449072383559e-01
-5.100000000000000000e+01 3.500000000000000000e+01 9.339865634020962926e-01
-5.100000000000000000e+01 3.600000000000000000e+01 8.272115752495403651e-01
-5.100000000000000000e+01 3.700000000000000000e+01 6.813150817846596041e-01
-5.100000000000000000e+01 3.800000000000000000e+01 6.241360785010009460e-01
-5.100000000000000000e+01 3.900000000000000000e+01 6.288149092606905022e-01
-5.100000000000000000e+01 4.000000000000000000e+01 5.701535567619445688e-01
-5.100000000000000000e+01 4.100000000000000000e+01 nan
-5.100000000000000000e+01 4.200000000000000000e+01 nan
-5.100000000000000000e+01 4.300000000000000000e+01 nan
-5.000000000000000000e+01 2.300000000000000000e+01 nan
-5.000000000000000000e+01 2.400000000000000000e+01 8.914745173710896253e-01
-5.000000000000000000e+01 2.500000000000000000e+01 9.196244253582254169e-01
-5.000000000000000000e+01 2.600000000000000000e+01 9.712912160096768277e-01
-5.000000000000000000e+01 2.700000000000000000e+01 9.905204327097000272e-01
-5.000000000000000000e+01 2.800000000000000000e+01 1.016116287403236784e+00
-5.000000000000000000e+01 2.900000000000000000e+01 1.056880535860242665e+00
-5.000000000000000000e+01 3.000000000000000000e+01 1.052198997688982951e+00
-5.000000000000000000e+01 3.100000000000000000e+01 1.025027006832754273e+00
-5.000000000000000000e+01 3.200000000000000000e+01 1.018027186885756663e+00
-5.000000000000000000e+01 3.300000000000000000e+01 1.008462887412193032e+00
-5.000000000000000000e+01 3.400000000000000000e+01 1.015113898946761850e+00
-5.000000000000000000e+01 3.500000000000000000e+01 9.775966680967681510e-01
-5.000000000000000000e+01 3.600000000000000000e+01 8.829170130279864193e-01
-5.000000000000000000e+01 3.700000000000000000e+01 7.581352194216628426e-01
-5.000000000000000000e+01 3.800000000000000000e+01 6.656169189249967477e-01
-5.000000000000000000e+01 3.900000000000000000e+01 6.435723845751576411e-01
-5.000000000000000000e+01 4.000000000000000000e+01 5.921223385500510306e-01
-5.000000000000000000e+01 4.100000000000000000e+01 nan
-5.000000000000000000e+01 4.200000000000000000e+01 nan
-5.000000000000000000e+01 4.300000000000000000e+01 nan
-4.900000000000000000e+01 2.300000000000000000e+01 nan
-4.900000000000000000e+01 2.400000000000000000e+01 8.892079294987926819e-01
-4.900000000000000000e+01 2.500000000000000000e+01 9.023402430537150742e-01
-4.900000000000000000e+01 2.600000000000000000e+01 9.506787029312973036e-01
-4.900000000000000000e+01 2.700000000000000000e+01 9.941546259319938850e-01
-4.900000000000000000e+01 2.800000000000000000e+01 1.009103511204863635e+00
-4.900000000000000000e+01 2.900000000000000000e+01 1.036737992271060671e+00
-4.900000000000000000e+01 3.000000000000000000e+01 1.053330133650850486e+00
-4.900000000000000000e+01 3.100000000000000000e+01 1.053688786308885517e+00
-4.900000000000000000e+01 3.200000000000000000e+01 1.069606761211049806e+00
-4.900000000000000000e+01 3.300000000000000000e+01 1.048116521225975539e+00
-4.900000000000000000e+01 3.400000000000000000e+01 1.028079349683261867e+00
-4.900000000000000000e+01 3.500000000000000000e+01 9.892622621841538066e-01
-4.900000000000000000e+01 3.600000000000000000e+01 9.145551586370452846e-01
-4.900000000000000000e+01 3.700000000000000000e+01 8.196491297190953151e-01
-4.900000000000000000e+01 3.800000000000000000e+01 6.982238176818552633e-01
-4.900000000000000000e+01 3.900000000000000000e+01 6.438932791261516853e-01
-4.900000000000000000e+01 4.000000000000000000e+01 5.990735260131626605e-01
-4.900000000000000000e+01 4.100000000000000000e+01 nan
-4.900000000000000000e+01 4.200000000000000000e+01 nan
-4.900000000000000000e+01 4.300000000000000000e+01 nan
-4.800000000000000000e+01 2.300000000000000000e+01 nan
-4.800000000000000000e+01 2.400000000000000000e+01 8.869641212228546179e-01
-4.800000000000000000e+01 2.500000000000000000e+01 9.090980434364777096e-01
-4.800000000000000000e+01 2.600000000000000000e+01 9.553226151081165574e-01
-4.800000000000000000e+01 2.700000000000000000e+01 9.965944139006263081e-01
-4.800000000000000000e+01 2.800000000000000000e+01 1.011138338967407346e+00
-4.800000000000000000e+01 2.900000000000000000e+01 1.038081016702192994e+00
-4.800000000000000000e+01 3.000000000000000000e+01 1.071669515958627361e+00
-4.800000000000000000e+01 3.100000000000000000e+01 1.074485735482942905e+00
-4.800000000000000000e+01 3.200000000000000000e+01 1.092869004278163025e+00
-4.800000000000000000e+01 3.300000000000000000e+01 1.068570703251135567e+00
-4.800000000000000000e+01 3.400000000000000000e+01 1.036262382625759981e+00
-4.800000000000000000e+01 3.500000000000000000e+01 9.929668898075187933e-01
-4.800000000000000000e+01 3.600000000000000000e+01 9.159728912052949035e-01
-4.800000000000000000e+01 3.700000000000000000e+01 8.196491297190953151e-01
-4.800000000000000000e+01 3.800000000000000000e+01 7.040906005216155394e-01
-4.800000000000000000e+01 3.900000000000000000e+01 6.446925858465912818e-01
-4.800000000000000000e+01 4.000000000000000000e+01 5.990735260131626605e-01
-4.800000000000000000e+01 4.100000000000000000e+01 nan
-4.800000000000000000e+01 4.200000000000000000e+01 nan
-4.800000000000000000e+01 4.300000000000000000e+01 nan
-4.700000000000000000e+01 2.300000000000000000e+01 nan
-4.700000000000000000e+01 2.400000000000000000e+01 8.945595831968756739e-01
-4.700000000000000000e+01 2.500000000000000000e+01 9.379301414453596886e-01
-4.700000000000000000e+01 2.600000000000000000e+01 9.966212322033639603e-01
-4.700000000000000000e+01 2.700000000000000000e+01 1.001124586547285977e+00
-4.700000000000000000e+01 2.800000000000000000e+01 1.023647393859020704e+00
-4.700000000000000000e+01 2.900000000000000000e+01 1.076885718866785968e+00
-4.700000000000000000e+01 3.000000000000000000e+01 1.102103494941410577e+00
-4.700000000000000000e+01 3.100000000000000000e+01 1.087339334894852794e+00
-4.700000000000000000e+01 3.200000000000000000e+01 1.083394750597388656e+00
-4.700000000000000000e+01 3.300000000000000000e+01 1.060338049021381401e+00
-4.700000000000000000e+01 3.400000000000000000e+01 1.058248617175655770e+00
-4.700000000000000000e+01 3.500000000000000000e+01 1.028542097125447530e+00
-4.700000000000000000e+01 3.600000000000000000e+01 9.464245644501716459e-01
-4.700000000000000000e+01 3.700000000000000000e+01 8.028965169158238657e-01
-4.700000000000000000e+01 3.800000000000000000e+01 nan
-4.700000000000000000e+01 3.900000000000000000e+01 nan
-4.700000000000000000e+01 4.000000000000000000e+01 nan
-4.700000000000000000e+01 4.100000000000000000e+01 nan
-4.700000000000000000e+01 4.200000000000000000e+01 nan
-4.700000000000000000e+01 4.300000000000000000e+01 nan
