Longitude[deg], Latitude[deg], Dust optical depth
-1.480000000000000000e+02 3.000000000000000000e+01 nan
-1.480000000000000000e+02 3.100000000000000000e+01 nan
-1.480000000000000000e+02 3.200000000000000000e+01 nan
-1.480000000000000000e+02 3.300000000000000000e+01 nan
-1.480000000000000000e+02 3.400000000000000000e+01 nan
-1.480000000000000000e+02 3.500000000000000000e+01 nan
-1.480000000000000000e+02 3.600000000000000000e+01 nan
-1.480000000000000000e+02 3.700000000000000000e+01 nan
-1.480000000000000000e+02 3.800000000000000000e+01 nan
-1.480000000000000000e+02 3.900000000000000000e+01 nan
-1.480000000000000000e+02 4.000000000000000000e+01 nan
-1.480000000000000000e+02 4.100000000000000000e+01 nan
-1.480000000000000000e+02 4.200000000000000000e+01 nan
-1.480000000000000000e+02 4.300000000000000000e+01 nan
-1.480000000000000000e+02 4.400000000000000000e+01 nan
-1.480000000000000000e+02 4.500000000000000000e+01 nan
-1.480000000000000000e+02 4.600000000000000000e+01 nan
-1.480000000000000000e+02 4.700000000000000000e+01 nan
-1.480000000000000000e+02 4.800000000000000000e+01 nan
-1.480000000000000000e+02 4.900000000000000000e+01 nan
-1.480000000000000000e+02 5.000000000000000000e+01 nan
-1.470000000000000000e+02 3.000000000000000000e+01 nan
-1.470000000000000000e+02 3.100000000000000000e+01 nan
-1.470000000000000000e+02 3.200000000000000000e+01 nan
-1.470000000000000000e+02 3.300000000000000000e+01 nan
-1.470000000000000000e+02 3.400000000000000000e+01 nan
-1.470000000000000000e+02 3.500000000000000000e+01 nan
-1.470000000000000000e+02 3.600000000000000000e+01 nan
-1.470000000000000000e+02 3.700000000000000000e+01 nan
-1.470000000000000000e+02 3.800000000000000000e+01 nan
-1.470000000000000000e+02 3.900000000000000000e+01 nan
-1.470000000000000000e+02 4.000000000000000000e+01 nan
-1.470000000000000000e+02 4.100000000000000000e+01 nan
-1.470000000000000000e+02 4.200000000000000000e+01 9.048948972470766128e-01
-1.470000000000000000e+02 4.300000000000000000e+01 8.368631464757652072e-01
-1.470000000000000000e+02 4.400000000000000000e+01 nan
-1.470000000000000000e+02 4.500000000000000000e+01 nan
-1.470000000000000000e+02 4.600000000000000000e+01 nan
-1.470000000000000000e+02 4.700000000000000000e+01 nan
-1.470000000000000000e+02 4.800000000000000000e+01 nan
-1.470000000000000000e+02 4.900000000000000000e+01 nan
-1.470000000000000000e+02 5.000000000000000000e+01 nan
-1.460000000000000000e+02 3.000000000000000000e+01 nan
-1.460000000000000000e+02 3.100000000000000000e+01 nan
-1.460000000000000000e+02 3.200000000000000000e+01 nan
-1.460000000000000000e+02 3.300000000000000000e+01 nan
-1.460000000000000000e+02 3.400000000000000000e+01 nan
-1.460000000000000000e+02 3.500000000000000000e+01 nan
-1.460000000000000000e+02 3.600000000000000000e+01 nan
-1.460000000000000000e+02 3.700000000000000000e+01 1.033261881163542562e+00
-1.460000000000000000e+02 3.800000000000000000e+01 1.013188968274574941e+00
-1.460000000000000000e+02 3.900000000000000000e+01 9.758706977976524533e-01
-1.460000000000000000e+02 4.000000000000000000e+01 9.624600609366480430e-01
-1.460000000000000000e+02 4.100000000000000000e+01 9.503321392566648207e-01
-1.460000000000000000e+02 4.200000000000000000e+01 9.208173037335942723e-01
-1.460000000000000000e+02 4.300000000000000000e+01 8.650007399405651443e-01
-1.460000000000000000e+02 4.400000000000000000e+01 8.035051343714721961e-01
-1.460000000000000000e+02 4.500000000000000000e+01 nan
-1.460000000000000000e+02 4.600000000000000000e+01 nan
-1.460000000000000000e+02 4.700000000000000000e+01 nan
-1.460000000000000000e+02 4.800000000000000000e+01 nan
-1.460000000000000000e+02 4.900000000000000000e+01 nan
-1.460000000000000000e+02 5.000000000000000000e+01 nan
-1.450000000000000000e+02 3.000000000000000000e+01 nan
-1.450000000000000000e+02 3.100000000000000000e+01 7.276222794822503337e-01
-1.450000000000000000e+02 3.200000000000000000e+01 7.150769230581355274e-01
-1.450000000000000000e+02 3.300000000000000000e+01 7.061141999894400278e-01
-1.450000000000000000e+02 3.400000000000000000e+01 nan
-1.450000000000000000e+02 3.500000000000000000e+01 9.706283357735910888e-01
-1.450000000000000000e+02 3.600000000000000000e+01 1.031076009314977338e+00
-1.450000000000000000e+02 3.700000000000000000e+01 1.053174413492018902e+00
-1.450000000000000000e+02 3.800000000000000000e+01 1.023406560406116439e+00
-1.450000000000000000e+02 3.900000000000000000e+01 9.915712312061190081e-01
-1.450000000000000000e+02 4.000000000000000000e+01 9.769880895447101699e-01
-1.450000000000000000e+02 4.100000000000000000e+01 9.630096593678583172e-01
-1.450000000000000000e+02 4.200000000000000000e+01 9.289039847497725377e-01
-1.450000000000000000e+02 4.300000000000000000e+01 8.621667465784766948e-01
-1.450000000000000000e+02 4.400000000000000000e+01 8.086893012189705354e-01
-1.450000000000000000e+02 4.500000000000000000e+01 nan
-1.450000000000000000e+02 4.600000000000000000e+01 nan
-1.450000000000000000e+02 4.700000000000000000e+01 nan
-1.450000000000000000e+02 4.800000000000000000e+01 nan
-1.450000000000000000e+02 4.900000000000000000e+01 nan
-1.450000000000000000e+02 5.000000000000000000e+01 nan
-1.440000000000000000e+02 3.000000000000000000e+01 7.253725240799021590e-01
-1.440000000000000000e+02 3.100000000000000000e+01 7.113762756763719608e-01
-1.440000000000000000e+02 3.200000000000000000e+01 7.008175062986053971e-01
-1.440000000000000000e+02 3.300000000000000000e+01 6.906662683326746377e-01
-1.440000000000000000e+02 3.400000000000000000e+01 nan
-1.440000000000000000e+02 3.500000000000000000e+01 9.846134485918801582e-01
-1.440000000000000000e+02 3.600000000000000000e+01 1.040594396029670854e+00
-1.440000000000000000e+02 3.700000000000000000e+01 1.066977780538275633e+00
-1.440000000000000000e+02 3.800000000000000000e+01 1.038182266088393702e+00
-1.440000000000000000e+02 3.900000000000000000e+01 1.003215237031313656e+00
-1.440000000000000000e+02 4.000000000000000000e+01 1.004987579381337870e+00
-1.440000000000000000e+02 4.100000000000000000e+01 9.918276663142452376e-01
-1.440000000000000000e+02 4.200000000000000000e+01 9.511518628705345479e-01
-1.440000000000000000e+02 4.300000000000000000e+01 8.533860137450304251e-01
-1.440000000000000000e+02 4.400000000000000000e+01 7.688672756428763799e-01
-1.440000000000000000e+02 4.500000000000000000e+01 7.159543218591850611e-01
-1.440000000000000000e+02 4.600000000000000000e+01 nan
-1.440000000000000000e+02 4.700000000000000000e+01 nan
-1.440000000000000000e+02 4.800000000000000000e+01 nan
-1.440000000000000000e+02 4.900000000000000000e+01 nan
-1.440000000000000000e+02 5.000000000000000000e+01 nan
-1.430000000000000000e+02 3.000000000000000000e+01 7.019540127824999143e-01
-1.430000000000000000e+02 3.100000000000000000e+01 6.829882680156029728e-01
-1.430000000000000000e+02 3.200000000000000000e+01 6.886811390950202671e-01
-1.430000000000000000e+02 3.300000000000000000e+01 6.938210387164567283e-01
-1.430000000000000000e+02 3.400000000000000000e+01 6.390164723124999169e-01
-1.430000000000000000e+02 3.500000000000000000e+01 9.879168166067596735e-01
-1.430000000000000000e+02 3.600000000000000000e+01 1.037509899543066272e+00
-1.430000000000000000e+02 3.700000000000000000e+01 1.075076071800696864e+00
-1.430000000000000000e+02 3.800000000000000000e+01 1.054867086828464418e+00
-1.430000000000000000e+02 3.900000000000000000e+01 1.014367963364354530e+00
-1.430000000000000000e+02 4.000000000000000000e+01 1.028197004626393296e+00
-1.430000000000000000e+02 4.100000000000000000e+01 1.008949380222224024e+00
-1.430000000000000000e+02 4.200000000000000000e+01 9.611233099862276363e-01
-1.430000000000000000e+02 4.300000000000000000e+01 8.588201049590664660e-01
-1.430000000000000000e+02 4.400000000000000000e+01 7.394333859979556056e-01
-1.430000000000000000e+02 4.500000000000000000e+01 6.601749080029777339e-01
-1.430000000000000000e+02 4.600000000000000000e+01 nan
-1.430000000000000000e+02 4.700000000000000000e+01 nan
-1.430000000000000000e+02 4.800000000000000000e+01 nan
-1.430000000000000000e+02 4.900000000000000000e+01 nan
-1.430000000000000000e+02 5.000000000000000000e+01 nan
-1.420000000000000000e+02 3.000000000000000000e+01 6.902449355864803682e-01
-1.420000000000000000e+02 3.100000000000000000e+01 6.720905121183090580e-01
-1.420000000000000000e+02 3.200000000000000000e+01 6.862642305912756147e-01
-1.420000000000000000e+02 3.300000000000000000e+01 6.964668904662995041e-01
-1.420000000000000000e+02 3.400000000000000000e+01 6.256538779806545270e-01
-1.420000000000000000e+02 3.500000000000000000e+01 8.538445126893826620e-01
-1.420000000000000000e+02 3.600000000000000000e+01 9.230239611372192954e-01
-1.420000000000000000e+02 3.700000000000000000e+01 9.760331886677047208e-01
-1.420000000000000000e+02 3.800000000000000000e+01 1.017701079466875935e+00
-1.420000000000000000e+02 3.900000000000000000e+01 1.030870528380006812e+00
-1.420000000000000000e+02 4.000000000000000000e+01 1.046136190806312039e+00
-1.420000000000000000e+02 4.100000000000000000e+01 1.005238956547803042e+00
-1.420000000000000000e+02 4.200000000000000000e+01 9.536572744712824568e-01
-1.420000000000000000e+02 4.300000000000000000e+01 8.478173573211026381e-01
-1.420000000000000000e+02 4.400000000000000000e+01 6.969602214524132089e-01
-1.420000000000000000e+02 4.500000000000000000e+01 6.045823857340479890e-01
-1.420000000000000000e+02 4.600000000000000000e+01 5.397070889323405396e-01
-1.420000000000000000e+02 4.700000000000000000e+01 nan
-1.420000000000000000e+02 4.800000000000000000e+01 nan
-1.420000000000000000e+02 4.900000000000000000e+01 nan
-1.420000000000000000e+02 5.000000000000000000e+01 nan
-1.410000000000000000e+02 3.000000000000000000e+01 6.903335486452134573e-01
-1.410000000000000000e+02 3.100000000000000000e+01 6.757926653295481811e-01
-1.410000000000000000e+02 3.200000000000000000e+01 6.846040061169544888e-01
-1.410000000000000000e+02 3.300000000000000000e+01 6.846040061169544888e-01
-1.410000000000000000e+02 3.400000000000000000e+01 nan
-1.410000000000000000e+02 3.500000000000000000e+01 7.394677130262145015e-01
-1.410000000000000000e+02 3.600000000000000000e+01 7.980086515959670113e-01
-1.410000000000000000e+02 3.700000000000000000e+01 8.503178164706352016e-01
-1.410000000000000000e+02 3.800000000000000000e+01 9.457937732628876049e-01
-1.410000000000000000e+02 3.900000000000000000e+01 1.040750978659250592e+00
-1.410000000000000000e+02 4.000000000000000000e+01 1.057752472785947973e+00
-1.410000000000000000e+02 4.100000000000000000e+01 1.003374374629452115e+00
-1.410000000000000000e+02 4.200000000000000000e+01 9.449605014416163629e-01
-1.410000000000000000e+02 4.300000000000000000e+01 8.356457789785094459e-01
-1.410000000000000000e+02 4.400000000000000000e+01 6.530246446450557185e-01
-1.410000000000000000e+02 4.500000000000000000e+01 5.726248931968200839e-01
-1.410000000000000000e+02 4.600000000000000000e+01 5.042924841378358947e-01
-1.410000000000000000e+02 4.700000000000000000e+01 nan
-1.410000000000000000e+02 4.800000000000000000e+01 nan
-1.410000000000000000e+02 4.900000000000000000e+01 nan
-1.410000000000000000e+02 5.000000000000000000e+01 nan
-1.400000000000000000e+02 3.000000000000000000e+01 nan
-1.400000000000000000e+02 3.100000000000000000e+01 nan
-1.400000000000000000e+02 3.200000000000000000e+01 nan
-1.400000000000000000e+02 3.300000000000000000e+01 nan
-1.400000000000000000e+02 3.400000000000000000e+01 nan
-1.400000000000000000e+02 3.500000000000000000e+01 nan
-1.400000000000000000e+02 3.600000000000000000e+01 nan
-1.400000000000000000e+02 3.700000000000000000e+01 nan
-1.400000000000000000e+02 3.800000000000000000e+01 nan
-1.400000000000000000e+02 3.900000000000000000e+01 nan
-1.400000000000000000e+02 4.000000000000000000e+01 nan
-1.400000000000000000e+02 4.100000000000000000e+01 nan
-1.400000000000000000e+02 4.200000000000000000e+01 nan
-1.400000000000000000e+02 4.300000000000000000e+01 nan
-1.400000000000000000e+02 4.400000000000000000e+01 nan
-1.400000000000000000e+02 4.500000000000000000e+01 nan
-1.400000000000000000e+02 4.600000000000000000e+01 nan
-1.400000000000000000e+02 4.700000000000000000e+01 nan
-1.400000000000000000e+02 4.800000000000000000e+01 nan
-1.400000000000000000e+02 4.900000000000000000e+01 nan
-1.400000000000000000e+02 5.000000000000000000e+01 nan
