Longitude[deg], Latitude[deg], Dust optical depth
1.030000000000000000e+02 1.500000000000000000e+01 nan
1.030000000000000000e+02 1.600000000000000000e+01 nan
1.030000000000000000e+02 1.700000000000000000e+01 nan
1.030000000000000000e+02 1.800000000000000000e+01 nan
1.030000000000000000e+02 1.900000000000000000e+01 nan
1.030000000000000000e+02 2.000000000000000000e+01 nan
1.030000000000000000e+02 2.100000000000000000e+01 nan
1.030000000000000000e+02 2.200000000000000000e+01 nan
1.030000000000000000e+02 2.300000000000000000e+01 nan
1.030000000000000000e+02 2.400000000000000000e+01 nan
1.030000000000000000e+02 2.500000000000000000e+01 nan
1.030000000000000000e+02 2.600000000000000000e+01 nan
1.030000000000000000e+02 2.700000000000000000e+01 nan
1.030000000000000000e+02 2.800000000000000000e+01 nan
1.030000000000000000e+02 2.900000000000000000e+01 nan
1.030000000000000000e+02 3.000000000000000000e+01 nan
1.030000000000000000e+02 3.100000000000000000e+01 nan
1.030000000000000000e+02 3.200000000000000000e+01 nan
1.030000000000000000e+02 3.300000000000000000e+01 nan
1.030000000000000000e+02 3.400000000000000000e+01 nan
1.030000000000000000e+02 3.500000000000000000e+01 nan
1.030000000000000000e+02 3.600000000000000000e+01 nan
1.030000000000000000e+02 3.700000000000000000e+01 nan
1.030000000000000000e+02 3.800000000000000000e+01 nan
1.030000000000000000e+02 3.900000000000000000e+01 nan
1.030000000000000000e+02 4.000000000000000000e+01 nan
1.030000000000000000e+02 4.100000000000000000e+01 nan
1.040000000000000000e+02 1.500000000000000000e+01 nan
1.040000000000000000e+02 1.600000000000000000e+01 nan
1.040000000000000000e+02 1.700000000000000000e+01 nan
1.040000000000000000e+02 1.800000000000000000e+01 nan
1.040000000000000000e+02 1.900000000000000000e+01 nan
1.040000000000000000e+02 2.000000000000000000e+01 nan
1.040000000000000000e+02 2.100000000000000000e+01 nan
1.040000000000000000e+02 2.200000000000000000e+01 nan
1.040000000000000000e+02 2.300000000000000000e+01 nan
1.040000000000000000e+02 2.400000000000000000e+01 nan
1.040000000000000000e+02 2.500000000000000000e+01 nan
1.040000000000000000e+02 2.600000000000000000e+01 nan
1.040000000000000000e+02 2.700000000000000000e+01 nan
1.040000000000000000e+02 2.800000000000000000e+01 nan
1.040000000000000000e+02 2.900000000000000000e+01 nan
1.040000000000000000e+02 3.000000000000000000e+01 nan
1.040000000000000000e+02 3.100000000000000000e+01 nan
1.040000000000000000e+02 3.200000000000000000e+01 nan
1.040000000000000000e+02 3.300000000000000000e+01 nan
1.040000000000000000e+02 3.400000000000000000e+01 nan
1.040000000000000000e+02 3.500000000000000000e+01 nan
1.040000000000000000e+02 3.600000000000000000e+01 nan
1.040000000000000000e+02 3.700000000000000000e+01 nan
1.040000000000000000e+02 3.800000000000000000e+01 nan
1.040000000000000000e+02 3.900000000000000000e+01 nan
1.040000000000000000e+02 4.000000000000000000e+01 nan
1.040000000000000000e+02 4.100000000000000000e+01 nan
1.050000000000000000e+02 1.500000000000000000e+01 nan
1.050000000000000000e+02 1.600000000000000000e+01 nan
1.050000000000000000e+02 1.700000000000000000e+01 nan
1.050000000000000000e+02 1.800000000000000000e+01 nan
1.050000000000000000e+02 1.900000000000000000e+01 nan
1.050000000000000000e+02 2.000000000000000000e+01 nan
1.050000000000000000e+02 2.100000000000000000e+01 nan
1.050000000000000000e+02 2.200000000000000000e+01 nan
1.050000000000000000e+02 2.300000000000000000e+01 nan
1.050000000000000000e+02 2.400000000000000000e+01 nan
1.050000000000000000e+02 2.500000000000000000e+01 nan
1.050000000000000000e+02 2.600000000000000000e+01 nan
1.050000000000000000e+02 2.700000000000000000e+01 nan
1.050000000000000000e+02 2.800000000000000000e+01 nan
1.050000000000000000e+02 2.900000000000000000e+01 nan
1.050000000000000000e+02 3.000000000000000000e+01 nan
1.050000000000000000e+02 3.100000000000000000e+01 nan
1.050000000000000000e+02 3.200000000000000000e+01 nan
1.050000000000000000e+02 3.300000000000000000e+01 nan
1.050000000000000000e+02 3.400000000000000000e+01 nan
1.050000000000000000e+02 3.500000000000000000e+01 nan
1.050000000000000000e+02 3.600000000000000000e+01 nan
1.050000000000000000e+02 3.700000000000000000e+01 nan
1.050000000000000000e+02 3.800000000000000000e+01 nan
1.050000000000000000e+02 3.900000000000000000e+01 nan
1.050000000000000000e+02 4.000000000000000000e+01 nan
1.050000000000000000e+02 4.100000000000000000e+01 nan
1.060000000000000000e+02 1.500000000000000000e+01 nan
1.060000000000000000e+02 1.600000000000000000e+01 nan
1.060000000000000000e+02 1.700000000000000000e+01 nan
1.060000000000000000e+02 1.800000000000000000e+01 nan
1.060000000000000000e+02 1.900000000000000000e+01 nan
1.060000000000000000e+02 2.000000000000000000e+01 nan
1.060000000000000000e+02 2.100000000000000000e+01 nan
1.060000000000000000e+02 2.200000000000000000e+01 nan
1.060000000000000000e+02 2.300000000000000000e+01 nan
1.060000000000000000e+02 2.400000000000000000e+01 nan
1.060000000000000000e+02 2.500000000000000000e+01 nan
1.060000000000000000e+02 2.600000000000000000e+01 nan
1.060000000000000000e+02 2.700000000000000000e+01 2.105808438289072715e+00
1.060000000000000000e+02 2.800000000000000000e+01 2.121841181887871297e+00
1.060000000000000000e+02 2.900000000000000000e+01 nan
1.060000000000000000e+02 3.000000000000000000e+01 nan
1.060000000000000000e+02 3.100000000000000000e+01 nan
1.060000000000000000e+02 3.200000000000000000e+01 nan
1.060000000000000000e+02 3.300000000000000000e+01 nan
1.060000000000000000e+02 3.400000000000000000e+01 nan
1.060000000000000000e+02 3.500000000000000000e+01 nan
1.060000000000000000e+02 3.600000000000000000e+01 nan
1.060000000000000000e+02 3.700000000000000000e+01 nan
1.060000000000000000e+02 3.800000000000000000e+01 nan
1.060000000000000000e+02 3.900000000000000000e+01 nan
1.060000000000000000e+02 4.000000000000000000e+01 nan
1.060000000000000000e+02 4.100000000000000000e+01 nan
1.070000000000000000e+02 1.500000000000000000e+01 nan
1.070000000000000000e+02 1.600000000000000000e+01 nan
1.070000000000000000e+02 1.700000000000000000e+01 nan
1.070000000000000000e+02 1.800000000000000000e+01 nan
1.070000000000000000e+02 1.900000000000000000e+01 nan
1.070000000000000000e+02 2.000000000000000000e+01 nan
1.070000000000000000e+02 2.100000000000000000e+01 2.232499716288756098e+00
1.070000000000000000e+02 2.200000000000000000e+01 2.176449057645279073e+00
1.070000000000000000e+02 2.300000000000000000e+01 1.927771067043220654e+00
1.070000000000000000e+02 2.400000000000000000e+01 1.869958601129927400e+00
1.070000000000000000e+02 2.500000000000000000e+01 2.043014627464708521e+00
1.070000000000000000e+02 2.600000000000000000e+01 2.071499339841475162e+00
1.070000000000000000e+02 2.700000000000000000e+01 2.092053267410257877e+00
1.070000000000000000e+02 2.800000000000000000e+01 2.169976013453975838e+00
1.070000000000000000e+02 2.900000000000000000e+01 nan
1.070000000000000000e+02 3.000000000000000000e+01 nan
1.070000000000000000e+02 3.100000000000000000e+01 nan
1.070000000000000000e+02 3.200000000000000000e+01 nan
1.070000000000000000e+02 3.300000000000000000e+01 nan
1.070000000000000000e+02 3.400000000000000000e+01 nan
1.070000000000000000e+02 3.500000000000000000e+01 nan
1.070000000000000000e+02 3.600000000000000000e+01 nan
1.070000000000000000e+02 3.700000000000000000e+01 nan
1.070000000000000000e+02 3.800000000000000000e+01 nan
1.070000000000000000e+02 3.900000000000000000e+01 nan
1.070000000000000000e+02 4.000000000000000000e+01 nan
1.070000000000000000e+02 4.100000000000000000e+01 nan
1.080000000000000000e+02 1.500000000000000000e+01 2.183552119833970018e+00
1.080000000000000000e+02 1.600000000000000000e+01 2.110604325239226586e+00
1.080000000000000000e+02 1.700000000000000000e+01 2.009399358660988621e+00
1.080000000000000000e+02 1.800000000000000000e+01 2.001950948070622793e+00
1.080000000000000000e+02 1.900000000000000000e+01 2.028553484522259254e+00
1.080000000000000000e+02 2.000000000000000000e+01 2.089274895422948752e+00
1.080000000000000000e+02 2.100000000000000000e+01 2.185564952089874335e+00
1.080000000000000000e+02 2.200000000000000000e+01 2.157596458624750024e+00
1.080000000000000000e+02 2.300000000000000000e+01 1.933663402668088560e+00
1.080000000000000000e+02 2.400000000000000000e+01 1.864672051221427207e+00
1.080000000000000000e+02 2.500000000000000000e+01 2.030120345800781934e+00
1.080000000000000000e+02 2.600000000000000000e+01 2.106677978643971993e+00
1.080000000000000000e+02 2.700000000000000000e+01 2.145440178717223922e+00
1.080000000000000000e+02 2.800000000000000000e+01 2.220303575353489212e+00
1.080000000000000000e+02 2.900000000000000000e+01 nan
1.080000000000000000e+02 3.000000000000000000e+01 nan
1.080000000000000000e+02 3.100000000000000000e+01 nan
1.080000000000000000e+02 3.200000000000000000e+01 nan
1.080000000000000000e+02 3.300000000000000000e+01 nan
1.080000000000000000e+02 3.400000000000000000e+01 nan
1.080000000000000000e+02 3.500000000000000000e+01 nan
1.080000000000000000e+02 3.600000000000000000e+01 nan
1.080000000000000000e+02 3.700000000000000000e+01 nan
1.080000000000000000e+02 3.800000000000000000e+01 nan
1.080000000000000000e+02 3.900000000000000000e+01 nan
1.080000000000000000e+02 4.000000000000000000e+01 nan
1.080000000000000000e+02 4.100000000000000000e+01 nan
1.090000000000000000e+02 1.500000000000000000e+01 2.194989619191628716e+00
1.090000000000000000e+02 1.600000000000000000e+01 2.124322440796253986e+00
1.090000000000000000e+02 1.700000000000000000e+01 1.986687265508528366e+00
1.090000000000000000e+02 1.800000000000000000e+01 1.965593223639234610e+00
1.090000000000000000e+02 1.900000000000000000e+01 2.013841581051775353e+00
1.090000000000000000e+02 2.000000000000000000e+01 2.106505983142803462e+00
1.090000000000000000e+02 2.100000000000000000e+01 2.183933253175515343e+00
1.090000000000000000e+02 2.200000000000000000e+01 2.145794304350116644e+00
1.090000000000000000e+02 2.300000000000000000e+01 1.944236860592016614e+00
1.090000000000000000e+02 2.400000000000000000e+01 1.849470867821886744e+00
1.090000000000000000e+02 2.500000000000000000e+01 2.004729064138134120e+00
1.090000000000000000e+02 2.600000000000000000e+01 2.120424212010821208e+00
1.090000000000000000e+02 2.700000000000000000e+01 2.169284162035550967e+00
1.090000000000000000e+02 2.800000000000000000e+01 2.260559579006541142e+00
1.090000000000000000e+02 2.900000000000000000e+01 nan
1.090000000000000000e+02 3.000000000000000000e+01 nan
1.090000000000000000e+02 3.100000000000000000e+01 nan
1.090000000000000000e+02 3.200000000000000000e+01 nan
1.090000000000000000e+02 3.300000000000000000e+01 nan
1.090000000000000000e+02 3.400000000000000000e+01 nan
1.090000000000000000e+02 3.500000000000000000e+01 nan
1.090000000000000000e+02 3.600000000000000000e+01 nan
1.090000000000000000e+02 3.700000000000000000e+01 nan
1.090000000000000000e+02 3.800000000000000000e+01 nan
1.090000000000000000e+02 3.900000000000000000e+01 nan
1.090000000000000000e+02 4.000000000000000000e+01 nan
1.090000000000000000e+02 4.100000000000000000e+01 nan
1.100000000000000000e+02 1.500000000000000000e+01 2.201590781786576745e+00
1.100000000000000000e+02 1.600000000000000000e+01 2.112324439704062584e+00
1.100000000000000000e+02 1.700000000000000000e+01 1.970802375099091286e+00
1.100000000000000000e+02 1.800000000000000000e+01 1.946088390038981375e+00
1.100000000000000000e+02 1.900000000000000000e+01 2.003563324786714617e+00
1.100000000000000000e+02 2.000000000000000000e+01 2.105550012814912719e+00
1.100000000000000000e+02 2.100000000000000000e+01 2.165601786014827113e+00
1.100000000000000000e+02 2.200000000000000000e+01 2.126187088202583286e+00
1.100000000000000000e+02 2.300000000000000000e+01 1.952099088296925133e+00
1.100000000000000000e+02 2.400000000000000000e+01 1.842915694451291664e+00
1.100000000000000000e+02 2.500000000000000000e+01 1.997834214353074511e+00
1.100000000000000000e+02 2.600000000000000000e+01 2.117446730253222498e+00
1.100000000000000000e+02 2.700000000000000000e+01 2.157980391272626086e+00
1.100000000000000000e+02 2.800000000000000000e+01 2.265557400003657573e+00
1.100000000000000000e+02 2.900000000000000000e+01 nan
1.100000000000000000e+02 3.000000000000000000e+01 nan
1.100000000000000000e+02 3.100000000000000000e+01 nan
1.100000000000000000e+02 3.200000000000000000e+01 nan
1.100000000000000000e+02 3.300000000000000000e+01 nan
1.100000000000000000e+02 3.400000000000000000e+01 nan
1.100000000000000000e+02 3.500000000000000000e+01 nan
1.100000000000000000e+02 3.600000000000000000e+01 nan
1.100000000000000000e+02 3.700000000000000000e+01 nan
1.100000000000000000e+02 3.800000000000000000e+01 nan
1.100000000000000000e+02 3.900000000000000000e+01 nan
1.100000000000000000e+02 4.000000000000000000e+01 nan
1.100000000000000000e+02 4.100000000000000000e+01 nan
1.110000000000000000e+02 1.500000000000000000e+01 2.207906966891568956e+00
1.110000000000000000e+02 1.600000000000000000e+01 2.104809645347554881e+00
1.110000000000000000e+02 1.700000000000000000e+01 1.968675071215832073e+00
1.110000000000000000e+02 1.800000000000000000e+01 1.953040077542601338e+00
1.110000000000000000e+02 1.900000000000000000e+01 2.013650215139406008e+00
1.110000000000000000e+02 2.000000000000000000e+01 2.091560206610659556e+00
1.110000000000000000e+02 2.100000000000000000e+01 2.151149663378963073e+00
1.110000000000000000e+02 2.200000000000000000e+01 2.103342359056088462e+00
1.110000000000000000e+02 2.300000000000000000e+01 1.956706904968029237e+00
1.110000000000000000e+02 2.400000000000000000e+01 1.863473034513167148e+00
1.110000000000000000e+02 2.500000000000000000e+01 2.004231951168324422e+00
1.110000000000000000e+02 2.600000000000000000e+01 2.140555265616578939e+00
1.110000000000000000e+02 2.700000000000000000e+01 2.209065577994827834e+00
1.110000000000000000e+02 2.800000000000000000e+01 2.339120421340867839e+00
1.110000000000000000e+02 2.900000000000000000e+01 nan
1.110000000000000000e+02 3.000000000000000000e+01 nan
1.110000000000000000e+02 3.100000000000000000e+01 nan
1.110000000000000000e+02 3.200000000000000000e+01 nan
1.110000000000000000e+02 3.300000000000000000e+01 nan
1.110000000000000000e+02 3.400000000000000000e+01 nan
1.110000000000000000e+02 3.500000000000000000e+01 nan
1.110000000000000000e+02 3.600000000000000000e+01 nan
1.110000000000000000e+02 3.700000000000000000e+01 nan
1.110000000000000000e+02 3.800000000000000000e+01 nan
1.110000000000000000e+02 3.900000000000000000e+01 nan
1.110000000000000000e+02 4.000000000000000000e+01 nan
1.110000000000000000e+02 4.100000000000000000e+01 nan
1.120000000000000000e+02 1.500000000000000000e+01 2.211866044208864679e+00
1.120000000000000000e+02 1.600000000000000000e+01 2.107465839882452396e+00
1.120000000000000000e+02 1.700000000000000000e+01 1.970796748867752468e+00
1.120000000000000000e+02 1.800000000000000000e+01 1.960333443037808765e+00
1.120000000000000000e+02 1.900000000000000000e+01 2.022005565379576097e+00
1.120000000000000000e+02 2.000000000000000000e+01 2.126021115995158528e+00
1.120000000000000000e+02 2.100000000000000000e+01 2.185205687729184554e+00
1.120000000000000000e+02 2.200000000000000000e+01 2.094386130025359893e+00
1.120000000000000000e+02 2.300000000000000000e+01 1.975905371437385982e+00
1.120000000000000000e+02 2.400000000000000000e+01 1.920620128732476006e+00
1.120000000000000000e+02 2.500000000000000000e+01 2.017136926832721944e+00
1.120000000000000000e+02 2.600000000000000000e+01 2.209065577994827834e+00
1.120000000000000000e+02 2.700000000000000000e+01 2.319468078889527440e+00
1.120000000000000000e+02 2.800000000000000000e+01 nan
1.120000000000000000e+02 2.900000000000000000e+01 nan
1.120000000000000000e+02 3.000000000000000000e+01 nan
1.120000000000000000e+02 3.100000000000000000e+01 nan
1.120000000000000000e+02 3.200000000000000000e+01 nan
1.120000000000000000e+02 3.300000000000000000e+01 nan
1.120000000000000000e+02 3.400000000000000000e+01 nan
1.120000000000000000e+02 3.500000000000000000e+01 nan
1.120000000000000000e+02 3.600000000000000000e+01 nan
1.120000000000000000e+02 3.700000000000000000e+01 nan
1.120000000000000000e+02 3.800000000000000000e+01 nan
1.120000000000000000e+02 3.900000000000000000e+01 nan
1.120000000000000000e+02 4.000000000000000000e+01 nan
1.120000000000000000e+02 4.100000000000000000e+01 nan
