Longitude[deg], Latitude[deg], Dust optical depth
-1.560000000000000000e+02 -2.700000000000000000e+01 nan
-1.560000000000000000e+02 -2.600000000000000000e+01 nan
-1.560000000000000000e+02 -2.500000000000000000e+01 nan
-1.560000000000000000e+02 -2.400000000000000000e+01 nan
-1.560000000000000000e+02 -2.300000000000000000e+01 nan
-1.560000000000000000e+02 -2.200000000000000000e+01 nan
-1.560000000000000000e+02 -2.100000000000000000e+01 nan
-1.560000000000000000e+02 -2.000000000000000000e+01 nan
-1.560000000000000000e+02 -1.900000000000000000e+01 nan
-1.560000000000000000e+02 -1.800000000000000000e+01 nan
-1.560000000000000000e+02 -1.700000000000000000e+01 nan
-1.560000000000000000e+02 -1.600000000000000000e+01 nan
-1.560000000000000000e+02 -1.500000000000000000e+01 nan
-1.560000000000000000e+02 -1.400000000000000000e+01 nan
-1.560000000000000000e+02 -1.300000000000000000e+01 nan
-1.560000000000000000e+02 -1.200000000000000000e+01 nan
-1.560000000000000000e+02 -1.100000000000000000e+01 nan
-1.550000000000000000e+02 -2.700000000000000000e+01 7.320401169537654518e+00
-1.550000000000000000e+02 -2.600000000000000000e+01 7.179330521912764773e+00
-1.550000000000000000e+02 -2.500000000000000000e+01 7.264353903244407107e+00
-1.550000000000000000e+02 -2.400000000000000000e+01 7.363963884564387108e+00
-1.550000000000000000e+02 -2.300000000000000000e+01 7.084927609871670917e+00
-1.550000000000000000e+02 -2.200000000000000000e+01 6.980735426050465264e+00
-1.550000000000000000e+02 -2.100000000000000000e+01 6.799804451601265676e+00
-1.550000000000000000e+02 -2.000000000000000000e+01 6.719873161039824794e+00
-1.550000000000000000e+02 -1.900000000000000000e+01 6.803016953324384275e+00
-1.550000000000000000e+02 -1.800000000000000000e+01 6.789868231748871885e+00
-1.550000000000000000e+02 -1.700000000000000000e+01 6.781659934584304494e+00
-1.550000000000000000e+02 -1.600000000000000000e+01 6.869902541401066820e+00
-1.550000000000000000e+02 -1.500000000000000000e+01 6.916197113592581047e+00
-1.550000000000000000e+02 -1.400000000000000000e+01 6.876544405236719726e+00
-1.550000000000000000e+02 -1.300000000000000000e+01 6.917196534094719240e+00
-1.550000000000000000e+02 -1.200000000000000000e+01 6.995287208661157052e+00
-1.550000000000000000e+02 -1.100000000000000000e+01 nan
-1.540000000000000000e+02 -2.700000000000000000e+01 7.262056756658869183e+00
-1.540000000000000000e+02 -2.600000000000000000e+01 7.121249594801303928e+00
-1.540000000000000000e+02 -2.500000000000000000e+01 7.209857277271029652e+00
-1.540000000000000000e+02 -2.400000000000000000e+01 7.316562387095958186e+00
-1.540000000000000000e+02 -2.300000000000000000e+01 7.095233644224809844e+00
-1.540000000000000000e+02 -2.200000000000000000e+01 6.942404619642364771e+00
-1.540000000000000000e+02 -2.100000000000000000e+01 6.776395812236660099e+00
-1.540000000000000000e+02 -2.000000000000000000e+01 6.856251699974536429e+00
-1.540000000000000000e+02 -1.900000000000000000e+01 6.876583402695493064e+00
-1.540000000000000000e+02 -1.800000000000000000e+01 6.803384281618552798e+00
-1.540000000000000000e+02 -1.700000000000000000e+01 6.811593014344673236e+00
-1.540000000000000000e+02 -1.600000000000000000e+01 6.882361923777066792e+00
-1.540000000000000000e+02 -1.500000000000000000e+01 6.888513608248029385e+00
-1.540000000000000000e+02 -1.400000000000000000e+01 6.858676633788958199e+00
-1.540000000000000000e+02 -1.300000000000000000e+01 6.957372650817545967e+00
-1.540000000000000000e+02 -1.200000000000000000e+01 7.036913995873124605e+00
-1.540000000000000000e+02 -1.100000000000000000e+01 nan
-1.530000000000000000e+02 -2.700000000000000000e+01 7.235856821356120960e+00
-1.530000000000000000e+02 -2.600000000000000000e+01 7.078594257372024856e+00
-1.530000000000000000e+02 -2.500000000000000000e+01 7.177000650190326070e+00
-1.530000000000000000e+02 -2.400000000000000000e+01 7.261407710132784743e+00
-1.530000000000000000e+02 -2.300000000000000000e+01 7.105002683657399842e+00
-1.530000000000000000e+02 -2.200000000000000000e+01 6.906924889761138608e+00
-1.530000000000000000e+02 -2.100000000000000000e+01 6.763828348051458050e+00
-1.530000000000000000e+02 -2.000000000000000000e+01 6.895596353690923053e+00
-1.530000000000000000e+02 -1.900000000000000000e+01 6.920624660398927652e+00
-1.530000000000000000e+02 -1.800000000000000000e+01 6.818323641310159999e+00
-1.530000000000000000e+02 -1.700000000000000000e+01 6.840800982612147862e+00
-1.530000000000000000e+02 -1.600000000000000000e+01 6.887906123307367956e+00
-1.530000000000000000e+02 -1.500000000000000000e+01 6.852274272755408013e+00
-1.530000000000000000e+02 -1.400000000000000000e+01 6.835118417091167409e+00
-1.530000000000000000e+02 -1.300000000000000000e+01 6.998561414426094807e+00
-1.530000000000000000e+02 -1.200000000000000000e+01 7.097608422389789062e+00
-1.530000000000000000e+02 -1.100000000000000000e+01 nan
