Longitude[deg], Latitude[deg], Dust optical depth
-5.800000000000000000e+01 -2.900000000000000000e+01 6.240203816935256498e+00
-5.800000000000000000e+01 -2.800000000000000000e+01 6.228760991935816449e+00
-5.800000000000000000e+01 -2.700000000000000000e+01 6.107237011755313638e+00
-5.800000000000000000e+01 -2.600000000000000000e+01 6.131841316731869718e+00
-5.800000000000000000e+01 -2.500000000000000000e+01 6.220853827052638785e+00
-5.800000000000000000e+01 -2.400000000000000000e+01 6.217081532341790506e+00
-5.800000000000000000e+01 -2.300000000000000000e+01 6.356472274299493463e+00
-5.800000000000000000e+01 -2.200000000000000000e+01 6.376895066416210511e+00
-5.800000000000000000e+01 -2.100000000000000000e+01 6.343342796246509430e+00
-5.800000000000000000e+01 -2.000000000000000000e+01 6.394254799942631351e+00
-5.800000000000000000e+01 -1.900000000000000000e+01 6.464957303544659695e+00
-5.800000000000000000e+01 -1.800000000000000000e+01 6.475780646231524607e+00
-5.800000000000000000e+01 -1.700000000000000000e+01 6.340936976829128824e+00
-5.800000000000000000e+01 -1.600000000000000000e+01 6.340206581964246801e+00
-5.800000000000000000e+01 -1.500000000000000000e+01 6.602132447775003854e+00
-5.800000000000000000e+01 -1.400000000000000000e+01 6.700049846889337246e+00
-5.800000000000000000e+01 -1.300000000000000000e+01 nan
-5.700000000000000000e+01 -2.900000000000000000e+01 6.247065079863984849e+00
-5.700000000000000000e+01 -2.800000000000000000e+01 6.271856463558169281e+00
-5.700000000000000000e+01 -2.700000000000000000e+01 6.179169146001657786e+00
-5.700000000000000000e+01 -2.600000000000000000e+01 6.135701716205339551e+00
-5.700000000000000000e+01 -2.500000000000000000e+01 6.154110249463499827e+00
-5.700000000000000000e+01 -2.400000000000000000e+01 6.203350282881850752e+00
-5.700000000000000000e+01 -2.300000000000000000e+01 6.309934584298074078e+00
-5.700000000000000000e+01 -2.200000000000000000e+01 6.332464171026001232e+00
-5.700000000000000000e+01 -2.100000000000000000e+01 6.271175099738774072e+00
-5.700000000000000000e+01 -2.000000000000000000e+01 6.343956974277919159e+00
-5.700000000000000000e+01 -1.900000000000000000e+01 6.411880731428955649e+00
-5.700000000000000000e+01 -1.800000000000000000e+01 6.405590434505953112e+00
-5.700000000000000000e+01 -1.700000000000000000e+01 6.264026798806868079e+00
-5.700000000000000000e+01 -1.600000000000000000e+01 6.242171703157335827e+00
-5.700000000000000000e+01 -1.500000000000000000e+01 6.580258762814907847e+00
-5.700000000000000000e+01 -1.400000000000000000e+01 6.720223844148476289e+00
-5.700000000000000000e+01 -1.300000000000000000e+01 nan
-5.600000000000000000e+01 -2.900000000000000000e+01 6.250791368529011294e+00
-5.600000000000000000e+01 -2.800000000000000000e+01 6.282746971669400438e+00
-5.600000000000000000e+01 -2.700000000000000000e+01 6.202972148919727147e+00
-5.600000000000000000e+01 -2.600000000000000000e+01 6.138663297797159579e+00
-5.600000000000000000e+01 -2.500000000000000000e+01 6.142067307213944005e+00
-5.600000000000000000e+01 -2.400000000000000000e+01 6.208540122530019190e+00
-5.600000000000000000e+01 -2.300000000000000000e+01 6.301049905025598363e+00
-5.600000000000000000e+01 -2.200000000000000000e+01 6.309967538891014804e+00
-5.600000000000000000e+01 -2.100000000000000000e+01 6.241581513420582539e+00
-5.600000000000000000e+01 -2.000000000000000000e+01 6.296957207294242131e+00
-5.600000000000000000e+01 -1.900000000000000000e+01 6.395568329032991883e+00
-5.600000000000000000e+01 -1.800000000000000000e+01 6.384426067406216987e+00
-5.600000000000000000e+01 -1.700000000000000000e+01 6.184400695377962442e+00
-5.600000000000000000e+01 -1.600000000000000000e+01 6.185073379752577871e+00
-5.600000000000000000e+01 -1.500000000000000000e+01 6.552397118947853372e+00
-5.600000000000000000e+01 -1.400000000000000000e+01 6.731593587948974111e+00
-5.600000000000000000e+01 -1.300000000000000000e+01 nan
-5.500000000000000000e+01 -2.900000000000000000e+01 6.303694135273661736e+00
-5.500000000000000000e+01 -2.800000000000000000e+01 6.331963803364320853e+00
-5.500000000000000000e+01 -2.700000000000000000e+01 6.274096307407789119e+00
-5.500000000000000000e+01 -2.600000000000000000e+01 6.242442382332258788e+00
-5.500000000000000000e+01 -2.500000000000000000e+01 6.324167118066273297e+00
-5.500000000000000000e+01 -2.400000000000000000e+01 6.341020866255417943e+00
-5.500000000000000000e+01 -2.300000000000000000e+01 6.340681727638060927e+00
-5.500000000000000000e+01 -2.200000000000000000e+01 6.340583443861021351e+00
-5.500000000000000000e+01 -2.100000000000000000e+01 6.351891159930725728e+00
-5.500000000000000000e+01 -2.000000000000000000e+01 6.392025120455038234e+00
-5.500000000000000000e+01 -1.900000000000000000e+01 6.458514223063620996e+00
-5.500000000000000000e+01 -1.800000000000000000e+01 nan
-5.500000000000000000e+01 -1.700000000000000000e+01 nan
-5.500000000000000000e+01 -1.600000000000000000e+01 nan
-5.500000000000000000e+01 -1.500000000000000000e+01 nan
-5.500000000000000000e+01 -1.400000000000000000e+01 nan
-5.500000000000000000e+01 -1.300000000000000000e+01 nan
