Longitude[deg], Latitude[deg], Dust optical depth
-7.900000000000000000e+01 1.000000000000000000e+01 nan
-7.900000000000000000e+01 1.100000000000000000e+01 nan
-7.900000000000000000e+01 1.200000000000000000e+01 nan
-7.900000000000000000e+01 1.300000000000000000e+01 nan
-7.900000000000000000e+01 1.400000000000000000e+01 nan
-7.900000000000000000e+01 1.500000000000000000e+01 nan
-7.900000000000000000e+01 1.600000000000000000e+01 nan
-7.900000000000000000e+01 1.700000000000000000e+01 nan
-7.900000000000000000e+01 1.800000000000000000e+01 nan
-7.900000000000000000e+01 1.900000000000000000e+01 nan
-7.900000000000000000e+01 2.000000000000000000e+01 nan
-7.900000000000000000e+01 2.100000000000000000e+01 nan
-7.900000000000000000e+01 2.200000000000000000e+01 nan
-7.900000000000000000e+01 2.300000000000000000e+01 nan
-7.900000000000000000e+01 2.400000000000000000e+01 nan
-7.900000000000000000e+01 2.500000000000000000e+01 9.686208937715105050e-01
-7.900000000000000000e+01 2.600000000000000000e+01 9.320012226488068041e-01
-7.900000000000000000e+01 2.700000000000000000e+01 8.893378403062617288e-01
-7.900000000000000000e+01 2.800000000000000000e+01 8.288614664671929422e-01
-7.900000000000000000e+01 2.900000000000000000e+01 7.646244132958638362e-01
-7.900000000000000000e+01 3.000000000000000000e+01 7.548968996418369271e-01
-7.900000000000000000e+01 3.100000000000000000e+01 nan
-7.800000000000000000e+01 1.000000000000000000e+01 nan
-7.800000000000000000e+01 1.100000000000000000e+01 nan
-7.800000000000000000e+01 1.200000000000000000e+01 nan
-7.800000000000000000e+01 1.300000000000000000e+01 nan
-7.800000000000000000e+01 1.400000000000000000e+01 1.349350087831943545e+00
-7.800000000000000000e+01 1.500000000000000000e+01 1.349618895684769226e+00
-7.800000000000000000e+01 1.600000000000000000e+01 1.395156583927786853e+00
-7.800000000000000000e+01 1.700000000000000000e+01 1.289186878360851329e+00
-7.800000000000000000e+01 1.800000000000000000e+01 1.134689950086452681e+00
-7.800000000000000000e+01 1.900000000000000000e+01 1.055005242067498683e+00
-7.800000000000000000e+01 2.000000000000000000e+01 1.038783928454385164e+00
-7.800000000000000000e+01 2.100000000000000000e+01 1.032913390107509377e+00
-7.800000000000000000e+01 2.200000000000000000e+01 9.960631326862545709e-01
-7.800000000000000000e+01 2.300000000000000000e+01 9.659969196482388609e-01
-7.800000000000000000e+01 2.400000000000000000e+01 9.237221188711935982e-01
-7.800000000000000000e+01 2.500000000000000000e+01 8.960424489736342757e-01
-7.800000000000000000e+01 2.600000000000000000e+01 9.069732469712082912e-01
-7.800000000000000000e+01 2.700000000000000000e+01 8.737191075460473133e-01
-7.800000000000000000e+01 2.800000000000000000e+01 8.256959676975829110e-01
-7.800000000000000000e+01 2.900000000000000000e+01 7.685535557688577546e-01
-7.800000000000000000e+01 3.000000000000000000e+01 7.465966900343934398e-01
-7.800000000000000000e+01 3.100000000000000000e+01 6.717345013785235297e-01
-7.700000000000000000e+01 1.000000000000000000e+01 1.251142167424051710e+00
-7.700000000000000000e+01 1.100000000000000000e+01 1.302977924128482012e+00
-7.700000000000000000e+01 1.200000000000000000e+01 1.303435620406640627e+00
-7.700000000000000000e+01 1.300000000000000000e+01 1.296966022195283452e+00
-7.700000000000000000e+01 1.400000000000000000e+01 1.321134291263662108e+00
-7.700000000000000000e+01 1.500000000000000000e+01 1.323947378310638801e+00
-7.700000000000000000e+01 1.600000000000000000e+01 1.260813259802360919e+00
-7.700000000000000000e+01 1.700000000000000000e+01 1.161770790271371423e+00
-7.700000000000000000e+01 1.800000000000000000e+01 1.065633110930372940e+00
-7.700000000000000000e+01 1.900000000000000000e+01 1.039703177272281120e+00
-7.700000000000000000e+01 2.000000000000000000e+01 1.025117466016827406e+00
-7.700000000000000000e+01 2.100000000000000000e+01 1.002844272361541611e+00
-7.700000000000000000e+01 2.200000000000000000e+01 9.928359055992095339e-01
-7.700000000000000000e+01 2.300000000000000000e+01 9.605566520137122088e-01
-7.700000000000000000e+01 2.400000000000000000e+01 9.265282677862276550e-01
-7.700000000000000000e+01 2.500000000000000000e+01 8.961719414664853778e-01
-7.700000000000000000e+01 2.600000000000000000e+01 8.843159470914854214e-01
-7.700000000000000000e+01 2.700000000000000000e+01 8.483098838500041650e-01
-7.700000000000000000e+01 2.800000000000000000e+01 8.201074954621118129e-01
-7.700000000000000000e+01 2.900000000000000000e+01 7.713321913988062661e-01
-7.700000000000000000e+01 3.000000000000000000e+01 7.267154667707862448e-01
-7.700000000000000000e+01 3.100000000000000000e+01 6.162138062558161211e-01
-7.600000000000000000e+01 1.000000000000000000e+01 1.207165871102040100e+00
-7.600000000000000000e+01 1.100000000000000000e+01 1.289993080627162225e+00
-7.600000000000000000e+01 1.200000000000000000e+01 1.305838200374488833e+00
-7.600000000000000000e+01 1.300000000000000000e+01 1.290953828375208223e+00
-7.600000000000000000e+01 1.400000000000000000e+01 1.265711901321519228e+00
-7.600000000000000000e+01 1.500000000000000000e+01 1.225277490886495846e+00
-7.600000000000000000e+01 1.600000000000000000e+01 1.166508934848085488e+00
-7.600000000000000000e+01 1.700000000000000000e+01 1.090462092956483442e+00
-7.600000000000000000e+01 1.800000000000000000e+01 1.050537438158768655e+00
-7.600000000000000000e+01 1.900000000000000000e+01 1.027111732963507551e+00
-7.600000000000000000e+01 2.000000000000000000e+01 9.823203179342947511e-01
-7.600000000000000000e+01 2.100000000000000000e+01 9.963014365471206668e-01
-7.600000000000000000e+01 2.200000000000000000e+01 9.866130770061555255e-01
-7.600000000000000000e+01 2.300000000000000000e+01 9.553556244358666349e-01
-7.600000000000000000e+01 2.400000000000000000e+01 9.422025757182436179e-01
-7.600000000000000000e+01 2.500000000000000000e+01 9.036061041454120923e-01
-7.600000000000000000e+01 2.600000000000000000e+01 8.570570500343259734e-01
-7.600000000000000000e+01 2.700000000000000000e+01 8.251955338015501962e-01
-7.600000000000000000e+01 2.800000000000000000e+01 8.050036991212450310e-01
-7.600000000000000000e+01 2.900000000000000000e+01 7.684532777201420473e-01
-7.600000000000000000e+01 3.000000000000000000e+01 6.924755925338583751e-01
-7.600000000000000000e+01 3.100000000000000000e+01 5.484188030007238757e-01
-7.500000000000000000e+01 1.000000000000000000e+01 1.181882772985523244e+00
-7.500000000000000000e+01 1.100000000000000000e+01 1.287960212402914140e+00
-7.500000000000000000e+01 1.200000000000000000e+01 1.306268300404429317e+00
-7.500000000000000000e+01 1.300000000000000000e+01 1.279805861907691522e+00
-7.500000000000000000e+01 1.400000000000000000e+01 1.197336177983703509e+00
-7.500000000000000000e+01 1.500000000000000000e+01 1.106194900651539248e+00
-7.500000000000000000e+01 1.600000000000000000e+01 1.079019701191296310e+00
-7.500000000000000000e+01 1.700000000000000000e+01 1.056390798757744331e+00
-7.500000000000000000e+01 1.800000000000000000e+01 1.047766466374701722e+00
-7.500000000000000000e+01 1.900000000000000000e+01 9.935632402695189214e-01
-7.500000000000000000e+01 2.000000000000000000e+01 9.776748192431736761e-01
-7.500000000000000000e+01 2.100000000000000000e+01 9.964488369027858505e-01
-7.500000000000000000e+01 2.200000000000000000e+01 9.835466334655643683e-01
-7.500000000000000000e+01 2.300000000000000000e+01 9.560472348297387457e-01
-7.500000000000000000e+01 2.400000000000000000e+01 9.580703624438718924e-01
-7.500000000000000000e+01 2.500000000000000000e+01 9.092536638744244115e-01
-7.500000000000000000e+01 2.600000000000000000e+01 8.510206373244902922e-01
-7.500000000000000000e+01 2.700000000000000000e+01 8.080316109991025897e-01
-7.500000000000000000e+01 2.800000000000000000e+01 7.721036097950768617e-01
-7.500000000000000000e+01 2.900000000000000000e+01 7.572816498964847209e-01
-7.500000000000000000e+01 3.000000000000000000e+01 6.912148636082250386e-01
-7.500000000000000000e+01 3.100000000000000000e+01 nan
