Longitude[deg], Latitude[deg], Dust optical depth
7.800000000000000000e+01 -7.700000000000000000e+01 nan
7.800000000000000000e+01 -7.600000000000000000e+01 nan
7.800000000000000000e+01 -7.500000000000000000e+01 nan
7.800000000000000000e+01 -7.400000000000000000e+01 nan
7.800000000000000000e+01 -7.300000000000000000e+01 nan
7.800000000000000000e+01 -7.200000000000000000e+01 nan
7.800000000000000000e+01 -7.100000000000000000e+01 nan
7.800000000000000000e+01 -7.000000000000000000e+01 nan
7.800000000000000000e+01 -6.900000000000000000e+01 nan
7.800000000000000000e+01 -6.800000000000000000e+01 nan
7.800000000000000000e+01 -6.700000000000000000e+01 nan
7.800000000000000000e+01 -6.600000000000000000e+01 nan
7.800000000000000000e+01 -6.500000000000000000e+01 nan
7.800000000000000000e+01 -6.400000000000000000e+01 nan
7.800000000000000000e+01 -6.300000000000000000e+01 nan
7.800000000000000000e+01 -6.200000000000000000e+01 nan
7.800000000000000000e+01 -6.100000000000000000e+01 nan
7.800000000000000000e+01 -6.000000000000000000e+01 nan
7.800000000000000000e+01 -5.900000000000000000e+01 nan
7.800000000000000000e+01 -5.800000000000000000e+01 nan
7.800000000000000000e+01 -5.700000000000000000e+01 nan
7.800000000000000000e+01 -5.600000000000000000e+01 nan
7.800000000000000000e+01 -5.500000000000000000e+01 nan
7.800000000000000000e+01 -5.400000000000000000e+01 nan
7.800000000000000000e+01 -5.300000000000000000e+01 nan
7.800000000000000000e+01 -5.200000000000000000e+01 nan
7.800000000000000000e+01 -5.100000000000000000e+01 nan
7.800000000000000000e+01 -5.000000000000000000e+01 nan
7.800000000000000000e+01 -4.900000000000000000e+01 nan
7.800000000000000000e+01 -4.800000000000000000e+01 nan
7.800000000000000000e+01 -4.700000000000000000e+01 nan
7.800000000000000000e+01 -4.600000000000000000e+01 nan
7.800000000000000000e+01 -4.500000000000000000e+01 nan
7.800000000000000000e+01 -4.400000000000000000e+01 nan
7.800000000000000000e+01 -4.300000000000000000e+01 nan
7.800000000000000000e+01 -4.200000000000000000e+01 nan
7.800000000000000000e+01 -4.100000000000000000e+01 nan
7.800000000000000000e+01 -4.000000000000000000e+01 nan
7.800000000000000000e+01 -3.900000000000000000e+01 nan
7.800000000000000000e+01 -3.800000000000000000e+01 nan
7.800000000000000000e+01 -3.700000000000000000e+01 nan
7.800000000000000000e+01 -3.600000000000000000e+01 nan
7.800000000000000000e+01 -3.500000000000000000e+01 nan
7.800000000000000000e+01 -3.400000000000000000e+01 nan
7.800000000000000000e+01 -3.300000000000000000e+01 nan
7.800000000000000000e+01 -3.200000000000000000e+01 nan
7.800000000000000000e+01 -3.100000000000000000e+01 nan
7.800000000000000000e+01 -3.000000000000000000e+01 nan
7.900000000000000000e+01 -7.700000000000000000e+01 nan
7.900000000000000000e+01 -7.600000000000000000e+01 nan
7.900000000000000000e+01 -7.500000000000000000e+01 nan
7.900000000000000000e+01 -7.400000000000000000e+01 nan
7.900000000000000000e+01 -7.300000000000000000e+01 nan
7.900000000000000000e+01 -7.200000000000000000e+01 nan
7.900000000000000000e+01 -7.100000000000000000e+01 nan
7.900000000000000000e+01 -7.000000000000000000e+01 nan
7.900000000000000000e+01 -6.900000000000000000e+01 nan
7.900000000000000000e+01 -6.800000000000000000e+01 nan
7.900000000000000000e+01 -6.700000000000000000e+01 nan
7.900000000000000000e+01 -6.600000000000000000e+01 nan
7.900000000000000000e+01 -6.500000000000000000e+01 nan
7.900000000000000000e+01 -6.400000000000000000e+01 nan
7.900000000000000000e+01 -6.300000000000000000e+01 nan
7.900000000000000000e+01 -6.200000000000000000e+01 nan
7.900000000000000000e+01 -6.100000000000000000e+01 nan
7.900000000000000000e+01 -6.000000000000000000e+01 nan
7.900000000000000000e+01 -5.900000000000000000e+01 nan
7.900000000000000000e+01 -5.800000000000000000e+01 nan
7.900000000000000000e+01 -5.700000000000000000e+01 nan
7.900000000000000000e+01 -5.600000000000000000e+01 nan
7.900000000000000000e+01 -5.500000000000000000e+01 nan
7.900000000000000000e+01 -5.400000000000000000e+01 nan
7.900000000000000000e+01 -5.300000000000000000e+01 nan
7.900000000000000000e+01 -5.200000000000000000e+01 nan
7.900000000000000000e+01 -5.100000000000000000e+01 nan
7.900000000000000000e+01 -5.000000000000000000e+01 nan
7.900000000000000000e+01 -4.900000000000000000e+01 nan
7.900000000000000000e+01 -4.800000000000000000e+01 nan
7.900000000000000000e+01 -4.700000000000000000e+01 nan
7.900000000000000000e+01 -4.600000000000000000e+01 nan
7.900000000000000000e+01 -4.500000000000000000e+01 nan
7.900000000000000000e+01 -4.400000000000000000e+01 nan
7.900000000000000000e+01 -4.300000000000000000e+01 nan
7.900000000000000000e+01 -4.200000000000000000e+01 nan
7.900000000000000000e+01 -4.100000000000000000e+01 nan
7.900000000000000000e+01 -4.000000000000000000e+01 nan
7.900000000000000000e+01 -3.900000000000000000e+01 nan
7.900000000000000000e+01 -3.800000000000000000e+01 nan
7.900000000000000000e+01 -3.700000000000000000e+01 nan
7.900000000000000000e+01 -3.600000000000000000e+01 nan
7.900000000000000000e+01 -3.500000000000000000e+01 nan
7.900000000000000000e+01 -3.400000000000000000e+01 nan
7.900000000000000000e+01 -3.300000000000000000e+01 nan
7.900000000000000000e+01 -3.200000000000000000e+01 nan
7.900000000000000000e+01 -3.100000000000000000e+01 nan
7.900000000000000000e+01 -3.000000000000000000e+01 nan
8.000000000000000000e+01 -7.700000000000000000e+01 nan
8.000000000000000000e+01 -7.600000000000000000e+01 nan
8.000000000000000000e+01 -7.500000000000000000e+01 nan
8.000000000000000000e+01 -7.400000000000000000e+01 nan
8.000000000000000000e+01 -7.300000000000000000e+01 nan
8.000000000000000000e+01 -7.200000000000000000e+01 nan
8.000000000000000000e+01 -7.100000000000000000e+01 nan
8.000000000000000000e+01 -7.000000000000000000e+01 nan
8.000000000000000000e+01 -6.900000000000000000e+01 nan
8.000000000000000000e+01 -6.800000000000000000e+01 nan
8.000000000000000000e+01 -6.700000000000000000e+01 nan
8.000000000000000000e+01 -6.600000000000000000e+01 nan
8.000000000000000000e+01 -6.500000000000000000e+01 nan
8.000000000000000000e+01 -6.400000000000000000e+01 nan
8.000000000000000000e+01 -6.300000000000000000e+01 nan
8.000000000000000000e+01 -6.200000000000000000e+01 nan
8.000000000000000000e+01 -6.100000000000000000e+01 nan
8.000000000000000000e+01 -6.000000000000000000e+01 nan
8.000000000000000000e+01 -5.900000000000000000e+01 nan
8.000000000000000000e+01 -5.800000000000000000e+01 nan
8.000000000000000000e+01 -5.700000000000000000e+01 nan
8.000000000000000000e+01 -5.600000000000000000e+01 nan
8.000000000000000000e+01 -5.500000000000000000e+01 nan
8.000000000000000000e+01 -5.400000000000000000e+01 nan
8.000000000000000000e+01 -5.300000000000000000e+01 nan
8.000000000000000000e+01 -5.200000000000000000e+01 nan
8.000000000000000000e+01 -5.100000000000000000e+01 nan
8.000000000000000000e+01 -5.000000000000000000e+01 nan
8.000000000000000000e+01 -4.900000000000000000e+01 nan
8.000000000000000000e+01 -4.800000000000000000e+01 nan
8.000000000000000000e+01 -4.700000000000000000e+01 nan
8.000000000000000000e+01 -4.600000000000000000e+01 nan
8.000000000000000000e+01 -4.500000000000000000e+01 nan
8.000000000000000000e+01 -4.400000000000000000e+01 nan
8.000000000000000000e+01 -4.300000000000000000e+01 nan
8.000000000000000000e+01 -4.200000000000000000e+01 nan
8.000000000000000000e+01 -4.100000000000000000e+01 nan
8.000000000000000000e+01 -4.000000000000000000e+01 nan
8.000000000000000000e+01 -3.900000000000000000e+01 nan
8.000000000000000000e+01 -3.800000000000000000e+01 nan
8.000000000000000000e+01 -3.700000000000000000e+01 nan
8.000000000000000000e+01 -3.600000000000000000e+01 nan
8.000000000000000000e+01 -3.500000000000000000e+01 nan
8.000000000000000000e+01 -3.400000000000000000e+01 nan
8.000000000000000000e+01 -3.300000000000000000e+01 nan
8.000000000000000000e+01 -3.200000000000000000e+01 nan
8.000000000000000000e+01 -3.100000000000000000e+01 nan
8.000000000000000000e+01 -3.000000000000000000e+01 nan
8.100000000000000000e+01 -7.700000000000000000e+01 nan
8.100000000000000000e+01 -7.600000000000000000e+01 nan
8.100000000000000000e+01 -7.500000000000000000e+01 nan
8.100000000000000000e+01 -7.400000000000000000e+01 nan
8.100000000000000000e+01 -7.300000000000000000e+01 nan
8.100000000000000000e+01 -7.200000000000000000e+01 nan
8.100000000000000000e+01 -7.100000000000000000e+01 nan
8.100000000000000000e+01 -7.000000000000000000e+01 nan
8.100000000000000000e+01 -6.900000000000000000e+01 nan
8.100000000000000000e+01 -6.800000000000000000e+01 nan
8.100000000000000000e+01 -6.700000000000000000e+01 nan
8.100000000000000000e+01 -6.600000000000000000e+01 nan
8.100000000000000000e+01 -6.500000000000000000e+01 nan
8.100000000000000000e+01 -6.400000000000000000e+01 nan
8.100000000000000000e+01 -6.300000000000000000e+01 nan
8.100000000000000000e+01 -6.200000000000000000e+01 nan
8.100000000000000000e+01 -6.100000000000000000e+01 nan
8.100000000000000000e+01 -6.000000000000000000e+01 nan
8.100000000000000000e+01 -5.900000000000000000e+01 nan
8.100000000000000000e+01 -5.800000000000000000e+01 nan
8.100000000000000000e+01 -5.700000000000000000e+01 nan
8.100000000000000000e+01 -5.600000000000000000e+01 nan
8.100000000000000000e+01 -5.500000000000000000e+01 nan
8.100000000000000000e+01 -5.400000000000000000e+01 nan
8.100000000000000000e+01 -5.300000000000000000e+01 nan
8.100000000000000000e+01 -5.200000000000000000e+01 nan
8.100000000000000000e+01 -5.100000000000000000e+01 nan
8.100000000000000000e+01 -5.000000000000000000e+01 nan
8.100000000000000000e+01 -4.900000000000000000e+01 nan
8.100000000000000000e+01 -4.800000000000000000e+01 nan
8.100000000000000000e+01 -4.700000000000000000e+01 nan
8.100000000000000000e+01 -4.600000000000000000e+01 nan
8.100000000000000000e+01 -4.500000000000000000e+01 nan
8.100000000000000000e+01 -4.400000000000000000e+01 nan
8.100000000000000000e+01 -4.300000000000000000e+01 nan
8.100000000000000000e+01 -4.200000000000000000e+01 nan
8.100000000000000000e+01 -4.100000000000000000e+01 nan
8.100000000000000000e+01 -4.000000000000000000e+01 nan
8.100000000000000000e+01 -3.900000000000000000e+01 nan
8.100000000000000000e+01 -3.800000000000000000e+01 nan
8.100000000000000000e+01 -3.700000000000000000e+01 nan
8.100000000000000000e+01 -3.600000000000000000e+01 nan
8.100000000000000000e+01 -3.500000000000000000e+01 nan
8.100000000000000000e+01 -3.400000000000000000e+01 nan
8.100000000000000000e+01 -3.300000000000000000e+01 nan
8.100000000000000000e+01 -3.200000000000000000e+01 nan
8.100000000000000000e+01 -3.100000000000000000e+01 nan
8.100000000000000000e+01 -3.000000000000000000e+01 nan
8.200000000000000000e+01 -7.700000000000000000e+01 nan
8.200000000000000000e+01 -7.600000000000000000e+01 nan
8.200000000000000000e+01 -7.500000000000000000e+01 nan
8.200000000000000000e+01 -7.400000000000000000e+01 nan
8.200000000000000000e+01 -7.300000000000000000e+01 nan
8.200000000000000000e+01 -7.200000000000000000e+01 nan
8.200000000000000000e+01 -7.100000000000000000e+01 nan
8.200000000000000000e+01 -7.000000000000000000e+01 nan
8.200000000000000000e+01 -6.900000000000000000e+01 nan
8.200000000000000000e+01 -6.800000000000000000e+01 nan
8.200000000000000000e+01 -6.700000000000000000e+01 nan
8.200000000000000000e+01 -6.600000000000000000e+01 nan
8.200000000000000000e+01 -6.500000000000000000e+01 nan
8.200000000000000000e+01 -6.400000000000000000e+01 nan
8.200000000000000000e+01 -6.300000000000000000e+01 nan
8.200000000000000000e+01 -6.200000000000000000e+01 nan
8.200000000000000000e+01 -6.100000000000000000e+01 nan
8.200000000000000000e+01 -6.000000000000000000e+01 nan
8.200000000000000000e+01 -5.900000000000000000e+01 nan
8.200000000000000000e+01 -5.800000000000000000e+01 nan
8.200000000000000000e+01 -5.700000000000000000e+01 nan
8.200000000000000000e+01 -5.600000000000000000e+01 nan
8.200000000000000000e+01 -5.500000000000000000e+01 nan
8.200000000000000000e+01 -5.400000000000000000e+01 nan
8.200000000000000000e+01 -5.300000000000000000e+01 nan
8.200000000000000000e+01 -5.200000000000000000e+01 nan
8.200000000000000000e+01 -5.100000000000000000e+01 nan
8.200000000000000000e+01 -5.000000000000000000e+01 nan
8.200000000000000000e+01 -4.900000000000000000e+01 nan
8.200000000000000000e+01 -4.800000000000000000e+01 nan
8.200000000000000000e+01 -4.700000000000000000e+01 nan
8.200000000000000000e+01 -4.600000000000000000e+01 nan
8.200000000000000000e+01 -4.500000000000000000e+01 nan
8.200000000000000000e+01 -4.400000000000000000e+01 nan
8.200000000000000000e+01 -4.300000000000000000e+01 nan
8.200000000000000000e+01 -4.200000000000000000e+01 nan
8.200000000000000000e+01 -4.100000000000000000e+01 nan
8.200000000000000000e+01 -4.000000000000000000e+01 nan
8.200000000000000000e+01 -3.900000000000000000e+01 nan
8.200000000000000000e+01 -3.800000000000000000e+01 nan
8.200000000000000000e+01 -3.700000000000000000e+01 nan
8.200000000000000000e+01 -3.600000000000000000e+01 nan
8.200000000000000000e+01 -3.500000000000000000e+01 nan
8.200000000000000000e+01 -3.400000000000000000e+01 nan
8.200000000000000000e+01 -3.300000000000000000e+01 nan
8.200000000000000000e+01 -3.200000000000000000e+01 nan
8.200000000000000000e+01 -3.100000000000000000e+01 nan
8.200000000000000000e+01 -3.000000000000000000e+01 nan
8.300000000000000000e+01 -7.700000000000000000e+01 nan
8.300000000000000000e+01 -7.600000000000000000e+01 nan
8.300000000000000000e+01 -7.500000000000000000e+01 nan
8.300000000000000000e+01 -7.400000000000000000e+01 nan
8.300000000000000000e+01 -7.300000000000000000e+01 nan
8.300000000000000000e+01 -7.200000000000000000e+01 nan
8.300000000000000000e+01 -7.100000000000000000e+01 nan
8.300000000000000000e+01 -7.000000000000000000e+01 nan
8.300000000000000000e+01 -6.900000000000000000e+01 nan
8.300000000000000000e+01 -6.800000000000000000e+01 nan
8.300000000000000000e+01 -6.700000000000000000e+01 nan
8.300000000000000000e+01 -6.600000000000000000e+01 nan
8.300000000000000000e+01 -6.500000000000000000e+01 nan
8.300000000000000000e+01 -6.400000000000000000e+01 nan
8.300000000000000000e+01 -6.300000000000000000e+01 nan
8.300000000000000000e+01 -6.200000000000000000e+01 nan
8.300000000000000000e+01 -6.100000000000000000e+01 nan
8.300000000000000000e+01 -6.000000000000000000e+01 nan
8.300000000000000000e+01 -5.900000000000000000e+01 nan
8.300000000000000000e+01 -5.800000000000000000e+01 nan
8.300000000000000000e+01 -5.700000000000000000e+01 nan
8.300000000000000000e+01 -5.600000000000000000e+01 nan
8.300000000000000000e+01 -5.500000000000000000e+01 nan
8.300000000000000000e+01 -5.400000000000000000e+01 nan
8.300000000000000000e+01 -5.300000000000000000e+01 nan
8.300000000000000000e+01 -5.200000000000000000e+01 nan
8.300000000000000000e+01 -5.100000000000000000e+01 nan
8.300000000000000000e+01 -5.000000000000000000e+01 nan
8.300000000000000000e+01 -4.900000000000000000e+01 nan
8.300000000000000000e+01 -4.800000000000000000e+01 nan
8.300000000000000000e+01 -4.700000000000000000e+01 nan
8.300000000000000000e+01 -4.600000000000000000e+01 nan
8.300000000000000000e+01 -4.500000000000000000e+01 nan
8.300000000000000000e+01 -4.400000000000000000e+01 nan
8.300000000000000000e+01 -4.300000000000000000e+01 nan
8.300000000000000000e+01 -4.200000000000000000e+01 nan
8.300000000000000000e+01 -4.100000000000000000e+01 nan
8.300000000000000000e+01 -4.000000000000000000e+01 nan
8.300000000000000000e+01 -3.900000000000000000e+01 nan
8.300000000000000000e+01 -3.800000000000000000e+01 nan
8.300000000000000000e+01 -3.700000000000000000e+01 nan
8.300000000000000000e+01 -3.600000000000000000e+01 nan
8.300000000000000000e+01 -3.500000000000000000e+01 nan
8.300000000000000000e+01 -3.400000000000000000e+01 nan
8.300000000000000000e+01 -3.300000000000000000e+01 nan
8.300000000000000000e+01 -3.200000000000000000e+01 nan
8.300000000000000000e+01 -3.100000000000000000e+01 nan
8.300000000000000000e+01 -3.000000000000000000e+01 nan
8.400000000000000000e+01 -7.700000000000000000e+01 nan
8.400000000000000000e+01 -7.600000000000000000e+01 nan
8.400000000000000000e+01 -7.500000000000000000e+01 nan
8.400000000000000000e+01 -7.400000000000000000e+01 nan
8.400000000000000000e+01 -7.300000000000000000e+01 nan
8.400000000000000000e+01 -7.200000000000000000e+01 nan
8.400000000000000000e+01 -7.100000000000000000e+01 nan
8.400000000000000000e+01 -7.000000000000000000e+01 nan
8.400000000000000000e+01 -6.900000000000000000e+01 nan
8.400000000000000000e+01 -6.800000000000000000e+01 nan
8.400000000000000000e+01 -6.700000000000000000e+01 nan
8.400000000000000000e+01 -6.600000000000000000e+01 nan
8.400000000000000000e+01 -6.500000000000000000e+01 nan
8.400000000000000000e+01 -6.400000000000000000e+01 nan
8.400000000000000000e+01 -6.300000000000000000e+01 nan
8.400000000000000000e+01 -6.200000000000000000e+01 nan
8.400000000000000000e+01 -6.100000000000000000e+01 nan
8.400000000000000000e+01 -6.000000000000000000e+01 nan
8.400000000000000000e+01 -5.900000000000000000e+01 nan
8.400000000000000000e+01 -5.800000000000000000e+01 nan
8.400000000000000000e+01 -5.700000000000000000e+01 nan
8.400000000000000000e+01 -5.600000000000000000e+01 nan
8.400000000000000000e+01 -5.500000000000000000e+01 nan
8.400000000000000000e+01 -5.400000000000000000e+01 nan
8.400000000000000000e+01 -5.300000000000000000e+01 nan
8.400000000000000000e+01 -5.200000000000000000e+01 nan
8.400000000000000000e+01 -5.100000000000000000e+01 nan
8.400000000000000000e+01 -5.000000000000000000e+01 nan
8.400000000000000000e+01 -4.900000000000000000e+01 nan
8.400000000000000000e+01 -4.800000000000000000e+01 nan
8.400000000000000000e+01 -4.700000000000000000e+01 nan
8.400000000000000000e+01 -4.600000000000000000e+01 nan
8.400000000000000000e+01 -4.500000000000000000e+01 nan
8.400000000000000000e+01 -4.400000000000000000e+01 nan
8.400000000000000000e+01 -4.300000000000000000e+01 nan
8.400000000000000000e+01 -4.200000000000000000e+01 nan
8.400000000000000000e+01 -4.100000000000000000e+01 nan
8.400000000000000000e+01 -4.000000000000000000e+01 nan
8.400000000000000000e+01 -3.900000000000000000e+01 nan
8.400000000000000000e+01 -3.800000000000000000e+01 nan
8.400000000000000000e+01 -3.700000000000000000e+01 nan
8.400000000000000000e+01 -3.600000000000000000e+01 nan
8.400000000000000000e+01 -3.500000000000000000e+01 nan
8.400000000000000000e+01 -3.400000000000000000e+01 nan
8.400000000000000000e+01 -3.300000000000000000e+01 nan
8.400000000000000000e+01 -3.200000000000000000e+01 nan
8.400000000000000000e+01 -3.100000000000000000e+01 nan
8.400000000000000000e+01 -3.000000000000000000e+01 nan
8.500000000000000000e+01 -7.700000000000000000e+01 nan
8.500000000000000000e+01 -7.600000000000000000e+01 nan
8.500000000000000000e+01 -7.500000000000000000e+01 nan
8.500000000000000000e+01 -7.400000000000000000e+01 nan
8.500000000000000000e+01 -7.300000000000000000e+01 nan
8.500000000000000000e+01 -7.200000000000000000e+01 nan
8.500000000000000000e+01 -7.100000000000000000e+01 nan
8.500000000000000000e+01 -7.000000000000000000e+01 nan
8.500000000000000000e+01 -6.900000000000000000e+01 nan
8.500000000000000000e+01 -6.800000000000000000e+01 nan
8.500000000000000000e+01 -6.700000000000000000e+01 nan
8.500000000000000000e+01 -6.600000000000000000e+01 nan
8.500000000000000000e+01 -6.500000000000000000e+01 nan
8.500000000000000000e+01 -6.400000000000000000e+01 nan
8.500000000000000000e+01 -6.300000000000000000e+01 nan
8.500000000000000000e+01 -6.200000000000000000e+01 nan
8.500000000000000000e+01 -6.100000000000000000e+01 nan
8.500000000000000000e+01 -6.000000000000000000e+01 nan
8.500000000000000000e+01 -5.900000000000000000e+01 nan
8.500000000000000000e+01 -5.800000000000000000e+01 nan
8.500000000000000000e+01 -5.700000000000000000e+01 nan
8.500000000000000000e+01 -5.600000000000000000e+01 nan
8.500000000000000000e+01 -5.500000000000000000e+01 nan
8.500000000000000000e+01 -5.400000000000000000e+01 nan
8.500000000000000000e+01 -5.300000000000000000e+01 nan
8.500000000000000000e+01 -5.200000000000000000e+01 nan
8.500000000000000000e+01 -5.100000000000000000e+01 nan
8.500000000000000000e+01 -5.000000000000000000e+01 nan
8.500000000000000000e+01 -4.900000000000000000e+01 nan
8.500000000000000000e+01 -4.800000000000000000e+01 nan
8.500000000000000000e+01 -4.700000000000000000e+01 nan
8.500000000000000000e+01 -4.600000000000000000e+01 nan
8.500000000000000000e+01 -4.500000000000000000e+01 nan
8.500000000000000000e+01 -4.400000000000000000e+01 nan
8.500000000000000000e+01 -4.300000000000000000e+01 nan
8.500000000000000000e+01 -4.200000000000000000e+01 nan
8.500000000000000000e+01 -4.100000000000000000e+01 nan
8.500000000000000000e+01 -4.000000000000000000e+01 nan
8.500000000000000000e+01 -3.900000000000000000e+01 nan
8.500000000000000000e+01 -3.800000000000000000e+01 nan
8.500000000000000000e+01 -3.700000000000000000e+01 nan
8.500000000000000000e+01 -3.600000000000000000e+01 nan
8.500000000000000000e+01 -3.500000000000000000e+01 nan
8.500000000000000000e+01 -3.400000000000000000e+01 nan
8.500000000000000000e+01 -3.300000000000000000e+01 nan
8.500000000000000000e+01 -3.200000000000000000e+01 nan
8.500000000000000000e+01 -3.100000000000000000e+01 nan
8.500000000000000000e+01 -3.000000000000000000e+01 nan
8.600000000000000000e+01 -7.700000000000000000e+01 nan
8.600000000000000000e+01 -7.600000000000000000e+01 nan
8.600000000000000000e+01 -7.500000000000000000e+01 nan
8.600000000000000000e+01 -7.400000000000000000e+01 nan
8.600000000000000000e+01 -7.300000000000000000e+01 nan
8.600000000000000000e+01 -7.200000000000000000e+01 nan
8.600000000000000000e+01 -7.100000000000000000e+01 nan
8.600000000000000000e+01 -7.000000000000000000e+01 nan
8.600000000000000000e+01 -6.900000000000000000e+01 nan
8.600000000000000000e+01 -6.800000000000000000e+01 nan
8.600000000000000000e+01 -6.700000000000000000e+01 nan
8.600000000000000000e+01 -6.600000000000000000e+01 nan
8.600000000000000000e+01 -6.500000000000000000e+01 nan
8.600000000000000000e+01 -6.400000000000000000e+01 nan
8.600000000000000000e+01 -6.300000000000000000e+01 nan
8.600000000000000000e+01 -6.200000000000000000e+01 nan
8.600000000000000000e+01 -6.100000000000000000e+01 nan
8.600000000000000000e+01 -6.000000000000000000e+01 nan
8.600000000000000000e+01 -5.900000000000000000e+01 nan
8.600000000000000000e+01 -5.800000000000000000e+01 nan
8.600000000000000000e+01 -5.700000000000000000e+01 nan
8.600000000000000000e+01 -5.600000000000000000e+01 nan
8.600000000000000000e+01 -5.500000000000000000e+01 nan
8.600000000000000000e+01 -5.400000000000000000e+01 nan
8.600000000000000000e+01 -5.300000000000000000e+01 nan
8.600000000000000000e+01 -5.200000000000000000e+01 nan
8.600000000000000000e+01 -5.100000000000000000e+01 nan
8.600000000000000000e+01 -5.000000000000000000e+01 nan
8.600000000000000000e+01 -4.900000000000000000e+01 nan
8.600000000000000000e+01 -4.800000000000000000e+01 nan
8.600000000000000000e+01 -4.700000000000000000e+01 nan
8.600000000000000000e+01 -4.600000000000000000e+01 nan
8.600000000000000000e+01 -4.500000000000000000e+01 nan
8.600000000000000000e+01 -4.400000000000000000e+01 nan
8.600000000000000000e+01 -4.300000000000000000e+01 nan
8.600000000000000000e+01 -4.200000000000000000e+01 nan
8.600000000000000000e+01 -4.100000000000000000e+01 nan
8.600000000000000000e+01 -4.000000000000000000e+01 nan
8.600000000000000000e+01 -3.900000000000000000e+01 nan
8.600000000000000000e+01 -3.800000000000000000e+01 nan
8.600000000000000000e+01 -3.700000000000000000e+01 nan
8.600000000000000000e+01 -3.600000000000000000e+01 nan
8.600000000000000000e+01 -3.500000000000000000e+01 nan
8.600000000000000000e+01 -3.400000000000000000e+01 nan
8.600000000000000000e+01 -3.300000000000000000e+01 nan
8.600000000000000000e+01 -3.200000000000000000e+01 nan
8.600000000000000000e+01 -3.100000000000000000e+01 nan
8.600000000000000000e+01 -3.000000000000000000e+01 nan
8.700000000000000000e+01 -7.700000000000000000e+01 nan
8.700000000000000000e+01 -7.600000000000000000e+01 nan
8.700000000000000000e+01 -7.500000000000000000e+01 nan
8.700000000000000000e+01 -7.400000000000000000e+01 nan
8.700000000000000000e+01 -7.300000000000000000e+01 nan
8.700000000000000000e+01 -7.200000000000000000e+01 nan
8.700000000000000000e+01 -7.100000000000000000e+01 nan
8.700000000000000000e+01 -7.000000000000000000e+01 nan
8.700000000000000000e+01 -6.900000000000000000e+01 nan
8.700000000000000000e+01 -6.800000000000000000e+01 nan
8.700000000000000000e+01 -6.700000000000000000e+01 nan
8.700000000000000000e+01 -6.600000000000000000e+01 nan
8.700000000000000000e+01 -6.500000000000000000e+01 nan
8.700000000000000000e+01 -6.400000000000000000e+01 nan
8.700000000000000000e+01 -6.300000000000000000e+01 nan
8.700000000000000000e+01 -6.200000000000000000e+01 nan
8.700000000000000000e+01 -6.100000000000000000e+01 nan
8.700000000000000000e+01 -6.000000000000000000e+01 2.055507558038269789e+00
8.700000000000000000e+01 -5.900000000000000000e+01 1.889032894039714305e+00
8.700000000000000000e+01 -5.800000000000000000e+01 1.792439944509894856e+00
8.700000000000000000e+01 -5.700000000000000000e+01 1.940274748024054752e+00
8.700000000000000000e+01 -5.600000000000000000e+01 2.014681258779413398e+00
8.700000000000000000e+01 -5.500000000000000000e+01 1.999997613654709960e+00
8.700000000000000000e+01 -5.400000000000000000e+01 1.767467613648885827e+00
8.700000000000000000e+01 -5.300000000000000000e+01 1.609246250092133179e+00
8.700000000000000000e+01 -5.200000000000000000e+01 1.598098889311464710e+00
8.700000000000000000e+01 -5.100000000000000000e+01 nan
8.700000000000000000e+01 -5.000000000000000000e+01 nan
8.700000000000000000e+01 -4.900000000000000000e+01 nan
8.700000000000000000e+01 -4.800000000000000000e+01 nan
8.700000000000000000e+01 -4.700000000000000000e+01 nan
8.700000000000000000e+01 -4.600000000000000000e+01 nan
8.700000000000000000e+01 -4.500000000000000000e+01 nan
8.700000000000000000e+01 -4.400000000000000000e+01 nan
8.700000000000000000e+01 -4.300000000000000000e+01 nan
8.700000000000000000e+01 -4.200000000000000000e+01 nan
8.700000000000000000e+01 -4.100000000000000000e+01 nan
8.700000000000000000e+01 -4.000000000000000000e+01 nan
8.700000000000000000e+01 -3.900000000000000000e+01 nan
8.700000000000000000e+01 -3.800000000000000000e+01 nan
8.700000000000000000e+01 -3.700000000000000000e+01 nan
8.700000000000000000e+01 -3.600000000000000000e+01 nan
8.700000000000000000e+01 -3.500000000000000000e+01 nan
8.700000000000000000e+01 -3.400000000000000000e+01 nan
8.700000000000000000e+01 -3.300000000000000000e+01 nan
8.700000000000000000e+01 -3.200000000000000000e+01 nan
8.700000000000000000e+01 -3.100000000000000000e+01 nan
8.700000000000000000e+01 -3.000000000000000000e+01 nan
8.800000000000000000e+01 -7.700000000000000000e+01 nan
8.800000000000000000e+01 -7.600000000000000000e+01 nan
8.800000000000000000e+01 -7.500000000000000000e+01 nan
8.800000000000000000e+01 -7.400000000000000000e+01 nan
8.800000000000000000e+01 -7.300000000000000000e+01 nan
8.800000000000000000e+01 -7.200000000000000000e+01 nan
8.800000000000000000e+01 -7.100000000000000000e+01 nan
8.800000000000000000e+01 -7.000000000000000000e+01 nan
8.800000000000000000e+01 -6.900000000000000000e+01 nan
8.800000000000000000e+01 -6.800000000000000000e+01 nan
8.800000000000000000e+01 -6.700000000000000000e+01 nan
8.800000000000000000e+01 -6.600000000000000000e+01 nan
8.800000000000000000e+01 -6.500000000000000000e+01 nan
8.800000000000000000e+01 -6.400000000000000000e+01 nan
8.800000000000000000e+01 -6.300000000000000000e+01 nan
8.800000000000000000e+01 -6.200000000000000000e+01 nan
8.800000000000000000e+01 -6.100000000000000000e+01 nan
8.800000000000000000e+01 -6.000000000000000000e+01 2.055507558038269789e+00
8.800000000000000000e+01 -5.900000000000000000e+01 1.889032894039714305e+00
8.800000000000000000e+01 -5.800000000000000000e+01 1.792439944509894856e+00
8.800000000000000000e+01 -5.700000000000000000e+01 1.940274748024054752e+00
8.800000000000000000e+01 -5.600000000000000000e+01 2.014681258779413398e+00
8.800000000000000000e+01 -5.500000000000000000e+01 1.999997613654709960e+00
8.800000000000000000e+01 -5.400000000000000000e+01 1.749808267814474627e+00
8.800000000000000000e+01 -5.300000000000000000e+01 1.627572021645964817e+00
8.800000000000000000e+01 -5.200000000000000000e+01 1.844405997876994885e+00
8.800000000000000000e+01 -5.100000000000000000e+01 2.101061699505551772e+00
8.800000000000000000e+01 -5.000000000000000000e+01 2.159167485983327861e+00
8.800000000000000000e+01 -4.900000000000000000e+01 2.184033653688613796e+00
8.800000000000000000e+01 -4.800000000000000000e+01 2.225030771648455197e+00
8.800000000000000000e+01 -4.700000000000000000e+01 2.320747614465232367e+00
8.800000000000000000e+01 -4.600000000000000000e+01 2.341147880559371508e+00
8.800000000000000000e+01 -4.500000000000000000e+01 2.326556920184883026e+00
8.800000000000000000e+01 -4.400000000000000000e+01 2.234511903118357345e+00
8.800000000000000000e+01 -4.300000000000000000e+01 2.157061551487422513e+00
8.800000000000000000e+01 -4.200000000000000000e+01 2.210105565664943761e+00
8.800000000000000000e+01 -4.100000000000000000e+01 2.285187312373391233e+00
8.800000000000000000e+01 -4.000000000000000000e+01 2.360263520166780538e+00
8.800000000000000000e+01 -3.900000000000000000e+01 2.415342198751010638e+00
8.800000000000000000e+01 -3.800000000000000000e+01 2.435663817675414400e+00
8.800000000000000000e+01 -3.700000000000000000e+01 2.354052644578020104e+00
8.800000000000000000e+01 -3.600000000000000000e+01 2.329687454845277728e+00
8.800000000000000000e+01 -3.500000000000000000e+01 2.124816958233568087e+00
8.800000000000000000e+01 -3.400000000000000000e+01 2.022185181975466151e+00
8.800000000000000000e+01 -3.300000000000000000e+01 1.723621676057910168e+00
8.800000000000000000e+01 -3.200000000000000000e+01 1.685542053998427159e+00
8.800000000000000000e+01 -3.100000000000000000e+01 1.480198703064777410e+00
8.800000000000000000e+01 -3.000000000000000000e+01 nan
8.900000000000000000e+01 -7.700000000000000000e+01 nan
8.900000000000000000e+01 -7.600000000000000000e+01 nan
8.900000000000000000e+01 -7.500000000000000000e+01 nan
8.900000000000000000e+01 -7.400000000000000000e+01 nan
8.900000000000000000e+01 -7.300000000000000000e+01 nan
8.900000000000000000e+01 -7.200000000000000000e+01 nan
8.900000000000000000e+01 -7.100000000000000000e+01 nan
8.900000000000000000e+01 -7.000000000000000000e+01 nan
8.900000000000000000e+01 -6.900000000000000000e+01 nan
8.900000000000000000e+01 -6.800000000000000000e+01 nan
8.900000000000000000e+01 -6.700000000000000000e+01 nan
8.900000000000000000e+01 -6.600000000000000000e+01 nan
8.900000000000000000e+01 -6.500000000000000000e+01 nan
8.900000000000000000e+01 -6.400000000000000000e+01 nan
8.900000000000000000e+01 -6.300000000000000000e+01 nan
8.900000000000000000e+01 -6.200000000000000000e+01 nan
8.900000000000000000e+01 -6.100000000000000000e+01 nan
8.900000000000000000e+01 -6.000000000000000000e+01 nan
8.900000000000000000e+01 -5.900000000000000000e+01 nan
8.900000000000000000e+01 -5.800000000000000000e+01 nan
8.900000000000000000e+01 -5.700000000000000000e+01 nan
8.900000000000000000e+01 -5.600000000000000000e+01 nan
8.900000000000000000e+01 -5.500000000000000000e+01 nan
8.900000000000000000e+01 -5.400000000000000000e+01 1.318567852088831982e+00
8.900000000000000000e+01 -5.300000000000000000e+01 1.637283888656345443e+00
8.900000000000000000e+01 -5.200000000000000000e+01 1.924090518824254525e+00
8.900000000000000000e+01 -5.100000000000000000e+01 2.101061699505551772e+00
8.900000000000000000e+01 -5.000000000000000000e+01 2.159167485983327861e+00
8.900000000000000000e+01 -4.900000000000000000e+01 2.184033653688613796e+00
8.900000000000000000e+01 -4.800000000000000000e+01 2.225030771648455197e+00
8.900000000000000000e+01 -4.700000000000000000e+01 2.320747614465232367e+00
8.900000000000000000e+01 -4.600000000000000000e+01 2.341147880559371508e+00
8.900000000000000000e+01 -4.500000000000000000e+01 2.326556920184883026e+00
8.900000000000000000e+01 -4.400000000000000000e+01 2.234511903118357345e+00
8.900000000000000000e+01 -4.300000000000000000e+01 2.157061551487422513e+00
8.900000000000000000e+01 -4.200000000000000000e+01 2.210105565664943761e+00
8.900000000000000000e+01 -4.100000000000000000e+01 2.285187312373391233e+00
8.900000000000000000e+01 -4.000000000000000000e+01 2.360263520166780538e+00
8.900000000000000000e+01 -3.900000000000000000e+01 2.415342198751010638e+00
8.900000000000000000e+01 -3.800000000000000000e+01 2.435663817675414400e+00
8.900000000000000000e+01 -3.700000000000000000e+01 2.354052644578020104e+00
8.900000000000000000e+01 -3.600000000000000000e+01 2.329070219795724928e+00
8.900000000000000000e+01 -3.500000000000000000e+01 2.126132098811685189e+00
8.900000000000000000e+01 -3.400000000000000000e+01 2.021835925857981664e+00
8.900000000000000000e+01 -3.300000000000000000e+01 1.737226790283668665e+00
8.900000000000000000e+01 -3.200000000000000000e+01 1.697552023725886094e+00
8.900000000000000000e+01 -3.100000000000000000e+01 1.507634930056275691e+00
8.900000000000000000e+01 -3.000000000000000000e+01 nan
9.000000000000000000e+01 -7.700000000000000000e+01 nan
9.000000000000000000e+01 -7.600000000000000000e+01 nan
9.000000000000000000e+01 -7.500000000000000000e+01 nan
9.000000000000000000e+01 -7.400000000000000000e+01 nan
9.000000000000000000e+01 -7.300000000000000000e+01 nan
9.000000000000000000e+01 -7.200000000000000000e+01 nan
9.000000000000000000e+01 -7.100000000000000000e+01 nan
9.000000000000000000e+01 -7.000000000000000000e+01 nan
9.000000000000000000e+01 -6.900000000000000000e+01 nan
9.000000000000000000e+01 -6.800000000000000000e+01 nan
9.000000000000000000e+01 -6.700000000000000000e+01 nan
9.000000000000000000e+01 -6.600000000000000000e+01 nan
9.000000000000000000e+01 -6.500000000000000000e+01 nan
9.000000000000000000e+01 -6.400000000000000000e+01 nan
9.000000000000000000e+01 -6.300000000000000000e+01 nan
9.000000000000000000e+01 -6.200000000000000000e+01 nan
9.000000000000000000e+01 -6.100000000000000000e+01 nan
9.000000000000000000e+01 -6.000000000000000000e+01 nan
9.000000000000000000e+01 -5.900000000000000000e+01 nan
9.000000000000000000e+01 -5.800000000000000000e+01 nan
9.000000000000000000e+01 -5.700000000000000000e+01 nan
9.000000000000000000e+01 -5.600000000000000000e+01 nan
9.000000000000000000e+01 -5.500000000000000000e+01 nan
9.000000000000000000e+01 -5.400000000000000000e+01 nan
9.000000000000000000e+01 -5.300000000000000000e+01 nan
9.000000000000000000e+01 -5.200000000000000000e+01 nan
9.000000000000000000e+01 -5.100000000000000000e+01 nan
9.000000000000000000e+01 -5.000000000000000000e+01 nan
9.000000000000000000e+01 -4.900000000000000000e+01 nan
9.000000000000000000e+01 -4.800000000000000000e+01 nan
9.000000000000000000e+01 -4.700000000000000000e+01 nan
9.000000000000000000e+01 -4.600000000000000000e+01 nan
9.000000000000000000e+01 -4.500000000000000000e+01 nan
9.000000000000000000e+01 -4.400000000000000000e+01 nan
9.000000000000000000e+01 -4.300000000000000000e+01 nan
9.000000000000000000e+01 -4.200000000000000000e+01 nan
9.000000000000000000e+01 -4.100000000000000000e+01 nan
9.000000000000000000e+01 -4.000000000000000000e+01 nan
9.000000000000000000e+01 -3.900000000000000000e+01 nan
9.000000000000000000e+01 -3.800000000000000000e+01 nan
9.000000000000000000e+01 -3.700000000000000000e+01 nan
9.000000000000000000e+01 -3.600000000000000000e+01 2.130986660647331998e+00
9.000000000000000000e+01 -3.500000000000000000e+01 2.137617251763004322e+00
9.000000000000000000e+01 -3.400000000000000000e+01 2.020613749044149365e+00
9.000000000000000000e+01 -3.300000000000000000e+01 1.824166510016890230e+00
9.000000000000000000e+01 -3.200000000000000000e+01 1.708651651540893823e+00
9.000000000000000000e+01 -3.100000000000000000e+01 1.524670658268262979e+00
9.000000000000000000e+01 -3.000000000000000000e+01 nan
