Longitude[deg], Latitude[deg], Dust optical depth
-8.000000000000000000e+01 8.000000000000000000e+00 nan
-8.000000000000000000e+01 9.000000000000000000e+00 nan
-8.000000000000000000e+01 1.000000000000000000e+01 nan
-8.000000000000000000e+01 1.100000000000000000e+01 nan
-8.000000000000000000e+01 1.200000000000000000e+01 nan
-8.000000000000000000e+01 1.300000000000000000e+01 nan
-8.000000000000000000e+01 1.400000000000000000e+01 nan
-8.000000000000000000e+01 1.500000000000000000e+01 nan
-8.000000000000000000e+01 1.600000000000000000e+01 nan
-8.000000000000000000e+01 1.700000000000000000e+01 nan
-8.000000000000000000e+01 1.800000000000000000e+01 nan
-8.000000000000000000e+01 1.900000000000000000e+01 nan
-8.000000000000000000e+01 2.000000000000000000e+01 nan
-8.000000000000000000e+01 2.100000000000000000e+01 nan
-8.000000000000000000e+01 2.200000000000000000e+01 1.386025101478547183e+00
-8.000000000000000000e+01 2.300000000000000000e+01 1.366059340720539694e+00
-8.000000000000000000e+01 2.400000000000000000e+01 1.346418545113882148e+00
-8.000000000000000000e+01 2.500000000000000000e+01 1.360219903650922380e+00
-8.000000000000000000e+01 2.600000000000000000e+01 1.336089339390828856e+00
-8.000000000000000000e+01 2.700000000000000000e+01 1.252339218803065535e+00
-8.000000000000000000e+01 2.800000000000000000e+01 1.204262592797419096e+00
-8.000000000000000000e+01 2.900000000000000000e+01 1.125026575424970421e+00
-7.900000000000000000e+01 8.000000000000000000e+00 nan
-7.900000000000000000e+01 9.000000000000000000e+00 nan
-7.900000000000000000e+01 1.000000000000000000e+01 nan
-7.900000000000000000e+01 1.100000000000000000e+01 1.304987392833292681e+00
-7.900000000000000000e+01 1.200000000000000000e+01 1.444505157897278957e+00
-7.900000000000000000e+01 1.300000000000000000e+01 1.520849562547065714e+00
-7.900000000000000000e+01 1.400000000000000000e+01 1.541190698071148946e+00
-7.900000000000000000e+01 1.500000000000000000e+01 1.537628475667447869e+00
-7.900000000000000000e+01 1.600000000000000000e+01 1.538669906022398504e+00
-7.900000000000000000e+01 1.700000000000000000e+01 1.541202547952164048e+00
-7.900000000000000000e+01 1.800000000000000000e+01 1.477925375671724550e+00
-7.900000000000000000e+01 1.900000000000000000e+01 1.473430022649574678e+00
-7.900000000000000000e+01 2.000000000000000000e+01 1.447740940091027939e+00
-7.900000000000000000e+01 2.100000000000000000e+01 1.401409422218297118e+00
-7.900000000000000000e+01 2.200000000000000000e+01 1.369711142405598103e+00
-7.900000000000000000e+01 2.300000000000000000e+01 1.323314480475805022e+00
-7.900000000000000000e+01 2.400000000000000000e+01 1.324770255968577004e+00
-7.900000000000000000e+01 2.500000000000000000e+01 1.347953163268465149e+00
-7.900000000000000000e+01 2.600000000000000000e+01 1.333715126191842737e+00
-7.900000000000000000e+01 2.700000000000000000e+01 1.252386144944750201e+00
-7.900000000000000000e+01 2.800000000000000000e+01 1.221048430276838292e+00
-7.900000000000000000e+01 2.900000000000000000e+01 1.068092649236893177e+00
-7.800000000000000000e+01 8.000000000000000000e+00 1.415027521327766102e+00
-7.800000000000000000e+01 9.000000000000000000e+00 1.253009444755934787e+00
-7.800000000000000000e+01 1.000000000000000000e+01 1.250555438944656927e+00
-7.800000000000000000e+01 1.100000000000000000e+01 1.357363919291930454e+00
-7.800000000000000000e+01 1.200000000000000000e+01 1.470263288506553634e+00
-7.800000000000000000e+01 1.300000000000000000e+01 1.518307114684799286e+00
-7.800000000000000000e+01 1.400000000000000000e+01 1.528322896353974336e+00
-7.800000000000000000e+01 1.500000000000000000e+01 1.520212531814085777e+00
-7.800000000000000000e+01 1.600000000000000000e+01 1.514155986149170463e+00
-7.800000000000000000e+01 1.700000000000000000e+01 1.512555826172778506e+00
-7.800000000000000000e+01 1.800000000000000000e+01 1.469338905302369103e+00
-7.800000000000000000e+01 1.900000000000000000e+01 1.460665352701983499e+00
-7.800000000000000000e+01 2.000000000000000000e+01 1.432331844956121092e+00
-7.800000000000000000e+01 2.100000000000000000e+01 1.363188969472780787e+00
-7.800000000000000000e+01 2.200000000000000000e+01 1.337872403291996637e+00
-7.800000000000000000e+01 2.300000000000000000e+01 1.283207165585640519e+00
-7.800000000000000000e+01 2.400000000000000000e+01 1.283073554064520838e+00
-7.800000000000000000e+01 2.500000000000000000e+01 1.324858247038431580e+00
-7.800000000000000000e+01 2.600000000000000000e+01 1.325251406860924908e+00
-7.800000000000000000e+01 2.700000000000000000e+01 1.252670803697936375e+00
-7.800000000000000000e+01 2.800000000000000000e+01 1.166857349640314290e+00
-7.800000000000000000e+01 2.900000000000000000e+01 9.788363599858238562e-01
-7.700000000000000000e+01 8.000000000000000000e+00 1.413033172286868755e+00
-7.700000000000000000e+01 9.000000000000000000e+00 1.289259581575347591e+00
-7.700000000000000000e+01 1.000000000000000000e+01 1.293330380427271775e+00
-7.700000000000000000e+01 1.100000000000000000e+01 1.382104714978453996e+00
-7.700000000000000000e+01 1.200000000000000000e+01 1.478260297494339959e+00
-7.700000000000000000e+01 1.300000000000000000e+01 1.506294662610764057e+00
-7.700000000000000000e+01 1.400000000000000000e+01 1.520688329154802565e+00
-7.700000000000000000e+01 1.500000000000000000e+01 1.513709533445057209e+00
-7.700000000000000000e+01 1.600000000000000000e+01 1.503185834160394752e+00
-7.700000000000000000e+01 1.700000000000000000e+01 1.498533228679806761e+00
-7.700000000000000000e+01 1.800000000000000000e+01 1.439815349824089985e+00
-7.700000000000000000e+01 1.900000000000000000e+01 1.395858204503031219e+00
-7.700000000000000000e+01 2.000000000000000000e+01 1.367804762113856043e+00
-7.700000000000000000e+01 2.100000000000000000e+01 1.320813151282486553e+00
-7.700000000000000000e+01 2.200000000000000000e+01 1.304775897654098848e+00
-7.700000000000000000e+01 2.300000000000000000e+01 1.281969011826757265e+00
-7.700000000000000000e+01 2.400000000000000000e+01 1.280145227552012210e+00
-7.700000000000000000e+01 2.500000000000000000e+01 1.273875506866140039e+00
-7.700000000000000000e+01 2.600000000000000000e+01 1.279893856106433914e+00
-7.700000000000000000e+01 2.700000000000000000e+01 1.240584732550929603e+00
-7.700000000000000000e+01 2.800000000000000000e+01 1.088585245340751406e+00
-7.700000000000000000e+01 2.900000000000000000e+01 9.829785265684600759e-01
-7.600000000000000000e+01 8.000000000000000000e+00 nan
-7.600000000000000000e+01 9.000000000000000000e+00 1.336391219318866508e+00
-7.600000000000000000e+01 1.000000000000000000e+01 1.339434332862390331e+00
-7.600000000000000000e+01 1.100000000000000000e+01 1.410509005196390664e+00
-7.600000000000000000e+01 1.200000000000000000e+01 1.495121190895080332e+00
-7.600000000000000000e+01 1.300000000000000000e+01 1.503274386051500322e+00
-7.600000000000000000e+01 1.400000000000000000e+01 1.505084929959254580e+00
-7.600000000000000000e+01 1.500000000000000000e+01 1.513664132975226950e+00
-7.600000000000000000e+01 1.600000000000000000e+01 1.502409731440180751e+00
-7.600000000000000000e+01 1.700000000000000000e+01 1.501580664432336620e+00
-7.600000000000000000e+01 1.800000000000000000e+01 1.423093294079818438e+00
-7.600000000000000000e+01 1.900000000000000000e+01 1.333626773168965718e+00
-7.600000000000000000e+01 2.000000000000000000e+01 1.302439463115430129e+00
-7.600000000000000000e+01 2.100000000000000000e+01 1.281884697842453402e+00
-7.600000000000000000e+01 2.200000000000000000e+01 1.298627116034930751e+00
-7.600000000000000000e+01 2.300000000000000000e+01 1.286862746638639532e+00
-7.600000000000000000e+01 2.400000000000000000e+01 1.280145227552012210e+00
-7.600000000000000000e+01 2.500000000000000000e+01 1.264763929005277898e+00
-7.600000000000000000e+01 2.600000000000000000e+01 1.267633601279946953e+00
-7.600000000000000000e+01 2.700000000000000000e+01 1.184464431449153476e+00
-7.600000000000000000e+01 2.800000000000000000e+01 1.078719452672942003e+00
-7.600000000000000000e+01 2.900000000000000000e+01 nan
