Longitude[deg], Latitude[deg], Dust optical depth
-1.790000000000000000e+02 -3.700000000000000000e+01 5.830203978174478552e-01
-1.790000000000000000e+02 -3.600000000000000000e+01 5.875032929608760002e-01
-1.790000000000000000e+02 -3.500000000000000000e+01 5.805736137165881106e-01
-1.790000000000000000e+02 -3.400000000000000000e+01 5.475479859785723491e-01
-1.790000000000000000e+02 -3.300000000000000000e+01 5.289420354363083554e-01
-1.790000000000000000e+02 -3.200000000000000000e+01 5.924023291884247255e-01
-1.790000000000000000e+02 -3.100000000000000000e+01 6.086464021085673526e-01
-1.790000000000000000e+02 -3.000000000000000000e+01 5.606034411874653012e-01
-1.790000000000000000e+02 -2.900000000000000000e+01 5.534721331553559276e-01
-1.790000000000000000e+02 -2.800000000000000000e+01 6.578452417008232578e-01
-1.790000000000000000e+02 -2.700000000000000000e+01 9.169703035902012633e-01
-1.790000000000000000e+02 -2.600000000000000000e+01 9.900267326354867947e-01
-1.790000000000000000e+02 -2.500000000000000000e+01 1.017718804330949967e+00
-1.790000000000000000e+02 -2.400000000000000000e+01 1.019960993041028940e+00
-1.790000000000000000e+02 -2.300000000000000000e+01 1.013320695564624785e+00
-1.790000000000000000e+02 -2.200000000000000000e+01 1.117798775109301257e+00
-1.790000000000000000e+02 -2.100000000000000000e+01 1.210555251470539329e+00
-1.790000000000000000e+02 -2.000000000000000000e+01 1.421364056828969158e+00
-1.790000000000000000e+02 -1.900000000000000000e+01 1.518127598079629159e+00
-1.790000000000000000e+02 -1.800000000000000000e+01 1.405965729499338845e+00
-1.790000000000000000e+02 -1.700000000000000000e+01 1.372133152651898946e+00
-1.790000000000000000e+02 -1.600000000000000000e+01 1.564898248210986775e+00
-1.790000000000000000e+02 -1.500000000000000000e+01 1.316607127639803920e+00
-1.790000000000000000e+02 -1.400000000000000000e+01 1.212054798800512367e+00
-1.790000000000000000e+02 -1.300000000000000000e+01 1.373464428943145466e+00
-1.790000000000000000e+02 -1.200000000000000000e+01 1.444312189539271429e+00
-1.790000000000000000e+02 -1.100000000000000000e+01 nan
-1.780000000000000000e+02 -3.700000000000000000e+01 5.830203978174478552e-01
-1.780000000000000000e+02 -3.600000000000000000e+01 5.875032929608760002e-01
-1.780000000000000000e+02 -3.500000000000000000e+01 5.802047409313139115e-01
-1.780000000000000000e+02 -3.400000000000000000e+01 5.456654543435596194e-01
-1.780000000000000000e+02 -3.300000000000000000e+01 5.462293393334898273e-01
-1.780000000000000000e+02 -3.200000000000000000e+01 6.243279005913318080e-01
-1.780000000000000000e+02 -3.100000000000000000e+01 6.184049634332126066e-01
-1.780000000000000000e+02 -3.000000000000000000e+01 5.569195731477690758e-01
-1.780000000000000000e+02 -2.900000000000000000e+01 5.509068654015676358e-01
-1.780000000000000000e+02 -2.800000000000000000e+01 6.970007733334602218e-01
-1.780000000000000000e+02 -2.700000000000000000e+01 9.175022785000511716e-01
-1.780000000000000000e+02 -2.600000000000000000e+01 1.025459393978471079e+00
-1.780000000000000000e+02 -2.500000000000000000e+01 1.018256391014286333e+00
-1.780000000000000000e+02 -2.400000000000000000e+01 1.006197251665157610e+00
-1.780000000000000000e+02 -2.300000000000000000e+01 1.008924569758507417e+00
-1.780000000000000000e+02 -2.200000000000000000e+01 1.121925204521704300e+00
-1.780000000000000000e+02 -2.100000000000000000e+01 1.233818154150291280e+00
-1.780000000000000000e+02 -2.000000000000000000e+01 1.429525498591210919e+00
-1.780000000000000000e+02 -1.900000000000000000e+01 1.511039382735672509e+00
-1.780000000000000000e+02 -1.800000000000000000e+01 1.409386190403224992e+00
-1.780000000000000000e+02 -1.700000000000000000e+01 1.390345790107872181e+00
-1.780000000000000000e+02 -1.600000000000000000e+01 1.556893211112483133e+00
-1.780000000000000000e+02 -1.500000000000000000e+01 1.364950030131272252e+00
-1.780000000000000000e+02 -1.400000000000000000e+01 1.197525669144643645e+00
-1.780000000000000000e+02 -1.300000000000000000e+01 1.379087999710549406e+00
-1.780000000000000000e+02 -1.200000000000000000e+01 1.468060744420094155e+00
-1.780000000000000000e+02 -1.100000000000000000e+01 nan
-1.770000000000000000e+02 -3.700000000000000000e+01 nan
-1.770000000000000000e+02 -3.600000000000000000e+01 nan
-1.770000000000000000e+02 -3.500000000000000000e+01 nan
-1.770000000000000000e+02 -3.400000000000000000e+01 3.717447897469956519e-01
-1.770000000000000000e+02 -3.300000000000000000e+01 6.424975726696807721e-01
-1.770000000000000000e+02 -3.200000000000000000e+01 7.367707446254935233e-01
-1.770000000000000000e+02 -3.100000000000000000e+01 6.412910688460753406e-01
-1.770000000000000000e+02 -3.000000000000000000e+01 5.445410182686208911e-01
-1.770000000000000000e+02 -2.900000000000000000e+01 5.468560034514738932e-01
-1.770000000000000000e+02 -2.800000000000000000e+01 7.278895435283073700e-01
-1.770000000000000000e+02 -2.700000000000000000e+01 9.183284978390436892e-01
-1.770000000000000000e+02 -2.600000000000000000e+01 1.058634259611702877e+00
-1.770000000000000000e+02 -2.500000000000000000e+01 1.018670427589068117e+00
-1.770000000000000000e+02 -2.400000000000000000e+01 9.898014841211706383e-01
-1.770000000000000000e+02 -2.300000000000000000e+01 1.002741314332027844e+00
-1.770000000000000000e+02 -2.200000000000000000e+01 1.130452436460962495e+00
-1.770000000000000000e+02 -2.100000000000000000e+01 1.354258620860372409e+00
-1.770000000000000000e+02 -2.000000000000000000e+01 1.438004259089060488e+00
-1.770000000000000000e+02 -1.900000000000000000e+01 1.502631885802929945e+00
-1.770000000000000000e+02 -1.800000000000000000e+01 1.414395559790161183e+00
-1.770000000000000000e+02 -1.700000000000000000e+01 1.408510484718054956e+00
-1.770000000000000000e+02 -1.600000000000000000e+01 1.553892589030455795e+00
-1.770000000000000000e+02 -1.500000000000000000e+01 1.386719596942235677e+00
-1.770000000000000000e+02 -1.400000000000000000e+01 1.174016152256306400e+00
-1.770000000000000000e+02 -1.300000000000000000e+01 1.396863479003651376e+00
-1.770000000000000000e+02 -1.200000000000000000e+01 1.488097922232165082e+00
-1.770000000000000000e+02 -1.100000000000000000e+01 nan
