Longitude[deg], Latitude[deg], Dust optical depth
-5.400000000000000000e+01 -5.400000000000000000e+01 4.810406814050993241e+00
-5.400000000000000000e+01 -5.300000000000000000e+01 4.692328585063223478e+00
-5.400000000000000000e+01 -5.200000000000000000e+01 4.343115393071976804e+00
-5.400000000000000000e+01 -5.100000000000000000e+01 3.919071699403485098e+00
-5.400000000000000000e+01 -5.000000000000000000e+01 4.078873958890147478e+00
-5.400000000000000000e+01 -4.900000000000000000e+01 4.256994016104528100e+00
-5.400000000000000000e+01 -4.800000000000000000e+01 4.477335361218970355e+00
-5.400000000000000000e+01 -4.700000000000000000e+01 4.440848500715616431e+00
-5.400000000000000000e+01 -4.600000000000000000e+01 4.271308694696556607e+00
-5.400000000000000000e+01 -4.500000000000000000e+01 4.208957045360423699e+00
-5.400000000000000000e+01 -4.400000000000000000e+01 4.174262872402903390e+00
-5.400000000000000000e+01 -4.300000000000000000e+01 4.111662813664981542e+00
-5.400000000000000000e+01 -4.200000000000000000e+01 4.164601770510119927e+00
-5.400000000000000000e+01 -4.100000000000000000e+01 4.176180473658536840e+00
-5.400000000000000000e+01 -4.000000000000000000e+01 4.246488300246973324e+00
-5.400000000000000000e+01 -3.900000000000000000e+01 4.344715377933358269e+00
-5.400000000000000000e+01 -3.800000000000000000e+01 4.358872806445371673e+00
-5.400000000000000000e+01 -3.700000000000000000e+01 4.416297546213673542e+00
-5.400000000000000000e+01 -3.600000000000000000e+01 4.577344438814709982e+00
-5.400000000000000000e+01 -3.500000000000000000e+01 4.615712411204943244e+00
-5.400000000000000000e+01 -3.400000000000000000e+01 4.699992963185520622e+00
-5.400000000000000000e+01 -3.300000000000000000e+01 4.819449448750188658e+00
-5.400000000000000000e+01 -3.200000000000000000e+01 5.094573002108617743e+00
-5.400000000000000000e+01 -3.100000000000000000e+01 5.146543918678174734e+00
-5.400000000000000000e+01 -3.000000000000000000e+01 5.197138111917109171e+00
-5.400000000000000000e+01 -2.900000000000000000e+01 5.433297000646652108e+00
-5.400000000000000000e+01 -2.800000000000000000e+01 5.301526723443704014e+00
-5.400000000000000000e+01 -2.700000000000000000e+01 nan
-5.300000000000000000e+01 -5.400000000000000000e+01 4.810406814050993241e+00
-5.300000000000000000e+01 -5.300000000000000000e+01 4.695983575961424350e+00
-5.300000000000000000e+01 -5.200000000000000000e+01 4.343170020185866065e+00
-5.300000000000000000e+01 -5.100000000000000000e+01 3.919071699403485098e+00
-5.300000000000000000e+01 -5.000000000000000000e+01 4.080390155775712735e+00
-5.300000000000000000e+01 -4.900000000000000000e+01 4.258781641895546421e+00
-5.300000000000000000e+01 -4.800000000000000000e+01 4.478840749239581420e+00
-5.300000000000000000e+01 -4.700000000000000000e+01 4.434785080629382037e+00
-5.300000000000000000e+01 -4.600000000000000000e+01 4.268088036183121048e+00
-5.300000000000000000e+01 -4.500000000000000000e+01 4.208002988325200810e+00
-5.300000000000000000e+01 -4.400000000000000000e+01 4.185775345416431925e+00
-5.300000000000000000e+01 -4.300000000000000000e+01 4.114298309060488101e+00
-5.300000000000000000e+01 -4.200000000000000000e+01 4.165444510636097775e+00
-5.300000000000000000e+01 -4.100000000000000000e+01 4.178315063280209074e+00
-5.300000000000000000e+01 -4.000000000000000000e+01 4.248124962195098497e+00
-5.300000000000000000e+01 -3.900000000000000000e+01 4.345664680410517455e+00
-5.300000000000000000e+01 -3.800000000000000000e+01 4.359009831895823694e+00
-5.300000000000000000e+01 -3.700000000000000000e+01 4.416297546213673542e+00
-5.300000000000000000e+01 -3.600000000000000000e+01 4.577344438814709982e+00
-5.300000000000000000e+01 -3.500000000000000000e+01 4.615712411204943244e+00
-5.300000000000000000e+01 -3.400000000000000000e+01 4.699992963185520622e+00
-5.300000000000000000e+01 -3.300000000000000000e+01 4.819449448750188658e+00
-5.300000000000000000e+01 -3.200000000000000000e+01 5.094573002108617743e+00
-5.300000000000000000e+01 -3.100000000000000000e+01 5.146543918678174734e+00
-5.300000000000000000e+01 -3.000000000000000000e+01 5.197138111917109171e+00
-5.300000000000000000e+01 -2.900000000000000000e+01 5.433297000646652108e+00
-5.300000000000000000e+01 -2.800000000000000000e+01 5.301526723443704014e+00
-5.300000000000000000e+01 -2.700000000000000000e+01 nan
-5.200000000000000000e+01 -5.400000000000000000e+01 nan
-5.200000000000000000e+01 -5.300000000000000000e+01 nan
-5.200000000000000000e+01 -5.200000000000000000e+01 nan
-5.200000000000000000e+01 -5.100000000000000000e+01 nan
-5.200000000000000000e+01 -5.000000000000000000e+01 nan
-5.200000000000000000e+01 -4.900000000000000000e+01 nan
-5.200000000000000000e+01 -4.800000000000000000e+01 4.484718728399154308e+00
-5.200000000000000000e+01 -4.700000000000000000e+01 4.368440597969266648e+00
-5.200000000000000000e+01 -4.600000000000000000e+01 4.240856049630196800e+00
-5.200000000000000000e+01 -4.500000000000000000e+01 4.176503053356410256e+00
-5.200000000000000000e+01 -4.400000000000000000e+01 nan
-5.200000000000000000e+01 -4.300000000000000000e+01 4.175494958320814298e+00
-5.200000000000000000e+01 -4.200000000000000000e+01 4.206458506146059761e+00
-5.200000000000000000e+01 -4.100000000000000000e+01 4.263011900180867286e+00
-5.200000000000000000e+01 -4.000000000000000000e+01 4.279576218231026630e+00
-5.200000000000000000e+01 -3.900000000000000000e+01 nan
-5.200000000000000000e+01 -3.800000000000000000e+01 nan
-5.200000000000000000e+01 -3.700000000000000000e+01 nan
-5.200000000000000000e+01 -3.600000000000000000e+01 nan
-5.200000000000000000e+01 -3.500000000000000000e+01 nan
-5.200000000000000000e+01 -3.400000000000000000e+01 nan
-5.200000000000000000e+01 -3.300000000000000000e+01 nan
-5.200000000000000000e+01 -3.200000000000000000e+01 nan
-5.200000000000000000e+01 -3.100000000000000000e+01 nan
-5.200000000000000000e+01 -3.000000000000000000e+01 nan
-5.200000000000000000e+01 -2.900000000000000000e+01 nan
-5.200000000000000000e+01 -2.800000000000000000e+01 nan
-5.200000000000000000e+01 -2.700000000000000000e+01 nan
