Longitude[deg], Latitude[deg], Dust optical depth
-1.800000000000000000e+01 -4.400000000000000000e+01 8.537679499514425174e+00
-1.800000000000000000e+01 -4.300000000000000000e+01 7.858127254032162057e+00
-1.800000000000000000e+01 -4.200000000000000000e+01 7.164520897878704275e+00
-1.800000000000000000e+01 -4.100000000000000000e+01 6.758893788747164955e+00
-1.800000000000000000e+01 -4.000000000000000000e+01 6.684605006094793467e+00
-1.800000000000000000e+01 -3.900000000000000000e+01 6.657709976872085100e+00
-1.800000000000000000e+01 -3.800000000000000000e+01 6.324125345993494740e+00
-1.800000000000000000e+01 -3.700000000000000000e+01 6.032121683689305236e+00
-1.800000000000000000e+01 -3.600000000000000000e+01 6.030617758459962729e+00
-1.800000000000000000e+01 -3.500000000000000000e+01 5.754193967939762899e+00
-1.800000000000000000e+01 -3.400000000000000000e+01 5.419587165010837815e+00
-1.800000000000000000e+01 -3.300000000000000000e+01 5.376332501237894412e+00
-1.800000000000000000e+01 -3.200000000000000000e+01 5.453306883022343676e+00
-1.800000000000000000e+01 -3.100000000000000000e+01 5.577280030113906939e+00
-1.800000000000000000e+01 -3.000000000000000000e+01 5.886862513605708003e+00
-1.800000000000000000e+01 -2.900000000000000000e+01 5.654637966292627382e+00
-1.800000000000000000e+01 -2.800000000000000000e+01 5.228769045255750036e+00
-1.800000000000000000e+01 -2.700000000000000000e+01 4.898377481290634883e+00
-1.800000000000000000e+01 -2.600000000000000000e+01 4.599498535686256773e+00
-1.800000000000000000e+01 -2.500000000000000000e+01 4.578828428507866199e+00
-1.800000000000000000e+01 -2.400000000000000000e+01 4.579510006913779741e+00
-1.800000000000000000e+01 -2.300000000000000000e+01 4.521057928411480020e+00
-1.800000000000000000e+01 -2.200000000000000000e+01 4.040337001078334822e+00
-1.800000000000000000e+01 -2.100000000000000000e+01 3.906035385573958241e+00
-1.800000000000000000e+01 -2.000000000000000000e+01 4.106954838139536434e+00
-1.800000000000000000e+01 -1.900000000000000000e+01 4.202964990011199831e+00
-1.800000000000000000e+01 -1.800000000000000000e+01 4.310978970551611944e+00
-1.800000000000000000e+01 -1.700000000000000000e+01 nan
-1.700000000000000000e+01 -4.400000000000000000e+01 8.537679499514425174e+00
-1.700000000000000000e+01 -4.300000000000000000e+01 7.858127254032162057e+00
-1.700000000000000000e+01 -4.200000000000000000e+01 7.164520897878704275e+00
-1.700000000000000000e+01 -4.100000000000000000e+01 6.758173302368569502e+00
-1.700000000000000000e+01 -4.000000000000000000e+01 6.679840744886485382e+00
-1.700000000000000000e+01 -3.900000000000000000e+01 6.633670220908622461e+00
-1.700000000000000000e+01 -3.800000000000000000e+01 6.302775678357540379e+00
-1.700000000000000000e+01 -3.700000000000000000e+01 6.022941931553295269e+00
-1.700000000000000000e+01 -3.600000000000000000e+01 6.025606670960161892e+00
-1.700000000000000000e+01 -3.500000000000000000e+01 5.707197913050321425e+00
-1.700000000000000000e+01 -3.400000000000000000e+01 5.381030328193476819e+00
-1.700000000000000000e+01 -3.300000000000000000e+01 5.351421625058051745e+00
-1.700000000000000000e+01 -3.200000000000000000e+01 5.450402370333174318e+00
-1.700000000000000000e+01 -3.100000000000000000e+01 5.567646476257250399e+00
-1.700000000000000000e+01 -3.000000000000000000e+01 5.903414411840842924e+00
-1.700000000000000000e+01 -2.900000000000000000e+01 5.887882483292839808e+00
-1.700000000000000000e+01 -2.800000000000000000e+01 5.260074748252006493e+00
-1.700000000000000000e+01 -2.700000000000000000e+01 4.935477814375161643e+00
-1.700000000000000000e+01 -2.600000000000000000e+01 4.841817944225977222e+00
-1.700000000000000000e+01 -2.500000000000000000e+01 4.594338263411221313e+00
-1.700000000000000000e+01 -2.400000000000000000e+01 4.576542935841327875e+00
-1.700000000000000000e+01 -2.300000000000000000e+01 4.567105263967882856e+00
-1.700000000000000000e+01 -2.200000000000000000e+01 4.159702445115703640e+00
-1.700000000000000000e+01 -2.100000000000000000e+01 3.985793893927312759e+00
-1.700000000000000000e+01 -2.000000000000000000e+01 4.096736398913108701e+00
-1.700000000000000000e+01 -1.900000000000000000e+01 4.166347020748880858e+00
-1.700000000000000000e+01 -1.800000000000000000e+01 4.295322743189320391e+00
-1.700000000000000000e+01 -1.700000000000000000e+01 nan
-1.600000000000000000e+01 -4.400000000000000000e+01 nan
-1.600000000000000000e+01 -4.300000000000000000e+01 nan
-1.600000000000000000e+01 -4.200000000000000000e+01 nan
-1.600000000000000000e+01 -4.100000000000000000e+01 nan
-1.600000000000000000e+01 -4.000000000000000000e+01 6.585288634397260310e+00
-1.600000000000000000e+01 -3.900000000000000000e+01 6.330335382375953834e+00
-1.600000000000000000e+01 -3.800000000000000000e+01 6.073734598566787213e+00
-1.600000000000000000e+01 -3.700000000000000000e+01 5.997929019151632346e+00
-1.600000000000000000e+01 -3.600000000000000000e+01 6.015229113694682717e+00
-1.600000000000000000e+01 -3.500000000000000000e+01 5.639114536059022242e+00
-1.600000000000000000e+01 -3.400000000000000000e+01 5.337996758680302101e+00
-1.600000000000000000e+01 -3.300000000000000000e+01 5.334974866954761197e+00
-1.600000000000000000e+01 -3.200000000000000000e+01 5.446187151619230171e+00
-1.600000000000000000e+01 -3.100000000000000000e+01 5.556499771288206269e+00
-1.600000000000000000e+01 -3.000000000000000000e+01 5.915081153840705319e+00
-1.600000000000000000e+01 -2.900000000000000000e+01 5.952316137351831848e+00
-1.600000000000000000e+01 -2.800000000000000000e+01 5.522735977655808703e+00
-1.600000000000000000e+01 -2.700000000000000000e+01 5.196841602369913105e+00
-1.600000000000000000e+01 -2.600000000000000000e+01 4.906317618896411936e+00
-1.600000000000000000e+01 -2.500000000000000000e+01 4.620585453452131119e+00
-1.600000000000000000e+01 -2.400000000000000000e+01 4.573707739302035336e+00
-1.600000000000000000e+01 -2.300000000000000000e+01 4.733438408424151866e+00
-1.600000000000000000e+01 -2.200000000000000000e+01 4.411258712548512761e+00
-1.600000000000000000e+01 -2.100000000000000000e+01 4.057260579541870804e+00
-1.600000000000000000e+01 -2.000000000000000000e+01 4.066497502299417199e+00
-1.600000000000000000e+01 -1.900000000000000000e+01 4.082011670701557016e+00
-1.600000000000000000e+01 -1.800000000000000000e+01 4.249284027954828957e+00
-1.600000000000000000e+01 -1.700000000000000000e+01 nan
