Longitude[deg], Latitude[deg], Dust optical depth
1.770000000000000000e+02 -4.500000000000000000e+01 3.647805581923972529e+00
1.770000000000000000e+02 -4.400000000000000000e+01 3.702529181807813874e+00
1.770000000000000000e+02 -4.300000000000000000e+01 3.700759122545013380e+00
1.770000000000000000e+02 -4.200000000000000000e+01 nan
1.770000000000000000e+02 -4.100000000000000000e+01 nan
1.770000000000000000e+02 -4.000000000000000000e+01 nan
1.770000000000000000e+02 -3.900000000000000000e+01 nan
1.770000000000000000e+02 -3.800000000000000000e+01 nan
1.770000000000000000e+02 -3.700000000000000000e+01 nan
1.770000000000000000e+02 -3.600000000000000000e+01 nan
1.770000000000000000e+02 -3.500000000000000000e+01 nan
1.770000000000000000e+02 -3.400000000000000000e+01 nan
1.770000000000000000e+02 -3.300000000000000000e+01 nan
1.770000000000000000e+02 -3.200000000000000000e+01 nan
1.770000000000000000e+02 -3.100000000000000000e+01 nan
1.770000000000000000e+02 -3.000000000000000000e+01 nan
1.770000000000000000e+02 -2.900000000000000000e+01 nan
1.770000000000000000e+02 -2.800000000000000000e+01 nan
1.770000000000000000e+02 -2.700000000000000000e+01 nan
1.770000000000000000e+02 -2.600000000000000000e+01 nan
1.770000000000000000e+02 -2.500000000000000000e+01 nan
1.770000000000000000e+02 -2.400000000000000000e+01 nan
1.770000000000000000e+02 -2.300000000000000000e+01 nan
1.770000000000000000e+02 -2.200000000000000000e+01 nan
1.770000000000000000e+02 -2.100000000000000000e+01 nan
1.770000000000000000e+02 -2.000000000000000000e+01 nan
1.770000000000000000e+02 -1.900000000000000000e+01 nan
1.770000000000000000e+02 -1.800000000000000000e+01 nan
1.780000000000000000e+02 -4.500000000000000000e+01 3.719982699086703981e+00
1.780000000000000000e+02 -4.400000000000000000e+01 3.761578414230324796e+00
1.780000000000000000e+02 -4.300000000000000000e+01 4.045453867427865724e+00
1.780000000000000000e+02 -4.200000000000000000e+01 4.162564747127587061e+00
1.780000000000000000e+02 -4.100000000000000000e+01 4.214525819357965553e+00
1.780000000000000000e+02 -4.000000000000000000e+01 4.533381790762209818e+00
1.780000000000000000e+02 -3.900000000000000000e+01 4.738376933071887009e+00
1.780000000000000000e+02 -3.800000000000000000e+01 4.522549904374463914e+00
1.780000000000000000e+02 -3.700000000000000000e+01 4.242535084347180074e+00
1.780000000000000000e+02 -3.600000000000000000e+01 4.184743600118185469e+00
1.780000000000000000e+02 -3.500000000000000000e+01 4.263027812141340966e+00
1.780000000000000000e+02 -3.400000000000000000e+01 4.308920371278619044e+00
1.780000000000000000e+02 -3.300000000000000000e+01 4.217132274321914842e+00
1.780000000000000000e+02 -3.200000000000000000e+01 4.008321710321472331e+00
1.780000000000000000e+02 -3.100000000000000000e+01 3.922456451269608735e+00
1.780000000000000000e+02 -3.000000000000000000e+01 3.869629739542126412e+00
1.780000000000000000e+02 -2.900000000000000000e+01 3.740049241872387853e+00
1.780000000000000000e+02 -2.800000000000000000e+01 3.704698539202071927e+00
1.780000000000000000e+02 -2.700000000000000000e+01 3.718941765232804286e+00
1.780000000000000000e+02 -2.600000000000000000e+01 3.660061210949447474e+00
1.780000000000000000e+02 -2.500000000000000000e+01 3.467438824660608265e+00
1.780000000000000000e+02 -2.400000000000000000e+01 3.415829307966784079e+00
1.780000000000000000e+02 -2.300000000000000000e+01 3.350262507282673496e+00
1.780000000000000000e+02 -2.200000000000000000e+01 3.068327994189860686e+00
1.780000000000000000e+02 -2.100000000000000000e+01 3.041650619329808514e+00
1.780000000000000000e+02 -2.000000000000000000e+01 2.967149520851431355e+00
1.780000000000000000e+02 -1.900000000000000000e+01 2.681963090483634016e+00
1.780000000000000000e+02 -1.800000000000000000e+01 nan
1.790000000000000000e+02 -4.500000000000000000e+01 3.742254873562785633e+00
1.790000000000000000e+02 -4.400000000000000000e+01 3.782109334690830771e+00
1.790000000000000000e+02 -4.300000000000000000e+01 4.054680499292438789e+00
1.790000000000000000e+02 -4.200000000000000000e+01 4.163913308991482154e+00
1.790000000000000000e+02 -4.100000000000000000e+01 4.214525819357965553e+00
1.790000000000000000e+02 -4.000000000000000000e+01 4.533381790762209818e+00
1.790000000000000000e+02 -3.900000000000000000e+01 4.738376933071887009e+00
1.790000000000000000e+02 -3.800000000000000000e+01 4.522549904374463914e+00
1.790000000000000000e+02 -3.700000000000000000e+01 4.242535084347180074e+00
1.790000000000000000e+02 -3.600000000000000000e+01 4.184743600118185469e+00
1.790000000000000000e+02 -3.500000000000000000e+01 4.263027812141340966e+00
1.790000000000000000e+02 -3.400000000000000000e+01 4.308920371278619044e+00
1.790000000000000000e+02 -3.300000000000000000e+01 4.217132274321914842e+00
1.790000000000000000e+02 -3.200000000000000000e+01 4.008321710321472331e+00
1.790000000000000000e+02 -3.100000000000000000e+01 3.922456451269608735e+00
1.790000000000000000e+02 -3.000000000000000000e+01 3.869629739542126412e+00
1.790000000000000000e+02 -2.900000000000000000e+01 3.740049241872387853e+00
1.790000000000000000e+02 -2.800000000000000000e+01 3.704698539202071927e+00
1.790000000000000000e+02 -2.700000000000000000e+01 3.718941765232804286e+00
1.790000000000000000e+02 -2.600000000000000000e+01 3.660061210949447474e+00
1.790000000000000000e+02 -2.500000000000000000e+01 3.467438824660608265e+00
1.790000000000000000e+02 -2.400000000000000000e+01 3.415829307966784079e+00
1.790000000000000000e+02 -2.300000000000000000e+01 3.350262507282673496e+00
1.790000000000000000e+02 -2.200000000000000000e+01 3.068327994189860686e+00
1.790000000000000000e+02 -2.100000000000000000e+01 3.041650619329808514e+00
1.790000000000000000e+02 -2.000000000000000000e+01 2.967149520851431355e+00
1.790000000000000000e+02 -1.900000000000000000e+01 2.681963090483634016e+00
1.790000000000000000e+02 -1.800000000000000000e+01 nan
