Longitude[deg], Latitude[deg], Dust optical depth
-1.800000000000000000e+02 -1.100000000000000000e+01 nan
-1.800000000000000000e+02 -1.000000000000000000e+01 nan
-1.800000000000000000e+02 -9.000000000000000000e+00 nan
-1.800000000000000000e+02 -8.000000000000000000e+00 nan
-1.800000000000000000e+02 -7.000000000000000000e+00 nan
-1.800000000000000000e+02 -6.000000000000000000e+00 nan
-1.800000000000000000e+02 -5.000000000000000000e+00 nan
-1.800000000000000000e+02 -4.000000000000000000e+00 5.697192915303279648e-01
-1.800000000000000000e+02 -3.000000000000000000e+00 5.051951431601525710e-01
-1.800000000000000000e+02 -2.000000000000000000e+00 3.642312107872630045e-01
-1.800000000000000000e+02 -1.000000000000000000e+00 3.848867646364614870e-01
-1.800000000000000000e+02 0.000000000000000000e+00 4.016465096954429659e-01
-1.800000000000000000e+02 1.000000000000000000e+00 3.749609458078294599e-01
-1.800000000000000000e+02 2.000000000000000000e+00 3.159856645890245508e-01
-1.800000000000000000e+02 3.000000000000000000e+00 5.809032954197724807e-01
-1.800000000000000000e+02 4.000000000000000000e+00 7.591053814452730641e-01
-1.800000000000000000e+02 5.000000000000000000e+00 nan
-1.790000000000000000e+02 -1.100000000000000000e+01 1.082047049660039173e+00
-1.790000000000000000e+02 -1.000000000000000000e+01 1.337390963464038851e+00
-1.790000000000000000e+02 -9.000000000000000000e+00 1.393018595278866290e+00
-1.790000000000000000e+02 -8.000000000000000000e+00 1.195771003982266212e+00
-1.790000000000000000e+02 -7.000000000000000000e+00 7.942684337756443780e-01
-1.790000000000000000e+02 -6.000000000000000000e+00 4.044610709252959291e-01
-1.790000000000000000e+02 -5.000000000000000000e+00 7.171222668566773484e-01
-1.790000000000000000e+02 -4.000000000000000000e+00 6.265488947194510772e-01
-1.790000000000000000e+02 -3.000000000000000000e+00 5.260910297721035356e-01
-1.790000000000000000e+02 -2.000000000000000000e+00 3.859852860843352440e-01
-1.790000000000000000e+02 -1.000000000000000000e+00 3.908072896855573908e-01
-1.790000000000000000e+02 0.000000000000000000e+00 5.788865286578559477e-01
-1.790000000000000000e+02 1.000000000000000000e+00 5.714066554075778459e-01
-1.790000000000000000e+02 2.000000000000000000e+00 4.757425532379266353e-01
-1.790000000000000000e+02 3.000000000000000000e+00 6.934855752280048025e-01
-1.790000000000000000e+02 4.000000000000000000e+00 7.618285067308065983e-01
-1.790000000000000000e+02 5.000000000000000000e+00 7.313379834484936559e-01
-1.780000000000000000e+02 -1.100000000000000000e+01 9.550123797111862434e-01
-1.780000000000000000e+02 -1.000000000000000000e+01 1.261086920836489433e+00
-1.780000000000000000e+02 -9.000000000000000000e+00 1.394485749766047666e+00
-1.780000000000000000e+02 -8.000000000000000000e+00 1.207689193161721741e+00
-1.780000000000000000e+02 -7.000000000000000000e+00 8.070559882680273800e-01
-1.780000000000000000e+02 -6.000000000000000000e+00 4.257239364520999381e-01
-1.780000000000000000e+02 -5.000000000000000000e+00 7.054418822794270572e-01
-1.780000000000000000e+02 -4.000000000000000000e+00 6.321810110687329232e-01
-1.780000000000000000e+02 -3.000000000000000000e+00 5.322295372047696205e-01
-1.780000000000000000e+02 -2.000000000000000000e+00 3.960762675174669956e-01
-1.780000000000000000e+02 -1.000000000000000000e+00 3.946102908346263982e-01
-1.780000000000000000e+02 0.000000000000000000e+00 5.915741980773969733e-01
-1.780000000000000000e+02 1.000000000000000000e+00 5.775791620948381722e-01
-1.780000000000000000e+02 2.000000000000000000e+00 5.045789117939508683e-01
-1.780000000000000000e+02 3.000000000000000000e+00 7.117328990718040371e-01
-1.780000000000000000e+02 4.000000000000000000e+00 7.662857380699481524e-01
-1.780000000000000000e+02 5.000000000000000000e+00 7.356571368673122668e-01
-1.770000000000000000e+02 -1.100000000000000000e+01 8.741181586067819920e-01
-1.770000000000000000e+02 -1.000000000000000000e+01 1.112111394671059683e+00
-1.770000000000000000e+02 -9.000000000000000000e+00 1.400904682714937621e+00
-1.770000000000000000e+02 -8.000000000000000000e+00 1.243094794775514655e+00
-1.770000000000000000e+02 -7.000000000000000000e+00 8.414561920913994353e-01
-1.770000000000000000e+02 -6.000000000000000000e+00 4.597370311008954769e-01
-1.770000000000000000e+02 -5.000000000000000000e+00 6.376033569677809210e-01
-1.770000000000000000e+02 -4.000000000000000000e+00 6.371613987168444071e-01
-1.770000000000000000e+02 -3.000000000000000000e+00 5.498384099676281167e-01
-1.770000000000000000e+02 -2.000000000000000000e+00 4.083621243109049614e-01
-1.770000000000000000e+02 -1.000000000000000000e+00 3.965728543128799188e-01
-1.770000000000000000e+02 0.000000000000000000e+00 4.302165505713763660e-01
-1.770000000000000000e+02 1.000000000000000000e+00 5.883300482509488116e-01
-1.770000000000000000e+02 2.000000000000000000e+00 4.928578779616972216e-01
-1.770000000000000000e+02 3.000000000000000000e+00 6.702547645183183356e-01
-1.770000000000000000e+02 4.000000000000000000e+00 7.817992767732391268e-01
-1.770000000000000000e+02 5.000000000000000000e+00 nan
