Longitude[deg], Latitude[deg], Dust optical depth
-4.800000000000000000e+01 -1.000000000000000000e+01 nan
-4.800000000000000000e+01 -9.000000000000000000e+00 1.289473719817990638e+00
-4.800000000000000000e+01 -8.000000000000000000e+00 1.066339585054381534e+00
-4.800000000000000000e+01 -7.000000000000000000e+00 1.077268353303917570e+00
-4.800000000000000000e+01 -6.000000000000000000e+00 1.326053742296803506e+00
-4.800000000000000000e+01 -5.000000000000000000e+00 1.398147728864494344e+00
-4.800000000000000000e+01 -4.000000000000000000e+00 1.194727040251976735e+00
-4.800000000000000000e+01 -3.000000000000000000e+00 1.241950052061405740e+00
-4.800000000000000000e+01 -2.000000000000000000e+00 1.421912544947543378e+00
-4.800000000000000000e+01 -1.000000000000000000e+00 1.373188611595564934e+00
-4.800000000000000000e+01 0.000000000000000000e+00 1.139414479320549844e+00
-4.800000000000000000e+01 1.000000000000000000e+00 1.413470603190845054e+00
-4.800000000000000000e+01 2.000000000000000000e+00 1.406796230494208322e+00
-4.800000000000000000e+01 3.000000000000000000e+00 1.264438184906518714e+00
-4.800000000000000000e+01 4.000000000000000000e+00 1.187130717328017671e+00
-4.800000000000000000e+01 5.000000000000000000e+00 1.189694948358111848e+00
-4.800000000000000000e+01 6.000000000000000000e+00 nan
-4.700000000000000000e+01 -1.000000000000000000e+01 1.420597106722076619e+00
-4.700000000000000000e+01 -9.000000000000000000e+00 1.360116836674935659e+00
-4.700000000000000000e+01 -8.000000000000000000e+00 1.330187892161950991e+00
-4.700000000000000000e+01 -7.000000000000000000e+00 1.305554277018442955e+00
-4.700000000000000000e+01 -6.000000000000000000e+00 1.323087432251905282e+00
-4.700000000000000000e+01 -5.000000000000000000e+00 1.324913557951127085e+00
-4.700000000000000000e+01 -4.000000000000000000e+00 1.184744372326420381e+00
-4.700000000000000000e+01 -3.000000000000000000e+00 1.231017735325712348e+00
-4.700000000000000000e+01 -2.000000000000000000e+00 1.410548886829007920e+00
-4.700000000000000000e+01 -1.000000000000000000e+00 1.339653791949587225e+00
-4.700000000000000000e+01 0.000000000000000000e+00 1.166895168843728126e+00
-4.700000000000000000e+01 1.000000000000000000e+00 1.423526928202155206e+00
-4.700000000000000000e+01 2.000000000000000000e+00 1.417122277547383735e+00
-4.700000000000000000e+01 3.000000000000000000e+00 1.230008036309543806e+00
-4.700000000000000000e+01 4.000000000000000000e+00 1.186772627552795445e+00
-4.700000000000000000e+01 5.000000000000000000e+00 1.201977331117790593e+00
-4.700000000000000000e+01 6.000000000000000000e+00 1.124661277208865107e+00
-4.600000000000000000e+01 -1.000000000000000000e+01 1.434709177215841791e+00
-4.600000000000000000e+01 -9.000000000000000000e+00 1.365449279043664310e+00
-4.600000000000000000e+01 -8.000000000000000000e+00 1.337874632195293234e+00
-4.600000000000000000e+01 -7.000000000000000000e+00 1.311378651222822933e+00
-4.600000000000000000e+01 -6.000000000000000000e+00 1.316430999364127441e+00
-4.600000000000000000e+01 -5.000000000000000000e+00 1.310875625608239892e+00
-4.600000000000000000e+01 -4.000000000000000000e+00 1.191052263907973030e+00
-4.600000000000000000e+01 -3.000000000000000000e+00 1.223952597199876147e+00
-4.600000000000000000e+01 -2.000000000000000000e+00 1.397143524110431523e+00
-4.600000000000000000e+01 -1.000000000000000000e+00 1.328990490407202518e+00
-4.600000000000000000e+01 0.000000000000000000e+00 1.213277988562168286e+00
-4.600000000000000000e+01 1.000000000000000000e+00 1.431377668720555274e+00
-4.600000000000000000e+01 2.000000000000000000e+00 1.422673381634393275e+00
-4.600000000000000000e+01 3.000000000000000000e+00 1.220722038949678456e+00
-4.600000000000000000e+01 4.000000000000000000e+00 1.186479690078647620e+00
-4.600000000000000000e+01 5.000000000000000000e+00 1.209524074795902404e+00
-4.600000000000000000e+01 6.000000000000000000e+00 1.435613387995479329e+00
-4.500000000000000000e+01 -1.000000000000000000e+01 1.537301806459527187e+00
-4.500000000000000000e+01 -9.000000000000000000e+00 1.359136622225971314e+00
-4.500000000000000000e+01 -8.000000000000000000e+00 1.360650001466033654e+00
-4.500000000000000000e+01 -7.000000000000000000e+00 1.296475872972101762e+00
-4.500000000000000000e+01 -6.000000000000000000e+00 1.273449803218528187e+00
-4.500000000000000000e+01 -5.000000000000000000e+00 1.297880079980037404e+00
-4.500000000000000000e+01 -4.000000000000000000e+00 1.227308271641704529e+00
-4.500000000000000000e+01 -3.000000000000000000e+00 1.191982689927015393e+00
-4.500000000000000000e+01 -2.000000000000000000e+00 1.292902959334449431e+00
-4.500000000000000000e+01 -1.000000000000000000e+00 1.241851128065723175e+00
-4.500000000000000000e+01 0.000000000000000000e+00 1.148221793168409999e+00
-4.500000000000000000e+01 1.000000000000000000e+00 nan
-4.500000000000000000e+01 2.000000000000000000e+00 nan
-4.500000000000000000e+01 3.000000000000000000e+00 nan
-4.500000000000000000e+01 4.000000000000000000e+00 nan
-4.500000000000000000e+01 5.000000000000000000e+00 nan
-4.500000000000000000e+01 6.000000000000000000e+00 nan
