Longitude[deg], Latitude[deg], Dust optical depth
7.500000000000000000e+01 -2.600000000000000000e+01 nan
7.500000000000000000e+01 -2.500000000000000000e+01 nan
7.500000000000000000e+01 -2.400000000000000000e+01 nan
7.500000000000000000e+01 -2.300000000000000000e+01 nan
7.500000000000000000e+01 -2.200000000000000000e+01 nan
7.500000000000000000e+01 -2.100000000000000000e+01 nan
7.500000000000000000e+01 -2.000000000000000000e+01 nan
7.500000000000000000e+01 -1.900000000000000000e+01 nan
7.500000000000000000e+01 -1.800000000000000000e+01 nan
7.500000000000000000e+01 -1.700000000000000000e+01 7.436896387178614454e+00
7.500000000000000000e+01 -1.600000000000000000e+01 7.270470368795263205e+00
7.500000000000000000e+01 -1.500000000000000000e+01 7.307466776563483535e+00
7.500000000000000000e+01 -1.400000000000000000e+01 7.235046330070437293e+00
7.500000000000000000e+01 -1.300000000000000000e+01 7.061298011666590213e+00
7.500000000000000000e+01 -1.200000000000000000e+01 6.918095556696901127e+00
7.500000000000000000e+01 -1.100000000000000000e+01 6.846100744902336999e+00
7.500000000000000000e+01 -1.000000000000000000e+01 nan
7.600000000000000000e+01 -2.600000000000000000e+01 8.555244096588403124e+00
7.600000000000000000e+01 -2.500000000000000000e+01 8.833543383424537154e+00
7.600000000000000000e+01 -2.400000000000000000e+01 8.962914743918611649e+00
7.600000000000000000e+01 -2.300000000000000000e+01 8.766779850331381851e+00
7.600000000000000000e+01 -2.200000000000000000e+01 8.460810481183415277e+00
7.600000000000000000e+01 -2.100000000000000000e+01 8.138499157158541664e+00
7.600000000000000000e+01 -2.000000000000000000e+01 7.829597788756582410e+00
7.600000000000000000e+01 -1.900000000000000000e+01 7.534029347385659214e+00
7.600000000000000000e+01 -1.800000000000000000e+01 7.420586732346690084e+00
7.600000000000000000e+01 -1.700000000000000000e+01 7.413243694884910084e+00
7.600000000000000000e+01 -1.600000000000000000e+01 7.284546892516003957e+00
7.600000000000000000e+01 -1.500000000000000000e+01 7.262548114564275181e+00
7.600000000000000000e+01 -1.400000000000000000e+01 7.200415327464601667e+00
7.600000000000000000e+01 -1.300000000000000000e+01 7.055953242365508693e+00
7.600000000000000000e+01 -1.200000000000000000e+01 6.891927389675839954e+00
7.600000000000000000e+01 -1.100000000000000000e+01 6.826333059601708442e+00
7.600000000000000000e+01 -1.000000000000000000e+01 nan
7.700000000000000000e+01 -2.600000000000000000e+01 8.488893283023170255e+00
7.700000000000000000e+01 -2.500000000000000000e+01 8.804152897456237525e+00
7.700000000000000000e+01 -2.400000000000000000e+01 8.972938880086481106e+00
7.700000000000000000e+01 -2.300000000000000000e+01 8.758854111171437751e+00
7.700000000000000000e+01 -2.200000000000000000e+01 8.397157419943990675e+00
7.700000000000000000e+01 -2.100000000000000000e+01 8.079142810994808244e+00
7.700000000000000000e+01 -2.000000000000000000e+01 7.797808234314353548e+00
7.700000000000000000e+01 -1.900000000000000000e+01 7.513444566636128918e+00
7.700000000000000000e+01 -1.800000000000000000e+01 7.395861569813923175e+00
7.700000000000000000e+01 -1.700000000000000000e+01 7.380295731304459927e+00
7.700000000000000000e+01 -1.600000000000000000e+01 7.284288231127431956e+00
7.700000000000000000e+01 -1.500000000000000000e+01 7.258897263958962398e+00
7.700000000000000000e+01 -1.400000000000000000e+01 7.174847748598220498e+00
7.700000000000000000e+01 -1.300000000000000000e+01 7.050914705334627719e+00
7.700000000000000000e+01 -1.200000000000000000e+01 6.856525466499650001e+00
7.700000000000000000e+01 -1.100000000000000000e+01 6.774056302535344187e+00
7.700000000000000000e+01 -1.000000000000000000e+01 nan
7.800000000000000000e+01 -2.600000000000000000e+01 8.442912764109639312e+00
7.800000000000000000e+01 -2.500000000000000000e+01 8.766751968505166914e+00
7.800000000000000000e+01 -2.400000000000000000e+01 8.987271858569704008e+00
7.800000000000000000e+01 -2.300000000000000000e+01 8.745160498442325903e+00
7.800000000000000000e+01 -2.200000000000000000e+01 8.329887416305824743e+00
7.800000000000000000e+01 -2.100000000000000000e+01 8.010318950616492018e+00
7.800000000000000000e+01 -2.000000000000000000e+01 7.759720480880083926e+00
7.800000000000000000e+01 -1.900000000000000000e+01 7.483930891300930810e+00
7.800000000000000000e+01 -1.800000000000000000e+01 7.377008395128359375e+00
7.800000000000000000e+01 -1.700000000000000000e+01 7.343606170974785741e+00
7.800000000000000000e+01 -1.600000000000000000e+01 7.283040666227855731e+00
7.800000000000000000e+01 -1.500000000000000000e+01 7.249830622601582064e+00
7.800000000000000000e+01 -1.400000000000000000e+01 7.145005751453260778e+00
7.800000000000000000e+01 -1.300000000000000000e+01 7.041241325934281647e+00
7.800000000000000000e+01 -1.200000000000000000e+01 6.778879912410722852e+00
7.800000000000000000e+01 -1.100000000000000000e+01 6.649829691298388745e+00
7.800000000000000000e+01 -1.000000000000000000e+01 nan
