Longitude[deg], Latitude[deg], Dust optical depth
1.120000000000000000e+02 -4.500000000000000000e+01 2.346432448849338215e+00
1.120000000000000000e+02 -4.400000000000000000e+01 2.355128024012454357e+00
1.120000000000000000e+02 -4.300000000000000000e+01 2.364324233461263969e+00
1.120000000000000000e+02 -4.200000000000000000e+01 2.278742865949446639e+00
1.120000000000000000e+02 -4.100000000000000000e+01 2.167739243339965149e+00
1.120000000000000000e+02 -4.000000000000000000e+01 2.328866560258815888e+00
1.120000000000000000e+02 -3.900000000000000000e+01 2.717702614770062031e+00
1.120000000000000000e+02 -3.800000000000000000e+01 3.334647625217728617e+00
1.120000000000000000e+02 -3.700000000000000000e+01 3.691153561134082217e+00
1.120000000000000000e+02 -3.600000000000000000e+01 4.383303709942098614e+00
1.120000000000000000e+02 -3.500000000000000000e+01 4.936051364645784645e+00
1.120000000000000000e+02 -3.400000000000000000e+01 3.889635249880275314e+00
1.120000000000000000e+02 -3.300000000000000000e+01 2.462238898660946695e+00
1.120000000000000000e+02 -3.200000000000000000e+01 2.161320899559991293e+00
1.120000000000000000e+02 -3.100000000000000000e+01 2.406426753891095949e+00
1.120000000000000000e+02 -3.000000000000000000e+01 2.408933919410351177e+00
1.120000000000000000e+02 -2.900000000000000000e+01 2.342780252838951416e+00
1.120000000000000000e+02 -2.800000000000000000e+01 2.393162674800136891e+00
1.120000000000000000e+02 -2.700000000000000000e+01 2.408494014488911983e+00
1.120000000000000000e+02 -2.600000000000000000e+01 2.315177729210986080e+00
1.120000000000000000e+02 -2.500000000000000000e+01 2.425888541441198143e+00
1.120000000000000000e+02 -2.400000000000000000e+01 2.346420371304857255e+00
1.120000000000000000e+02 -2.300000000000000000e+01 2.176546544508578762e+00
1.120000000000000000e+02 -2.200000000000000000e+01 2.141876522888471968e+00
1.120000000000000000e+02 -2.100000000000000000e+01 2.120842633266811106e+00
1.120000000000000000e+02 -2.000000000000000000e+01 1.973888049652493093e+00
1.120000000000000000e+02 -1.900000000000000000e+01 1.943577079730840484e+00
1.120000000000000000e+02 -1.800000000000000000e+01 nan
1.130000000000000000e+02 -4.500000000000000000e+01 2.346432448849338215e+00
1.130000000000000000e+02 -4.400000000000000000e+01 2.355128024012454357e+00
1.130000000000000000e+02 -4.300000000000000000e+01 2.364324233461263969e+00
1.130000000000000000e+02 -4.200000000000000000e+01 2.276816860483245275e+00
1.130000000000000000e+02 -4.100000000000000000e+01 2.169064666639501038e+00
1.130000000000000000e+02 -4.000000000000000000e+01 2.351499215086085837e+00
1.130000000000000000e+02 -3.900000000000000000e+01 2.742972191766728685e+00
1.130000000000000000e+02 -3.800000000000000000e+01 3.389778401276285713e+00
1.130000000000000000e+02 -3.700000000000000000e+01 3.729953560089996234e+00
1.130000000000000000e+02 -3.600000000000000000e+01 4.531305148798618454e+00
1.130000000000000000e+02 -3.500000000000000000e+01 4.885109925173042988e+00
1.130000000000000000e+02 -3.400000000000000000e+01 3.501759332315674822e+00
1.130000000000000000e+02 -3.300000000000000000e+01 2.452664985030233336e+00
1.130000000000000000e+02 -3.200000000000000000e+01 2.395708146522897763e+00
1.130000000000000000e+02 -3.100000000000000000e+01 2.407680897312174828e+00
1.130000000000000000e+02 -3.000000000000000000e+01 2.402693843119028116e+00
1.130000000000000000e+02 -2.900000000000000000e+01 2.344413017356237638e+00
1.130000000000000000e+02 -2.800000000000000000e+01 2.380881590671435788e+00
1.130000000000000000e+02 -2.700000000000000000e+01 2.388289466276075856e+00
1.130000000000000000e+02 -2.600000000000000000e+01 2.257726363721438201e+00
1.130000000000000000e+02 -2.500000000000000000e+01 2.390917465864059732e+00
1.130000000000000000e+02 -2.400000000000000000e+01 2.346564464989771448e+00
1.130000000000000000e+02 -2.300000000000000000e+01 2.207206721086617751e+00
1.130000000000000000e+02 -2.200000000000000000e+01 2.129924431940288798e+00
1.130000000000000000e+02 -2.100000000000000000e+01 2.096110509466757144e+00
1.130000000000000000e+02 -2.000000000000000000e+01 1.923259748922812484e+00
1.130000000000000000e+02 -1.900000000000000000e+01 1.920111801636962712e+00
1.130000000000000000e+02 -1.800000000000000000e+01 nan
1.140000000000000000e+02 -4.500000000000000000e+01 nan
1.140000000000000000e+02 -4.400000000000000000e+01 nan
1.140000000000000000e+02 -4.300000000000000000e+01 nan
1.140000000000000000e+02 -4.200000000000000000e+01 nan
1.140000000000000000e+02 -4.100000000000000000e+01 2.353605549924999707e+00
1.140000000000000000e+02 -4.000000000000000000e+01 2.452102971936043652e+00
1.140000000000000000e+02 -3.900000000000000000e+01 2.929373394039274103e+00
1.140000000000000000e+02 -3.800000000000000000e+01 3.707945085551088482e+00
1.140000000000000000e+02 -3.700000000000000000e+01 4.019604294519579568e+00
1.140000000000000000e+02 -3.600000000000000000e+01 4.566844378254078407e+00
1.140000000000000000e+02 -3.500000000000000000e+01 4.587580821703545197e+00
1.140000000000000000e+02 -3.400000000000000000e+01 3.171429505061751364e+00
1.140000000000000000e+02 -3.300000000000000000e+01 2.448754018290813406e+00
1.140000000000000000e+02 -3.200000000000000000e+01 2.406674664554754539e+00
1.140000000000000000e+02 -3.100000000000000000e+01 2.408843857058819538e+00
1.140000000000000000e+02 -3.000000000000000000e+01 2.398467986768827220e+00
1.140000000000000000e+02 -2.900000000000000000e+01 2.352392954776760359e+00
1.140000000000000000e+02 -2.800000000000000000e+01 2.374048286763410509e+00
1.140000000000000000e+02 -2.700000000000000000e+01 2.373097907407905272e+00
1.140000000000000000e+02 -2.600000000000000000e+01 2.219554399175463821e+00
1.140000000000000000e+02 -2.500000000000000000e+01 2.368280672559974764e+00
1.140000000000000000e+02 -2.400000000000000000e+01 2.347285815015393684e+00
1.140000000000000000e+02 -2.300000000000000000e+01 2.215117697561778343e+00
1.140000000000000000e+02 -2.200000000000000000e+01 2.126268346072019533e+00
1.140000000000000000e+02 -2.100000000000000000e+01 2.086049840370846287e+00
1.140000000000000000e+02 -2.000000000000000000e+01 1.879840290605457875e+00
1.140000000000000000e+02 -1.900000000000000000e+01 1.895959743257567220e+00
1.140000000000000000e+02 -1.800000000000000000e+01 nan
