Longitude[deg], Latitude[deg], Dust optical depth
-1.550000000000000000e+02 -5.400000000000000000e+01 5.338535015710299980e+00
-1.550000000000000000e+02 -5.300000000000000000e+01 5.567765772134855240e+00
-1.550000000000000000e+02 -5.200000000000000000e+01 5.523101448185160578e+00
-1.550000000000000000e+02 -5.100000000000000000e+01 5.461556243133526500e+00
-1.550000000000000000e+02 -5.000000000000000000e+01 5.378449791297301275e+00
-1.550000000000000000e+02 -4.900000000000000000e+01 5.314792802234729052e+00
-1.550000000000000000e+02 -4.800000000000000000e+01 5.028714879332977006e+00
-1.550000000000000000e+02 -4.700000000000000000e+01 4.939934579338468801e+00
-1.550000000000000000e+02 -4.600000000000000000e+01 4.930513472429955080e+00
-1.550000000000000000e+02 -4.500000000000000000e+01 5.144305899465642540e+00
-1.550000000000000000e+02 -4.400000000000000000e+01 5.176034024884128115e+00
-1.550000000000000000e+02 -4.300000000000000000e+01 5.208587832597688205e+00
-1.550000000000000000e+02 -4.200000000000000000e+01 5.401279145365371015e+00
-1.550000000000000000e+02 -4.100000000000000000e+01 5.405148777759834822e+00
-1.550000000000000000e+02 -4.000000000000000000e+01 5.407468617136962585e+00
-1.550000000000000000e+02 -3.900000000000000000e+01 5.605669378151776350e+00
-1.550000000000000000e+02 -3.800000000000000000e+01 5.694638177624838704e+00
-1.550000000000000000e+02 -3.700000000000000000e+01 5.749253436204948997e+00
-1.550000000000000000e+02 -3.600000000000000000e+01 5.896037836683668765e+00
-1.550000000000000000e+02 -3.500000000000000000e+01 6.054558863044615435e+00
-1.550000000000000000e+02 -3.400000000000000000e+01 5.999495279277366144e+00
-1.550000000000000000e+02 -3.300000000000000000e+01 5.995007145075653909e+00
-1.550000000000000000e+02 -3.200000000000000000e+01 5.931230525473879744e+00
-1.550000000000000000e+02 -3.100000000000000000e+01 5.952342405096869626e+00
-1.550000000000000000e+02 -3.000000000000000000e+01 6.262574454454115980e+00
-1.550000000000000000e+02 -2.900000000000000000e+01 6.475067427962722277e+00
-1.550000000000000000e+02 -2.800000000000000000e+01 6.661170833556950832e+00
-1.550000000000000000e+02 -2.700000000000000000e+01 nan
-1.540000000000000000e+02 -5.400000000000000000e+01 5.338535015710299980e+00
-1.540000000000000000e+02 -5.300000000000000000e+01 5.567765772134855240e+00
-1.540000000000000000e+02 -5.200000000000000000e+01 5.523101448185160578e+00
-1.540000000000000000e+02 -5.100000000000000000e+01 5.461556243133526500e+00
-1.540000000000000000e+02 -5.000000000000000000e+01 5.378449791297301275e+00
-1.540000000000000000e+02 -4.900000000000000000e+01 5.314792802234729052e+00
-1.540000000000000000e+02 -4.800000000000000000e+01 5.028714879332977006e+00
-1.540000000000000000e+02 -4.700000000000000000e+01 4.941511226072845098e+00
-1.540000000000000000e+02 -4.600000000000000000e+01 4.930266219784407156e+00
-1.540000000000000000e+02 -4.500000000000000000e+01 5.143310753992460072e+00
-1.540000000000000000e+02 -4.400000000000000000e+01 5.166397020240387938e+00
-1.540000000000000000e+02 -4.300000000000000000e+01 5.198681968475294290e+00
-1.540000000000000000e+02 -4.200000000000000000e+01 5.401547442304294400e+00
-1.540000000000000000e+02 -4.100000000000000000e+01 5.383338883213175663e+00
-1.540000000000000000e+02 -4.000000000000000000e+01 5.399906377349648068e+00
-1.540000000000000000e+02 -3.900000000000000000e+01 5.458773717250193336e+00
-1.540000000000000000e+02 -3.800000000000000000e+01 5.660087389211222231e+00
-1.540000000000000000e+02 -3.700000000000000000e+01 5.721021200298764597e+00
-1.540000000000000000e+02 -3.600000000000000000e+01 5.893285368431967264e+00
-1.540000000000000000e+02 -3.500000000000000000e+01 6.005577912103238880e+00
-1.540000000000000000e+02 -3.400000000000000000e+01 5.983551150893243964e+00
-1.540000000000000000e+02 -3.300000000000000000e+01 5.983017342362858315e+00
-1.540000000000000000e+02 -3.200000000000000000e+01 5.921806512454379501e+00
-1.540000000000000000e+02 -3.100000000000000000e+01 5.953296324105558313e+00
-1.540000000000000000e+02 -3.000000000000000000e+01 6.211964106829913845e+00
-1.540000000000000000e+02 -2.900000000000000000e+01 6.459309904221575138e+00
-1.540000000000000000e+02 -2.800000000000000000e+01 6.542855569404331106e+00
-1.540000000000000000e+02 -2.700000000000000000e+01 nan
-1.530000000000000000e+02 -5.400000000000000000e+01 nan
-1.530000000000000000e+02 -5.300000000000000000e+01 nan
-1.530000000000000000e+02 -5.200000000000000000e+01 nan
-1.530000000000000000e+02 -5.100000000000000000e+01 nan
-1.530000000000000000e+02 -5.000000000000000000e+01 nan
-1.530000000000000000e+02 -4.900000000000000000e+01 nan
-1.530000000000000000e+02 -4.800000000000000000e+01 nan
-1.530000000000000000e+02 -4.700000000000000000e+01 4.954180725523576356e+00
-1.530000000000000000e+02 -4.600000000000000000e+01 4.928212786357904385e+00
-1.530000000000000000e+02 -4.500000000000000000e+01 5.141447880709263174e+00
-1.530000000000000000e+02 -4.400000000000000000e+01 5.149490061840527488e+00
-1.530000000000000000e+02 -4.300000000000000000e+01 5.196151266827897075e+00
-1.530000000000000000e+02 -4.200000000000000000e+01 5.402837205756390482e+00
-1.530000000000000000e+02 -4.100000000000000000e+01 5.367823195864187547e+00
-1.530000000000000000e+02 -4.000000000000000000e+01 5.394471434407069665e+00
-1.530000000000000000e+02 -3.900000000000000000e+01 5.452661013220953201e+00
-1.530000000000000000e+02 -3.800000000000000000e+01 5.651535997018809709e+00
-1.530000000000000000e+02 -3.700000000000000000e+01 5.717079177182462502e+00
-1.530000000000000000e+02 -3.600000000000000000e+01 5.893044483511624243e+00
-1.530000000000000000e+02 -3.500000000000000000e+01 5.996711403567938525e+00
-1.530000000000000000e+02 -3.400000000000000000e+01 5.982096024039632809e+00
-1.530000000000000000e+02 -3.300000000000000000e+01 5.981079645931549393e+00
-1.530000000000000000e+02 -3.200000000000000000e+01 5.919788567362602727e+00
-1.530000000000000000e+02 -3.100000000000000000e+01 5.953965980868684227e+00
-1.530000000000000000e+02 -3.000000000000000000e+01 6.205971218576671333e+00
-1.530000000000000000e+02 -2.900000000000000000e+01 6.457897238019127961e+00
-1.530000000000000000e+02 -2.800000000000000000e+01 6.534315069818853239e+00
-1.530000000000000000e+02 -2.700000000000000000e+01 nan
