Longitude[deg], Latitude[deg], Dust optical depth
7.300000000000000000e+01 -1.100000000000000000e+01 nan
7.300000000000000000e+01 -1.000000000000000000e+01 nan
7.300000000000000000e+01 -9.000000000000000000e+00 nan
7.300000000000000000e+01 -8.000000000000000000e+00 nan
7.300000000000000000e+01 -7.000000000000000000e+00 nan
7.300000000000000000e+01 -6.000000000000000000e+00 nan
7.300000000000000000e+01 -5.000000000000000000e+00 nan
7.300000000000000000e+01 -4.000000000000000000e+00 nan
7.300000000000000000e+01 -3.000000000000000000e+00 nan
7.300000000000000000e+01 -2.000000000000000000e+00 nan
7.300000000000000000e+01 -1.000000000000000000e+00 nan
7.300000000000000000e+01 0.000000000000000000e+00 nan
7.300000000000000000e+01 1.000000000000000000e+00 nan
7.300000000000000000e+01 2.000000000000000000e+00 nan
7.300000000000000000e+01 3.000000000000000000e+00 nan
7.300000000000000000e+01 4.000000000000000000e+00 nan
7.300000000000000000e+01 5.000000000000000000e+00 nan
7.300000000000000000e+01 6.000000000000000000e+00 nan
7.300000000000000000e+01 7.000000000000000000e+00 nan
7.300000000000000000e+01 8.000000000000000000e+00 nan
7.300000000000000000e+01 9.000000000000000000e+00 nan
7.300000000000000000e+01 1.000000000000000000e+01 nan
7.400000000000000000e+01 -1.100000000000000000e+01 nan
7.400000000000000000e+01 -1.000000000000000000e+01 nan
7.400000000000000000e+01 -9.000000000000000000e+00 nan
7.400000000000000000e+01 -8.000000000000000000e+00 nan
7.400000000000000000e+01 -7.000000000000000000e+00 nan
7.400000000000000000e+01 -6.000000000000000000e+00 nan
7.400000000000000000e+01 -5.000000000000000000e+00 nan
7.400000000000000000e+01 -4.000000000000000000e+00 nan
7.400000000000000000e+01 -3.000000000000000000e+00 nan
7.400000000000000000e+01 -2.000000000000000000e+00 nan
7.400000000000000000e+01 -1.000000000000000000e+00 6.227365364628965061e+00
7.400000000000000000e+01 0.000000000000000000e+00 6.165519754708720157e+00
7.400000000000000000e+01 1.000000000000000000e+00 6.099692076683840725e+00
7.400000000000000000e+01 2.000000000000000000e+00 5.950994113406513186e+00
7.400000000000000000e+01 3.000000000000000000e+00 5.879703433124052303e+00
7.400000000000000000e+01 4.000000000000000000e+00 5.752346294591183629e+00
7.400000000000000000e+01 5.000000000000000000e+00 5.674668406586496516e+00
7.400000000000000000e+01 6.000000000000000000e+00 5.655373207934613511e+00
7.400000000000000000e+01 7.000000000000000000e+00 5.385328595651952988e+00
7.400000000000000000e+01 8.000000000000000000e+00 5.285338693216616868e+00
7.400000000000000000e+01 9.000000000000000000e+00 5.336209809500084944e+00
7.400000000000000000e+01 1.000000000000000000e+01 nan
7.500000000000000000e+01 -1.100000000000000000e+01 6.905200775382363432e+00
7.500000000000000000e+01 -1.000000000000000000e+01 6.909260954859354875e+00
7.500000000000000000e+01 -9.000000000000000000e+00 6.877693955545534976e+00
7.500000000000000000e+01 -8.000000000000000000e+00 6.800370416849673028e+00
7.500000000000000000e+01 -7.000000000000000000e+00 6.846268419466412070e+00
7.500000000000000000e+01 -6.000000000000000000e+00 6.830523596487052096e+00
7.500000000000000000e+01 -5.000000000000000000e+00 6.670838049043112505e+00
7.500000000000000000e+01 -4.000000000000000000e+00 6.646234807753804930e+00
7.500000000000000000e+01 -3.000000000000000000e+00 6.661981209939929371e+00
7.500000000000000000e+01 -2.000000000000000000e+00 6.519995007974059398e+00
7.500000000000000000e+01 -1.000000000000000000e+00 6.269115020173911645e+00
7.500000000000000000e+01 0.000000000000000000e+00 6.132762462422425287e+00
7.500000000000000000e+01 1.000000000000000000e+00 6.071216206672719551e+00
7.500000000000000000e+01 2.000000000000000000e+00 5.985777174931305566e+00
7.500000000000000000e+01 3.000000000000000000e+00 5.954842692083566646e+00
7.500000000000000000e+01 4.000000000000000000e+00 5.862281308304726934e+00
7.500000000000000000e+01 5.000000000000000000e+00 5.786915578005004335e+00
7.500000000000000000e+01 6.000000000000000000e+00 5.716329304131630096e+00
7.500000000000000000e+01 7.000000000000000000e+00 5.487047766919948444e+00
7.500000000000000000e+01 8.000000000000000000e+00 5.321038942255146509e+00
7.500000000000000000e+01 9.000000000000000000e+00 5.349332850269944650e+00
7.500000000000000000e+01 1.000000000000000000e+01 nan
7.600000000000000000e+01 -1.100000000000000000e+01 6.902526979654652450e+00
7.600000000000000000e+01 -1.000000000000000000e+01 6.908577461214852278e+00
7.600000000000000000e+01 -9.000000000000000000e+00 6.904809749391807472e+00
7.600000000000000000e+01 -8.000000000000000000e+00 6.853255813675944275e+00
7.600000000000000000e+01 -7.000000000000000000e+00 6.869513937389401192e+00
7.600000000000000000e+01 -6.000000000000000000e+00 6.859256610617966210e+00
7.600000000000000000e+01 -5.000000000000000000e+00 6.731571660739660068e+00
7.600000000000000000e+01 -4.000000000000000000e+00 6.679636054762927877e+00
7.600000000000000000e+01 -3.000000000000000000e+00 6.664143594074506183e+00
7.600000000000000000e+01 -2.000000000000000000e+00 6.557265386419238062e+00
7.600000000000000000e+01 -1.000000000000000000e+00 6.352011405975104275e+00
7.600000000000000000e+01 0.000000000000000000e+00 6.192632676196367036e+00
7.600000000000000000e+01 1.000000000000000000e+00 6.097787806183549542e+00
7.600000000000000000e+01 2.000000000000000000e+00 5.997743177211574128e+00
7.600000000000000000e+01 3.000000000000000000e+00 5.997851899837821854e+00
7.600000000000000000e+01 4.000000000000000000e+00 5.985093974119825688e+00
7.600000000000000000e+01 5.000000000000000000e+00 5.876070199902779123e+00
7.600000000000000000e+01 6.000000000000000000e+00 5.805204867479320185e+00
7.600000000000000000e+01 7.000000000000000000e+00 5.612986278206572699e+00
7.600000000000000000e+01 8.000000000000000000e+00 5.441478700293880699e+00
7.600000000000000000e+01 9.000000000000000000e+00 5.425726804045818419e+00
7.600000000000000000e+01 1.000000000000000000e+01 5.583675064905413876e+00
7.700000000000000000e+01 -1.100000000000000000e+01 6.877213855536832732e+00
7.700000000000000000e+01 -1.000000000000000000e+01 6.871061736998633762e+00
7.700000000000000000e+01 -9.000000000000000000e+00 6.881493122468382850e+00
7.700000000000000000e+01 -8.000000000000000000e+00 6.868942307100332378e+00
7.700000000000000000e+01 -7.000000000000000000e+00 6.871309440667996427e+00
7.700000000000000000e+01 -6.000000000000000000e+00 6.842130397121000129e+00
7.700000000000000000e+01 -5.000000000000000000e+00 6.775527184143770754e+00
7.700000000000000000e+01 -4.000000000000000000e+00 6.725533900787900699e+00
7.700000000000000000e+01 -3.000000000000000000e+00 6.678631326701742310e+00
7.700000000000000000e+01 -2.000000000000000000e+00 6.583311174205253025e+00
7.700000000000000000e+01 -1.000000000000000000e+00 6.428499118008166313e+00
7.700000000000000000e+01 0.000000000000000000e+00 6.279106997783513222e+00
7.700000000000000000e+01 1.000000000000000000e+00 6.138734234595282224e+00
7.700000000000000000e+01 2.000000000000000000e+00 6.002896666722982388e+00
7.700000000000000000e+01 3.000000000000000000e+00 5.996584605367349496e+00
7.700000000000000000e+01 4.000000000000000000e+00 6.012508366087210732e+00
7.700000000000000000e+01 5.000000000000000000e+00 5.917365833757178173e+00
7.700000000000000000e+01 6.000000000000000000e+00 5.821472939410765157e+00
7.700000000000000000e+01 7.000000000000000000e+00 5.674758281473414989e+00
7.700000000000000000e+01 8.000000000000000000e+00 5.537310760592052183e+00
7.700000000000000000e+01 9.000000000000000000e+00 5.514753023319465264e+00
7.700000000000000000e+01 1.000000000000000000e+01 nan
7.800000000000000000e+01 -1.100000000000000000e+01 6.846420254683812878e+00
7.800000000000000000e+01 -1.000000000000000000e+01 6.782451198787472713e+00
7.800000000000000000e+01 -9.000000000000000000e+00 6.778503265226833996e+00
7.800000000000000000e+01 -8.000000000000000000e+00 6.827079365261323751e+00
7.800000000000000000e+01 -7.000000000000000000e+00 6.809031894544510521e+00
7.800000000000000000e+01 -6.000000000000000000e+00 6.723983113335890494e+00
7.800000000000000000e+01 -5.000000000000000000e+00 6.722501912628509935e+00
7.800000000000000000e+01 -4.000000000000000000e+00 6.772137481519421520e+00
7.800000000000000000e+01 -3.000000000000000000e+00 6.706383142495073280e+00
7.800000000000000000e+01 -2.000000000000000000e+00 6.615394915259059871e+00
7.800000000000000000e+01 -1.000000000000000000e+00 6.559380700451708179e+00
7.800000000000000000e+01 0.000000000000000000e+00 6.456186322141404865e+00
7.800000000000000000e+01 1.000000000000000000e+00 6.283543821749550951e+00
7.800000000000000000e+01 2.000000000000000000e+00 6.159701570708723928e+00
7.800000000000000000e+01 3.000000000000000000e+00 nan
7.800000000000000000e+01 4.000000000000000000e+00 nan
7.800000000000000000e+01 5.000000000000000000e+00 nan
7.800000000000000000e+01 6.000000000000000000e+00 nan
7.800000000000000000e+01 7.000000000000000000e+00 nan
7.800000000000000000e+01 8.000000000000000000e+00 nan
7.800000000000000000e+01 9.000000000000000000e+00 nan
7.800000000000000000e+01 1.000000000000000000e+01 nan
