Longitude[deg], Latitude[deg], Dust optical depth
-4.600000000000000000e+01 1.100000000000000000e+01 nan
-4.600000000000000000e+01 1.200000000000000000e+01 nan
-4.600000000000000000e+01 1.300000000000000000e+01 nan
-4.600000000000000000e+01 1.400000000000000000e+01 nan
-4.600000000000000000e+01 1.500000000000000000e+01 nan
-4.600000000000000000e+01 1.600000000000000000e+01 nan
-4.600000000000000000e+01 1.700000000000000000e+01 nan
-4.600000000000000000e+01 1.800000000000000000e+01 nan
-4.600000000000000000e+01 1.900000000000000000e+01 nan
-4.600000000000000000e+01 2.000000000000000000e+01 nan
-4.600000000000000000e+01 2.100000000000000000e+01 nan
-4.600000000000000000e+01 2.200000000000000000e+01 nan
-4.600000000000000000e+01 2.300000000000000000e+01 nan
-4.600000000000000000e+01 2.400000000000000000e+01 nan
-4.600000000000000000e+01 2.500000000000000000e+01 nan
-4.600000000000000000e+01 2.600000000000000000e+01 nan
-4.600000000000000000e+01 2.700000000000000000e+01 9.158163331427839893e-01
-4.600000000000000000e+01 2.800000000000000000e+01 9.932315240457074701e-01
-4.600000000000000000e+01 2.900000000000000000e+01 1.013576613567566342e+00
-4.600000000000000000e+01 3.000000000000000000e+01 9.575654348512244729e-01
-4.600000000000000000e+01 3.100000000000000000e+01 9.306093326211752892e-01
-4.500000000000000000e+01 1.100000000000000000e+01 nan
-4.500000000000000000e+01 1.200000000000000000e+01 nan
-4.500000000000000000e+01 1.300000000000000000e+01 nan
-4.500000000000000000e+01 1.400000000000000000e+01 nan
-4.500000000000000000e+01 1.500000000000000000e+01 nan
-4.500000000000000000e+01 1.600000000000000000e+01 1.076388972723324899e+00
-4.500000000000000000e+01 1.700000000000000000e+01 1.018184611008726925e+00
-4.500000000000000000e+01 1.800000000000000000e+01 9.143013641040783623e-01
-4.500000000000000000e+01 1.900000000000000000e+01 8.220902420642557384e-01
-4.500000000000000000e+01 2.000000000000000000e+01 7.956050799376552796e-01
-4.500000000000000000e+01 2.100000000000000000e+01 7.497498226226639861e-01
-4.500000000000000000e+01 2.200000000000000000e+01 6.784213582847018476e-01
-4.500000000000000000e+01 2.300000000000000000e+01 7.746998284078141506e-01
-4.500000000000000000e+01 2.400000000000000000e+01 8.167220280751877892e-01
-4.500000000000000000e+01 2.500000000000000000e+01 8.452252918852525276e-01
-4.500000000000000000e+01 2.600000000000000000e+01 8.771158545950505925e-01
-4.500000000000000000e+01 2.700000000000000000e+01 9.045179278727016881e-01
-4.500000000000000000e+01 2.800000000000000000e+01 9.905799902931499146e-01
-4.500000000000000000e+01 2.900000000000000000e+01 1.031263003098130682e+00
-4.500000000000000000e+01 3.000000000000000000e+01 1.008951240135909755e+00
-4.500000000000000000e+01 3.100000000000000000e+01 9.501193245774438578e-01
-4.400000000000000000e+01 1.100000000000000000e+01 1.553224767775507109e+00
-4.400000000000000000e+01 1.200000000000000000e+01 1.456974193925482775e+00
-4.400000000000000000e+01 1.300000000000000000e+01 1.355553016790578269e+00
-4.400000000000000000e+01 1.400000000000000000e+01 1.254513820053372308e+00
-4.400000000000000000e+01 1.500000000000000000e+01 1.118558092087017286e+00
-4.400000000000000000e+01 1.600000000000000000e+01 1.022221765063375809e+00
-4.400000000000000000e+01 1.700000000000000000e+01 1.003174096936599646e+00
-4.400000000000000000e+01 1.800000000000000000e+01 9.229198856087998948e-01
-4.400000000000000000e+01 1.900000000000000000e+01 8.133778050988429431e-01
-4.400000000000000000e+01 2.000000000000000000e+01 7.939120139217465955e-01
-4.400000000000000000e+01 2.100000000000000000e+01 7.874557655213075824e-01
-4.400000000000000000e+01 2.200000000000000000e+01 7.261911943551030424e-01
-4.400000000000000000e+01 2.300000000000000000e+01 8.084655541439167425e-01
-4.400000000000000000e+01 2.400000000000000000e+01 8.918641053881176672e-01
-4.400000000000000000e+01 2.500000000000000000e+01 9.004169903395286001e-01
-4.400000000000000000e+01 2.600000000000000000e+01 9.208644961805655393e-01
-4.400000000000000000e+01 2.700000000000000000e+01 9.234066890654764048e-01
-4.400000000000000000e+01 2.800000000000000000e+01 9.928108739752251610e-01
-4.400000000000000000e+01 2.900000000000000000e+01 1.046827012865201301e+00
-4.400000000000000000e+01 3.000000000000000000e+01 1.016174861500049653e+00
-4.400000000000000000e+01 3.100000000000000000e+01 9.588064796157353964e-01
-4.300000000000000000e+01 1.100000000000000000e+01 1.528296679513196477e+00
-4.300000000000000000e+01 1.200000000000000000e+01 1.442667484374589248e+00
-4.300000000000000000e+01 1.300000000000000000e+01 1.343439183938688330e+00
-4.300000000000000000e+01 1.400000000000000000e+01 1.208250802598745066e+00
-4.300000000000000000e+01 1.500000000000000000e+01 1.092109899032446485e+00
-4.300000000000000000e+01 1.600000000000000000e+01 1.018867880149365135e+00
-4.300000000000000000e+01 1.700000000000000000e+01 9.867429792270479005e-01
-4.300000000000000000e+01 1.800000000000000000e+01 9.108358247576313627e-01
-4.300000000000000000e+01 1.900000000000000000e+01 8.040524615588966473e-01
-4.300000000000000000e+01 2.000000000000000000e+01 7.931402274878688319e-01
-4.300000000000000000e+01 2.100000000000000000e+01 8.083288496163084647e-01
-4.300000000000000000e+01 2.200000000000000000e+01 8.074203891111206843e-01
-4.300000000000000000e+01 2.300000000000000000e+01 8.961465233158495414e-01
-4.300000000000000000e+01 2.400000000000000000e+01 9.735991066415060624e-01
-4.300000000000000000e+01 2.500000000000000000e+01 9.775627122354486609e-01
-4.300000000000000000e+01 2.600000000000000000e+01 1.000312508497812614e+00
-4.300000000000000000e+01 2.700000000000000000e+01 1.007886231975172020e+00
-4.300000000000000000e+01 2.800000000000000000e+01 1.050755701821930232e+00
-4.300000000000000000e+01 2.900000000000000000e+01 1.066440774729538798e+00
-4.300000000000000000e+01 3.000000000000000000e+01 1.021212783291589599e+00
-4.300000000000000000e+01 3.100000000000000000e+01 9.697949885044969687e-01
-4.200000000000000000e+01 1.100000000000000000e+01 1.506300578554402136e+00
-4.200000000000000000e+01 1.200000000000000000e+01 1.432063826583776400e+00
-4.200000000000000000e+01 1.300000000000000000e+01 1.329627052319782843e+00
-4.200000000000000000e+01 1.400000000000000000e+01 1.164129495977662909e+00
-4.200000000000000000e+01 1.500000000000000000e+01 1.074057528494935632e+00
-4.200000000000000000e+01 1.600000000000000000e+01 1.019509075677371923e+00
-4.200000000000000000e+01 1.700000000000000000e+01 9.666906557822264601e-01
-4.200000000000000000e+01 1.800000000000000000e+01 8.960322526890183159e-01
-4.200000000000000000e+01 1.900000000000000000e+01 7.948957011750968915e-01
-4.200000000000000000e+01 2.000000000000000000e+01 7.919631328890107680e-01
-4.200000000000000000e+01 2.100000000000000000e+01 8.262624664170153954e-01
-4.200000000000000000e+01 2.200000000000000000e+01 8.543618111224560163e-01
-4.200000000000000000e+01 2.300000000000000000e+01 9.644633411345798768e-01
-4.200000000000000000e+01 2.400000000000000000e+01 9.987543692031829456e-01
-4.200000000000000000e+01 2.500000000000000000e+01 1.002816698582822852e+00
-4.200000000000000000e+01 2.600000000000000000e+01 1.056524555784781771e+00
-4.200000000000000000e+01 2.700000000000000000e+01 1.074922784757734728e+00
-4.200000000000000000e+01 2.800000000000000000e+01 1.075875310310329347e+00
-4.200000000000000000e+01 2.900000000000000000e+01 1.086438465381325713e+00
-4.200000000000000000e+01 3.000000000000000000e+01 1.034661241602715664e+00
-4.200000000000000000e+01 3.100000000000000000e+01 9.861295979234526721e-01
-4.100000000000000000e+01 1.100000000000000000e+01 nan
-4.100000000000000000e+01 1.200000000000000000e+01 1.466022244669423324e+00
-4.100000000000000000e+01 1.300000000000000000e+01 1.410881004611736378e+00
-4.100000000000000000e+01 1.400000000000000000e+01 1.254048269797862991e+00
-4.100000000000000000e+01 1.500000000000000000e+01 1.076228495840848343e+00
-4.100000000000000000e+01 1.600000000000000000e+01 nan
-4.100000000000000000e+01 1.700000000000000000e+01 nan
-4.100000000000000000e+01 1.800000000000000000e+01 nan
-4.100000000000000000e+01 1.900000000000000000e+01 nan
-4.100000000000000000e+01 2.000000000000000000e+01 nan
-4.100000000000000000e+01 2.100000000000000000e+01 nan
-4.100000000000000000e+01 2.200000000000000000e+01 nan
-4.100000000000000000e+01 2.300000000000000000e+01 nan
-4.100000000000000000e+01 2.400000000000000000e+01 nan
-4.100000000000000000e+01 2.500000000000000000e+01 nan
-4.100000000000000000e+01 2.600000000000000000e+01 nan
-4.100000000000000000e+01 2.700000000000000000e+01 nan
-4.100000000000000000e+01 2.800000000000000000e+01 nan
-4.100000000000000000e+01 2.900000000000000000e+01 nan
-4.100000000000000000e+01 3.000000000000000000e+01 nan
-4.100000000000000000e+01 3.100000000000000000e+01 nan
