Longitude[deg], Latitude[deg], Dust optical depth
1.390000000000000000e+02 -2.800000000000000000e+01 nan
1.390000000000000000e+02 -2.700000000000000000e+01 nan
1.390000000000000000e+02 -2.600000000000000000e+01 nan
1.390000000000000000e+02 -2.500000000000000000e+01 nan
1.390000000000000000e+02 -2.400000000000000000e+01 nan
1.390000000000000000e+02 -2.300000000000000000e+01 nan
1.390000000000000000e+02 -2.200000000000000000e+01 nan
1.390000000000000000e+02 -2.100000000000000000e+01 nan
1.390000000000000000e+02 -2.000000000000000000e+01 nan
1.390000000000000000e+02 -1.900000000000000000e+01 nan
1.390000000000000000e+02 -1.800000000000000000e+01 nan
1.390000000000000000e+02 -1.700000000000000000e+01 nan
1.390000000000000000e+02 -1.600000000000000000e+01 nan
1.390000000000000000e+02 -1.500000000000000000e+01 7.245186999404664263e+00
1.390000000000000000e+02 -1.400000000000000000e+01 7.250289843274843271e+00
1.390000000000000000e+02 -1.300000000000000000e+01 nan
1.390000000000000000e+02 -1.200000000000000000e+01 nan
1.400000000000000000e+02 -2.800000000000000000e+01 8.855488823950491195e+00
1.400000000000000000e+02 -2.700000000000000000e+01 8.883523758395162062e+00
1.400000000000000000e+02 -2.600000000000000000e+01 8.963275626119271422e+00
1.400000000000000000e+02 -2.500000000000000000e+01 8.590437111772304846e+00
1.400000000000000000e+02 -2.400000000000000000e+01 8.245781469006672637e+00
1.400000000000000000e+02 -2.300000000000000000e+01 8.007574576700690727e+00
1.400000000000000000e+02 -2.200000000000000000e+01 8.080896450446536150e+00
1.400000000000000000e+02 -2.100000000000000000e+01 8.217477344091257407e+00
1.400000000000000000e+02 -2.000000000000000000e+01 7.959352152123997826e+00
1.400000000000000000e+02 -1.900000000000000000e+01 7.834245115333247078e+00
1.400000000000000000e+02 -1.800000000000000000e+01 7.737096212104036752e+00
1.400000000000000000e+02 -1.700000000000000000e+01 7.789975929193357906e+00
1.400000000000000000e+02 -1.600000000000000000e+01 7.654050153325462347e+00
1.400000000000000000e+02 -1.500000000000000000e+01 7.504442983820942104e+00
1.400000000000000000e+02 -1.400000000000000000e+01 7.470811304412545262e+00
1.400000000000000000e+02 -1.300000000000000000e+01 7.448966232104542229e+00
1.400000000000000000e+02 -1.200000000000000000e+01 nan
1.410000000000000000e+02 -2.800000000000000000e+01 8.998734267715427393e+00
1.410000000000000000e+02 -2.700000000000000000e+01 9.030987080876014872e+00
1.410000000000000000e+02 -2.600000000000000000e+01 9.086573464974705416e+00
1.410000000000000000e+02 -2.500000000000000000e+01 8.838468789647020429e+00
1.410000000000000000e+02 -2.400000000000000000e+01 8.294697269995756628e+00
1.410000000000000000e+02 -2.300000000000000000e+01 7.960161071257386922e+00
1.410000000000000000e+02 -2.200000000000000000e+01 7.941093503682777666e+00
1.410000000000000000e+02 -2.100000000000000000e+01 8.024619993792965644e+00
1.410000000000000000e+02 -2.000000000000000000e+01 7.976855710986242798e+00
1.410000000000000000e+02 -1.900000000000000000e+01 7.865505375227874296e+00
1.410000000000000000e+02 -1.800000000000000000e+01 7.735037353649282466e+00
1.410000000000000000e+02 -1.700000000000000000e+01 7.769122772894366591e+00
1.410000000000000000e+02 -1.600000000000000000e+01 7.631483247663034319e+00
1.410000000000000000e+02 -1.500000000000000000e+01 7.498867941726875763e+00
1.410000000000000000e+02 -1.400000000000000000e+01 7.500302169496461779e+00
1.410000000000000000e+02 -1.300000000000000000e+01 7.455674465625171443e+00
1.410000000000000000e+02 -1.200000000000000000e+01 nan
1.420000000000000000e+02 -2.800000000000000000e+01 9.096483180458323048e+00
1.420000000000000000e+02 -2.700000000000000000e+01 9.105671689343978414e+00
1.420000000000000000e+02 -2.600000000000000000e+01 9.152976938592317424e+00
1.420000000000000000e+02 -2.500000000000000000e+01 8.974888113547091706e+00
1.420000000000000000e+02 -2.400000000000000000e+01 8.367259121421255941e+00
1.420000000000000000e+02 -2.300000000000000000e+01 7.919113867929508110e+00
1.420000000000000000e+02 -2.200000000000000000e+01 7.899865865398910003e+00
1.420000000000000000e+02 -2.100000000000000000e+01 7.965660533447188385e+00
1.420000000000000000e+02 -2.000000000000000000e+01 7.982643995202752585e+00
1.420000000000000000e+02 -1.900000000000000000e+01 7.935214912862072367e+00
1.420000000000000000e+02 -1.800000000000000000e+01 7.730110968777453628e+00
1.420000000000000000e+02 -1.700000000000000000e+01 7.745817180886004572e+00
1.420000000000000000e+02 -1.600000000000000000e+01 7.586272460902795167e+00
1.420000000000000000e+02 -1.500000000000000000e+01 7.485667805308220402e+00
1.420000000000000000e+02 -1.400000000000000000e+01 7.518859902593560740e+00
1.420000000000000000e+02 -1.300000000000000000e+01 7.466003269588865621e+00
1.420000000000000000e+02 -1.200000000000000000e+01 nan
