Longitude[deg], Latitude[deg], Dust optical depth
1.330000000000000000e+02 6.000000000000000000e+00 nan
1.330000000000000000e+02 7.000000000000000000e+00 nan
1.330000000000000000e+02 8.000000000000000000e+00 nan
1.330000000000000000e+02 9.000000000000000000e+00 nan
1.330000000000000000e+02 1.000000000000000000e+01 nan
1.330000000000000000e+02 1.100000000000000000e+01 nan
1.330000000000000000e+02 1.200000000000000000e+01 nan
1.330000000000000000e+02 1.300000000000000000e+01 nan
1.330000000000000000e+02 1.400000000000000000e+01 nan
1.330000000000000000e+02 1.500000000000000000e+01 nan
1.330000000000000000e+02 1.600000000000000000e+01 nan
1.330000000000000000e+02 1.700000000000000000e+01 nan
1.330000000000000000e+02 1.800000000000000000e+01 nan
1.330000000000000000e+02 1.900000000000000000e+01 nan
1.330000000000000000e+02 2.000000000000000000e+01 nan
1.330000000000000000e+02 2.100000000000000000e+01 nan
1.330000000000000000e+02 2.200000000000000000e+01 nan
1.330000000000000000e+02 2.300000000000000000e+01 nan
1.330000000000000000e+02 2.400000000000000000e+01 nan
1.330000000000000000e+02 2.500000000000000000e+01 nan
1.330000000000000000e+02 2.600000000000000000e+01 nan
1.330000000000000000e+02 2.700000000000000000e+01 nan
1.330000000000000000e+02 2.800000000000000000e+01 nan
1.330000000000000000e+02 2.900000000000000000e+01 nan
1.330000000000000000e+02 3.000000000000000000e+01 nan
1.330000000000000000e+02 3.100000000000000000e+01 nan
1.330000000000000000e+02 3.200000000000000000e+01 nan
1.340000000000000000e+02 6.000000000000000000e+00 nan
1.340000000000000000e+02 7.000000000000000000e+00 nan
1.340000000000000000e+02 8.000000000000000000e+00 nan
1.340000000000000000e+02 9.000000000000000000e+00 nan
1.340000000000000000e+02 1.000000000000000000e+01 nan
1.340000000000000000e+02 1.100000000000000000e+01 nan
1.340000000000000000e+02 1.200000000000000000e+01 nan
1.340000000000000000e+02 1.300000000000000000e+01 nan
1.340000000000000000e+02 1.400000000000000000e+01 nan
1.340000000000000000e+02 1.500000000000000000e+01 nan
1.340000000000000000e+02 1.600000000000000000e+01 nan
1.340000000000000000e+02 1.700000000000000000e+01 nan
1.340000000000000000e+02 1.800000000000000000e+01 nan
1.340000000000000000e+02 1.900000000000000000e+01 nan
1.340000000000000000e+02 2.000000000000000000e+01 nan
1.340000000000000000e+02 2.100000000000000000e+01 nan
1.340000000000000000e+02 2.200000000000000000e+01 nan
1.340000000000000000e+02 2.300000000000000000e+01 nan
1.340000000000000000e+02 2.400000000000000000e+01 nan
1.340000000000000000e+02 2.500000000000000000e+01 nan
1.340000000000000000e+02 2.600000000000000000e+01 nan
1.340000000000000000e+02 2.700000000000000000e+01 nan
1.340000000000000000e+02 2.800000000000000000e+01 nan
1.340000000000000000e+02 2.900000000000000000e+01 nan
1.340000000000000000e+02 3.000000000000000000e+01 nan
1.340000000000000000e+02 3.100000000000000000e+01 nan
1.340000000000000000e+02 3.200000000000000000e+01 nan
1.350000000000000000e+02 6.000000000000000000e+00 nan
1.350000000000000000e+02 7.000000000000000000e+00 nan
1.350000000000000000e+02 8.000000000000000000e+00 nan
1.350000000000000000e+02 9.000000000000000000e+00 nan
1.350000000000000000e+02 1.000000000000000000e+01 nan
1.350000000000000000e+02 1.100000000000000000e+01 nan
1.350000000000000000e+02 1.200000000000000000e+01 nan
1.350000000000000000e+02 1.300000000000000000e+01 nan
1.350000000000000000e+02 1.400000000000000000e+01 nan
1.350000000000000000e+02 1.500000000000000000e+01 nan
1.350000000000000000e+02 1.600000000000000000e+01 nan
1.350000000000000000e+02 1.700000000000000000e+01 nan
1.350000000000000000e+02 1.800000000000000000e+01 nan
1.350000000000000000e+02 1.900000000000000000e+01 nan
1.350000000000000000e+02 2.000000000000000000e+01 nan
1.350000000000000000e+02 2.100000000000000000e+01 nan
1.350000000000000000e+02 2.200000000000000000e+01 nan
1.350000000000000000e+02 2.300000000000000000e+01 nan
1.350000000000000000e+02 2.400000000000000000e+01 nan
1.350000000000000000e+02 2.500000000000000000e+01 nan
1.350000000000000000e+02 2.600000000000000000e+01 nan
1.350000000000000000e+02 2.700000000000000000e+01 nan
1.350000000000000000e+02 2.800000000000000000e+01 nan
1.350000000000000000e+02 2.900000000000000000e+01 nan
1.350000000000000000e+02 3.000000000000000000e+01 nan
1.350000000000000000e+02 3.100000000000000000e+01 nan
1.350000000000000000e+02 3.200000000000000000e+01 nan
1.360000000000000000e+02 6.000000000000000000e+00 nan
1.360000000000000000e+02 7.000000000000000000e+00 nan
1.360000000000000000e+02 8.000000000000000000e+00 nan
1.360000000000000000e+02 9.000000000000000000e+00 nan
1.360000000000000000e+02 1.000000000000000000e+01 nan
1.360000000000000000e+02 1.100000000000000000e+01 nan
1.360000000000000000e+02 1.200000000000000000e+01 nan
1.360000000000000000e+02 1.300000000000000000e+01 nan
1.360000000000000000e+02 1.400000000000000000e+01 nan
1.360000000000000000e+02 1.500000000000000000e+01 nan
1.360000000000000000e+02 1.600000000000000000e+01 5.785194053786146817e+00
1.360000000000000000e+02 1.700000000000000000e+01 5.633982974701201130e+00
1.360000000000000000e+02 1.800000000000000000e+01 5.600179003213414219e+00
1.360000000000000000e+02 1.900000000000000000e+01 5.677835280468367607e+00
1.360000000000000000e+02 2.000000000000000000e+01 5.776478017983924573e+00
1.360000000000000000e+02 2.100000000000000000e+01 5.830051724293661586e+00
1.360000000000000000e+02 2.200000000000000000e+01 5.759813435406059945e+00
1.360000000000000000e+02 2.300000000000000000e+01 5.637216426637338351e+00
1.360000000000000000e+02 2.400000000000000000e+01 nan
1.360000000000000000e+02 2.500000000000000000e+01 nan
1.360000000000000000e+02 2.600000000000000000e+01 nan
1.360000000000000000e+02 2.700000000000000000e+01 nan
1.360000000000000000e+02 2.800000000000000000e+01 nan
1.360000000000000000e+02 2.900000000000000000e+01 nan
1.360000000000000000e+02 3.000000000000000000e+01 nan
1.360000000000000000e+02 3.100000000000000000e+01 nan
1.360000000000000000e+02 3.200000000000000000e+01 nan
1.370000000000000000e+02 6.000000000000000000e+00 nan
1.370000000000000000e+02 7.000000000000000000e+00 nan
1.370000000000000000e+02 8.000000000000000000e+00 nan
1.370000000000000000e+02 9.000000000000000000e+00 5.998368437248809748e+00
1.370000000000000000e+02 1.000000000000000000e+01 6.036580995227526003e+00
1.370000000000000000e+02 1.100000000000000000e+01 6.046074204548037123e+00
1.370000000000000000e+02 1.200000000000000000e+01 6.097309757874955771e+00
1.370000000000000000e+02 1.300000000000000000e+01 6.170550816724117205e+00
1.370000000000000000e+02 1.400000000000000000e+01 6.222559266938506362e+00
1.370000000000000000e+02 1.500000000000000000e+01 6.042006358180636916e+00
1.370000000000000000e+02 1.600000000000000000e+01 5.861768074146914920e+00
1.370000000000000000e+02 1.700000000000000000e+01 5.751552249368920400e+00
1.370000000000000000e+02 1.800000000000000000e+01 5.744708361798937624e+00
1.370000000000000000e+02 1.900000000000000000e+01 5.755319645533572448e+00
1.370000000000000000e+02 2.000000000000000000e+01 5.806113498971409825e+00
1.370000000000000000e+02 2.100000000000000000e+01 5.861151156593257916e+00
1.370000000000000000e+02 2.200000000000000000e+01 5.795050717472984836e+00
1.370000000000000000e+02 2.300000000000000000e+01 5.566963434564962121e+00
1.370000000000000000e+02 2.400000000000000000e+01 5.326276773314508439e+00
1.370000000000000000e+02 2.500000000000000000e+01 nan
1.370000000000000000e+02 2.600000000000000000e+01 nan
1.370000000000000000e+02 2.700000000000000000e+01 nan
1.370000000000000000e+02 2.800000000000000000e+01 nan
1.370000000000000000e+02 2.900000000000000000e+01 nan
1.370000000000000000e+02 3.000000000000000000e+01 nan
1.370000000000000000e+02 3.100000000000000000e+01 nan
1.370000000000000000e+02 3.200000000000000000e+01 nan
1.380000000000000000e+02 6.000000000000000000e+00 5.912670314209734990e+00
1.380000000000000000e+02 7.000000000000000000e+00 5.871116058685298178e+00
1.380000000000000000e+02 8.000000000000000000e+00 5.860821197062944243e+00
1.380000000000000000e+02 9.000000000000000000e+00 6.004408463310608290e+00
1.380000000000000000e+02 1.000000000000000000e+01 6.053207748711834313e+00
1.380000000000000000e+02 1.100000000000000000e+01 6.052793803137695328e+00
1.380000000000000000e+02 1.200000000000000000e+01 6.096107811923431541e+00
1.380000000000000000e+02 1.300000000000000000e+01 6.165247335920777338e+00
1.380000000000000000e+02 1.400000000000000000e+01 6.245248752620936372e+00
1.380000000000000000e+02 1.500000000000000000e+01 6.170115263136833228e+00
1.380000000000000000e+02 1.600000000000000000e+01 5.969192685662791931e+00
1.380000000000000000e+02 1.700000000000000000e+01 5.878247679142491577e+00
1.380000000000000000e+02 1.800000000000000000e+01 5.842682652174214120e+00
1.380000000000000000e+02 1.900000000000000000e+01 5.835202109314176155e+00
1.380000000000000000e+02 2.000000000000000000e+01 5.907329411397367558e+00
1.380000000000000000e+02 2.100000000000000000e+01 5.991640140474753906e+00
1.380000000000000000e+02 2.200000000000000000e+01 5.925770228186811650e+00
1.380000000000000000e+02 2.300000000000000000e+01 5.624176894804527649e+00
1.380000000000000000e+02 2.400000000000000000e+01 5.448453484862732843e+00
1.380000000000000000e+02 2.500000000000000000e+01 5.582481968262530181e+00
1.380000000000000000e+02 2.600000000000000000e+01 5.745214819438360543e+00
1.380000000000000000e+02 2.700000000000000000e+01 nan
1.380000000000000000e+02 2.800000000000000000e+01 nan
1.380000000000000000e+02 2.900000000000000000e+01 nan
1.380000000000000000e+02 3.000000000000000000e+01 nan
1.380000000000000000e+02 3.100000000000000000e+01 nan
1.380000000000000000e+02 3.200000000000000000e+01 nan
1.390000000000000000e+02 6.000000000000000000e+00 5.918774568560679405e+00
1.390000000000000000e+02 7.000000000000000000e+00 5.893588857887553267e+00
1.390000000000000000e+02 8.000000000000000000e+00 5.873508917094961035e+00
1.390000000000000000e+02 9.000000000000000000e+00 5.985746480405713221e+00
1.390000000000000000e+02 1.000000000000000000e+01 6.069076455498316314e+00
1.390000000000000000e+02 1.100000000000000000e+01 6.106163031892464232e+00
1.390000000000000000e+02 1.200000000000000000e+01 6.145707498018609272e+00
1.390000000000000000e+02 1.300000000000000000e+01 6.168066821874492511e+00
1.390000000000000000e+02 1.400000000000000000e+01 6.262240629369346223e+00
1.390000000000000000e+02 1.500000000000000000e+01 6.300623547811357916e+00
1.390000000000000000e+02 1.600000000000000000e+01 6.160041309000974685e+00
1.390000000000000000e+02 1.700000000000000000e+01 6.007517156980030748e+00
1.390000000000000000e+02 1.800000000000000000e+01 5.948783529580516038e+00
1.390000000000000000e+02 1.900000000000000000e+01 5.968455287602854042e+00
1.390000000000000000e+02 2.000000000000000000e+01 6.090768945705509196e+00
1.390000000000000000e+02 2.100000000000000000e+01 6.188103955857775063e+00
1.390000000000000000e+02 2.200000000000000000e+01 6.165208364510929684e+00
1.390000000000000000e+02 2.300000000000000000e+01 5.845548875914884590e+00
1.390000000000000000e+02 2.400000000000000000e+01 5.606219327771182037e+00
1.390000000000000000e+02 2.500000000000000000e+01 5.763795667495728914e+00
1.390000000000000000e+02 2.600000000000000000e+01 5.881296684927392882e+00
1.390000000000000000e+02 2.700000000000000000e+01 5.837073245310308245e+00
1.390000000000000000e+02 2.800000000000000000e+01 nan
1.390000000000000000e+02 2.900000000000000000e+01 nan
1.390000000000000000e+02 3.000000000000000000e+01 nan
1.390000000000000000e+02 3.100000000000000000e+01 nan
1.390000000000000000e+02 3.200000000000000000e+01 nan
1.400000000000000000e+02 6.000000000000000000e+00 5.990075902675712882e+00
1.400000000000000000e+02 7.000000000000000000e+00 5.922192457438931967e+00
1.400000000000000000e+02 8.000000000000000000e+00 5.888051997278789251e+00
1.400000000000000000e+02 9.000000000000000000e+00 5.947609539627380038e+00
1.400000000000000000e+02 1.000000000000000000e+01 6.036173969870976208e+00
1.400000000000000000e+02 1.100000000000000000e+01 6.148944293226526803e+00
1.400000000000000000e+02 1.200000000000000000e+01 6.209951447032032945e+00
1.400000000000000000e+02 1.300000000000000000e+01 6.181851004884464373e+00
1.400000000000000000e+02 1.400000000000000000e+01 6.265269011110639497e+00
1.400000000000000000e+02 1.500000000000000000e+01 6.351027245740934468e+00
1.400000000000000000e+02 1.600000000000000000e+01 6.234937352114928721e+00
1.400000000000000000e+02 1.700000000000000000e+01 6.099900251982285582e+00
1.400000000000000000e+02 1.800000000000000000e+01 6.103288242034943245e+00
1.400000000000000000e+02 1.900000000000000000e+01 6.123438602427189181e+00
1.400000000000000000e+02 2.000000000000000000e+01 6.220057399374739227e+00
1.400000000000000000e+02 2.100000000000000000e+01 6.329567741153436344e+00
1.400000000000000000e+02 2.200000000000000000e+01 6.306709054392984015e+00
1.400000000000000000e+02 2.300000000000000000e+01 5.981100834497659058e+00
1.400000000000000000e+02 2.400000000000000000e+01 5.716082410602392194e+00
1.400000000000000000e+02 2.500000000000000000e+01 5.865008473858501326e+00
1.400000000000000000e+02 2.600000000000000000e+01 5.914054308677817673e+00
1.400000000000000000e+02 2.700000000000000000e+01 5.837073245310308245e+00
1.400000000000000000e+02 2.800000000000000000e+01 nan
1.400000000000000000e+02 2.900000000000000000e+01 nan
1.400000000000000000e+02 3.000000000000000000e+01 nan
1.400000000000000000e+02 3.100000000000000000e+01 nan
1.400000000000000000e+02 3.200000000000000000e+01 nan
1.410000000000000000e+02 6.000000000000000000e+00 6.012546719708529608e+00
1.410000000000000000e+02 7.000000000000000000e+00 5.929713550254941623e+00
1.410000000000000000e+02 8.000000000000000000e+00 5.892181667325615990e+00
1.410000000000000000e+02 9.000000000000000000e+00 5.917459992141482772e+00
1.410000000000000000e+02 1.000000000000000000e+01 5.992330418107543188e+00
1.410000000000000000e+02 1.100000000000000000e+01 6.139288500580375896e+00
1.410000000000000000e+02 1.200000000000000000e+01 6.217925879224424079e+00
1.410000000000000000e+02 1.300000000000000000e+01 6.187339476396654270e+00
1.410000000000000000e+02 1.400000000000000000e+01 6.262362269299668327e+00
1.410000000000000000e+02 1.500000000000000000e+01 6.351027245740934468e+00
1.410000000000000000e+02 1.600000000000000000e+01 6.235595841960488883e+00
1.410000000000000000e+02 1.700000000000000000e+01 6.160684097524672609e+00
1.410000000000000000e+02 1.800000000000000000e+01 6.252563633316125191e+00
1.410000000000000000e+02 1.900000000000000000e+01 6.257265423907237611e+00
1.410000000000000000e+02 2.000000000000000000e+01 6.278995023736530179e+00
1.410000000000000000e+02 2.100000000000000000e+01 6.379222047763709824e+00
1.410000000000000000e+02 2.200000000000000000e+01 6.376578417941451526e+00
1.410000000000000000e+02 2.300000000000000000e+01 6.022876541856764909e+00
1.410000000000000000e+02 2.400000000000000000e+01 5.749473156241626803e+00
1.410000000000000000e+02 2.500000000000000000e+01 5.862593000558298684e+00
1.410000000000000000e+02 2.600000000000000000e+01 5.919618543329193905e+00
1.410000000000000000e+02 2.700000000000000000e+01 nan
1.410000000000000000e+02 2.800000000000000000e+01 nan
1.410000000000000000e+02 2.900000000000000000e+01 nan
1.410000000000000000e+02 3.000000000000000000e+01 nan
1.410000000000000000e+02 3.100000000000000000e+01 nan
1.410000000000000000e+02 3.200000000000000000e+01 nan
1.420000000000000000e+02 6.000000000000000000e+00 nan
1.420000000000000000e+02 7.000000000000000000e+00 nan
1.420000000000000000e+02 8.000000000000000000e+00 nan
1.420000000000000000e+02 9.000000000000000000e+00 nan
1.420000000000000000e+02 1.000000000000000000e+01 nan
1.420000000000000000e+02 1.100000000000000000e+01 nan
1.420000000000000000e+02 1.200000000000000000e+01 nan
1.420000000000000000e+02 1.300000000000000000e+01 nan
1.420000000000000000e+02 1.400000000000000000e+01 nan
1.420000000000000000e+02 1.500000000000000000e+01 nan
1.420000000000000000e+02 1.600000000000000000e+01 nan
1.420000000000000000e+02 1.700000000000000000e+01 nan
1.420000000000000000e+02 1.800000000000000000e+01 nan
1.420000000000000000e+02 1.900000000000000000e+01 nan
1.420000000000000000e+02 2.000000000000000000e+01 nan
1.420000000000000000e+02 2.100000000000000000e+01 nan
1.420000000000000000e+02 2.200000000000000000e+01 nan
1.420000000000000000e+02 2.300000000000000000e+01 nan
1.420000000000000000e+02 2.400000000000000000e+01 nan
1.420000000000000000e+02 2.500000000000000000e+01 nan
1.420000000000000000e+02 2.600000000000000000e+01 nan
1.420000000000000000e+02 2.700000000000000000e+01 nan
1.420000000000000000e+02 2.800000000000000000e+01 nan
1.420000000000000000e+02 2.900000000000000000e+01 nan
1.420000000000000000e+02 3.000000000000000000e+01 nan
1.420000000000000000e+02 3.100000000000000000e+01 nan
1.420000000000000000e+02 3.200000000000000000e+01 nan
