Longitude[deg], Latitude[deg], Dust optical depth
-1.800000000000000000e+01 -1.500000000000000000e+01 nan
-1.800000000000000000e+01 -1.400000000000000000e+01 nan
-1.800000000000000000e+01 -1.300000000000000000e+01 nan
-1.800000000000000000e+01 -1.200000000000000000e+01 nan
-1.800000000000000000e+01 -1.100000000000000000e+01 nan
-1.800000000000000000e+01 -1.000000000000000000e+01 nan
-1.800000000000000000e+01 -9.000000000000000000e+00 nan
-1.800000000000000000e+01 -8.000000000000000000e+00 nan
-1.800000000000000000e+01 -7.000000000000000000e+00 nan
-1.800000000000000000e+01 -6.000000000000000000e+00 nan
-1.800000000000000000e+01 -5.000000000000000000e+00 nan
-1.800000000000000000e+01 -4.000000000000000000e+00 nan
-1.800000000000000000e+01 -3.000000000000000000e+00 nan
-1.800000000000000000e+01 -2.000000000000000000e+00 nan
-1.800000000000000000e+01 -1.000000000000000000e+00 nan
-1.800000000000000000e+01 0.000000000000000000e+00 nan
-1.800000000000000000e+01 1.000000000000000000e+00 nan
-1.700000000000000000e+01 -1.500000000000000000e+01 2.548590652820967417e+00
-1.700000000000000000e+01 -1.400000000000000000e+01 2.332108281945264761e+00
-1.700000000000000000e+01 -1.300000000000000000e+01 2.362266237114384992e+00
-1.700000000000000000e+01 -1.200000000000000000e+01 2.553463174859475604e+00
-1.700000000000000000e+01 -1.100000000000000000e+01 2.865931446267290905e+00
-1.700000000000000000e+01 -1.000000000000000000e+01 2.771055750180678068e+00
-1.700000000000000000e+01 -9.000000000000000000e+00 2.722026852697291055e+00
-1.700000000000000000e+01 -8.000000000000000000e+00 2.833815712644387474e+00
-1.700000000000000000e+01 -7.000000000000000000e+00 2.942821382044584322e+00
-1.700000000000000000e+01 -6.000000000000000000e+00 3.017342373379145126e+00
-1.700000000000000000e+01 -5.000000000000000000e+00 3.101416668440252877e+00
-1.700000000000000000e+01 -4.000000000000000000e+00 3.245305363022542355e+00
-1.700000000000000000e+01 -3.000000000000000000e+00 3.463363719447571487e+00
-1.700000000000000000e+01 -2.000000000000000000e+00 3.690258656704541895e+00
-1.700000000000000000e+01 -1.000000000000000000e+00 3.740218104454003711e+00
-1.700000000000000000e+01 0.000000000000000000e+00 3.781711341038807905e+00
-1.700000000000000000e+01 1.000000000000000000e+00 nan
-1.600000000000000000e+01 -1.500000000000000000e+01 2.536345744290454896e+00
-1.600000000000000000e+01 -1.400000000000000000e+01 2.378107523708434368e+00
-1.600000000000000000e+01 -1.300000000000000000e+01 2.361898990114387420e+00
-1.600000000000000000e+01 -1.200000000000000000e+01 2.514861450198270454e+00
-1.600000000000000000e+01 -1.100000000000000000e+01 2.785926841800529186e+00
-1.600000000000000000e+01 -1.000000000000000000e+01 2.739504682310140105e+00
-1.600000000000000000e+01 -9.000000000000000000e+00 2.667578543330386687e+00
-1.600000000000000000e+01 -8.000000000000000000e+00 2.745880671578686094e+00
-1.600000000000000000e+01 -7.000000000000000000e+00 2.900002152823554002e+00
-1.600000000000000000e+01 -6.000000000000000000e+00 3.067821638957985542e+00
-1.600000000000000000e+01 -5.000000000000000000e+00 3.142009930974359655e+00
-1.600000000000000000e+01 -4.000000000000000000e+00 3.404470667237057491e+00
-1.600000000000000000e+01 -3.000000000000000000e+00 3.479781803601337042e+00
-1.600000000000000000e+01 -2.000000000000000000e+00 3.623825026956590367e+00
-1.600000000000000000e+01 -1.000000000000000000e+00 3.661872785179904000e+00
-1.600000000000000000e+01 0.000000000000000000e+00 3.704274214759582851e+00
-1.600000000000000000e+01 1.000000000000000000e+00 3.811638130137061431e+00
-1.500000000000000000e+01 -1.500000000000000000e+01 2.534978594833257493e+00
-1.500000000000000000e+01 -1.400000000000000000e+01 2.395340357539030407e+00
-1.500000000000000000e+01 -1.300000000000000000e+01 2.361898990114387420e+00
-1.500000000000000000e+01 -1.200000000000000000e+01 2.505084976378030071e+00
-1.500000000000000000e+01 -1.100000000000000000e+01 2.558645133325846643e+00
-1.500000000000000000e+01 -1.000000000000000000e+01 2.719801588571880924e+00
-1.500000000000000000e+01 -9.000000000000000000e+00 2.571476212491302427e+00
-1.500000000000000000e+01 -8.000000000000000000e+00 2.684220847358611550e+00
-1.500000000000000000e+01 -7.000000000000000000e+00 2.882614437536827001e+00
-1.500000000000000000e+01 -6.000000000000000000e+00 3.072688353381523463e+00
-1.500000000000000000e+01 -5.000000000000000000e+00 3.196815885780548427e+00
-1.500000000000000000e+01 -4.000000000000000000e+00 3.452812428792521260e+00
-1.500000000000000000e+01 -3.000000000000000000e+00 3.506933038760400301e+00
-1.500000000000000000e+01 -2.000000000000000000e+00 3.444101089075324751e+00
-1.500000000000000000e+01 -1.000000000000000000e+00 3.404744131048827782e+00
-1.500000000000000000e+01 0.000000000000000000e+00 3.447140859366979004e+00
-1.500000000000000000e+01 1.000000000000000000e+00 nan
