Longitude[deg], Latitude[deg], Dust optical depth
-4.400000000000000000e+01 -4.000000000000000000e+00 nan
-4.400000000000000000e+01 -3.000000000000000000e+00 nan
-4.400000000000000000e+01 -2.000000000000000000e+00 nan
-4.400000000000000000e+01 -1.000000000000000000e+00 nan
-4.400000000000000000e+01 0.000000000000000000e+00 nan
-4.400000000000000000e+01 1.000000000000000000e+00 1.313936992364201917e+00
-4.400000000000000000e+01 2.000000000000000000e+00 1.369966617697296662e+00
-4.400000000000000000e+01 3.000000000000000000e+00 1.339438364379122337e+00
-4.400000000000000000e+01 4.000000000000000000e+00 1.235179146690875029e+00
-4.400000000000000000e+01 5.000000000000000000e+00 1.241006572858989188e+00
-4.400000000000000000e+01 6.000000000000000000e+00 1.361475180408424634e+00
-4.400000000000000000e+01 7.000000000000000000e+00 1.358235056731269985e+00
-4.400000000000000000e+01 8.000000000000000000e+00 1.359259217975451461e+00
-4.400000000000000000e+01 9.000000000000000000e+00 1.098058621993186712e+00
-4.400000000000000000e+01 1.000000000000000000e+01 8.906002983472657286e-01
-4.400000000000000000e+01 1.100000000000000000e+01 8.743277183661594121e-01
-4.300000000000000000e+01 -4.000000000000000000e+00 1.184830570507501957e+00
-4.300000000000000000e+01 -3.000000000000000000e+00 1.248213839371568046e+00
-4.300000000000000000e+01 -2.000000000000000000e+00 1.298778024155010646e+00
-4.300000000000000000e+01 -1.000000000000000000e+00 1.308627874210440023e+00
-4.300000000000000000e+01 0.000000000000000000e+00 1.342360208391040644e+00
-4.300000000000000000e+01 1.000000000000000000e+00 1.340780136668773714e+00
-4.300000000000000000e+01 2.000000000000000000e+00 1.377732976969881395e+00
-4.300000000000000000e+01 3.000000000000000000e+00 1.387106117976343089e+00
-4.300000000000000000e+01 4.000000000000000000e+00 1.284650573857645250e+00
-4.300000000000000000e+01 5.000000000000000000e+00 1.444429617235544194e+00
-4.300000000000000000e+01 6.000000000000000000e+00 1.379747790181426348e+00
-4.300000000000000000e+01 7.000000000000000000e+00 1.350469882085577833e+00
-4.300000000000000000e+01 8.000000000000000000e+00 1.347242950371774661e+00
-4.300000000000000000e+01 9.000000000000000000e+00 1.087491801168873007e+00
-4.300000000000000000e+01 1.000000000000000000e+01 8.871293990916976346e-01
-4.300000000000000000e+01 1.100000000000000000e+01 8.761926517254500224e-01
-4.200000000000000000e+01 -4.000000000000000000e+00 1.195985380932897080e+00
-4.200000000000000000e+01 -3.000000000000000000e+00 1.260537673736205067e+00
-4.200000000000000000e+01 -2.000000000000000000e+00 1.299872383140597831e+00
-4.200000000000000000e+01 -1.000000000000000000e+00 1.311362537271806072e+00
-4.200000000000000000e+01 0.000000000000000000e+00 1.342331303782705376e+00
-4.200000000000000000e+01 1.000000000000000000e+00 1.344658762456263812e+00
-4.200000000000000000e+01 2.000000000000000000e+00 1.385914314817843662e+00
-4.200000000000000000e+01 3.000000000000000000e+00 1.403570206670107456e+00
-4.200000000000000000e+01 4.000000000000000000e+00 1.395230129889651005e+00
-4.200000000000000000e+01 5.000000000000000000e+00 1.481747278669662604e+00
-4.200000000000000000e+01 6.000000000000000000e+00 1.393358760331294244e+00
-4.200000000000000000e+01 7.000000000000000000e+00 1.330064949019591491e+00
-4.200000000000000000e+01 8.000000000000000000e+00 1.105048286512321676e+00
-4.200000000000000000e+01 9.000000000000000000e+00 1.085615246669663803e+00
-4.200000000000000000e+01 1.000000000000000000e+01 8.907355959968842329e-01
-4.200000000000000000e+01 1.100000000000000000e+01 8.777252810755492574e-01
-4.100000000000000000e+01 -4.000000000000000000e+00 1.229080268305444701e+00
-4.100000000000000000e+01 -3.000000000000000000e+00 1.295511466119154464e+00
-4.100000000000000000e+01 -2.000000000000000000e+00 1.306109195223592812e+00
-4.100000000000000000e+01 -1.000000000000000000e+00 1.315476436474891209e+00
-4.100000000000000000e+01 0.000000000000000000e+00 1.340914072429833404e+00
-4.100000000000000000e+01 1.000000000000000000e+00 1.346241767145164303e+00
-4.100000000000000000e+01 2.000000000000000000e+00 1.404825843463795021e+00
-4.100000000000000000e+01 3.000000000000000000e+00 1.506157124024396277e+00
-4.100000000000000000e+01 4.000000000000000000e+00 1.520603870474960706e+00
-4.100000000000000000e+01 5.000000000000000000e+00 1.508683628265468535e+00
-4.100000000000000000e+01 6.000000000000000000e+00 1.421507513838115910e+00
-4.100000000000000000e+01 7.000000000000000000e+00 1.320332231615021445e+00
-4.100000000000000000e+01 8.000000000000000000e+00 1.099753163872883688e+00
-4.100000000000000000e+01 9.000000000000000000e+00 1.101747445742585763e+00
-4.100000000000000000e+01 1.000000000000000000e+01 9.147415973508613574e-01
-4.100000000000000000e+01 1.100000000000000000e+01 nan
