Longitude[deg], Latitude[deg], Dust optical depth
-2.600000000000000000e+01 -1.300000000000000000e+01 nan
-2.600000000000000000e+01 -1.200000000000000000e+01 nan
-2.600000000000000000e+01 -1.100000000000000000e+01 nan
-2.600000000000000000e+01 -1.000000000000000000e+01 nan
-2.600000000000000000e+01 -9.000000000000000000e+00 nan
-2.600000000000000000e+01 -8.000000000000000000e+00 nan
-2.600000000000000000e+01 -7.000000000000000000e+00 nan
-2.600000000000000000e+01 -6.000000000000000000e+00 nan
-2.600000000000000000e+01 -5.000000000000000000e+00 nan
-2.600000000000000000e+01 -4.000000000000000000e+00 nan
-2.600000000000000000e+01 -3.000000000000000000e+00 nan
-2.600000000000000000e+01 -2.000000000000000000e+00 4.646148290976199746e+00
-2.600000000000000000e+01 -1.000000000000000000e+00 4.600622089400637549e+00
-2.600000000000000000e+01 0.000000000000000000e+00 4.498641916121030704e+00
-2.600000000000000000e+01 1.000000000000000000e+00 4.462559797400253103e+00
-2.600000000000000000e+01 2.000000000000000000e+00 4.489359363031169892e+00
-2.600000000000000000e+01 3.000000000000000000e+00 4.483959987453317808e+00
-2.600000000000000000e+01 4.000000000000000000e+00 4.521089577564660011e+00
-2.600000000000000000e+01 5.000000000000000000e+00 4.752575292811078711e+00
-2.600000000000000000e+01 6.000000000000000000e+00 4.862577739331184645e+00
-2.600000000000000000e+01 7.000000000000000000e+00 4.835408482180188372e+00
-2.500000000000000000e+01 -1.300000000000000000e+01 4.930318532774685458e+00
-2.500000000000000000e+01 -1.200000000000000000e+01 4.946280912809136510e+00
-2.500000000000000000e+01 -1.100000000000000000e+01 4.917330896991925826e+00
-2.500000000000000000e+01 -1.000000000000000000e+01 4.761627260682540275e+00
-2.500000000000000000e+01 -9.000000000000000000e+00 4.586064393115473869e+00
-2.500000000000000000e+01 -8.000000000000000000e+00 4.567493762889020203e+00
-2.500000000000000000e+01 -7.000000000000000000e+00 4.541555399490758482e+00
-2.500000000000000000e+01 -6.000000000000000000e+00 4.430342072612851290e+00
-2.500000000000000000e+01 -5.000000000000000000e+00 4.387552937380501561e+00
-2.500000000000000000e+01 -4.000000000000000000e+00 4.376601862213758132e+00
-2.500000000000000000e+01 -3.000000000000000000e+00 4.394537506210407507e+00
-2.500000000000000000e+01 -2.000000000000000000e+00 4.545754423917960807e+00
-2.500000000000000000e+01 -1.000000000000000000e+00 4.608769181628608713e+00
-2.500000000000000000e+01 0.000000000000000000e+00 4.505887594976242916e+00
-2.500000000000000000e+01 1.000000000000000000e+00 4.436338108006562919e+00
-2.500000000000000000e+01 2.000000000000000000e+00 4.492806369370320851e+00
-2.500000000000000000e+01 3.000000000000000000e+00 4.512552027456647075e+00
-2.500000000000000000e+01 4.000000000000000000e+00 4.532185809479364558e+00
-2.500000000000000000e+01 5.000000000000000000e+00 4.699978358690711566e+00
-2.500000000000000000e+01 6.000000000000000000e+00 4.802187751922917691e+00
-2.500000000000000000e+01 7.000000000000000000e+00 4.805788786594026973e+00
-2.400000000000000000e+01 -1.300000000000000000e+01 4.838397411135563431e+00
-2.400000000000000000e+01 -1.200000000000000000e+01 4.848353264441326083e+00
-2.400000000000000000e+01 -1.100000000000000000e+01 4.880976275542086462e+00
-2.400000000000000000e+01 -1.000000000000000000e+01 4.750814462117301851e+00
-2.400000000000000000e+01 -9.000000000000000000e+00 4.580133007664242584e+00
-2.400000000000000000e+01 -8.000000000000000000e+00 4.554081222950371100e+00
-2.400000000000000000e+01 -7.000000000000000000e+00 4.525314520613057390e+00
-2.400000000000000000e+01 -6.000000000000000000e+00 4.399878481035575106e+00
-2.400000000000000000e+01 -5.000000000000000000e+00 4.367909702160607921e+00
-2.400000000000000000e+01 -4.000000000000000000e+00 4.416649597090529511e+00
-2.400000000000000000e+01 -3.000000000000000000e+00 4.442935896069792889e+00
-2.400000000000000000e+01 -2.000000000000000000e+00 4.544369087747422320e+00
-2.400000000000000000e+01 -1.000000000000000000e+00 4.591289661929586430e+00
-2.400000000000000000e+01 0.000000000000000000e+00 4.518278709044272645e+00
-2.400000000000000000e+01 1.000000000000000000e+00 4.446765084345165597e+00
-2.400000000000000000e+01 2.000000000000000000e+00 4.499994715476538509e+00
-2.400000000000000000e+01 3.000000000000000000e+00 4.533394981230766341e+00
-2.400000000000000000e+01 4.000000000000000000e+00 4.530730075652475541e+00
-2.400000000000000000e+01 5.000000000000000000e+00 4.606911926072426056e+00
-2.400000000000000000e+01 6.000000000000000000e+00 4.732122407770456896e+00
-2.400000000000000000e+01 7.000000000000000000e+00 4.769246052834596128e+00
-2.300000000000000000e+01 -1.300000000000000000e+01 4.786332432086449984e+00
-2.300000000000000000e+01 -1.200000000000000000e+01 4.792895723743699321e+00
-2.300000000000000000e+01 -1.100000000000000000e+01 4.808592748773655501e+00
-2.300000000000000000e+01 -1.000000000000000000e+01 4.727046001802285957e+00
-2.300000000000000000e+01 -9.000000000000000000e+00 4.554288690931350914e+00
-2.300000000000000000e+01 -8.000000000000000000e+00 4.534030779227508745e+00
-2.300000000000000000e+01 -7.000000000000000000e+00 4.521416196386597974e+00
-2.300000000000000000e+01 -6.000000000000000000e+00 4.362725253945272108e+00
-2.300000000000000000e+01 -5.000000000000000000e+00 4.334749719388826250e+00
-2.300000000000000000e+01 -4.000000000000000000e+00 4.445822266480740304e+00
-2.300000000000000000e+01 -3.000000000000000000e+00 4.506149860046569700e+00
-2.300000000000000000e+01 -2.000000000000000000e+00 4.542363575838250789e+00
-2.300000000000000000e+01 -1.000000000000000000e+00 4.566827175360521629e+00
-2.300000000000000000e+01 0.000000000000000000e+00 4.512640895906593563e+00
-2.300000000000000000e+01 1.000000000000000000e+00 4.459722050529657977e+00
-2.300000000000000000e+01 2.000000000000000000e+00 4.503302240288202363e+00
-2.300000000000000000e+01 3.000000000000000000e+00 4.527432275820034491e+00
-2.300000000000000000e+01 4.000000000000000000e+00 4.511780387342235521e+00
-2.300000000000000000e+01 5.000000000000000000e+00 4.576806817545964634e+00
-2.300000000000000000e+01 6.000000000000000000e+00 4.709084742992303063e+00
-2.300000000000000000e+01 7.000000000000000000e+00 4.763444684789081229e+00
-2.200000000000000000e+01 -1.300000000000000000e+01 4.727835004761937299e+00
-2.200000000000000000e+01 -1.200000000000000000e+01 4.721835977263279638e+00
-2.200000000000000000e+01 -1.100000000000000000e+01 4.716830216555797151e+00
-2.200000000000000000e+01 -1.000000000000000000e+01 4.664902792662213749e+00
-2.200000000000000000e+01 -9.000000000000000000e+00 4.493906906727321626e+00
-2.200000000000000000e+01 -8.000000000000000000e+00 4.501764867461189645e+00
-2.200000000000000000e+01 -7.000000000000000000e+00 4.549651166465944030e+00
-2.200000000000000000e+01 -6.000000000000000000e+00 4.345599443372627491e+00
-2.200000000000000000e+01 -5.000000000000000000e+00 4.273425747377868511e+00
-2.200000000000000000e+01 -4.000000000000000000e+00 4.428841471397102048e+00
-2.200000000000000000e+01 -3.000000000000000000e+00 4.516798652678678749e+00
-2.200000000000000000e+01 -2.000000000000000000e+00 4.509943305272391179e+00
-2.200000000000000000e+01 -1.000000000000000000e+00 4.525581632646284547e+00
-2.200000000000000000e+01 0.000000000000000000e+00 4.439360908259343930e+00
-2.200000000000000000e+01 1.000000000000000000e+00 4.423861888780249885e+00
-2.200000000000000000e+01 2.000000000000000000e+00 4.470112192698350917e+00
-2.200000000000000000e+01 3.000000000000000000e+00 4.427573701083582058e+00
-2.200000000000000000e+01 4.000000000000000000e+00 4.394163419673286164e+00
-2.200000000000000000e+01 5.000000000000000000e+00 4.425546017942906474e+00
-2.200000000000000000e+01 6.000000000000000000e+00 nan
-2.200000000000000000e+01 7.000000000000000000e+00 nan
