Longitude[deg], Latitude[deg], Dust optical depth
4.500000000000000000e+01 2.500000000000000000e+01 nan
4.500000000000000000e+01 2.600000000000000000e+01 nan
4.500000000000000000e+01 2.700000000000000000e+01 nan
4.500000000000000000e+01 2.800000000000000000e+01 nan
4.500000000000000000e+01 2.900000000000000000e+01 nan
4.500000000000000000e+01 3.000000000000000000e+01 nan
4.500000000000000000e+01 3.100000000000000000e+01 nan
4.500000000000000000e+01 3.200000000000000000e+01 nan
4.500000000000000000e+01 3.300000000000000000e+01 nan
4.500000000000000000e+01 3.400000000000000000e+01 nan
4.500000000000000000e+01 3.500000000000000000e+01 nan
4.500000000000000000e+01 3.600000000000000000e+01 nan
4.500000000000000000e+01 3.700000000000000000e+01 nan
4.500000000000000000e+01 3.800000000000000000e+01 nan
4.500000000000000000e+01 3.900000000000000000e+01 nan
4.500000000000000000e+01 4.000000000000000000e+01 nan
4.500000000000000000e+01 4.100000000000000000e+01 nan
4.500000000000000000e+01 4.200000000000000000e+01 nan
4.500000000000000000e+01 4.300000000000000000e+01 1.240164997422128268e+00
4.500000000000000000e+01 4.400000000000000000e+01 1.209390452529353510e+00
4.500000000000000000e+01 4.500000000000000000e+01 nan
4.600000000000000000e+01 2.500000000000000000e+01 nan
4.600000000000000000e+01 2.600000000000000000e+01 nan
4.600000000000000000e+01 2.700000000000000000e+01 nan
4.600000000000000000e+01 2.800000000000000000e+01 nan
4.600000000000000000e+01 2.900000000000000000e+01 nan
4.600000000000000000e+01 3.000000000000000000e+01 nan
4.600000000000000000e+01 3.100000000000000000e+01 nan
4.600000000000000000e+01 3.200000000000000000e+01 nan
4.600000000000000000e+01 3.300000000000000000e+01 nan
4.600000000000000000e+01 3.400000000000000000e+01 nan
4.600000000000000000e+01 3.500000000000000000e+01 nan
4.600000000000000000e+01 3.600000000000000000e+01 nan
4.600000000000000000e+01 3.700000000000000000e+01 nan
4.600000000000000000e+01 3.800000000000000000e+01 nan
4.600000000000000000e+01 3.900000000000000000e+01 1.182011880510302593e+00
4.600000000000000000e+01 4.000000000000000000e+01 1.190127125871341063e+00
4.600000000000000000e+01 4.100000000000000000e+01 1.175373943741927052e+00
4.600000000000000000e+01 4.200000000000000000e+01 1.170972480890859480e+00
4.600000000000000000e+01 4.300000000000000000e+01 1.209926468460402971e+00
4.600000000000000000e+01 4.400000000000000000e+01 1.194148500650064504e+00
4.600000000000000000e+01 4.500000000000000000e+01 1.138833793381492043e+00
4.700000000000000000e+01 2.500000000000000000e+01 nan
4.700000000000000000e+01 2.600000000000000000e+01 nan
4.700000000000000000e+01 2.700000000000000000e+01 nan
4.700000000000000000e+01 2.800000000000000000e+01 nan
4.700000000000000000e+01 2.900000000000000000e+01 nan
4.700000000000000000e+01 3.000000000000000000e+01 nan
4.700000000000000000e+01 3.100000000000000000e+01 nan
4.700000000000000000e+01 3.200000000000000000e+01 nan
4.700000000000000000e+01 3.300000000000000000e+01 1.190423732237660737e+00
4.700000000000000000e+01 3.400000000000000000e+01 1.168306008903042370e+00
4.700000000000000000e+01 3.500000000000000000e+01 1.162221052852397740e+00
4.700000000000000000e+01 3.600000000000000000e+01 1.146660649848868507e+00
4.700000000000000000e+01 3.700000000000000000e+01 1.158532375695130234e+00
4.700000000000000000e+01 3.800000000000000000e+01 1.179781015463041483e+00
4.700000000000000000e+01 3.900000000000000000e+01 1.188683739449063470e+00
4.700000000000000000e+01 4.000000000000000000e+01 1.179652959611557472e+00
4.700000000000000000e+01 4.100000000000000000e+01 1.168019611525059176e+00
4.700000000000000000e+01 4.200000000000000000e+01 1.174642136227455058e+00
4.700000000000000000e+01 4.300000000000000000e+01 1.215161773199441519e+00
4.700000000000000000e+01 4.400000000000000000e+01 1.203782003201864681e+00
4.700000000000000000e+01 4.500000000000000000e+01 1.142585659278574806e+00
4.800000000000000000e+01 2.500000000000000000e+01 nan
4.800000000000000000e+01 2.600000000000000000e+01 1.362797649370032227e+00
4.800000000000000000e+01 2.700000000000000000e+01 1.385720973615133911e+00
4.800000000000000000e+01 2.800000000000000000e+01 1.379309461576382789e+00
4.800000000000000000e+01 2.900000000000000000e+01 1.363957570586815438e+00
4.800000000000000000e+01 3.000000000000000000e+01 1.388791560642254064e+00
4.800000000000000000e+01 3.100000000000000000e+01 1.346353373132201714e+00
4.800000000000000000e+01 3.200000000000000000e+01 1.293026116430415318e+00
4.800000000000000000e+01 3.300000000000000000e+01 1.229434572033103246e+00
4.800000000000000000e+01 3.400000000000000000e+01 1.156494791555019441e+00
4.800000000000000000e+01 3.500000000000000000e+01 1.139877281055671654e+00
4.800000000000000000e+01 3.600000000000000000e+01 1.147275770194899458e+00
4.800000000000000000e+01 3.700000000000000000e+01 1.161082743267480399e+00
4.800000000000000000e+01 3.800000000000000000e+01 1.178927072556396283e+00
4.800000000000000000e+01 3.900000000000000000e+01 1.178291770789557269e+00
4.800000000000000000e+01 4.000000000000000000e+01 1.167955884070578376e+00
4.800000000000000000e+01 4.100000000000000000e+01 1.163538202004519295e+00
4.800000000000000000e+01 4.200000000000000000e+01 1.197180792320081233e+00
4.800000000000000000e+01 4.300000000000000000e+01 1.257411178062873169e+00
4.800000000000000000e+01 4.400000000000000000e+01 1.247656219334568384e+00
4.800000000000000000e+01 4.500000000000000000e+01 1.176980921497775778e+00
4.900000000000000000e+01 2.500000000000000000e+01 1.268491902863939202e+00
4.900000000000000000e+01 2.600000000000000000e+01 1.280152487615728862e+00
4.900000000000000000e+01 2.700000000000000000e+01 1.360498099567175823e+00
4.900000000000000000e+01 2.800000000000000000e+01 1.400572027576750811e+00
4.900000000000000000e+01 2.900000000000000000e+01 1.358830322290752290e+00
4.900000000000000000e+01 3.000000000000000000e+01 1.358440741955486253e+00
4.900000000000000000e+01 3.100000000000000000e+01 1.325955538294471880e+00
4.900000000000000000e+01 3.200000000000000000e+01 1.283068356770844298e+00
4.900000000000000000e+01 3.300000000000000000e+01 1.222901962643359930e+00
4.900000000000000000e+01 3.400000000000000000e+01 1.134915475631085968e+00
4.900000000000000000e+01 3.500000000000000000e+01 1.113821850640068334e+00
4.900000000000000000e+01 3.600000000000000000e+01 1.141307879512627910e+00
4.900000000000000000e+01 3.700000000000000000e+01 1.174293474683666849e+00
4.900000000000000000e+01 3.800000000000000000e+01 1.180439265481677991e+00
4.900000000000000000e+01 3.900000000000000000e+01 1.176043808061224327e+00
4.900000000000000000e+01 4.000000000000000000e+01 1.163870446695404182e+00
4.900000000000000000e+01 4.100000000000000000e+01 1.176533383478513883e+00
4.900000000000000000e+01 4.200000000000000000e+01 1.234802778228739184e+00
4.900000000000000000e+01 4.300000000000000000e+01 1.284045868019627168e+00
4.900000000000000000e+01 4.400000000000000000e+01 1.264412202254114881e+00
4.900000000000000000e+01 4.500000000000000000e+01 1.195110466971248675e+00
5.000000000000000000e+01 2.500000000000000000e+01 1.205330815473366846e+00
5.000000000000000000e+01 2.600000000000000000e+01 1.255070861136987626e+00
5.000000000000000000e+01 2.700000000000000000e+01 1.348374540394150056e+00
5.000000000000000000e+01 2.800000000000000000e+01 1.390360607844957075e+00
5.000000000000000000e+01 2.900000000000000000e+01 1.346674173629427651e+00
5.000000000000000000e+01 3.000000000000000000e+01 1.316406516109677405e+00
5.000000000000000000e+01 3.100000000000000000e+01 1.289712613056559043e+00
5.000000000000000000e+01 3.200000000000000000e+01 1.267767955312544936e+00
5.000000000000000000e+01 3.300000000000000000e+01 1.210018768003428669e+00
5.000000000000000000e+01 3.400000000000000000e+01 1.133894723300681084e+00
5.000000000000000000e+01 3.500000000000000000e+01 1.103093130481887174e+00
5.000000000000000000e+01 3.600000000000000000e+01 1.137825805665418022e+00
5.000000000000000000e+01 3.700000000000000000e+01 1.175189188657060901e+00
5.000000000000000000e+01 3.800000000000000000e+01 1.162855114622354025e+00
5.000000000000000000e+01 3.900000000000000000e+01 1.179746963893149259e+00
5.000000000000000000e+01 4.000000000000000000e+01 1.163832930610932515e+00
5.000000000000000000e+01 4.100000000000000000e+01 1.163754899627647443e+00
5.000000000000000000e+01 4.200000000000000000e+01 1.231081564866299161e+00
5.000000000000000000e+01 4.300000000000000000e+01 1.264412202254114881e+00
5.000000000000000000e+01 4.400000000000000000e+01 1.249059854016983051e+00
5.000000000000000000e+01 4.500000000000000000e+01 1.187961064697708125e+00
5.100000000000000000e+01 2.500000000000000000e+01 1.202859600079239533e+00
5.100000000000000000e+01 2.600000000000000000e+01 1.277289817901304581e+00
5.100000000000000000e+01 2.700000000000000000e+01 1.364210058401651660e+00
5.100000000000000000e+01 2.800000000000000000e+01 1.380920008107539010e+00
5.100000000000000000e+01 2.900000000000000000e+01 1.323101591956280298e+00
5.100000000000000000e+01 3.000000000000000000e+01 1.286105600547916339e+00
5.100000000000000000e+01 3.100000000000000000e+01 1.279870043149289760e+00
5.100000000000000000e+01 3.200000000000000000e+01 1.262843568178422249e+00
5.100000000000000000e+01 3.300000000000000000e+01 1.227066052979264077e+00
5.100000000000000000e+01 3.400000000000000000e+01 1.165742306048476173e+00
5.100000000000000000e+01 3.500000000000000000e+01 1.127689897089416471e+00
5.100000000000000000e+01 3.600000000000000000e+01 1.151520217925199097e+00
5.100000000000000000e+01 3.700000000000000000e+01 1.167948664364432343e+00
5.100000000000000000e+01 3.800000000000000000e+01 1.137339042527591770e+00
5.100000000000000000e+01 3.900000000000000000e+01 1.171700439507802782e+00
5.100000000000000000e+01 4.000000000000000000e+01 1.171600875300380817e+00
5.100000000000000000e+01 4.100000000000000000e+01 1.163420347703324254e+00
5.100000000000000000e+01 4.200000000000000000e+01 1.233496789337510169e+00
5.100000000000000000e+01 4.300000000000000000e+01 1.251675740808565696e+00
5.100000000000000000e+01 4.400000000000000000e+01 1.218519731034216846e+00
5.100000000000000000e+01 4.500000000000000000e+01 1.157233998602708702e+00
5.200000000000000000e+01 2.500000000000000000e+01 1.244760356571230631e+00
5.200000000000000000e+01 2.600000000000000000e+01 1.307168205998288091e+00
5.200000000000000000e+01 2.700000000000000000e+01 1.376860074382826093e+00
5.200000000000000000e+01 2.800000000000000000e+01 1.391697398534441410e+00
5.200000000000000000e+01 2.900000000000000000e+01 1.312809730189646862e+00
5.200000000000000000e+01 3.000000000000000000e+01 1.282624785525125821e+00
5.200000000000000000e+01 3.100000000000000000e+01 1.280093826261082812e+00
5.200000000000000000e+01 3.200000000000000000e+01 1.261225804453390165e+00
5.200000000000000000e+01 3.300000000000000000e+01 1.236106888503624823e+00
5.200000000000000000e+01 3.400000000000000000e+01 1.181973535384330809e+00
5.200000000000000000e+01 3.500000000000000000e+01 1.143280646939866863e+00
5.200000000000000000e+01 3.600000000000000000e+01 1.162346306580266608e+00
5.200000000000000000e+01 3.700000000000000000e+01 1.166402887252876441e+00
5.200000000000000000e+01 3.800000000000000000e+01 1.133041799853418574e+00
5.200000000000000000e+01 3.900000000000000000e+01 1.159941601000492595e+00
5.200000000000000000e+01 4.000000000000000000e+01 1.181259186426035335e+00
5.200000000000000000e+01 4.100000000000000000e+01 1.173463136489974801e+00
5.200000000000000000e+01 4.200000000000000000e+01 1.240718024868501912e+00
5.200000000000000000e+01 4.300000000000000000e+01 1.253490791434285656e+00
5.200000000000000000e+01 4.400000000000000000e+01 1.203450184452924621e+00
5.200000000000000000e+01 4.500000000000000000e+01 1.128019691993385143e+00
5.300000000000000000e+01 2.500000000000000000e+01 nan
5.300000000000000000e+01 2.600000000000000000e+01 1.273064805789913434e+00
5.300000000000000000e+01 2.700000000000000000e+01 1.343274074479837488e+00
5.300000000000000000e+01 2.800000000000000000e+01 1.407195807862311243e+00
5.300000000000000000e+01 2.900000000000000000e+01 nan
5.300000000000000000e+01 3.000000000000000000e+01 nan
5.300000000000000000e+01 3.100000000000000000e+01 nan
5.300000000000000000e+01 3.200000000000000000e+01 nan
5.300000000000000000e+01 3.300000000000000000e+01 nan
5.300000000000000000e+01 3.400000000000000000e+01 nan
5.300000000000000000e+01 3.500000000000000000e+01 nan
5.300000000000000000e+01 3.600000000000000000e+01 nan
5.300000000000000000e+01 3.700000000000000000e+01 nan
5.300000000000000000e+01 3.800000000000000000e+01 nan
5.300000000000000000e+01 3.900000000000000000e+01 nan
5.300000000000000000e+01 4.000000000000000000e+01 nan
5.300000000000000000e+01 4.100000000000000000e+01 nan
5.300000000000000000e+01 4.200000000000000000e+01 nan
5.300000000000000000e+01 4.300000000000000000e+01 nan
5.300000000000000000e+01 4.400000000000000000e+01 nan
5.300000000000000000e+01 4.500000000000000000e+01 nan
