Longitude[deg], Latitude[deg], Dust optical depth
5.400000000000000000e+01 -3.300000000000000000e+01 1.139347810266146288e+00
5.400000000000000000e+01 -3.200000000000000000e+01 1.169099410508152692e+00
5.400000000000000000e+01 -3.100000000000000000e+01 1.162336944799929661e+00
5.400000000000000000e+01 -3.000000000000000000e+01 1.386369160389508526e+00
5.400000000000000000e+01 -2.900000000000000000e+01 1.457741460440779457e+00
5.400000000000000000e+01 -2.800000000000000000e+01 1.565324669732801377e+00
5.400000000000000000e+01 -2.700000000000000000e+01 1.536359435810215501e+00
5.400000000000000000e+01 -2.600000000000000000e+01 1.526334943128631050e+00
5.400000000000000000e+01 -2.500000000000000000e+01 1.513010840143445668e+00
5.400000000000000000e+01 -2.400000000000000000e+01 1.460705243737572046e+00
5.400000000000000000e+01 -2.300000000000000000e+01 1.429435978358421844e+00
5.400000000000000000e+01 -2.200000000000000000e+01 1.477649290935279414e+00
5.400000000000000000e+01 -2.100000000000000000e+01 1.480971943663585977e+00
5.400000000000000000e+01 -2.000000000000000000e+01 1.371945581660349633e+00
5.400000000000000000e+01 -1.900000000000000000e+01 1.299408922899020657e+00
5.400000000000000000e+01 -1.800000000000000000e+01 1.229452807858323116e+00
5.400000000000000000e+01 -1.700000000000000000e+01 1.342943274586833269e+00
5.400000000000000000e+01 -1.600000000000000000e+01 1.354140210753759677e+00
5.400000000000000000e+01 -1.500000000000000000e+01 1.399737432689992067e+00
5.400000000000000000e+01 -1.400000000000000000e+01 1.411613211890846431e+00
5.400000000000000000e+01 -1.300000000000000000e+01 1.271097010654210102e+00
5.400000000000000000e+01 -1.200000000000000000e+01 9.520413104044572750e-01
5.400000000000000000e+01 -1.100000000000000000e+01 7.874148369411042570e-01
5.400000000000000000e+01 -1.000000000000000000e+01 7.687776055408225284e-01
5.400000000000000000e+01 -9.000000000000000000e+00 8.859400470818461493e-01
5.400000000000000000e+01 -8.000000000000000000e+00 1.183331305837557634e+00
5.400000000000000000e+01 -7.000000000000000000e+00 1.290765280872477438e+00
5.400000000000000000e+01 -6.000000000000000000e+00 nan
5.500000000000000000e+01 -3.300000000000000000e+01 1.139347810266146288e+00
5.500000000000000000e+01 -3.200000000000000000e+01 1.169099410508152692e+00
5.500000000000000000e+01 -3.100000000000000000e+01 1.162336944799929661e+00
5.500000000000000000e+01 -3.000000000000000000e+01 1.386369160389508526e+00
5.500000000000000000e+01 -2.900000000000000000e+01 1.457741460440779457e+00
5.500000000000000000e+01 -2.800000000000000000e+01 1.565324669732801377e+00
5.500000000000000000e+01 -2.700000000000000000e+01 1.536359435810215501e+00
5.500000000000000000e+01 -2.600000000000000000e+01 1.526334943128631050e+00
5.500000000000000000e+01 -2.500000000000000000e+01 1.513010840143445668e+00
5.500000000000000000e+01 -2.400000000000000000e+01 1.460705243737572046e+00
5.500000000000000000e+01 -2.300000000000000000e+01 1.429435978358421844e+00
5.500000000000000000e+01 -2.200000000000000000e+01 1.477649290935279414e+00
5.500000000000000000e+01 -2.100000000000000000e+01 1.480971943663585977e+00
5.500000000000000000e+01 -2.000000000000000000e+01 1.371945581660349633e+00
5.500000000000000000e+01 -1.900000000000000000e+01 1.299408922899020657e+00
5.500000000000000000e+01 -1.800000000000000000e+01 1.229452807858323116e+00
5.500000000000000000e+01 -1.700000000000000000e+01 1.342943274586833269e+00
5.500000000000000000e+01 -1.600000000000000000e+01 1.354140210753759677e+00
5.500000000000000000e+01 -1.500000000000000000e+01 1.399737432689992067e+00
5.500000000000000000e+01 -1.400000000000000000e+01 1.411613211890846431e+00
5.500000000000000000e+01 -1.300000000000000000e+01 1.271097010654210102e+00
5.500000000000000000e+01 -1.200000000000000000e+01 9.520413104044572750e-01
5.500000000000000000e+01 -1.100000000000000000e+01 7.874148369411042570e-01
5.500000000000000000e+01 -1.000000000000000000e+01 7.687776055408225284e-01
5.500000000000000000e+01 -9.000000000000000000e+00 8.859400470818461493e-01
5.500000000000000000e+01 -8.000000000000000000e+00 1.183331305837557634e+00
5.500000000000000000e+01 -7.000000000000000000e+00 1.290765280872477438e+00
5.500000000000000000e+01 -6.000000000000000000e+00 nan
