Longitude[deg], Latitude[deg], Dust optical depth
-5.100000000000000000e+01 2.700000000000000000e+01 nan
-5.100000000000000000e+01 2.800000000000000000e+01 nan
-5.100000000000000000e+01 2.900000000000000000e+01 nan
-5.100000000000000000e+01 3.000000000000000000e+01 nan
-5.100000000000000000e+01 3.100000000000000000e+01 nan
-5.100000000000000000e+01 3.200000000000000000e+01 nan
-5.100000000000000000e+01 3.300000000000000000e+01 nan
-5.100000000000000000e+01 3.400000000000000000e+01 nan
-5.100000000000000000e+01 3.500000000000000000e+01 nan
-5.100000000000000000e+01 3.600000000000000000e+01 nan
-5.100000000000000000e+01 3.700000000000000000e+01 nan
-5.100000000000000000e+01 3.800000000000000000e+01 nan
-5.100000000000000000e+01 3.900000000000000000e+01 nan
-5.100000000000000000e+01 4.000000000000000000e+01 nan
-5.100000000000000000e+01 4.100000000000000000e+01 nan
-5.100000000000000000e+01 4.200000000000000000e+01 nan
-5.100000000000000000e+01 4.300000000000000000e+01 nan
-5.100000000000000000e+01 4.400000000000000000e+01 nan
-5.100000000000000000e+01 4.500000000000000000e+01 nan
-5.100000000000000000e+01 4.600000000000000000e+01 nan
-5.100000000000000000e+01 4.700000000000000000e+01 nan
-5.000000000000000000e+01 2.700000000000000000e+01 nan
-5.000000000000000000e+01 2.800000000000000000e+01 nan
-5.000000000000000000e+01 2.900000000000000000e+01 nan
-5.000000000000000000e+01 3.000000000000000000e+01 nan
-5.000000000000000000e+01 3.100000000000000000e+01 nan
-5.000000000000000000e+01 3.200000000000000000e+01 nan
-5.000000000000000000e+01 3.300000000000000000e+01 nan
-5.000000000000000000e+01 3.400000000000000000e+01 nan
-5.000000000000000000e+01 3.500000000000000000e+01 nan
-5.000000000000000000e+01 3.600000000000000000e+01 nan
-5.000000000000000000e+01 3.700000000000000000e+01 nan
-5.000000000000000000e+01 3.800000000000000000e+01 nan
-5.000000000000000000e+01 3.900000000000000000e+01 nan
-5.000000000000000000e+01 4.000000000000000000e+01 nan
-5.000000000000000000e+01 4.100000000000000000e+01 1.548567176630021025e-01
-5.000000000000000000e+01 4.200000000000000000e+01 1.960496738622604651e-01
-5.000000000000000000e+01 4.300000000000000000e+01 nan
-5.000000000000000000e+01 4.400000000000000000e+01 nan
-5.000000000000000000e+01 4.500000000000000000e+01 nan
-5.000000000000000000e+01 4.600000000000000000e+01 nan
-5.000000000000000000e+01 4.700000000000000000e+01 nan
-4.900000000000000000e+01 2.700000000000000000e+01 nan
-4.900000000000000000e+01 2.800000000000000000e+01 nan
-4.900000000000000000e+01 2.900000000000000000e+01 nan
-4.900000000000000000e+01 3.000000000000000000e+01 nan
-4.900000000000000000e+01 3.100000000000000000e+01 nan
-4.900000000000000000e+01 3.200000000000000000e+01 nan
-4.900000000000000000e+01 3.300000000000000000e+01 nan
-4.900000000000000000e+01 3.400000000000000000e+01 1.428816668331778783e-01
-4.900000000000000000e+01 3.500000000000000000e+01 1.428223362645492656e-01
-4.900000000000000000e+01 3.600000000000000000e+01 1.066004257008405232e-01
-4.900000000000000000e+01 3.700000000000000000e+01 7.066111900305101223e-02
-4.900000000000000000e+01 3.800000000000000000e+01 1.056993133721983169e-01
-4.900000000000000000e+01 3.900000000000000000e+01 1.297932264111918976e-01
-4.900000000000000000e+01 4.000000000000000000e+01 1.419926084145388123e-01
-4.900000000000000000e+01 4.100000000000000000e+01 2.179119883745399555e-01
-4.900000000000000000e+01 4.200000000000000000e+01 2.416470455578681731e-01
-4.900000000000000000e+01 4.300000000000000000e+01 nan
-4.900000000000000000e+01 4.400000000000000000e+01 nan
-4.900000000000000000e+01 4.500000000000000000e+01 nan
-4.900000000000000000e+01 4.600000000000000000e+01 nan
-4.900000000000000000e+01 4.700000000000000000e+01 nan
-4.800000000000000000e+01 2.700000000000000000e+01 nan
-4.800000000000000000e+01 2.800000000000000000e+01 1.878519722973612249e-01
-4.800000000000000000e+01 2.900000000000000000e+01 1.472511817071729401e-01
-4.800000000000000000e+01 3.000000000000000000e+01 9.864536906891464840e-02
-4.800000000000000000e+01 3.100000000000000000e+01 9.476080252375801427e-02
-4.800000000000000000e+01 3.200000000000000000e+01 1.525592537260338777e-01
-4.800000000000000000e+01 3.300000000000000000e+01 1.312794102570047083e-01
-4.800000000000000000e+01 3.400000000000000000e+01 1.314755940679668000e-01
-4.800000000000000000e+01 3.500000000000000000e+01 1.430276781798546226e-01
-4.800000000000000000e+01 3.600000000000000000e+01 1.185089091571672887e-01
-4.800000000000000000e+01 3.700000000000000000e+01 8.176711999442122514e-02
-4.800000000000000000e+01 3.800000000000000000e+01 1.056857061743640969e-01
-4.800000000000000000e+01 3.900000000000000000e+01 1.302666833130873558e-01
-4.800000000000000000e+01 4.000000000000000000e+01 1.676711835307259646e-01
-4.800000000000000000e+01 4.100000000000000000e+01 2.344810032686557022e-01
-4.800000000000000000e+01 4.200000000000000000e+01 2.942531589635148936e-01
-4.800000000000000000e+01 4.300000000000000000e+01 nan
-4.800000000000000000e+01 4.400000000000000000e+01 nan
-4.800000000000000000e+01 4.500000000000000000e+01 nan
-4.800000000000000000e+01 4.600000000000000000e+01 nan
-4.800000000000000000e+01 4.700000000000000000e+01 nan
-4.700000000000000000e+01 2.700000000000000000e+01 1.873452915847143574e-01
-4.700000000000000000e+01 2.800000000000000000e+01 1.760532923457479304e-01
-4.700000000000000000e+01 2.900000000000000000e+01 1.304690782810656868e-01
-4.700000000000000000e+01 3.000000000000000000e+01 1.057152152938237166e-01
-4.700000000000000000e+01 3.100000000000000000e+01 9.483460494671575036e-02
-4.700000000000000000e+01 3.200000000000000000e+01 1.287436768665034537e-01
-4.700000000000000000e+01 3.300000000000000000e+01 1.287300670418066173e-01
-4.700000000000000000e+01 3.400000000000000000e+01 1.314579932425725128e-01
-4.700000000000000000e+01 3.500000000000000000e+01 1.431839025319897318e-01
-4.700000000000000000e+01 3.600000000000000000e+01 1.190577641643621037e-01
-4.700000000000000000e+01 3.700000000000000000e+01 8.271031627856877122e-02
-4.700000000000000000e+01 3.800000000000000000e+01 1.062799880698965388e-01
-4.700000000000000000e+01 3.900000000000000000e+01 1.625692316496956669e-01
-4.700000000000000000e+01 4.000000000000000000e+01 2.062367553210395499e-01
-4.700000000000000000e+01 4.100000000000000000e+01 2.584158025189037811e-01
-4.700000000000000000e+01 4.200000000000000000e+01 2.948858444519650845e-01
-4.700000000000000000e+01 4.300000000000000000e+01 nan
-4.700000000000000000e+01 4.400000000000000000e+01 nan
-4.700000000000000000e+01 4.500000000000000000e+01 nan
-4.700000000000000000e+01 4.600000000000000000e+01 nan
-4.700000000000000000e+01 4.700000000000000000e+01 nan
-4.600000000000000000e+01 2.700000000000000000e+01 1.771769139438870433e-01
-4.600000000000000000e+01 2.800000000000000000e+01 1.763400422345774987e-01
-4.600000000000000000e+01 2.900000000000000000e+01 1.298135336084096092e-01
-4.600000000000000000e+01 3.000000000000000000e+01 1.061022470752346486e-01
-4.600000000000000000e+01 3.100000000000000000e+01 9.541175764718522190e-02
-4.600000000000000000e+01 3.200000000000000000e+01 1.530536284751465304e-01
-4.600000000000000000e+01 3.300000000000000000e+01 1.409225964002182585e-01
-4.600000000000000000e+01 3.400000000000000000e+01 1.312971163892077686e-01
-4.600000000000000000e+01 3.500000000000000000e+01 1.426762753104316439e-01
-4.600000000000000000e+01 3.600000000000000000e+01 1.303493419377217410e-01
-4.600000000000000000e+01 3.700000000000000000e+01 9.398276674500706529e-02
-4.600000000000000000e+01 3.800000000000000000e+01 1.345391383759615700e-01
-4.600000000000000000e+01 3.900000000000000000e+01 2.173032108998950718e-01
-4.600000000000000000e+01 4.000000000000000000e+01 2.562791739391038770e-01
-4.600000000000000000e+01 4.100000000000000000e+01 2.692045139905822060e-01
-4.600000000000000000e+01 4.200000000000000000e+01 2.579454069219707657e-01
-4.600000000000000000e+01 4.300000000000000000e+01 nan
-4.600000000000000000e+01 4.400000000000000000e+01 nan
-4.600000000000000000e+01 4.500000000000000000e+01 nan
-4.600000000000000000e+01 4.600000000000000000e+01 nan
-4.600000000000000000e+01 4.700000000000000000e+01 nan
-4.500000000000000000e+01 2.700000000000000000e+01 1.788980651163961932e-01
-4.500000000000000000e+01 2.800000000000000000e+01 1.789617380081395259e-01
-4.500000000000000000e+01 2.900000000000000000e+01 1.527516048858084674e-01
-4.500000000000000000e+01 3.000000000000000000e+01 1.074005942804184682e-01
-4.500000000000000000e+01 3.100000000000000000e+01 9.629728863328534949e-02
-4.500000000000000000e+01 3.200000000000000000e+01 1.530712954298324158e-01
-4.500000000000000000e+01 3.300000000000000000e+01 1.436873217641924938e-01
-4.500000000000000000e+01 3.400000000000000000e+01 1.310033166012518069e-01
-4.500000000000000000e+01 3.500000000000000000e+01 1.426422719392038407e-01
-4.500000000000000000e+01 3.600000000000000000e+01 1.448001615913734885e-01
-4.500000000000000000e+01 3.700000000000000000e+01 1.606280763125320921e-01
-4.500000000000000000e+01 3.800000000000000000e+01 1.998464486126504958e-01
-4.500000000000000000e+01 3.900000000000000000e+01 2.642444678502882116e-01
-4.500000000000000000e+01 4.000000000000000000e+01 2.715078530947178659e-01
-4.500000000000000000e+01 4.100000000000000000e+01 2.772539397852506471e-01
-4.500000000000000000e+01 4.200000000000000000e+01 2.821224409305941316e-01
-4.500000000000000000e+01 4.300000000000000000e+01 nan
-4.500000000000000000e+01 4.400000000000000000e+01 nan
-4.500000000000000000e+01 4.500000000000000000e+01 nan
-4.500000000000000000e+01 4.600000000000000000e+01 nan
-4.500000000000000000e+01 4.700000000000000000e+01 nan
-4.400000000000000000e+01 2.700000000000000000e+01 1.796697347365203978e-01
-4.400000000000000000e+01 2.800000000000000000e+01 1.798730283527706364e-01
-4.400000000000000000e+01 2.900000000000000000e+01 1.646349397823644589e-01
-4.400000000000000000e+01 3.000000000000000000e+01 1.193589859449579182e-01
-4.400000000000000000e+01 3.100000000000000000e+01 9.594816259994055907e-02
-4.400000000000000000e+01 3.200000000000000000e+01 1.230831113306622704e-01
-4.400000000000000000e+01 3.300000000000000000e+01 1.432295893759570338e-01
-4.400000000000000000e+01 3.400000000000000000e+01 1.302407336529795012e-01
-4.400000000000000000e+01 3.500000000000000000e+01 1.524186314620215033e-01
-4.400000000000000000e+01 3.600000000000000000e+01 1.631799497490603879e-01
-4.400000000000000000e+01 3.700000000000000000e+01 1.937286662771551815e-01
-4.400000000000000000e+01 3.800000000000000000e+01 2.348366029818391154e-01
-4.400000000000000000e+01 3.900000000000000000e+01 2.620001955812835681e-01
-4.400000000000000000e+01 4.000000000000000000e+01 2.682491522087215863e-01
-4.400000000000000000e+01 4.100000000000000000e+01 2.878523918060104103e-01
-4.400000000000000000e+01 4.200000000000000000e+01 3.225186359526072688e-01
-4.400000000000000000e+01 4.300000000000000000e+01 nan
-4.400000000000000000e+01 4.400000000000000000e+01 nan
-4.400000000000000000e+01 4.500000000000000000e+01 nan
-4.400000000000000000e+01 4.600000000000000000e+01 nan
-4.400000000000000000e+01 4.700000000000000000e+01 nan
-4.300000000000000000e+01 2.700000000000000000e+01 nan
-4.300000000000000000e+01 2.800000000000000000e+01 nan
-4.300000000000000000e+01 2.900000000000000000e+01 nan
-4.300000000000000000e+01 3.000000000000000000e+01 nan
-4.300000000000000000e+01 3.100000000000000000e+01 nan
-4.300000000000000000e+01 3.200000000000000000e+01 nan
-4.300000000000000000e+01 3.300000000000000000e+01 nan
-4.300000000000000000e+01 3.400000000000000000e+01 nan
-4.300000000000000000e+01 3.500000000000000000e+01 nan
-4.300000000000000000e+01 3.600000000000000000e+01 nan
-4.300000000000000000e+01 3.700000000000000000e+01 nan
-4.300000000000000000e+01 3.800000000000000000e+01 nan
-4.300000000000000000e+01 3.900000000000000000e+01 nan
-4.300000000000000000e+01 4.000000000000000000e+01 nan
-4.300000000000000000e+01 4.100000000000000000e+01 nan
-4.300000000000000000e+01 4.200000000000000000e+01 nan
-4.300000000000000000e+01 4.300000000000000000e+01 nan
-4.300000000000000000e+01 4.400000000000000000e+01 nan
-4.300000000000000000e+01 4.500000000000000000e+01 nan
-4.300000000000000000e+01 4.600000000000000000e+01 nan
-4.300000000000000000e+01 4.700000000000000000e+01 nan
