Longitude[deg], Latitude[deg], Dust optical depth
-1.640000000000000000e+02 3.000000000000000000e+00 nan
-1.640000000000000000e+02 4.000000000000000000e+00 nan
-1.640000000000000000e+02 5.000000000000000000e+00 nan
-1.640000000000000000e+02 6.000000000000000000e+00 nan
-1.640000000000000000e+02 7.000000000000000000e+00 nan
-1.640000000000000000e+02 8.000000000000000000e+00 nan
-1.640000000000000000e+02 9.000000000000000000e+00 nan
-1.640000000000000000e+02 1.000000000000000000e+01 nan
-1.640000000000000000e+02 1.100000000000000000e+01 nan
-1.640000000000000000e+02 1.200000000000000000e+01 nan
-1.640000000000000000e+02 1.300000000000000000e+01 nan
-1.640000000000000000e+02 1.400000000000000000e+01 nan
-1.640000000000000000e+02 1.500000000000000000e+01 nan
-1.640000000000000000e+02 1.600000000000000000e+01 nan
-1.640000000000000000e+02 1.700000000000000000e+01 nan
-1.640000000000000000e+02 1.800000000000000000e+01 nan
-1.640000000000000000e+02 1.900000000000000000e+01 nan
-1.640000000000000000e+02 2.000000000000000000e+01 nan
-1.640000000000000000e+02 2.100000000000000000e+01 nan
-1.640000000000000000e+02 2.200000000000000000e+01 nan
-1.640000000000000000e+02 2.300000000000000000e+01 nan
-1.640000000000000000e+02 2.400000000000000000e+01 nan
-1.640000000000000000e+02 2.500000000000000000e+01 nan
-1.640000000000000000e+02 2.600000000000000000e+01 nan
-1.640000000000000000e+02 2.700000000000000000e+01 nan
-1.640000000000000000e+02 2.800000000000000000e+01 nan
-1.640000000000000000e+02 2.900000000000000000e+01 nan
-1.640000000000000000e+02 3.000000000000000000e+01 nan
-1.630000000000000000e+02 3.000000000000000000e+00 nan
-1.630000000000000000e+02 4.000000000000000000e+00 nan
-1.630000000000000000e+02 5.000000000000000000e+00 nan
-1.630000000000000000e+02 6.000000000000000000e+00 nan
-1.630000000000000000e+02 7.000000000000000000e+00 nan
-1.630000000000000000e+02 8.000000000000000000e+00 nan
-1.630000000000000000e+02 9.000000000000000000e+00 nan
-1.630000000000000000e+02 1.000000000000000000e+01 nan
-1.630000000000000000e+02 1.100000000000000000e+01 nan
-1.630000000000000000e+02 1.200000000000000000e+01 nan
-1.630000000000000000e+02 1.300000000000000000e+01 nan
-1.630000000000000000e+02 1.400000000000000000e+01 nan
-1.630000000000000000e+02 1.500000000000000000e+01 nan
-1.630000000000000000e+02 1.600000000000000000e+01 nan
-1.630000000000000000e+02 1.700000000000000000e+01 nan
-1.630000000000000000e+02 1.800000000000000000e+01 nan
-1.630000000000000000e+02 1.900000000000000000e+01 nan
-1.630000000000000000e+02 2.000000000000000000e+01 nan
-1.630000000000000000e+02 2.100000000000000000e+01 nan
-1.630000000000000000e+02 2.200000000000000000e+01 nan
-1.630000000000000000e+02 2.300000000000000000e+01 nan
-1.630000000000000000e+02 2.400000000000000000e+01 nan
-1.630000000000000000e+02 2.500000000000000000e+01 nan
-1.630000000000000000e+02 2.600000000000000000e+01 nan
-1.630000000000000000e+02 2.700000000000000000e+01 nan
-1.630000000000000000e+02 2.800000000000000000e+01 nan
-1.630000000000000000e+02 2.900000000000000000e+01 nan
-1.630000000000000000e+02 3.000000000000000000e+01 nan
-1.620000000000000000e+02 3.000000000000000000e+00 nan
-1.620000000000000000e+02 4.000000000000000000e+00 nan
-1.620000000000000000e+02 5.000000000000000000e+00 nan
-1.620000000000000000e+02 6.000000000000000000e+00 nan
-1.620000000000000000e+02 7.000000000000000000e+00 nan
-1.620000000000000000e+02 8.000000000000000000e+00 nan
-1.620000000000000000e+02 9.000000000000000000e+00 nan
-1.620000000000000000e+02 1.000000000000000000e+01 nan
-1.620000000000000000e+02 1.100000000000000000e+01 nan
-1.620000000000000000e+02 1.200000000000000000e+01 nan
-1.620000000000000000e+02 1.300000000000000000e+01 nan
-1.620000000000000000e+02 1.400000000000000000e+01 nan
-1.620000000000000000e+02 1.500000000000000000e+01 nan
-1.620000000000000000e+02 1.600000000000000000e+01 nan
-1.620000000000000000e+02 1.700000000000000000e+01 nan
-1.620000000000000000e+02 1.800000000000000000e+01 nan
-1.620000000000000000e+02 1.900000000000000000e+01 5.829634874566063552e+00
-1.620000000000000000e+02 2.000000000000000000e+01 5.877438141826623053e+00
-1.620000000000000000e+02 2.100000000000000000e+01 5.882919770522024194e+00
-1.620000000000000000e+02 2.200000000000000000e+01 5.718400281405140007e+00
-1.620000000000000000e+02 2.300000000000000000e+01 5.662693211854848307e+00
-1.620000000000000000e+02 2.400000000000000000e+01 5.701073171908177528e+00
-1.620000000000000000e+02 2.500000000000000000e+01 5.651036463167576684e+00
-1.620000000000000000e+02 2.600000000000000000e+01 nan
-1.620000000000000000e+02 2.700000000000000000e+01 nan
-1.620000000000000000e+02 2.800000000000000000e+01 nan
-1.620000000000000000e+02 2.900000000000000000e+01 nan
-1.620000000000000000e+02 3.000000000000000000e+01 nan
-1.610000000000000000e+02 3.000000000000000000e+00 nan
-1.610000000000000000e+02 4.000000000000000000e+00 nan
-1.610000000000000000e+02 5.000000000000000000e+00 nan
-1.610000000000000000e+02 6.000000000000000000e+00 nan
-1.610000000000000000e+02 7.000000000000000000e+00 nan
-1.610000000000000000e+02 8.000000000000000000e+00 nan
-1.610000000000000000e+02 9.000000000000000000e+00 nan
-1.610000000000000000e+02 1.000000000000000000e+01 nan
-1.610000000000000000e+02 1.100000000000000000e+01 nan
-1.610000000000000000e+02 1.200000000000000000e+01 nan
-1.610000000000000000e+02 1.300000000000000000e+01 6.219212598277865212e+00
-1.610000000000000000e+02 1.400000000000000000e+01 6.017389448517101336e+00
-1.610000000000000000e+02 1.500000000000000000e+01 5.987376255493762400e+00
-1.610000000000000000e+02 1.600000000000000000e+01 6.059563653076370571e+00
-1.610000000000000000e+02 1.700000000000000000e+01 6.054825473205988295e+00
-1.610000000000000000e+02 1.800000000000000000e+01 5.879409330541101042e+00
-1.610000000000000000e+02 1.900000000000000000e+01 5.734694215259878547e+00
-1.610000000000000000e+02 2.000000000000000000e+01 5.797833847777709160e+00
-1.610000000000000000e+02 2.100000000000000000e+01 5.839108320963070753e+00
-1.610000000000000000e+02 2.200000000000000000e+01 5.687766703086133191e+00
-1.610000000000000000e+02 2.300000000000000000e+01 5.603929828706435856e+00
-1.610000000000000000e+02 2.400000000000000000e+01 5.616377084644256890e+00
-1.610000000000000000e+02 2.500000000000000000e+01 5.596858489790217384e+00
-1.610000000000000000e+02 2.600000000000000000e+01 nan
-1.610000000000000000e+02 2.700000000000000000e+01 nan
-1.610000000000000000e+02 2.800000000000000000e+01 nan
-1.610000000000000000e+02 2.900000000000000000e+01 nan
-1.610000000000000000e+02 3.000000000000000000e+01 nan
-1.600000000000000000e+02 3.000000000000000000e+00 nan
-1.600000000000000000e+02 4.000000000000000000e+00 nan
-1.600000000000000000e+02 5.000000000000000000e+00 nan
-1.600000000000000000e+02 6.000000000000000000e+00 5.886059947386134361e+00
-1.600000000000000000e+02 7.000000000000000000e+00 6.094920465285695421e+00
-1.600000000000000000e+02 8.000000000000000000e+00 6.151636691640597121e+00
-1.600000000000000000e+02 9.000000000000000000e+00 6.183427104070705838e+00
-1.600000000000000000e+02 1.000000000000000000e+01 6.267745754912762202e+00
-1.600000000000000000e+02 1.100000000000000000e+01 6.249209816542315110e+00
-1.600000000000000000e+02 1.200000000000000000e+01 6.198408926781707962e+00
-1.600000000000000000e+02 1.300000000000000000e+01 6.176966624843769793e+00
-1.600000000000000000e+02 1.400000000000000000e+01 6.063137436892663601e+00
-1.600000000000000000e+02 1.500000000000000000e+01 5.985601860569900623e+00
-1.600000000000000000e+02 1.600000000000000000e+01 6.005989977788550149e+00
-1.600000000000000000e+02 1.700000000000000000e+01 6.021813026923107159e+00
-1.600000000000000000e+02 1.800000000000000000e+01 5.898019338690681401e+00
-1.600000000000000000e+02 1.900000000000000000e+01 5.713376380664402454e+00
-1.600000000000000000e+02 2.000000000000000000e+01 5.737245374066421100e+00
-1.600000000000000000e+02 2.100000000000000000e+01 5.800284173316853753e+00
-1.600000000000000000e+02 2.200000000000000000e+01 5.662451998991516966e+00
-1.600000000000000000e+02 2.300000000000000000e+01 5.541660637897568797e+00
-1.600000000000000000e+02 2.400000000000000000e+01 5.537688448720381906e+00
-1.600000000000000000e+02 2.500000000000000000e+01 5.537887382749704379e+00
-1.600000000000000000e+02 2.600000000000000000e+01 nan
-1.600000000000000000e+02 2.700000000000000000e+01 nan
-1.600000000000000000e+02 2.800000000000000000e+01 nan
-1.600000000000000000e+02 2.900000000000000000e+01 nan
-1.600000000000000000e+02 3.000000000000000000e+01 nan
-1.590000000000000000e+02 3.000000000000000000e+00 nan
-1.590000000000000000e+02 4.000000000000000000e+00 6.215048009717798472e+00
-1.590000000000000000e+02 5.000000000000000000e+00 6.086656461394952977e+00
-1.590000000000000000e+02 6.000000000000000000e+00 5.950945073110525563e+00
-1.590000000000000000e+02 7.000000000000000000e+00 6.060198651572225259e+00
-1.590000000000000000e+02 8.000000000000000000e+00 6.151692799618411200e+00
-1.590000000000000000e+02 9.000000000000000000e+00 6.197391252318685595e+00
-1.590000000000000000e+02 1.000000000000000000e+01 6.266934286608096372e+00
-1.590000000000000000e+02 1.100000000000000000e+01 6.246539642445669394e+00
-1.590000000000000000e+02 1.200000000000000000e+01 6.215738271028773632e+00
-1.590000000000000000e+02 1.300000000000000000e+01 6.234991412347529405e+00
-1.590000000000000000e+02 1.400000000000000000e+01 6.141534150645835410e+00
-1.590000000000000000e+02 1.500000000000000000e+01 5.991301505310260289e+00
-1.590000000000000000e+02 1.600000000000000000e+01 5.952049698285920343e+00
-1.590000000000000000e+02 1.700000000000000000e+01 5.992399034407506875e+00
-1.590000000000000000e+02 1.800000000000000000e+01 5.925163310160644237e+00
-1.590000000000000000e+02 1.900000000000000000e+01 5.723114020407165548e+00
-1.590000000000000000e+02 2.000000000000000000e+01 5.685652453293473130e+00
-1.590000000000000000e+02 2.100000000000000000e+01 5.788348835696402794e+00
-1.590000000000000000e+02 2.200000000000000000e+01 5.711857470904701195e+00
-1.590000000000000000e+02 2.300000000000000000e+01 5.550040112413828552e+00
-1.590000000000000000e+02 2.400000000000000000e+01 5.526094161286411399e+00
-1.590000000000000000e+02 2.500000000000000000e+01 5.543831849719836669e+00
-1.590000000000000000e+02 2.600000000000000000e+01 nan
-1.590000000000000000e+02 2.700000000000000000e+01 nan
-1.590000000000000000e+02 2.800000000000000000e+01 nan
-1.590000000000000000e+02 2.900000000000000000e+01 nan
-1.590000000000000000e+02 3.000000000000000000e+01 nan
-1.580000000000000000e+02 3.000000000000000000e+00 nan
-1.580000000000000000e+02 4.000000000000000000e+00 6.182330996981871607e+00
-1.580000000000000000e+02 5.000000000000000000e+00 6.078639303166626817e+00
-1.580000000000000000e+02 6.000000000000000000e+00 5.970499480529843694e+00
-1.580000000000000000e+02 7.000000000000000000e+00 6.085413252179765919e+00
-1.580000000000000000e+02 8.000000000000000000e+00 6.185080023858414933e+00
-1.580000000000000000e+02 9.000000000000000000e+00 6.196075929388256576e+00
-1.580000000000000000e+02 1.000000000000000000e+01 6.264820233547197859e+00
-1.580000000000000000e+02 1.100000000000000000e+01 6.255514585774224479e+00
-1.580000000000000000e+02 1.200000000000000000e+01 6.238106370107558085e+00
-1.580000000000000000e+02 1.300000000000000000e+01 6.291058152743686627e+00
-1.580000000000000000e+02 1.400000000000000000e+01 6.248564464943947350e+00
-1.580000000000000000e+02 1.500000000000000000e+01 6.054867799200549960e+00
-1.580000000000000000e+02 1.600000000000000000e+01 5.950229377551441878e+00
-1.580000000000000000e+02 1.700000000000000000e+01 5.998244612499073369e+00
-1.580000000000000000e+02 1.800000000000000000e+01 5.991456843026844226e+00
-1.580000000000000000e+02 1.900000000000000000e+01 5.797651554748880720e+00
-1.580000000000000000e+02 2.000000000000000000e+01 5.714752158687545602e+00
-1.580000000000000000e+02 2.100000000000000000e+01 5.821507400113493880e+00
-1.580000000000000000e+02 2.200000000000000000e+01 5.775410233162066476e+00
-1.580000000000000000e+02 2.300000000000000000e+01 5.589694416477704486e+00
-1.580000000000000000e+02 2.400000000000000000e+01 5.556646582586662220e+00
-1.580000000000000000e+02 2.500000000000000000e+01 5.580292462357706817e+00
-1.580000000000000000e+02 2.600000000000000000e+01 nan
-1.580000000000000000e+02 2.700000000000000000e+01 nan
-1.580000000000000000e+02 2.800000000000000000e+01 nan
-1.580000000000000000e+02 2.900000000000000000e+01 nan
-1.580000000000000000e+02 3.000000000000000000e+01 nan
-1.570000000000000000e+02 3.000000000000000000e+00 nan
-1.570000000000000000e+02 4.000000000000000000e+00 6.138648965239672073e+00
-1.570000000000000000e+02 5.000000000000000000e+00 6.077614381699071977e+00
-1.570000000000000000e+02 6.000000000000000000e+00 6.016802627480954513e+00
-1.570000000000000000e+02 7.000000000000000000e+00 6.136163085870474099e+00
-1.570000000000000000e+02 8.000000000000000000e+00 6.214961871997920717e+00
-1.570000000000000000e+02 9.000000000000000000e+00 6.185050702696150537e+00
-1.570000000000000000e+02 1.000000000000000000e+01 6.273390699543981874e+00
-1.570000000000000000e+02 1.100000000000000000e+01 6.301371003423909656e+00
-1.570000000000000000e+02 1.200000000000000000e+01 6.258458095061775417e+00
-1.570000000000000000e+02 1.300000000000000000e+01 6.286733846560678352e+00
-1.570000000000000000e+02 1.400000000000000000e+01 6.299164448827421658e+00
-1.570000000000000000e+02 1.500000000000000000e+01 6.170942624826385448e+00
-1.570000000000000000e+02 1.600000000000000000e+01 6.010513265007301875e+00
-1.570000000000000000e+02 1.700000000000000000e+01 6.034926918617387059e+00
-1.570000000000000000e+02 1.800000000000000000e+01 6.067032670139829165e+00
-1.570000000000000000e+02 1.900000000000000000e+01 5.896363327577229363e+00
-1.570000000000000000e+02 2.000000000000000000e+01 5.760838331235461851e+00
-1.570000000000000000e+02 2.100000000000000000e+01 5.849777531212707160e+00
-1.570000000000000000e+02 2.200000000000000000e+01 5.850515166913551113e+00
-1.570000000000000000e+02 2.300000000000000000e+01 5.624738782383982283e+00
-1.570000000000000000e+02 2.400000000000000000e+01 5.583630304359811447e+00
-1.570000000000000000e+02 2.500000000000000000e+01 5.598261958899172441e+00
-1.570000000000000000e+02 2.600000000000000000e+01 nan
-1.570000000000000000e+02 2.700000000000000000e+01 nan
-1.570000000000000000e+02 2.800000000000000000e+01 nan
-1.570000000000000000e+02 2.900000000000000000e+01 nan
-1.570000000000000000e+02 3.000000000000000000e+01 nan
-1.560000000000000000e+02 3.000000000000000000e+00 nan
-1.560000000000000000e+02 4.000000000000000000e+00 6.120973271193983933e+00
-1.560000000000000000e+02 5.000000000000000000e+00 6.086153776348588451e+00
-1.560000000000000000e+02 6.000000000000000000e+00 6.060727752679013314e+00
-1.560000000000000000e+02 7.000000000000000000e+00 6.162214017926141096e+00
-1.560000000000000000e+02 8.000000000000000000e+00 6.220152994355450993e+00
-1.560000000000000000e+02 9.000000000000000000e+00 6.184109776714632467e+00
-1.560000000000000000e+02 1.000000000000000000e+01 6.291270236018935869e+00
-1.560000000000000000e+02 1.100000000000000000e+01 6.329565411508123240e+00
-1.560000000000000000e+02 1.200000000000000000e+01 6.277686750532384785e+00
-1.560000000000000000e+02 1.300000000000000000e+01 6.277729133652379723e+00
-1.560000000000000000e+02 1.400000000000000000e+01 6.309713566468336587e+00
-1.560000000000000000e+02 1.500000000000000000e+01 6.243945424542905798e+00
-1.560000000000000000e+02 1.600000000000000000e+01 6.091504365039298818e+00
-1.560000000000000000e+02 1.700000000000000000e+01 6.057135924687690576e+00
-1.560000000000000000e+02 1.800000000000000000e+01 6.107783916109350564e+00
-1.560000000000000000e+02 1.900000000000000000e+01 6.039401205003140483e+00
-1.560000000000000000e+02 2.000000000000000000e+01 5.872538121505482600e+00
-1.560000000000000000e+02 2.100000000000000000e+01 5.884778151228294618e+00
-1.560000000000000000e+02 2.200000000000000000e+01 nan
-1.560000000000000000e+02 2.300000000000000000e+01 nan
-1.560000000000000000e+02 2.400000000000000000e+01 nan
-1.560000000000000000e+02 2.500000000000000000e+01 nan
-1.560000000000000000e+02 2.600000000000000000e+01 nan
-1.560000000000000000e+02 2.700000000000000000e+01 nan
-1.560000000000000000e+02 2.800000000000000000e+01 nan
-1.560000000000000000e+02 2.900000000000000000e+01 nan
-1.560000000000000000e+02 3.000000000000000000e+01 nan
-1.550000000000000000e+02 3.000000000000000000e+00 nan
-1.550000000000000000e+02 4.000000000000000000e+00 nan
-1.550000000000000000e+02 5.000000000000000000e+00 nan
-1.550000000000000000e+02 6.000000000000000000e+00 nan
-1.550000000000000000e+02 7.000000000000000000e+00 nan
-1.550000000000000000e+02 8.000000000000000000e+00 nan
-1.550000000000000000e+02 9.000000000000000000e+00 nan
-1.550000000000000000e+02 1.000000000000000000e+01 nan
-1.550000000000000000e+02 1.100000000000000000e+01 nan
-1.550000000000000000e+02 1.200000000000000000e+01 nan
-1.550000000000000000e+02 1.300000000000000000e+01 nan
-1.550000000000000000e+02 1.400000000000000000e+01 nan
-1.550000000000000000e+02 1.500000000000000000e+01 nan
-1.550000000000000000e+02 1.600000000000000000e+01 nan
-1.550000000000000000e+02 1.700000000000000000e+01 nan
-1.550000000000000000e+02 1.800000000000000000e+01 nan
-1.550000000000000000e+02 1.900000000000000000e+01 nan
-1.550000000000000000e+02 2.000000000000000000e+01 nan
-1.550000000000000000e+02 2.100000000000000000e+01 nan
-1.550000000000000000e+02 2.200000000000000000e+01 nan
-1.550000000000000000e+02 2.300000000000000000e+01 nan
-1.550000000000000000e+02 2.400000000000000000e+01 nan
-1.550000000000000000e+02 2.500000000000000000e+01 nan
-1.550000000000000000e+02 2.600000000000000000e+01 nan
-1.550000000000000000e+02 2.700000000000000000e+01 nan
-1.550000000000000000e+02 2.800000000000000000e+01 nan
-1.550000000000000000e+02 2.900000000000000000e+01 nan
-1.550000000000000000e+02 3.000000000000000000e+01 nan
