Longitude[deg], Latitude[deg], Dust optical depth
-7.800000000000000000e+01 1.200000000000000000e+01 nan
-7.800000000000000000e+01 1.300000000000000000e+01 nan
-7.800000000000000000e+01 1.400000000000000000e+01 nan
-7.800000000000000000e+01 1.500000000000000000e+01 nan
-7.800000000000000000e+01 1.600000000000000000e+01 nan
-7.800000000000000000e+01 1.700000000000000000e+01 nan
-7.800000000000000000e+01 1.800000000000000000e+01 nan
-7.800000000000000000e+01 1.900000000000000000e+01 nan
-7.800000000000000000e+01 2.000000000000000000e+01 nan
-7.800000000000000000e+01 2.100000000000000000e+01 nan
-7.800000000000000000e+01 2.200000000000000000e+01 nan
-7.800000000000000000e+01 2.300000000000000000e+01 nan
-7.800000000000000000e+01 2.400000000000000000e+01 nan
-7.800000000000000000e+01 2.500000000000000000e+01 nan
-7.800000000000000000e+01 2.600000000000000000e+01 nan
-7.800000000000000000e+01 2.700000000000000000e+01 nan
-7.800000000000000000e+01 2.800000000000000000e+01 1.528326696015043673e+00
-7.800000000000000000e+01 2.900000000000000000e+01 1.524891455978316879e+00
-7.800000000000000000e+01 3.000000000000000000e+01 1.523752974655258718e+00
-7.800000000000000000e+01 3.100000000000000000e+01 1.455343167263429160e+00
-7.800000000000000000e+01 3.200000000000000000e+01 1.408944225266234307e+00
-7.800000000000000000e+01 3.300000000000000000e+01 nan
-7.700000000000000000e+01 1.200000000000000000e+01 nan
-7.700000000000000000e+01 1.300000000000000000e+01 nan
-7.700000000000000000e+01 1.400000000000000000e+01 nan
-7.700000000000000000e+01 1.500000000000000000e+01 nan
-7.700000000000000000e+01 1.600000000000000000e+01 nan
-7.700000000000000000e+01 1.700000000000000000e+01 1.630575165387006864e+00
-7.700000000000000000e+01 1.800000000000000000e+01 1.634207504349888262e+00
-7.700000000000000000e+01 1.900000000000000000e+01 1.638944120067324040e+00
-7.700000000000000000e+01 2.000000000000000000e+01 1.613652236807348483e+00
-7.700000000000000000e+01 2.100000000000000000e+01 1.649097104238356204e+00
-7.700000000000000000e+01 2.200000000000000000e+01 1.684224809289357694e+00
-7.700000000000000000e+01 2.300000000000000000e+01 1.674529808452884572e+00
-7.700000000000000000e+01 2.400000000000000000e+01 1.660174635253110154e+00
-7.700000000000000000e+01 2.500000000000000000e+01 1.648700177840276337e+00
-7.700000000000000000e+01 2.600000000000000000e+01 1.595827377896276600e+00
-7.700000000000000000e+01 2.700000000000000000e+01 1.543463279805715738e+00
-7.700000000000000000e+01 2.800000000000000000e+01 1.516471203865239925e+00
-7.700000000000000000e+01 2.900000000000000000e+01 1.517796442039706761e+00
-7.700000000000000000e+01 3.000000000000000000e+01 1.520288743823288158e+00
-7.700000000000000000e+01 3.100000000000000000e+01 1.454799849623792829e+00
-7.700000000000000000e+01 3.200000000000000000e+01 1.401991896297522633e+00
-7.700000000000000000e+01 3.300000000000000000e+01 nan
-7.600000000000000000e+01 1.200000000000000000e+01 1.577395774876380941e+00
-7.600000000000000000e+01 1.300000000000000000e+01 1.502197639325472567e+00
-7.600000000000000000e+01 1.400000000000000000e+01 1.531260145108521264e+00
-7.600000000000000000e+01 1.500000000000000000e+01 1.588827758619835384e+00
-7.600000000000000000e+01 1.600000000000000000e+01 1.593795214055808929e+00
-7.600000000000000000e+01 1.700000000000000000e+01 1.605914800432281186e+00
-7.600000000000000000e+01 1.800000000000000000e+01 1.620552061037021208e+00
-7.600000000000000000e+01 1.900000000000000000e+01 1.633301507189659052e+00
-7.600000000000000000e+01 2.000000000000000000e+01 1.606329302075322651e+00
-7.600000000000000000e+01 2.100000000000000000e+01 1.608877889232040337e+00
-7.600000000000000000e+01 2.200000000000000000e+01 1.640058750533279541e+00
-7.600000000000000000e+01 2.300000000000000000e+01 1.635435872348542707e+00
-7.600000000000000000e+01 2.400000000000000000e+01 1.634685810259380423e+00
-7.600000000000000000e+01 2.500000000000000000e+01 1.635944059989834942e+00
-7.600000000000000000e+01 2.600000000000000000e+01 1.598526135015369443e+00
-7.600000000000000000e+01 2.700000000000000000e+01 1.546660226130627258e+00
-7.600000000000000000e+01 2.800000000000000000e+01 1.520863844881264360e+00
-7.600000000000000000e+01 2.900000000000000000e+01 1.531529465098379506e+00
-7.600000000000000000e+01 3.000000000000000000e+01 1.528148577963851951e+00
-7.600000000000000000e+01 3.100000000000000000e+01 1.444897599388331288e+00
-7.600000000000000000e+01 3.200000000000000000e+01 1.396409125166654830e+00
-7.600000000000000000e+01 3.300000000000000000e+01 1.355171491438327491e+00
-7.500000000000000000e+01 1.200000000000000000e+01 1.572048176769952121e+00
-7.500000000000000000e+01 1.300000000000000000e+01 1.492252465059137112e+00
-7.500000000000000000e+01 1.400000000000000000e+01 1.520263364620809909e+00
-7.500000000000000000e+01 1.500000000000000000e+01 1.594731187289472940e+00
-7.500000000000000000e+01 1.600000000000000000e+01 1.614192998638134924e+00
-7.500000000000000000e+01 1.700000000000000000e+01 1.619171291326209738e+00
-7.500000000000000000e+01 1.800000000000000000e+01 1.620105478279818767e+00
-7.500000000000000000e+01 1.900000000000000000e+01 1.630459516608705028e+00
-7.500000000000000000e+01 2.000000000000000000e+01 1.607079312618036937e+00
-7.500000000000000000e+01 2.100000000000000000e+01 1.595831917299219471e+00
-7.500000000000000000e+01 2.200000000000000000e+01 1.615904434432387182e+00
-7.500000000000000000e+01 2.300000000000000000e+01 1.616142750022875108e+00
-7.500000000000000000e+01 2.400000000000000000e+01 1.607790399848798124e+00
-7.500000000000000000e+01 2.500000000000000000e+01 1.609248348991044519e+00
-7.500000000000000000e+01 2.600000000000000000e+01 1.598684988089093428e+00
-7.500000000000000000e+01 2.700000000000000000e+01 1.568815488186457330e+00
-7.500000000000000000e+01 2.800000000000000000e+01 1.533738579541940261e+00
-7.500000000000000000e+01 2.900000000000000000e+01 1.546917302791664950e+00
-7.500000000000000000e+01 3.000000000000000000e+01 1.536741068861005033e+00
-7.500000000000000000e+01 3.100000000000000000e+01 1.433449155975874634e+00
-7.500000000000000000e+01 3.200000000000000000e+01 1.387446113000254666e+00
-7.500000000000000000e+01 3.300000000000000000e+01 1.283159778369522108e+00
-7.400000000000000000e+01 1.200000000000000000e+01 1.568555549576467811e+00
-7.400000000000000000e+01 1.300000000000000000e+01 1.489323974644955806e+00
-7.400000000000000000e+01 1.400000000000000000e+01 1.516976380978671601e+00
-7.400000000000000000e+01 1.500000000000000000e+01 1.605030641396416602e+00
-7.400000000000000000e+01 1.600000000000000000e+01 1.640202474153697798e+00
-7.400000000000000000e+01 1.700000000000000000e+01 1.640415025671150939e+00
-7.400000000000000000e+01 1.800000000000000000e+01 1.623361656884959592e+00
-7.400000000000000000e+01 1.900000000000000000e+01 1.628380596797388113e+00
-7.400000000000000000e+01 2.000000000000000000e+01 1.616505203891541953e+00
-7.400000000000000000e+01 2.100000000000000000e+01 1.587532986050648409e+00
-7.400000000000000000e+01 2.200000000000000000e+01 1.596220318861368836e+00
-7.400000000000000000e+01 2.300000000000000000e+01 1.594559987667665268e+00
-7.400000000000000000e+01 2.400000000000000000e+01 1.578708456614725808e+00
-7.400000000000000000e+01 2.500000000000000000e+01 1.596832264021539105e+00
-7.400000000000000000e+01 2.600000000000000000e+01 1.598547512904421319e+00
-7.400000000000000000e+01 2.700000000000000000e+01 1.579273387020003749e+00
-7.400000000000000000e+01 2.800000000000000000e+01 1.547536382228018370e+00
-7.400000000000000000e+01 2.900000000000000000e+01 1.544605042157749075e+00
-7.400000000000000000e+01 3.000000000000000000e+01 1.538318765686202294e+00
-7.400000000000000000e+01 3.100000000000000000e+01 1.431605077913420621e+00
-7.400000000000000000e+01 3.200000000000000000e+01 1.364043879792939507e+00
-7.400000000000000000e+01 3.300000000000000000e+01 nan
-7.300000000000000000e+01 1.200000000000000000e+01 nan
-7.300000000000000000e+01 1.300000000000000000e+01 nan
-7.300000000000000000e+01 1.400000000000000000e+01 1.506067564586776264e+00
-7.300000000000000000e+01 1.500000000000000000e+01 nan
-7.300000000000000000e+01 1.600000000000000000e+01 nan
-7.300000000000000000e+01 1.700000000000000000e+01 nan
-7.300000000000000000e+01 1.800000000000000000e+01 nan
-7.300000000000000000e+01 1.900000000000000000e+01 nan
-7.300000000000000000e+01 2.000000000000000000e+01 nan
-7.300000000000000000e+01 2.100000000000000000e+01 nan
-7.300000000000000000e+01 2.200000000000000000e+01 nan
-7.300000000000000000e+01 2.300000000000000000e+01 nan
-7.300000000000000000e+01 2.400000000000000000e+01 nan
-7.300000000000000000e+01 2.500000000000000000e+01 nan
-7.300000000000000000e+01 2.600000000000000000e+01 nan
-7.300000000000000000e+01 2.700000000000000000e+01 nan
-7.300000000000000000e+01 2.800000000000000000e+01 nan
-7.300000000000000000e+01 2.900000000000000000e+01 nan
-7.300000000000000000e+01 3.000000000000000000e+01 nan
-7.300000000000000000e+01 3.100000000000000000e+01 nan
-7.300000000000000000e+01 3.200000000000000000e+01 nan
-7.300000000000000000e+01 3.300000000000000000e+01 nan
