Longitude[deg], Latitude[deg], Dust optical depth
-1.790000000000000000e+02 -7.300000000000000000e+01 nan
-1.790000000000000000e+02 -7.200000000000000000e+01 nan
-1.790000000000000000e+02 -7.100000000000000000e+01 nan
-1.790000000000000000e+02 -7.000000000000000000e+01 nan
-1.790000000000000000e+02 -6.900000000000000000e+01 nan
-1.790000000000000000e+02 -6.800000000000000000e+01 nan
-1.790000000000000000e+02 -6.700000000000000000e+01 nan
-1.790000000000000000e+02 -6.600000000000000000e+01 nan
-1.790000000000000000e+02 -6.500000000000000000e+01 nan
-1.790000000000000000e+02 -6.400000000000000000e+01 nan
-1.790000000000000000e+02 -6.300000000000000000e+01 nan
-1.790000000000000000e+02 -6.200000000000000000e+01 nan
-1.790000000000000000e+02 -6.100000000000000000e+01 nan
-1.790000000000000000e+02 -6.000000000000000000e+01 nan
-1.790000000000000000e+02 -5.900000000000000000e+01 nan
-1.790000000000000000e+02 -5.800000000000000000e+01 nan
-1.790000000000000000e+02 -5.700000000000000000e+01 nan
-1.790000000000000000e+02 -5.600000000000000000e+01 nan
-1.790000000000000000e+02 -5.500000000000000000e+01 nan
-1.790000000000000000e+02 -5.400000000000000000e+01 nan
-1.790000000000000000e+02 -5.300000000000000000e+01 nan
-1.790000000000000000e+02 -5.200000000000000000e+01 nan
-1.790000000000000000e+02 -5.100000000000000000e+01 nan
-1.790000000000000000e+02 -5.000000000000000000e+01 nan
-1.790000000000000000e+02 -4.900000000000000000e+01 nan
-1.790000000000000000e+02 -4.800000000000000000e+01 nan
-1.790000000000000000e+02 -4.700000000000000000e+01 nan
-1.790000000000000000e+02 -4.600000000000000000e+01 nan
-1.790000000000000000e+02 -4.500000000000000000e+01 nan
-1.790000000000000000e+02 -4.400000000000000000e+01 nan
-1.790000000000000000e+02 -4.300000000000000000e+01 nan
-1.790000000000000000e+02 -4.200000000000000000e+01 nan
-1.790000000000000000e+02 -4.100000000000000000e+01 nan
-1.790000000000000000e+02 -4.000000000000000000e+01 nan
-1.790000000000000000e+02 -3.900000000000000000e+01 nan
-1.790000000000000000e+02 -3.800000000000000000e+01 nan
-1.790000000000000000e+02 -3.700000000000000000e+01 nan
-1.790000000000000000e+02 -3.600000000000000000e+01 nan
-1.790000000000000000e+02 -3.500000000000000000e+01 nan
-1.790000000000000000e+02 -3.400000000000000000e+01 nan
-1.790000000000000000e+02 -3.300000000000000000e+01 nan
-1.790000000000000000e+02 -3.200000000000000000e+01 nan
-1.790000000000000000e+02 -3.100000000000000000e+01 nan
-1.790000000000000000e+02 -3.000000000000000000e+01 nan
-1.790000000000000000e+02 -2.900000000000000000e+01 nan
-1.780000000000000000e+02 -7.300000000000000000e+01 nan
-1.780000000000000000e+02 -7.200000000000000000e+01 nan
-1.780000000000000000e+02 -7.100000000000000000e+01 nan
-1.780000000000000000e+02 -7.000000000000000000e+01 nan
-1.780000000000000000e+02 -6.900000000000000000e+01 nan
-1.780000000000000000e+02 -6.800000000000000000e+01 nan
-1.780000000000000000e+02 -6.700000000000000000e+01 nan
-1.780000000000000000e+02 -6.600000000000000000e+01 nan
-1.780000000000000000e+02 -6.500000000000000000e+01 nan
-1.780000000000000000e+02 -6.400000000000000000e+01 nan
-1.780000000000000000e+02 -6.300000000000000000e+01 nan
-1.780000000000000000e+02 -6.200000000000000000e+01 nan
-1.780000000000000000e+02 -6.100000000000000000e+01 nan
-1.780000000000000000e+02 -6.000000000000000000e+01 nan
-1.780000000000000000e+02 -5.900000000000000000e+01 nan
-1.780000000000000000e+02 -5.800000000000000000e+01 nan
-1.780000000000000000e+02 -5.700000000000000000e+01 nan
-1.780000000000000000e+02 -5.600000000000000000e+01 nan
-1.780000000000000000e+02 -5.500000000000000000e+01 nan
-1.780000000000000000e+02 -5.400000000000000000e+01 nan
-1.780000000000000000e+02 -5.300000000000000000e+01 nan
-1.780000000000000000e+02 -5.200000000000000000e+01 nan
-1.780000000000000000e+02 -5.100000000000000000e+01 nan
-1.780000000000000000e+02 -5.000000000000000000e+01 nan
-1.780000000000000000e+02 -4.900000000000000000e+01 nan
-1.780000000000000000e+02 -4.800000000000000000e+01 nan
-1.780000000000000000e+02 -4.700000000000000000e+01 nan
-1.780000000000000000e+02 -4.600000000000000000e+01 nan
-1.780000000000000000e+02 -4.500000000000000000e+01 nan
-1.780000000000000000e+02 -4.400000000000000000e+01 nan
-1.780000000000000000e+02 -4.300000000000000000e+01 nan
-1.780000000000000000e+02 -4.200000000000000000e+01 nan
-1.780000000000000000e+02 -4.100000000000000000e+01 nan
-1.780000000000000000e+02 -4.000000000000000000e+01 nan
-1.780000000000000000e+02 -3.900000000000000000e+01 nan
-1.780000000000000000e+02 -3.800000000000000000e+01 nan
-1.780000000000000000e+02 -3.700000000000000000e+01 nan
-1.780000000000000000e+02 -3.600000000000000000e+01 nan
-1.780000000000000000e+02 -3.500000000000000000e+01 nan
-1.780000000000000000e+02 -3.400000000000000000e+01 nan
-1.780000000000000000e+02 -3.300000000000000000e+01 nan
-1.780000000000000000e+02 -3.200000000000000000e+01 nan
-1.780000000000000000e+02 -3.100000000000000000e+01 nan
-1.780000000000000000e+02 -3.000000000000000000e+01 nan
-1.780000000000000000e+02 -2.900000000000000000e+01 nan
-1.770000000000000000e+02 -7.300000000000000000e+01 nan
-1.770000000000000000e+02 -7.200000000000000000e+01 nan
-1.770000000000000000e+02 -7.100000000000000000e+01 nan
-1.770000000000000000e+02 -7.000000000000000000e+01 nan
-1.770000000000000000e+02 -6.900000000000000000e+01 nan
-1.770000000000000000e+02 -6.800000000000000000e+01 nan
-1.770000000000000000e+02 -6.700000000000000000e+01 nan
-1.770000000000000000e+02 -6.600000000000000000e+01 nan
-1.770000000000000000e+02 -6.500000000000000000e+01 nan
-1.770000000000000000e+02 -6.400000000000000000e+01 nan
-1.770000000000000000e+02 -6.300000000000000000e+01 nan
-1.770000000000000000e+02 -6.200000000000000000e+01 nan
-1.770000000000000000e+02 -6.100000000000000000e+01 nan
-1.770000000000000000e+02 -6.000000000000000000e+01 nan
-1.770000000000000000e+02 -5.900000000000000000e+01 nan
-1.770000000000000000e+02 -5.800000000000000000e+01 nan
-1.770000000000000000e+02 -5.700000000000000000e+01 nan
-1.770000000000000000e+02 -5.600000000000000000e+01 nan
-1.770000000000000000e+02 -5.500000000000000000e+01 nan
-1.770000000000000000e+02 -5.400000000000000000e+01 nan
-1.770000000000000000e+02 -5.300000000000000000e+01 nan
-1.770000000000000000e+02 -5.200000000000000000e+01 nan
-1.770000000000000000e+02 -5.100000000000000000e+01 nan
-1.770000000000000000e+02 -5.000000000000000000e+01 nan
-1.770000000000000000e+02 -4.900000000000000000e+01 nan
-1.770000000000000000e+02 -4.800000000000000000e+01 nan
-1.770000000000000000e+02 -4.700000000000000000e+01 nan
-1.770000000000000000e+02 -4.600000000000000000e+01 nan
-1.770000000000000000e+02 -4.500000000000000000e+01 nan
-1.770000000000000000e+02 -4.400000000000000000e+01 nan
-1.770000000000000000e+02 -4.300000000000000000e+01 nan
-1.770000000000000000e+02 -4.200000000000000000e+01 nan
-1.770000000000000000e+02 -4.100000000000000000e+01 nan
-1.770000000000000000e+02 -4.000000000000000000e+01 nan
-1.770000000000000000e+02 -3.900000000000000000e+01 nan
-1.770000000000000000e+02 -3.800000000000000000e+01 nan
-1.770000000000000000e+02 -3.700000000000000000e+01 nan
-1.770000000000000000e+02 -3.600000000000000000e+01 nan
-1.770000000000000000e+02 -3.500000000000000000e+01 nan
-1.770000000000000000e+02 -3.400000000000000000e+01 nan
-1.770000000000000000e+02 -3.300000000000000000e+01 nan
-1.770000000000000000e+02 -3.200000000000000000e+01 nan
-1.770000000000000000e+02 -3.100000000000000000e+01 nan
-1.770000000000000000e+02 -3.000000000000000000e+01 nan
-1.770000000000000000e+02 -2.900000000000000000e+01 nan
-1.760000000000000000e+02 -7.300000000000000000e+01 nan
-1.760000000000000000e+02 -7.200000000000000000e+01 nan
-1.760000000000000000e+02 -7.100000000000000000e+01 nan
-1.760000000000000000e+02 -7.000000000000000000e+01 nan
-1.760000000000000000e+02 -6.900000000000000000e+01 nan
-1.760000000000000000e+02 -6.800000000000000000e+01 nan
-1.760000000000000000e+02 -6.700000000000000000e+01 nan
-1.760000000000000000e+02 -6.600000000000000000e+01 nan
-1.760000000000000000e+02 -6.500000000000000000e+01 nan
-1.760000000000000000e+02 -6.400000000000000000e+01 nan
-1.760000000000000000e+02 -6.300000000000000000e+01 nan
-1.760000000000000000e+02 -6.200000000000000000e+01 nan
-1.760000000000000000e+02 -6.100000000000000000e+01 nan
-1.760000000000000000e+02 -6.000000000000000000e+01 nan
-1.760000000000000000e+02 -5.900000000000000000e+01 nan
-1.760000000000000000e+02 -5.800000000000000000e+01 nan
-1.760000000000000000e+02 -5.700000000000000000e+01 nan
-1.760000000000000000e+02 -5.600000000000000000e+01 nan
-1.760000000000000000e+02 -5.500000000000000000e+01 nan
-1.760000000000000000e+02 -5.400000000000000000e+01 nan
-1.760000000000000000e+02 -5.300000000000000000e+01 nan
-1.760000000000000000e+02 -5.200000000000000000e+01 nan
-1.760000000000000000e+02 -5.100000000000000000e+01 nan
-1.760000000000000000e+02 -5.000000000000000000e+01 nan
-1.760000000000000000e+02 -4.900000000000000000e+01 nan
-1.760000000000000000e+02 -4.800000000000000000e+01 nan
-1.760000000000000000e+02 -4.700000000000000000e+01 nan
-1.760000000000000000e+02 -4.600000000000000000e+01 nan
-1.760000000000000000e+02 -4.500000000000000000e+01 nan
-1.760000000000000000e+02 -4.400000000000000000e+01 nan
-1.760000000000000000e+02 -4.300000000000000000e+01 nan
-1.760000000000000000e+02 -4.200000000000000000e+01 nan
-1.760000000000000000e+02 -4.100000000000000000e+01 nan
-1.760000000000000000e+02 -4.000000000000000000e+01 nan
-1.760000000000000000e+02 -3.900000000000000000e+01 nan
-1.760000000000000000e+02 -3.800000000000000000e+01 nan
-1.760000000000000000e+02 -3.700000000000000000e+01 nan
-1.760000000000000000e+02 -3.600000000000000000e+01 nan
-1.760000000000000000e+02 -3.500000000000000000e+01 nan
-1.760000000000000000e+02 -3.400000000000000000e+01 nan
-1.760000000000000000e+02 -3.300000000000000000e+01 nan
-1.760000000000000000e+02 -3.200000000000000000e+01 nan
-1.760000000000000000e+02 -3.100000000000000000e+01 nan
-1.760000000000000000e+02 -3.000000000000000000e+01 nan
-1.760000000000000000e+02 -2.900000000000000000e+01 nan
-1.750000000000000000e+02 -7.300000000000000000e+01 nan
-1.750000000000000000e+02 -7.200000000000000000e+01 nan
-1.750000000000000000e+02 -7.100000000000000000e+01 nan
-1.750000000000000000e+02 -7.000000000000000000e+01 nan
-1.750000000000000000e+02 -6.900000000000000000e+01 nan
-1.750000000000000000e+02 -6.800000000000000000e+01 nan
-1.750000000000000000e+02 -6.700000000000000000e+01 nan
-1.750000000000000000e+02 -6.600000000000000000e+01 nan
-1.750000000000000000e+02 -6.500000000000000000e+01 nan
-1.750000000000000000e+02 -6.400000000000000000e+01 nan
-1.750000000000000000e+02 -6.300000000000000000e+01 nan
-1.750000000000000000e+02 -6.200000000000000000e+01 nan
-1.750000000000000000e+02 -6.100000000000000000e+01 nan
-1.750000000000000000e+02 -6.000000000000000000e+01 nan
-1.750000000000000000e+02 -5.900000000000000000e+01 nan
-1.750000000000000000e+02 -5.800000000000000000e+01 nan
-1.750000000000000000e+02 -5.700000000000000000e+01 nan
-1.750000000000000000e+02 -5.600000000000000000e+01 nan
-1.750000000000000000e+02 -5.500000000000000000e+01 nan
-1.750000000000000000e+02 -5.400000000000000000e+01 nan
-1.750000000000000000e+02 -5.300000000000000000e+01 nan
-1.750000000000000000e+02 -5.200000000000000000e+01 nan
-1.750000000000000000e+02 -5.100000000000000000e+01 nan
-1.750000000000000000e+02 -5.000000000000000000e+01 nan
-1.750000000000000000e+02 -4.900000000000000000e+01 nan
-1.750000000000000000e+02 -4.800000000000000000e+01 nan
-1.750000000000000000e+02 -4.700000000000000000e+01 nan
-1.750000000000000000e+02 -4.600000000000000000e+01 nan
-1.750000000000000000e+02 -4.500000000000000000e+01 nan
-1.750000000000000000e+02 -4.400000000000000000e+01 nan
-1.750000000000000000e+02 -4.300000000000000000e+01 nan
-1.750000000000000000e+02 -4.200000000000000000e+01 nan
-1.750000000000000000e+02 -4.100000000000000000e+01 nan
-1.750000000000000000e+02 -4.000000000000000000e+01 nan
-1.750000000000000000e+02 -3.900000000000000000e+01 nan
-1.750000000000000000e+02 -3.800000000000000000e+01 nan
-1.750000000000000000e+02 -3.700000000000000000e+01 nan
-1.750000000000000000e+02 -3.600000000000000000e+01 nan
-1.750000000000000000e+02 -3.500000000000000000e+01 nan
-1.750000000000000000e+02 -3.400000000000000000e+01 nan
-1.750000000000000000e+02 -3.300000000000000000e+01 nan
-1.750000000000000000e+02 -3.200000000000000000e+01 nan
-1.750000000000000000e+02 -3.100000000000000000e+01 nan
-1.750000000000000000e+02 -3.000000000000000000e+01 nan
-1.750000000000000000e+02 -2.900000000000000000e+01 nan
-1.740000000000000000e+02 -7.300000000000000000e+01 nan
-1.740000000000000000e+02 -7.200000000000000000e+01 nan
-1.740000000000000000e+02 -7.100000000000000000e+01 nan
-1.740000000000000000e+02 -7.000000000000000000e+01 nan
-1.740000000000000000e+02 -6.900000000000000000e+01 nan
-1.740000000000000000e+02 -6.800000000000000000e+01 nan
-1.740000000000000000e+02 -6.700000000000000000e+01 nan
-1.740000000000000000e+02 -6.600000000000000000e+01 nan
-1.740000000000000000e+02 -6.500000000000000000e+01 nan
-1.740000000000000000e+02 -6.400000000000000000e+01 nan
-1.740000000000000000e+02 -6.300000000000000000e+01 nan
-1.740000000000000000e+02 -6.200000000000000000e+01 nan
-1.740000000000000000e+02 -6.100000000000000000e+01 nan
-1.740000000000000000e+02 -6.000000000000000000e+01 5.172547787753026816e-01
-1.740000000000000000e+02 -5.900000000000000000e+01 4.664328220771475353e-01
-1.740000000000000000e+02 -5.800000000000000000e+01 4.926115570509140285e-01
-1.740000000000000000e+02 -5.700000000000000000e+01 6.862043140851622480e-01
-1.740000000000000000e+02 -5.600000000000000000e+01 6.590404761446663207e-01
-1.740000000000000000e+02 -5.500000000000000000e+01 4.905859981740027798e-01
-1.740000000000000000e+02 -5.400000000000000000e+01 nan
-1.740000000000000000e+02 -5.300000000000000000e+01 nan
-1.740000000000000000e+02 -5.200000000000000000e+01 nan
-1.740000000000000000e+02 -5.100000000000000000e+01 nan
-1.740000000000000000e+02 -5.000000000000000000e+01 nan
-1.740000000000000000e+02 -4.900000000000000000e+01 nan
-1.740000000000000000e+02 -4.800000000000000000e+01 nan
-1.740000000000000000e+02 -4.700000000000000000e+01 nan
-1.740000000000000000e+02 -4.600000000000000000e+01 nan
-1.740000000000000000e+02 -4.500000000000000000e+01 nan
-1.740000000000000000e+02 -4.400000000000000000e+01 nan
-1.740000000000000000e+02 -4.300000000000000000e+01 nan
-1.740000000000000000e+02 -4.200000000000000000e+01 nan
-1.740000000000000000e+02 -4.100000000000000000e+01 nan
-1.740000000000000000e+02 -4.000000000000000000e+01 nan
-1.740000000000000000e+02 -3.900000000000000000e+01 nan
-1.740000000000000000e+02 -3.800000000000000000e+01 nan
-1.740000000000000000e+02 -3.700000000000000000e+01 nan
-1.740000000000000000e+02 -3.600000000000000000e+01 nan
-1.740000000000000000e+02 -3.500000000000000000e+01 nan
-1.740000000000000000e+02 -3.400000000000000000e+01 nan
-1.740000000000000000e+02 -3.300000000000000000e+01 nan
-1.740000000000000000e+02 -3.200000000000000000e+01 nan
-1.740000000000000000e+02 -3.100000000000000000e+01 nan
-1.740000000000000000e+02 -3.000000000000000000e+01 nan
-1.740000000000000000e+02 -2.900000000000000000e+01 nan
-1.730000000000000000e+02 -7.300000000000000000e+01 nan
-1.730000000000000000e+02 -7.200000000000000000e+01 nan
-1.730000000000000000e+02 -7.100000000000000000e+01 nan
-1.730000000000000000e+02 -7.000000000000000000e+01 nan
-1.730000000000000000e+02 -6.900000000000000000e+01 nan
-1.730000000000000000e+02 -6.800000000000000000e+01 nan
-1.730000000000000000e+02 -6.700000000000000000e+01 nan
-1.730000000000000000e+02 -6.600000000000000000e+01 nan
-1.730000000000000000e+02 -6.500000000000000000e+01 nan
-1.730000000000000000e+02 -6.400000000000000000e+01 nan
-1.730000000000000000e+02 -6.300000000000000000e+01 nan
-1.730000000000000000e+02 -6.200000000000000000e+01 nan
-1.730000000000000000e+02 -6.100000000000000000e+01 nan
-1.730000000000000000e+02 -6.000000000000000000e+01 5.172547787753026816e-01
-1.730000000000000000e+02 -5.900000000000000000e+01 4.664328220771475353e-01
-1.730000000000000000e+02 -5.800000000000000000e+01 4.926115570509140285e-01
-1.730000000000000000e+02 -5.700000000000000000e+01 6.859221529058722178e-01
-1.730000000000000000e+02 -5.600000000000000000e+01 6.127110427377264745e-01
-1.730000000000000000e+02 -5.500000000000000000e+01 3.645847241198995059e-01
-1.730000000000000000e+02 -5.400000000000000000e+01 5.179444500737087065e-01
-1.730000000000000000e+02 -5.300000000000000000e+01 5.105102447010436695e-01
-1.730000000000000000e+02 -5.200000000000000000e+01 4.713454675583043652e-01
-1.730000000000000000e+02 -5.100000000000000000e+01 4.522101010700399493e-01
-1.730000000000000000e+02 -5.000000000000000000e+01 4.573107364771916705e-01
-1.730000000000000000e+02 -4.900000000000000000e+01 4.874489449535145957e-01
-1.730000000000000000e+02 -4.800000000000000000e+01 6.126680866687567173e-01
-1.730000000000000000e+02 -4.700000000000000000e+01 6.345416916401233065e-01
-1.730000000000000000e+02 -4.600000000000000000e+01 8.686531295573258760e-01
-1.730000000000000000e+02 -4.500000000000000000e+01 9.872108413150330053e-01
-1.730000000000000000e+02 -4.400000000000000000e+01 1.119202817272982653e+00
-1.730000000000000000e+02 -4.300000000000000000e+01 1.226863959414144167e+00
-1.730000000000000000e+02 -4.200000000000000000e+01 9.912757641225069527e-01
-1.730000000000000000e+02 -4.100000000000000000e+01 nan
-1.730000000000000000e+02 -4.000000000000000000e+01 nan
-1.730000000000000000e+02 -3.900000000000000000e+01 nan
-1.730000000000000000e+02 -3.800000000000000000e+01 nan
-1.730000000000000000e+02 -3.700000000000000000e+01 nan
-1.730000000000000000e+02 -3.600000000000000000e+01 nan
-1.730000000000000000e+02 -3.500000000000000000e+01 nan
-1.730000000000000000e+02 -3.400000000000000000e+01 nan
-1.730000000000000000e+02 -3.300000000000000000e+01 nan
-1.730000000000000000e+02 -3.200000000000000000e+01 nan
-1.730000000000000000e+02 -3.100000000000000000e+01 nan
-1.730000000000000000e+02 -3.000000000000000000e+01 nan
-1.730000000000000000e+02 -2.900000000000000000e+01 nan
-1.720000000000000000e+02 -7.300000000000000000e+01 nan
-1.720000000000000000e+02 -7.200000000000000000e+01 nan
-1.720000000000000000e+02 -7.100000000000000000e+01 nan
-1.720000000000000000e+02 -7.000000000000000000e+01 nan
-1.720000000000000000e+02 -6.900000000000000000e+01 nan
-1.720000000000000000e+02 -6.800000000000000000e+01 nan
-1.720000000000000000e+02 -6.700000000000000000e+01 nan
-1.720000000000000000e+02 -6.600000000000000000e+01 nan
-1.720000000000000000e+02 -6.500000000000000000e+01 nan
-1.720000000000000000e+02 -6.400000000000000000e+01 nan
-1.720000000000000000e+02 -6.300000000000000000e+01 nan
-1.720000000000000000e+02 -6.200000000000000000e+01 nan
-1.720000000000000000e+02 -6.100000000000000000e+01 nan
-1.720000000000000000e+02 -6.000000000000000000e+01 nan
-1.720000000000000000e+02 -5.900000000000000000e+01 nan
-1.720000000000000000e+02 -5.800000000000000000e+01 nan
-1.720000000000000000e+02 -5.700000000000000000e+01 nan
-1.720000000000000000e+02 -5.600000000000000000e+01 3.707330644050893520e-01
-1.720000000000000000e+02 -5.500000000000000000e+01 3.432641045342266217e-01
-1.720000000000000000e+02 -5.400000000000000000e+01 5.178035771369631224e-01
-1.720000000000000000e+02 -5.300000000000000000e+01 5.105102447010436695e-01
-1.720000000000000000e+02 -5.200000000000000000e+01 4.713454675583043652e-01
-1.720000000000000000e+02 -5.100000000000000000e+01 4.522101010700399493e-01
-1.720000000000000000e+02 -5.000000000000000000e+01 4.573107364771916705e-01
-1.720000000000000000e+02 -4.900000000000000000e+01 4.874489449535145957e-01
-1.720000000000000000e+02 -4.800000000000000000e+01 6.126680866687567173e-01
-1.720000000000000000e+02 -4.700000000000000000e+01 6.345416916401233065e-01
-1.720000000000000000e+02 -4.600000000000000000e+01 8.686531295573258760e-01
-1.720000000000000000e+02 -4.500000000000000000e+01 9.883356767041862057e-01
-1.720000000000000000e+02 -4.400000000000000000e+01 1.133587850947534781e+00
-1.720000000000000000e+02 -4.300000000000000000e+01 1.127464652421484415e+00
-1.720000000000000000e+02 -4.200000000000000000e+01 9.926132964479897902e-01
-1.720000000000000000e+02 -4.100000000000000000e+01 9.644394014005850391e-01
-1.720000000000000000e+02 -4.000000000000000000e+01 1.049482183900533938e+00
-1.720000000000000000e+02 -3.900000000000000000e+01 1.218840379567735610e+00
-1.720000000000000000e+02 -3.800000000000000000e+01 1.296709462499551879e+00
-1.720000000000000000e+02 -3.700000000000000000e+01 1.263950177799814556e+00
-1.720000000000000000e+02 -3.600000000000000000e+01 1.123471640603760147e+00
-1.720000000000000000e+02 -3.500000000000000000e+01 1.260110824232574922e+00
-1.720000000000000000e+02 -3.400000000000000000e+01 1.244898587715243643e+00
-1.720000000000000000e+02 -3.300000000000000000e+01 1.145459862860501499e+00
-1.720000000000000000e+02 -3.200000000000000000e+01 1.089962886007678877e+00
-1.720000000000000000e+02 -3.100000000000000000e+01 1.037902937824917604e+00
-1.720000000000000000e+02 -3.000000000000000000e+01 8.461160291770256636e-01
-1.720000000000000000e+02 -2.900000000000000000e+01 nan
-1.710000000000000000e+02 -7.300000000000000000e+01 nan
-1.710000000000000000e+02 -7.200000000000000000e+01 nan
-1.710000000000000000e+02 -7.100000000000000000e+01 nan
-1.710000000000000000e+02 -7.000000000000000000e+01 nan
-1.710000000000000000e+02 -6.900000000000000000e+01 nan
-1.710000000000000000e+02 -6.800000000000000000e+01 nan
-1.710000000000000000e+02 -6.700000000000000000e+01 nan
-1.710000000000000000e+02 -6.600000000000000000e+01 nan
-1.710000000000000000e+02 -6.500000000000000000e+01 nan
-1.710000000000000000e+02 -6.400000000000000000e+01 nan
-1.710000000000000000e+02 -6.300000000000000000e+01 nan
-1.710000000000000000e+02 -6.200000000000000000e+01 nan
-1.710000000000000000e+02 -6.100000000000000000e+01 nan
-1.710000000000000000e+02 -6.000000000000000000e+01 nan
-1.710000000000000000e+02 -5.900000000000000000e+01 nan
-1.710000000000000000e+02 -5.800000000000000000e+01 nan
-1.710000000000000000e+02 -5.700000000000000000e+01 nan
-1.710000000000000000e+02 -5.600000000000000000e+01 nan
-1.710000000000000000e+02 -5.500000000000000000e+01 nan
-1.710000000000000000e+02 -5.400000000000000000e+01 nan
-1.710000000000000000e+02 -5.300000000000000000e+01 nan
-1.710000000000000000e+02 -5.200000000000000000e+01 nan
-1.710000000000000000e+02 -5.100000000000000000e+01 nan
-1.710000000000000000e+02 -5.000000000000000000e+01 nan
-1.710000000000000000e+02 -4.900000000000000000e+01 nan
-1.710000000000000000e+02 -4.800000000000000000e+01 nan
-1.710000000000000000e+02 -4.700000000000000000e+01 nan
-1.710000000000000000e+02 -4.600000000000000000e+01 nan
-1.710000000000000000e+02 -4.500000000000000000e+01 nan
-1.710000000000000000e+02 -4.400000000000000000e+01 1.159418328716876223e+00
-1.710000000000000000e+02 -4.300000000000000000e+01 1.067580751665391681e+00
-1.710000000000000000e+02 -4.200000000000000000e+01 9.939242270215586927e-01
-1.710000000000000000e+02 -4.100000000000000000e+01 9.649194482978252774e-01
-1.710000000000000000e+02 -4.000000000000000000e+01 1.049482183900533938e+00
-1.710000000000000000e+02 -3.900000000000000000e+01 1.218840379567735610e+00
-1.710000000000000000e+02 -3.800000000000000000e+01 1.296709462499551879e+00
-1.710000000000000000e+02 -3.700000000000000000e+01 1.263950177799814556e+00
-1.710000000000000000e+02 -3.600000000000000000e+01 1.123471640603760147e+00
-1.710000000000000000e+02 -3.500000000000000000e+01 1.260110824232574922e+00
-1.710000000000000000e+02 -3.400000000000000000e+01 1.244898587715243643e+00
-1.710000000000000000e+02 -3.300000000000000000e+01 1.145459862860501499e+00
-1.710000000000000000e+02 -3.200000000000000000e+01 1.089962886007678877e+00
-1.710000000000000000e+02 -3.100000000000000000e+01 1.037902937824917604e+00
-1.710000000000000000e+02 -3.000000000000000000e+01 8.461160291770256636e-01
-1.710000000000000000e+02 -2.900000000000000000e+01 nan
