Longitude[deg], Latitude[deg], Dust optical depth
1.450000000000000000e+02 2.700000000000000000e+01 nan
1.450000000000000000e+02 2.800000000000000000e+01 nan
1.450000000000000000e+02 2.900000000000000000e+01 nan
1.450000000000000000e+02 3.000000000000000000e+01 nan
1.450000000000000000e+02 3.100000000000000000e+01 nan
1.450000000000000000e+02 3.200000000000000000e+01 nan
1.450000000000000000e+02 3.300000000000000000e+01 nan
1.450000000000000000e+02 3.400000000000000000e+01 nan
1.450000000000000000e+02 3.500000000000000000e+01 nan
1.450000000000000000e+02 3.600000000000000000e+01 nan
1.450000000000000000e+02 3.700000000000000000e+01 nan
1.450000000000000000e+02 3.800000000000000000e+01 nan
1.450000000000000000e+02 3.900000000000000000e+01 nan
1.450000000000000000e+02 4.000000000000000000e+01 nan
1.450000000000000000e+02 4.100000000000000000e+01 nan
1.450000000000000000e+02 4.200000000000000000e+01 nan
1.450000000000000000e+02 4.300000000000000000e+01 nan
1.450000000000000000e+02 4.400000000000000000e+01 nan
1.450000000000000000e+02 4.500000000000000000e+01 nan
1.450000000000000000e+02 4.600000000000000000e+01 nan
1.450000000000000000e+02 4.700000000000000000e+01 nan
1.460000000000000000e+02 2.700000000000000000e+01 nan
1.460000000000000000e+02 2.800000000000000000e+01 nan
1.460000000000000000e+02 2.900000000000000000e+01 nan
1.460000000000000000e+02 3.000000000000000000e+01 nan
1.460000000000000000e+02 3.100000000000000000e+01 nan
1.460000000000000000e+02 3.200000000000000000e+01 nan
1.460000000000000000e+02 3.300000000000000000e+01 nan
1.460000000000000000e+02 3.400000000000000000e+01 nan
1.460000000000000000e+02 3.500000000000000000e+01 nan
1.460000000000000000e+02 3.600000000000000000e+01 nan
1.460000000000000000e+02 3.700000000000000000e+01 nan
1.460000000000000000e+02 3.800000000000000000e+01 nan
1.460000000000000000e+02 3.900000000000000000e+01 nan
1.460000000000000000e+02 4.000000000000000000e+01 nan
1.460000000000000000e+02 4.100000000000000000e+01 nan
1.460000000000000000e+02 4.200000000000000000e+01 nan
1.460000000000000000e+02 4.300000000000000000e+01 nan
1.460000000000000000e+02 4.400000000000000000e+01 nan
1.460000000000000000e+02 4.500000000000000000e+01 nan
1.460000000000000000e+02 4.600000000000000000e+01 nan
1.460000000000000000e+02 4.700000000000000000e+01 nan
1.470000000000000000e+02 2.700000000000000000e+01 nan
1.470000000000000000e+02 2.800000000000000000e+01 nan
1.470000000000000000e+02 2.900000000000000000e+01 nan
1.470000000000000000e+02 3.000000000000000000e+01 nan
1.470000000000000000e+02 3.100000000000000000e+01 nan
1.470000000000000000e+02 3.200000000000000000e+01 nan
1.470000000000000000e+02 3.300000000000000000e+01 4.215249251957867704e-01
1.470000000000000000e+02 3.400000000000000000e+01 3.727640022365082961e-01
1.470000000000000000e+02 3.500000000000000000e+01 3.949174346008461067e-01
1.470000000000000000e+02 3.600000000000000000e+01 3.953371789465464636e-01
1.470000000000000000e+02 3.700000000000000000e+01 3.754698744789504161e-01
1.470000000000000000e+02 3.800000000000000000e+01 nan
1.470000000000000000e+02 3.900000000000000000e+01 nan
1.470000000000000000e+02 4.000000000000000000e+01 nan
1.470000000000000000e+02 4.100000000000000000e+01 nan
1.470000000000000000e+02 4.200000000000000000e+01 nan
1.470000000000000000e+02 4.300000000000000000e+01 nan
1.470000000000000000e+02 4.400000000000000000e+01 nan
1.470000000000000000e+02 4.500000000000000000e+01 nan
1.470000000000000000e+02 4.600000000000000000e+01 nan
1.470000000000000000e+02 4.700000000000000000e+01 nan
1.480000000000000000e+02 2.700000000000000000e+01 1.241489633498110923e+00
1.480000000000000000e+02 2.800000000000000000e+01 1.221166575989091063e+00
1.480000000000000000e+02 2.900000000000000000e+01 1.114307431552784777e+00
1.480000000000000000e+02 3.000000000000000000e+01 6.366506799954404494e-01
1.480000000000000000e+02 3.100000000000000000e+01 5.732963052884978428e-01
1.480000000000000000e+02 3.200000000000000000e+01 6.363277624753883588e-01
1.480000000000000000e+02 3.300000000000000000e+01 4.953275263587340049e-01
1.480000000000000000e+02 3.400000000000000000e+01 4.101004424120753278e-01
1.480000000000000000e+02 3.500000000000000000e+01 4.051737722414905374e-01
1.480000000000000000e+02 3.600000000000000000e+01 3.863054747974251635e-01
1.480000000000000000e+02 3.700000000000000000e+01 3.578840727398908128e-01
1.480000000000000000e+02 3.800000000000000000e+01 nan
1.480000000000000000e+02 3.900000000000000000e+01 nan
1.480000000000000000e+02 4.000000000000000000e+01 nan
1.480000000000000000e+02 4.100000000000000000e+01 nan
1.480000000000000000e+02 4.200000000000000000e+01 nan
1.480000000000000000e+02 4.300000000000000000e+01 nan
1.480000000000000000e+02 4.400000000000000000e+01 nan
1.480000000000000000e+02 4.500000000000000000e+01 nan
1.480000000000000000e+02 4.600000000000000000e+01 nan
1.480000000000000000e+02 4.700000000000000000e+01 nan
1.490000000000000000e+02 2.700000000000000000e+01 1.212688306367981861e+00
1.490000000000000000e+02 2.800000000000000000e+01 1.177331892529578816e+00
1.490000000000000000e+02 2.900000000000000000e+01 1.009948706629262283e+00
1.490000000000000000e+02 3.000000000000000000e+01 6.481094625754404426e-01
1.490000000000000000e+02 3.100000000000000000e+01 7.403993857297171965e-01
1.490000000000000000e+02 3.200000000000000000e+01 8.265058001939746823e-01
1.490000000000000000e+02 3.300000000000000000e+01 5.645692357005657191e-01
1.490000000000000000e+02 3.400000000000000000e+01 4.203203099172668211e-01
1.490000000000000000e+02 3.500000000000000000e+01 4.053934253364886442e-01
1.490000000000000000e+02 3.600000000000000000e+01 3.759990528034642954e-01
1.490000000000000000e+02 3.700000000000000000e+01 3.311392502642508950e-01
1.490000000000000000e+02 3.800000000000000000e+01 2.615637239346790266e-01
1.490000000000000000e+02 3.900000000000000000e+01 nan
1.490000000000000000e+02 4.000000000000000000e+01 nan
1.490000000000000000e+02 4.100000000000000000e+01 nan
1.490000000000000000e+02 4.200000000000000000e+01 nan
1.490000000000000000e+02 4.300000000000000000e+01 nan
1.490000000000000000e+02 4.400000000000000000e+01 nan
1.490000000000000000e+02 4.500000000000000000e+01 nan
1.490000000000000000e+02 4.600000000000000000e+01 nan
1.490000000000000000e+02 4.700000000000000000e+01 nan
1.500000000000000000e+02 2.700000000000000000e+01 1.125108963405530682e+00
1.500000000000000000e+02 2.800000000000000000e+01 1.069674475387074164e+00
1.500000000000000000e+02 2.900000000000000000e+01 8.363708925886990109e-01
1.500000000000000000e+02 3.000000000000000000e+01 6.568114489178799031e-01
1.500000000000000000e+02 3.100000000000000000e+01 9.429569096478345180e-01
1.500000000000000000e+02 3.200000000000000000e+01 9.425145342088714351e-01
1.500000000000000000e+02 3.300000000000000000e+01 6.359955432159465349e-01
1.500000000000000000e+02 3.400000000000000000e+01 4.303288609514104857e-01
1.500000000000000000e+02 3.500000000000000000e+01 4.012300323950835912e-01
1.500000000000000000e+02 3.600000000000000000e+01 3.690323861039571662e-01
1.500000000000000000e+02 3.700000000000000000e+01 3.160840898459623127e-01
1.500000000000000000e+02 3.800000000000000000e+01 2.290390019311056014e-01
1.500000000000000000e+02 3.900000000000000000e+01 nan
1.500000000000000000e+02 4.000000000000000000e+01 nan
1.500000000000000000e+02 4.100000000000000000e+01 nan
1.500000000000000000e+02 4.200000000000000000e+01 nan
1.500000000000000000e+02 4.300000000000000000e+01 nan
1.500000000000000000e+02 4.400000000000000000e+01 nan
1.500000000000000000e+02 4.500000000000000000e+01 nan
1.500000000000000000e+02 4.600000000000000000e+01 nan
1.500000000000000000e+02 4.700000000000000000e+01 nan
1.510000000000000000e+02 2.700000000000000000e+01 9.117237394985086008e-01
1.510000000000000000e+02 2.800000000000000000e+01 8.503468770708544344e-01
1.510000000000000000e+02 2.900000000000000000e+01 6.656966042278678053e-01
1.510000000000000000e+02 3.000000000000000000e+01 5.561189156315032855e-01
1.510000000000000000e+02 3.100000000000000000e+01 7.354173596533033486e-01
1.510000000000000000e+02 3.200000000000000000e+01 8.303752329857502223e-01
1.510000000000000000e+02 3.300000000000000000e+01 5.786391102398363850e-01
1.510000000000000000e+02 3.400000000000000000e+01 4.343664418792553272e-01
1.510000000000000000e+02 3.500000000000000000e+01 3.859571328870192719e-01
1.510000000000000000e+02 3.600000000000000000e+01 3.328971338994379803e-01
1.510000000000000000e+02 3.700000000000000000e+01 2.670845890971096370e-01
1.510000000000000000e+02 3.800000000000000000e+01 2.225885265421862491e-01
1.510000000000000000e+02 3.900000000000000000e+01 nan
1.510000000000000000e+02 4.000000000000000000e+01 nan
1.510000000000000000e+02 4.100000000000000000e+01 nan
1.510000000000000000e+02 4.200000000000000000e+01 nan
1.510000000000000000e+02 4.300000000000000000e+01 nan
1.510000000000000000e+02 4.400000000000000000e+01 nan
1.510000000000000000e+02 4.500000000000000000e+01 nan
1.510000000000000000e+02 4.600000000000000000e+01 nan
1.510000000000000000e+02 4.700000000000000000e+01 nan
1.520000000000000000e+02 2.700000000000000000e+01 6.694152911002878570e-01
1.520000000000000000e+02 2.800000000000000000e+01 6.625202768254432328e-01
1.520000000000000000e+02 2.900000000000000000e+01 5.631075636985795052e-01
1.520000000000000000e+02 3.000000000000000000e+01 4.974184593346461791e-01
1.520000000000000000e+02 3.100000000000000000e+01 5.576878937329203811e-01
1.520000000000000000e+02 3.200000000000000000e+01 6.635116074213885939e-01
1.520000000000000000e+02 3.300000000000000000e+01 5.354399229846741326e-01
1.520000000000000000e+02 3.400000000000000000e+01 4.239380408937267197e-01
1.520000000000000000e+02 3.500000000000000000e+01 3.660627115088067596e-01
1.520000000000000000e+02 3.600000000000000000e+01 2.829149089337014700e-01
1.520000000000000000e+02 3.700000000000000000e+01 2.349859277149575765e-01
1.520000000000000000e+02 3.800000000000000000e+01 2.337878151040634345e-01
1.520000000000000000e+02 3.900000000000000000e+01 nan
1.520000000000000000e+02 4.000000000000000000e+01 nan
1.520000000000000000e+02 4.100000000000000000e+01 nan
1.520000000000000000e+02 4.200000000000000000e+01 nan
1.520000000000000000e+02 4.300000000000000000e+01 nan
1.520000000000000000e+02 4.400000000000000000e+01 nan
1.520000000000000000e+02 4.500000000000000000e+01 nan
1.520000000000000000e+02 4.600000000000000000e+01 nan
1.520000000000000000e+02 4.700000000000000000e+01 nan
