Longitude[deg], Latitude[deg], Dust optical depth
1.180000000000000000e+02 -6.000000000000000000e+00 nan
1.180000000000000000e+02 -5.000000000000000000e+00 nan
1.180000000000000000e+02 -4.000000000000000000e+00 nan
1.180000000000000000e+02 -3.000000000000000000e+00 2.292676148796802593e+00
1.180000000000000000e+02 -2.000000000000000000e+00 2.402514597560545528e+00
1.180000000000000000e+02 -1.000000000000000000e+00 2.310740020573116116e+00
1.180000000000000000e+02 0.000000000000000000e+00 2.282554408215590858e+00
1.180000000000000000e+02 1.000000000000000000e+00 2.341384686525204817e+00
1.180000000000000000e+02 2.000000000000000000e+00 2.298607482205950348e+00
1.180000000000000000e+02 3.000000000000000000e+00 2.074397034291839415e+00
1.180000000000000000e+02 4.000000000000000000e+00 1.938967331703704167e+00
1.180000000000000000e+02 5.000000000000000000e+00 1.604426162558745261e+00
1.180000000000000000e+02 6.000000000000000000e+00 1.210447385960223166e+00
1.180000000000000000e+02 7.000000000000000000e+00 1.174313542011004907e+00
1.180000000000000000e+02 8.000000000000000000e+00 1.171094147334981850e+00
1.180000000000000000e+02 9.000000000000000000e+00 1.060617503455440591e+00
1.190000000000000000e+02 -6.000000000000000000e+00 2.161060675742202619e+00
1.190000000000000000e+02 -5.000000000000000000e+00 2.172713200333820982e+00
1.190000000000000000e+02 -4.000000000000000000e+00 2.277662071226584484e+00
1.190000000000000000e+02 -3.000000000000000000e+00 2.313283360434019276e+00
1.190000000000000000e+02 -2.000000000000000000e+00 2.336815872320816556e+00
1.190000000000000000e+02 -1.000000000000000000e+00 2.316378941931933610e+00
1.190000000000000000e+02 0.000000000000000000e+00 2.294747305270411264e+00
1.190000000000000000e+02 1.000000000000000000e+00 2.345680954483243319e+00
1.190000000000000000e+02 2.000000000000000000e+00 2.307748895938853018e+00
1.190000000000000000e+02 3.000000000000000000e+00 2.067102145467507590e+00
1.190000000000000000e+02 4.000000000000000000e+00 1.715002646647222351e+00
1.190000000000000000e+02 5.000000000000000000e+00 1.337285214089064977e+00
1.190000000000000000e+02 6.000000000000000000e+00 1.127046991188404013e+00
1.190000000000000000e+02 7.000000000000000000e+00 1.152109402144987360e+00
1.190000000000000000e+02 8.000000000000000000e+00 1.141307138202846128e+00
1.190000000000000000e+02 9.000000000000000000e+00 1.049888139005022314e+00
1.200000000000000000e+02 -6.000000000000000000e+00 2.218802002824117992e+00
1.200000000000000000e+02 -5.000000000000000000e+00 2.201509160115310504e+00
1.200000000000000000e+02 -4.000000000000000000e+00 2.305390913834900690e+00
1.200000000000000000e+02 -3.000000000000000000e+00 2.317911025984134898e+00
1.200000000000000000e+02 -2.000000000000000000e+00 2.333824428115748528e+00
1.200000000000000000e+02 -1.000000000000000000e+00 2.318349146380628945e+00
1.200000000000000000e+02 0.000000000000000000e+00 2.291196181406500276e+00
1.200000000000000000e+02 1.000000000000000000e+00 2.346769860728821211e+00
1.200000000000000000e+02 2.000000000000000000e+00 2.316525240404845754e+00
1.200000000000000000e+02 3.000000000000000000e+00 2.066706308804291403e+00
1.200000000000000000e+02 4.000000000000000000e+00 1.673019068546160781e+00
1.200000000000000000e+02 5.000000000000000000e+00 1.108484079705737591e+00
1.200000000000000000e+02 6.000000000000000000e+00 1.097903462027198573e+00
1.200000000000000000e+02 7.000000000000000000e+00 1.139113151964791903e+00
1.200000000000000000e+02 8.000000000000000000e+00 1.130836187696093731e+00
1.200000000000000000e+02 9.000000000000000000e+00 1.045938539305096393e+00
1.210000000000000000e+02 -6.000000000000000000e+00 2.314709087379139163e+00
1.210000000000000000e+02 -5.000000000000000000e+00 2.319317160544857259e+00
1.210000000000000000e+02 -4.000000000000000000e+00 2.374258810423009791e+00
1.210000000000000000e+02 -3.000000000000000000e+00 2.343877640556950137e+00
1.210000000000000000e+02 -2.000000000000000000e+00 2.337864869653353050e+00
1.210000000000000000e+02 -1.000000000000000000e+00 2.323838793688806081e+00
1.210000000000000000e+02 0.000000000000000000e+00 2.261600591986742348e+00
1.210000000000000000e+02 1.000000000000000000e+00 2.348608723455258840e+00
1.210000000000000000e+02 2.000000000000000000e+00 2.371578871622561202e+00
1.210000000000000000e+02 3.000000000000000000e+00 2.080111615353235521e+00
1.210000000000000000e+02 4.000000000000000000e+00 1.405691185146603406e+00
1.210000000000000000e+02 5.000000000000000000e+00 1.080239863533118516e+00
1.210000000000000000e+02 6.000000000000000000e+00 1.063047262741668275e+00
1.210000000000000000e+02 7.000000000000000000e+00 1.163152861043478481e+00
1.210000000000000000e+02 8.000000000000000000e+00 1.206540880286399053e+00
1.210000000000000000e+02 9.000000000000000000e+00 nan
