Longitude[deg], Latitude[deg], Dust optical depth
-5.700000000000000000e+01 -6.000000000000000000e+00 nan
-5.700000000000000000e+01 -5.000000000000000000e+00 nan
-5.700000000000000000e+01 -4.000000000000000000e+00 nan
-5.700000000000000000e+01 -3.000000000000000000e+00 nan
-5.700000000000000000e+01 -2.000000000000000000e+00 nan
-5.700000000000000000e+01 -1.000000000000000000e+00 nan
-5.700000000000000000e+01 0.000000000000000000e+00 nan
-5.700000000000000000e+01 1.000000000000000000e+00 nan
-5.700000000000000000e+01 2.000000000000000000e+00 nan
-5.700000000000000000e+01 3.000000000000000000e+00 nan
-5.700000000000000000e+01 4.000000000000000000e+00 nan
-5.700000000000000000e+01 5.000000000000000000e+00 nan
-5.700000000000000000e+01 6.000000000000000000e+00 nan
-5.700000000000000000e+01 7.000000000000000000e+00 nan
-5.700000000000000000e+01 8.000000000000000000e+00 nan
-5.700000000000000000e+01 9.000000000000000000e+00 nan
-5.700000000000000000e+01 1.000000000000000000e+01 nan
-5.700000000000000000e+01 1.100000000000000000e+01 nan
-5.700000000000000000e+01 1.200000000000000000e+01 nan
-5.700000000000000000e+01 1.300000000000000000e+01 nan
-5.700000000000000000e+01 1.400000000000000000e+01 nan
-5.600000000000000000e+01 -6.000000000000000000e+00 nan
-5.600000000000000000e+01 -5.000000000000000000e+00 nan
-5.600000000000000000e+01 -4.000000000000000000e+00 nan
-5.600000000000000000e+01 -3.000000000000000000e+00 nan
-5.600000000000000000e+01 -2.000000000000000000e+00 nan
-5.600000000000000000e+01 -1.000000000000000000e+00 nan
-5.600000000000000000e+01 0.000000000000000000e+00 nan
-5.600000000000000000e+01 1.000000000000000000e+00 nan
-5.600000000000000000e+01 2.000000000000000000e+00 nan
-5.600000000000000000e+01 3.000000000000000000e+00 nan
-5.600000000000000000e+01 4.000000000000000000e+00 nan
-5.600000000000000000e+01 5.000000000000000000e+00 nan
-5.600000000000000000e+01 6.000000000000000000e+00 4.156981211202136706e+00
-5.600000000000000000e+01 7.000000000000000000e+00 4.026796845961812643e+00
-5.600000000000000000e+01 8.000000000000000000e+00 3.894185310795048149e+00
-5.600000000000000000e+01 9.000000000000000000e+00 3.797995197436572656e+00
-5.600000000000000000e+01 1.000000000000000000e+01 3.753478332087056391e+00
-5.600000000000000000e+01 1.100000000000000000e+01 3.703094440289909084e+00
-5.600000000000000000e+01 1.200000000000000000e+01 3.563296215022452085e+00
-5.600000000000000000e+01 1.300000000000000000e+01 3.388895167312910850e+00
-5.600000000000000000e+01 1.400000000000000000e+01 3.270944641006152231e+00
-5.500000000000000000e+01 -6.000000000000000000e+00 3.777200178647906803e+00
-5.500000000000000000e+01 -5.000000000000000000e+00 3.800013780749837089e+00
-5.500000000000000000e+01 -4.000000000000000000e+00 3.803394842432309630e+00
-5.500000000000000000e+01 -3.000000000000000000e+00 3.812482382733735076e+00
-5.500000000000000000e+01 -2.000000000000000000e+00 3.834712217269542922e+00
-5.500000000000000000e+01 -1.000000000000000000e+00 3.970104705538965995e+00
-5.500000000000000000e+01 0.000000000000000000e+00 4.063962452681360915e+00
-5.500000000000000000e+01 1.000000000000000000e+00 3.924255720222059374e+00
-5.500000000000000000e+01 2.000000000000000000e+00 3.855526777156589979e+00
-5.500000000000000000e+01 3.000000000000000000e+00 3.993398825705646527e+00
-5.500000000000000000e+01 4.000000000000000000e+00 4.105575749920462592e+00
-5.500000000000000000e+01 5.000000000000000000e+00 4.153245939487775651e+00
-5.500000000000000000e+01 6.000000000000000000e+00 4.096652024792598823e+00
-5.500000000000000000e+01 7.000000000000000000e+00 4.048613515053267164e+00
-5.500000000000000000e+01 8.000000000000000000e+00 3.919425431285211481e+00
-5.500000000000000000e+01 9.000000000000000000e+00 3.817151138654391929e+00
-5.500000000000000000e+01 1.000000000000000000e+01 3.753747830499632787e+00
-5.500000000000000000e+01 1.100000000000000000e+01 3.687846474309192324e+00
-5.500000000000000000e+01 1.200000000000000000e+01 3.533497289634320637e+00
-5.500000000000000000e+01 1.300000000000000000e+01 3.396640396554230890e+00
-5.500000000000000000e+01 1.400000000000000000e+01 3.328183366909747587e+00
-5.400000000000000000e+01 -6.000000000000000000e+00 3.758925930435142782e+00
-5.400000000000000000e+01 -5.000000000000000000e+00 3.863020161693980103e+00
-5.400000000000000000e+01 -4.000000000000000000e+00 3.842098937701380557e+00
-5.400000000000000000e+01 -3.000000000000000000e+00 3.763778745351678001e+00
-5.400000000000000000e+01 -2.000000000000000000e+00 3.814128788092868927e+00
-5.400000000000000000e+01 -1.000000000000000000e+00 3.888457603705832266e+00
-5.400000000000000000e+01 0.000000000000000000e+00 3.948731352756767343e+00
-5.400000000000000000e+01 1.000000000000000000e+00 3.891193372395759464e+00
-5.400000000000000000e+01 2.000000000000000000e+00 3.875475342531762291e+00
-5.400000000000000000e+01 3.000000000000000000e+00 3.962643933833365217e+00
-5.400000000000000000e+01 4.000000000000000000e+00 4.024710820866503447e+00
-5.400000000000000000e+01 5.000000000000000000e+00 4.090703807155819050e+00
-5.400000000000000000e+01 6.000000000000000000e+00 4.072631236174678371e+00
-5.400000000000000000e+01 7.000000000000000000e+00 4.040357291487687519e+00
-5.400000000000000000e+01 8.000000000000000000e+00 3.922734428583867228e+00
-5.400000000000000000e+01 9.000000000000000000e+00 3.814175146619141810e+00
-5.400000000000000000e+01 1.000000000000000000e+01 3.733969101252162304e+00
-5.400000000000000000e+01 1.100000000000000000e+01 3.608373968817038868e+00
-5.400000000000000000e+01 1.200000000000000000e+01 3.478914167225517051e+00
-5.400000000000000000e+01 1.300000000000000000e+01 3.361240070131097823e+00
-5.400000000000000000e+01 1.400000000000000000e+01 3.325990461209787252e+00
-5.300000000000000000e+01 -6.000000000000000000e+00 3.715355558557827731e+00
-5.300000000000000000e+01 -5.000000000000000000e+00 3.837930751532938611e+00
-5.300000000000000000e+01 -4.000000000000000000e+00 3.842217892704507864e+00
-5.300000000000000000e+01 -3.000000000000000000e+00 3.758343592962984037e+00
-5.300000000000000000e+01 -2.000000000000000000e+00 3.818154228923801963e+00
-5.300000000000000000e+01 -1.000000000000000000e+00 3.891915997958828477e+00
-5.300000000000000000e+01 0.000000000000000000e+00 3.889827448266945709e+00
-5.300000000000000000e+01 1.000000000000000000e+00 3.843895639058786173e+00
-5.300000000000000000e+01 2.000000000000000000e+00 3.937487520839670463e+00
-5.300000000000000000e+01 3.000000000000000000e+00 3.968669879793662147e+00
-5.300000000000000000e+01 4.000000000000000000e+00 3.947662572021647165e+00
-5.300000000000000000e+01 5.000000000000000000e+00 4.033078225289323804e+00
-5.300000000000000000e+01 6.000000000000000000e+00 4.051912271476051153e+00
-5.300000000000000000e+01 7.000000000000000000e+00 4.033480039644173232e+00
-5.300000000000000000e+01 8.000000000000000000e+00 3.919755857620584649e+00
-5.300000000000000000e+01 9.000000000000000000e+00 3.809981754060796977e+00
-5.300000000000000000e+01 1.000000000000000000e+01 3.720613435131465252e+00
-5.300000000000000000e+01 1.100000000000000000e+01 3.578694608459118243e+00
-5.300000000000000000e+01 1.200000000000000000e+01 3.411947708321808825e+00
-5.300000000000000000e+01 1.300000000000000000e+01 3.332333877181658188e+00
-5.300000000000000000e+01 1.400000000000000000e+01 3.256145511146669946e+00
-5.200000000000000000e+01 -6.000000000000000000e+00 3.613477112614172704e+00
-5.200000000000000000e+01 -5.000000000000000000e+00 3.769583480739757686e+00
-5.200000000000000000e+01 -4.000000000000000000e+00 3.815484188984078262e+00
-5.200000000000000000e+01 -3.000000000000000000e+00 3.795431000608971317e+00
-5.200000000000000000e+01 -2.000000000000000000e+00 3.872922297064503638e+00
-5.200000000000000000e+01 -1.000000000000000000e+00 3.972179579344015554e+00
-5.200000000000000000e+01 0.000000000000000000e+00 3.905208943951827827e+00
-5.200000000000000000e+01 1.000000000000000000e+00 3.813173967725149272e+00
-5.200000000000000000e+01 2.000000000000000000e+00 4.050881375651751881e+00
-5.200000000000000000e+01 3.000000000000000000e+00 4.097711901112795374e+00
-5.200000000000000000e+01 4.000000000000000000e+00 3.910915315611811049e+00
-5.200000000000000000e+01 5.000000000000000000e+00 4.009901200189558423e+00
-5.200000000000000000e+01 6.000000000000000000e+00 4.035722139794923891e+00
-5.200000000000000000e+01 7.000000000000000000e+00 4.056132756363163949e+00
-5.200000000000000000e+01 8.000000000000000000e+00 3.931420271787311904e+00
-5.200000000000000000e+01 9.000000000000000000e+00 3.809895732916057209e+00
-5.200000000000000000e+01 1.000000000000000000e+01 3.726084935894453665e+00
-5.200000000000000000e+01 1.100000000000000000e+01 3.575690459386375863e+00
-5.200000000000000000e+01 1.200000000000000000e+01 nan
-5.200000000000000000e+01 1.300000000000000000e+01 nan
-5.200000000000000000e+01 1.400000000000000000e+01 nan
