Longitude[deg], Latitude[deg], Dust optical depth
-1.740000000000000000e+02 -2.000000000000000000e+00 nan
-1.740000000000000000e+02 -1.000000000000000000e+00 nan
-1.740000000000000000e+02 0.000000000000000000e+00 nan
-1.740000000000000000e+02 1.000000000000000000e+00 nan
-1.740000000000000000e+02 2.000000000000000000e+00 nan
-1.740000000000000000e+02 3.000000000000000000e+00 nan
-1.740000000000000000e+02 4.000000000000000000e+00 nan
-1.740000000000000000e+02 5.000000000000000000e+00 nan
-1.740000000000000000e+02 6.000000000000000000e+00 nan
-1.740000000000000000e+02 7.000000000000000000e+00 nan
-1.740000000000000000e+02 8.000000000000000000e+00 nan
-1.740000000000000000e+02 9.000000000000000000e+00 1.408816150075871576e+00
-1.740000000000000000e+02 1.000000000000000000e+01 1.353441002866476284e+00
-1.740000000000000000e+02 1.100000000000000000e+01 1.276955726480228259e+00
-1.740000000000000000e+02 1.200000000000000000e+01 1.281155741812406657e+00
-1.740000000000000000e+02 1.300000000000000000e+01 1.333663642246277314e+00
-1.740000000000000000e+02 1.400000000000000000e+01 1.328033384061946265e+00
-1.730000000000000000e+02 -2.000000000000000000e+00 1.688972969867114315e+00
-1.730000000000000000e+02 -1.000000000000000000e+00 1.573736076148771090e+00
-1.730000000000000000e+02 0.000000000000000000e+00 1.436608468220744061e+00
-1.730000000000000000e+02 1.000000000000000000e+00 1.387205406667143759e+00
-1.730000000000000000e+02 2.000000000000000000e+00 1.353982995892792696e+00
-1.730000000000000000e+02 3.000000000000000000e+00 1.320204076777183433e+00
-1.730000000000000000e+02 4.000000000000000000e+00 1.211935843374980060e+00
-1.730000000000000000e+02 5.000000000000000000e+00 1.198454413052604028e+00
-1.730000000000000000e+02 6.000000000000000000e+00 1.316705953403897622e+00
-1.730000000000000000e+02 7.000000000000000000e+00 1.317192613587108596e+00
-1.730000000000000000e+02 8.000000000000000000e+00 1.317943961373006845e+00
-1.730000000000000000e+02 9.000000000000000000e+00 1.379575917602958279e+00
-1.730000000000000000e+02 1.000000000000000000e+01 1.343527809609450507e+00
-1.730000000000000000e+02 1.100000000000000000e+01 1.275274899579257326e+00
-1.730000000000000000e+02 1.200000000000000000e+01 1.261185273829397602e+00
-1.730000000000000000e+02 1.300000000000000000e+01 1.262751314927795354e+00
-1.730000000000000000e+02 1.400000000000000000e+01 1.241570516964560111e+00
-1.720000000000000000e+02 -2.000000000000000000e+00 1.690432982556622887e+00
-1.720000000000000000e+02 -1.000000000000000000e+00 1.549343137049703278e+00
-1.720000000000000000e+02 0.000000000000000000e+00 1.411361908910110818e+00
-1.720000000000000000e+02 1.000000000000000000e+00 1.355952242401508467e+00
-1.720000000000000000e+02 2.000000000000000000e+00 1.350462312875846616e+00
-1.720000000000000000e+02 3.000000000000000000e+00 1.307675993240271062e+00
-1.720000000000000000e+02 4.000000000000000000e+00 1.210849501959680108e+00
-1.720000000000000000e+02 5.000000000000000000e+00 1.199563749414092273e+00
-1.720000000000000000e+02 6.000000000000000000e+00 1.317779324698010068e+00
-1.720000000000000000e+02 7.000000000000000000e+00 1.318245788807171914e+00
-1.720000000000000000e+02 8.000000000000000000e+00 1.319079188743722764e+00
-1.720000000000000000e+02 9.000000000000000000e+00 1.377217331150111246e+00
-1.720000000000000000e+02 1.000000000000000000e+01 1.337385210304318450e+00
-1.720000000000000000e+02 1.100000000000000000e+01 1.267153375744807464e+00
-1.720000000000000000e+02 1.200000000000000000e+01 1.256084498597997312e+00
-1.720000000000000000e+02 1.300000000000000000e+01 1.249075713995225545e+00
-1.720000000000000000e+02 1.400000000000000000e+01 1.241318766745490798e+00
-1.710000000000000000e+02 -2.000000000000000000e+00 1.692214822614840575e+00
-1.710000000000000000e+02 -1.000000000000000000e+00 1.538559574871031899e+00
-1.710000000000000000e+02 0.000000000000000000e+00 1.366892132737138832e+00
-1.710000000000000000e+02 1.000000000000000000e+00 1.321556995832887660e+00
-1.710000000000000000e+02 2.000000000000000000e+00 1.346381251613140373e+00
-1.710000000000000000e+02 3.000000000000000000e+00 1.274475295049392498e+00
-1.710000000000000000e+02 4.000000000000000000e+00 1.209687133888736499e+00
-1.710000000000000000e+02 5.000000000000000000e+00 1.202089651576629059e+00
-1.710000000000000000e+02 6.000000000000000000e+00 1.319222810522234113e+00
-1.710000000000000000e+02 7.000000000000000000e+00 1.321846743128676449e+00
-1.710000000000000000e+02 8.000000000000000000e+00 1.323451461823103248e+00
-1.710000000000000000e+02 9.000000000000000000e+00 1.375865101986474492e+00
-1.710000000000000000e+02 1.000000000000000000e+01 1.331672210373190168e+00
-1.710000000000000000e+02 1.100000000000000000e+01 1.259959635839059899e+00
-1.710000000000000000e+02 1.200000000000000000e+01 1.252429913922809890e+00
-1.710000000000000000e+02 1.300000000000000000e+01 1.248617654705463265e+00
-1.710000000000000000e+02 1.400000000000000000e+01 nan
