Longitude[deg], Latitude[deg], Dust optical depth
1.900000000000000000e+01 1.000000000000000000e+01 nan
1.900000000000000000e+01 1.100000000000000000e+01 nan
1.900000000000000000e+01 1.200000000000000000e+01 nan
1.900000000000000000e+01 1.300000000000000000e+01 nan
1.900000000000000000e+01 1.400000000000000000e+01 nan
1.900000000000000000e+01 1.500000000000000000e+01 nan
1.900000000000000000e+01 1.600000000000000000e+01 nan
1.900000000000000000e+01 1.700000000000000000e+01 nan
1.900000000000000000e+01 1.800000000000000000e+01 nan
1.900000000000000000e+01 1.900000000000000000e+01 nan
1.900000000000000000e+01 2.000000000000000000e+01 nan
1.900000000000000000e+01 2.100000000000000000e+01 nan
1.900000000000000000e+01 2.200000000000000000e+01 nan
1.900000000000000000e+01 2.300000000000000000e+01 nan
1.900000000000000000e+01 2.400000000000000000e+01 1.558911759748523584e+00
1.900000000000000000e+01 2.500000000000000000e+01 1.540018906828810152e+00
1.900000000000000000e+01 2.600000000000000000e+01 1.501443539263715543e+00
1.900000000000000000e+01 2.700000000000000000e+01 1.489912837788156308e+00
1.900000000000000000e+01 2.800000000000000000e+01 1.471464447726793523e+00
1.900000000000000000e+01 2.900000000000000000e+01 1.394056209739568564e+00
1.900000000000000000e+01 3.000000000000000000e+01 1.276615828996359170e+00
1.900000000000000000e+01 3.100000000000000000e+01 1.176029826296270953e+00
2.000000000000000000e+01 1.000000000000000000e+01 nan
2.000000000000000000e+01 1.100000000000000000e+01 nan
2.000000000000000000e+01 1.200000000000000000e+01 nan
2.000000000000000000e+01 1.300000000000000000e+01 1.699231032712837486e+00
2.000000000000000000e+01 1.400000000000000000e+01 1.740797695346298912e+00
2.000000000000000000e+01 1.500000000000000000e+01 1.802803684006024421e+00
2.000000000000000000e+01 1.600000000000000000e+01 1.786634673443056931e+00
2.000000000000000000e+01 1.700000000000000000e+01 1.726281753044279332e+00
2.000000000000000000e+01 1.800000000000000000e+01 1.703196392689226402e+00
2.000000000000000000e+01 1.900000000000000000e+01 1.643420425290263553e+00
2.000000000000000000e+01 2.000000000000000000e+01 1.630997995808595613e+00
2.000000000000000000e+01 2.100000000000000000e+01 1.629370922397491261e+00
2.000000000000000000e+01 2.200000000000000000e+01 1.606270083177757435e+00
2.000000000000000000e+01 2.300000000000000000e+01 1.612658077498886344e+00
2.000000000000000000e+01 2.400000000000000000e+01 1.572633289538542201e+00
2.000000000000000000e+01 2.500000000000000000e+01 1.538367138888300900e+00
2.000000000000000000e+01 2.600000000000000000e+01 1.498095011132479115e+00
2.000000000000000000e+01 2.700000000000000000e+01 1.460890270338483177e+00
2.000000000000000000e+01 2.800000000000000000e+01 1.444763057019800456e+00
2.000000000000000000e+01 2.900000000000000000e+01 1.331979189894779259e+00
2.000000000000000000e+01 3.000000000000000000e+01 1.208278413812003294e+00
2.000000000000000000e+01 3.100000000000000000e+01 1.167550312432237947e+00
2.100000000000000000e+01 1.000000000000000000e+01 nan
2.100000000000000000e+01 1.100000000000000000e+01 1.585505262273389171e+00
2.100000000000000000e+01 1.200000000000000000e+01 1.611388748305598195e+00
2.100000000000000000e+01 1.300000000000000000e+01 1.668261736956864860e+00
2.100000000000000000e+01 1.400000000000000000e+01 1.737957732100713804e+00
2.100000000000000000e+01 1.500000000000000000e+01 1.795286659401034601e+00
2.100000000000000000e+01 1.600000000000000000e+01 1.759099804094611530e+00
2.100000000000000000e+01 1.700000000000000000e+01 1.702788539679181090e+00
2.100000000000000000e+01 1.800000000000000000e+01 1.687794548042110820e+00
2.100000000000000000e+01 1.900000000000000000e+01 1.627185808091051067e+00
2.100000000000000000e+01 2.000000000000000000e+01 1.617762211854260501e+00
2.100000000000000000e+01 2.100000000000000000e+01 1.625810301075762299e+00
2.100000000000000000e+01 2.200000000000000000e+01 1.607688947145176295e+00
2.100000000000000000e+01 2.300000000000000000e+01 1.600185340204011819e+00
2.100000000000000000e+01 2.400000000000000000e+01 1.570045459167685120e+00
2.100000000000000000e+01 2.500000000000000000e+01 1.538546366422766987e+00
2.100000000000000000e+01 2.600000000000000000e+01 1.486077626100050786e+00
2.100000000000000000e+01 2.700000000000000000e+01 1.400759240407172923e+00
2.100000000000000000e+01 2.800000000000000000e+01 1.384901577207532153e+00
2.100000000000000000e+01 2.900000000000000000e+01 1.305554902843008236e+00
2.100000000000000000e+01 3.000000000000000000e+01 1.203118425475798725e+00
2.100000000000000000e+01 3.100000000000000000e+01 1.154373047823445964e+00
2.200000000000000000e+01 1.000000000000000000e+01 nan
2.200000000000000000e+01 1.100000000000000000e+01 1.632443554203056202e+00
2.200000000000000000e+01 1.200000000000000000e+01 1.629785523526332769e+00
2.200000000000000000e+01 1.300000000000000000e+01 1.664348341841535905e+00
2.200000000000000000e+01 1.400000000000000000e+01 1.745958899875994286e+00
2.200000000000000000e+01 1.500000000000000000e+01 1.788073454452761668e+00
2.200000000000000000e+01 1.600000000000000000e+01 1.747967518581404534e+00
2.200000000000000000e+01 1.700000000000000000e+01 1.695712260395372706e+00
2.200000000000000000e+01 1.800000000000000000e+01 1.684941582496488399e+00
2.200000000000000000e+01 1.900000000000000000e+01 1.623217338248048813e+00
2.200000000000000000e+01 2.000000000000000000e+01 1.605527138692788958e+00
2.200000000000000000e+01 2.100000000000000000e+01 1.616362610523221832e+00
2.200000000000000000e+01 2.200000000000000000e+01 1.608616136743257208e+00
2.200000000000000000e+01 2.300000000000000000e+01 1.584512005044188099e+00
2.200000000000000000e+01 2.400000000000000000e+01 1.555569243437656901e+00
2.200000000000000000e+01 2.500000000000000000e+01 1.528146687490915312e+00
2.200000000000000000e+01 2.600000000000000000e+01 1.485023193212182013e+00
2.200000000000000000e+01 2.700000000000000000e+01 1.385081688643409192e+00
2.200000000000000000e+01 2.800000000000000000e+01 1.344968162755916019e+00
2.200000000000000000e+01 2.900000000000000000e+01 1.306880411873225567e+00
2.200000000000000000e+01 3.000000000000000000e+01 1.222944164657021604e+00
2.200000000000000000e+01 3.100000000000000000e+01 1.133128594416676238e+00
2.300000000000000000e+01 1.000000000000000000e+01 nan
2.300000000000000000e+01 1.100000000000000000e+01 1.684572232156213545e+00
2.300000000000000000e+01 1.200000000000000000e+01 1.643414141560342934e+00
2.300000000000000000e+01 1.300000000000000000e+01 1.665159540190679355e+00
2.300000000000000000e+01 1.400000000000000000e+01 1.755718150893631035e+00
2.300000000000000000e+01 1.500000000000000000e+01 1.781862055728692384e+00
2.300000000000000000e+01 1.600000000000000000e+01 1.739603268299733330e+00
2.300000000000000000e+01 1.700000000000000000e+01 1.701097745657463411e+00
2.300000000000000000e+01 1.800000000000000000e+01 1.692685635492082952e+00
2.300000000000000000e+01 1.900000000000000000e+01 1.629711144892691976e+00
2.300000000000000000e+01 2.000000000000000000e+01 1.600246749284732983e+00
2.300000000000000000e+01 2.100000000000000000e+01 1.608296333029325620e+00
2.300000000000000000e+01 2.200000000000000000e+01 1.609173650260777189e+00
2.300000000000000000e+01 2.300000000000000000e+01 1.582897452563410967e+00
2.300000000000000000e+01 2.400000000000000000e+01 1.538409903948578350e+00
2.300000000000000000e+01 2.500000000000000000e+01 1.502576213808458849e+00
2.300000000000000000e+01 2.600000000000000000e+01 1.512882388931992894e+00
2.300000000000000000e+01 2.700000000000000000e+01 1.446867257359770953e+00
2.300000000000000000e+01 2.800000000000000000e+01 1.370782192899048235e+00
2.300000000000000000e+01 2.900000000000000000e+01 1.293734823579082205e+00
2.300000000000000000e+01 3.000000000000000000e+01 1.174679118551503532e+00
2.300000000000000000e+01 3.100000000000000000e+01 nan
