Longitude[deg], Latitude[deg], Dust optical depth
1.110000000000000000e+02 -4.700000000000000000e+01 4.993004889510014088e+00
1.110000000000000000e+02 -4.600000000000000000e+01 5.006648106131615705e+00
1.110000000000000000e+02 -4.500000000000000000e+01 5.089898897590626525e+00
1.110000000000000000e+02 -4.400000000000000000e+01 5.130364223719140249e+00
1.110000000000000000e+02 -4.300000000000000000e+01 5.267431945138792315e+00
1.110000000000000000e+02 -4.200000000000000000e+01 5.384779468717951545e+00
1.110000000000000000e+02 -4.100000000000000000e+01 5.489074155315240233e+00
1.110000000000000000e+02 -4.000000000000000000e+01 5.488692610562727836e+00
1.110000000000000000e+02 -3.900000000000000000e+01 5.566370667273467632e+00
1.110000000000000000e+02 -3.800000000000000000e+01 5.590180288350499183e+00
1.110000000000000000e+02 -3.700000000000000000e+01 5.369458762047863765e+00
1.110000000000000000e+02 -3.600000000000000000e+01 5.328458655580761594e+00
1.110000000000000000e+02 -3.500000000000000000e+01 5.265405474459927682e+00
1.110000000000000000e+02 -3.400000000000000000e+01 5.183099797839837208e+00
1.110000000000000000e+02 -3.300000000000000000e+01 5.452314893067529589e+00
1.110000000000000000e+02 -3.200000000000000000e+01 5.728078677027490961e+00
1.110000000000000000e+02 -3.100000000000000000e+01 5.747669297337601790e+00
1.110000000000000000e+02 -3.000000000000000000e+01 5.632586916623934847e+00
1.110000000000000000e+02 -2.900000000000000000e+01 5.608448701122630276e+00
1.110000000000000000e+02 -2.800000000000000000e+01 5.631458108581141708e+00
1.110000000000000000e+02 -2.700000000000000000e+01 5.585348417823628786e+00
1.110000000000000000e+02 -2.600000000000000000e+01 5.386845432155983104e+00
1.110000000000000000e+02 -2.500000000000000000e+01 5.289985696102269763e+00
1.110000000000000000e+02 -2.400000000000000000e+01 5.232001415421997592e+00
1.110000000000000000e+02 -2.300000000000000000e+01 5.009426535686862358e+00
1.110000000000000000e+02 -2.200000000000000000e+01 4.868065723218218288e+00
1.110000000000000000e+02 -2.100000000000000000e+01 4.915262368762038037e+00
1.110000000000000000e+02 -2.000000000000000000e+01 nan
1.120000000000000000e+02 -4.700000000000000000e+01 4.993004889510014088e+00
1.120000000000000000e+02 -4.600000000000000000e+01 5.007314746705413100e+00
1.120000000000000000e+02 -4.500000000000000000e+01 5.092946011755768332e+00
1.120000000000000000e+02 -4.400000000000000000e+01 5.141139383196657420e+00
1.120000000000000000e+02 -4.300000000000000000e+01 5.265540307663581387e+00
1.120000000000000000e+02 -4.200000000000000000e+01 5.400243223178118335e+00
1.120000000000000000e+02 -4.100000000000000000e+01 5.492809862187018943e+00
1.120000000000000000e+02 -4.000000000000000000e+01 5.501660013328098842e+00
1.120000000000000000e+02 -3.900000000000000000e+01 5.565186593162648521e+00
1.120000000000000000e+02 -3.800000000000000000e+01 5.537160865644978891e+00
1.120000000000000000e+02 -3.700000000000000000e+01 5.340500889310373367e+00
1.120000000000000000e+02 -3.600000000000000000e+01 5.306378685320097155e+00
1.120000000000000000e+02 -3.500000000000000000e+01 5.239595966427113005e+00
1.120000000000000000e+02 -3.400000000000000000e+01 5.223212507091292700e+00
1.120000000000000000e+02 -3.300000000000000000e+01 5.467853243356970872e+00
1.120000000000000000e+02 -3.200000000000000000e+01 5.704774436273019944e+00
1.120000000000000000e+02 -3.100000000000000000e+01 5.716696148296600555e+00
1.120000000000000000e+02 -3.000000000000000000e+01 5.619220114240206954e+00
1.120000000000000000e+02 -2.900000000000000000e+01 5.584028845543132391e+00
1.120000000000000000e+02 -2.800000000000000000e+01 5.602668814106650963e+00
1.120000000000000000e+02 -2.700000000000000000e+01 5.602301419132301952e+00
1.120000000000000000e+02 -2.600000000000000000e+01 5.502304801284823021e+00
1.120000000000000000e+02 -2.500000000000000000e+01 5.295162332298135155e+00
1.120000000000000000e+02 -2.400000000000000000e+01 5.153007386987652261e+00
1.120000000000000000e+02 -2.300000000000000000e+01 4.970611061399587527e+00
1.120000000000000000e+02 -2.200000000000000000e+01 4.869078972134149197e+00
1.120000000000000000e+02 -2.100000000000000000e+01 4.834305444244775707e+00
1.120000000000000000e+02 -2.000000000000000000e+01 nan
1.130000000000000000e+02 -4.700000000000000000e+01 nan
1.130000000000000000e+02 -4.600000000000000000e+01 nan
1.130000000000000000e+02 -4.500000000000000000e+01 5.174107210525546563e+00
1.130000000000000000e+02 -4.400000000000000000e+01 5.189354909642151625e+00
1.130000000000000000e+02 -4.300000000000000000e+01 5.257448952072426351e+00
1.130000000000000000e+02 -4.200000000000000000e+01 5.436696927516231348e+00
1.130000000000000000e+02 -4.100000000000000000e+01 5.499221213700090871e+00
1.130000000000000000e+02 -4.000000000000000000e+01 5.522465228690319528e+00
1.130000000000000000e+02 -3.900000000000000000e+01 5.564524478878435154e+00
1.130000000000000000e+02 -3.800000000000000000e+01 5.516160100942462563e+00
1.130000000000000000e+02 -3.700000000000000000e+01 5.323326224817230390e+00
1.130000000000000000e+02 -3.600000000000000000e+01 5.295418398797585802e+00
1.130000000000000000e+02 -3.500000000000000000e+01 5.229708795521406550e+00
1.130000000000000000e+02 -3.400000000000000000e+01 5.229803433706776694e+00
1.130000000000000000e+02 -3.300000000000000000e+01 5.473864573443613324e+00
1.130000000000000000e+02 -3.200000000000000000e+01 5.700216406546469550e+00
1.130000000000000000e+02 -3.100000000000000000e+01 5.707876044589220932e+00
1.130000000000000000e+02 -3.000000000000000000e+01 5.617694827227033727e+00
1.130000000000000000e+02 -2.900000000000000000e+01 5.577930098789689595e+00
1.130000000000000000e+02 -2.800000000000000000e+01 5.595224369084105476e+00
1.130000000000000000e+02 -2.700000000000000000e+01 5.603732705228889444e+00
1.130000000000000000e+02 -2.600000000000000000e+01 5.507851248750369244e+00
1.130000000000000000e+02 -2.500000000000000000e+01 5.297126209240419215e+00
1.130000000000000000e+02 -2.400000000000000000e+01 5.144710886332659605e+00
1.130000000000000000e+02 -2.300000000000000000e+01 4.959380356128221479e+00
1.130000000000000000e+02 -2.200000000000000000e+01 4.869933794886494915e+00
1.130000000000000000e+02 -2.100000000000000000e+01 4.792313531091377143e+00
1.130000000000000000e+02 -2.000000000000000000e+01 nan
