Longitude[deg], Latitude[deg], Dust optical depth
-2.800000000000000000e+01 8.000000000000000000e+00 nan
-2.800000000000000000e+01 9.000000000000000000e+00 nan
-2.800000000000000000e+01 1.000000000000000000e+01 nan
-2.800000000000000000e+01 1.100000000000000000e+01 nan
-2.800000000000000000e+01 1.200000000000000000e+01 nan
-2.800000000000000000e+01 1.300000000000000000e+01 nan
-2.800000000000000000e+01 1.400000000000000000e+01 nan
-2.800000000000000000e+01 1.500000000000000000e+01 nan
-2.800000000000000000e+01 1.600000000000000000e+01 nan
-2.800000000000000000e+01 1.700000000000000000e+01 nan
-2.800000000000000000e+01 1.800000000000000000e+01 nan
-2.800000000000000000e+01 1.900000000000000000e+01 nan
-2.800000000000000000e+01 2.000000000000000000e+01 nan
-2.800000000000000000e+01 2.100000000000000000e+01 nan
-2.800000000000000000e+01 2.200000000000000000e+01 nan
-2.800000000000000000e+01 2.300000000000000000e+01 nan
-2.800000000000000000e+01 2.400000000000000000e+01 nan
-2.800000000000000000e+01 2.500000000000000000e+01 nan
-2.800000000000000000e+01 2.600000000000000000e+01 nan
-2.800000000000000000e+01 2.700000000000000000e+01 nan
-2.800000000000000000e+01 2.800000000000000000e+01 nan
-2.800000000000000000e+01 2.900000000000000000e+01 nan
-2.800000000000000000e+01 3.000000000000000000e+01 nan
-2.800000000000000000e+01 3.100000000000000000e+01 nan
-2.800000000000000000e+01 3.200000000000000000e+01 nan
-2.800000000000000000e+01 3.300000000000000000e+01 nan
-2.800000000000000000e+01 3.400000000000000000e+01 nan
-2.700000000000000000e+01 8.000000000000000000e+00 nan
-2.700000000000000000e+01 9.000000000000000000e+00 nan
-2.700000000000000000e+01 1.000000000000000000e+01 nan
-2.700000000000000000e+01 1.100000000000000000e+01 nan
-2.700000000000000000e+01 1.200000000000000000e+01 nan
-2.700000000000000000e+01 1.300000000000000000e+01 nan
-2.700000000000000000e+01 1.400000000000000000e+01 nan
-2.700000000000000000e+01 1.500000000000000000e+01 nan
-2.700000000000000000e+01 1.600000000000000000e+01 nan
-2.700000000000000000e+01 1.700000000000000000e+01 nan
-2.700000000000000000e+01 1.800000000000000000e+01 nan
-2.700000000000000000e+01 1.900000000000000000e+01 nan
-2.700000000000000000e+01 2.000000000000000000e+01 nan
-2.700000000000000000e+01 2.100000000000000000e+01 nan
-2.700000000000000000e+01 2.200000000000000000e+01 nan
-2.700000000000000000e+01 2.300000000000000000e+01 nan
-2.700000000000000000e+01 2.400000000000000000e+01 nan
-2.700000000000000000e+01 2.500000000000000000e+01 nan
-2.700000000000000000e+01 2.600000000000000000e+01 nan
-2.700000000000000000e+01 2.700000000000000000e+01 nan
-2.700000000000000000e+01 2.800000000000000000e+01 nan
-2.700000000000000000e+01 2.900000000000000000e+01 nan
-2.700000000000000000e+01 3.000000000000000000e+01 nan
-2.700000000000000000e+01 3.100000000000000000e+01 nan
-2.700000000000000000e+01 3.200000000000000000e+01 nan
-2.700000000000000000e+01 3.300000000000000000e+01 nan
-2.700000000000000000e+01 3.400000000000000000e+01 nan
-2.600000000000000000e+01 8.000000000000000000e+00 nan
-2.600000000000000000e+01 9.000000000000000000e+00 nan
-2.600000000000000000e+01 1.000000000000000000e+01 nan
-2.600000000000000000e+01 1.100000000000000000e+01 nan
-2.600000000000000000e+01 1.200000000000000000e+01 nan
-2.600000000000000000e+01 1.300000000000000000e+01 nan
-2.600000000000000000e+01 1.400000000000000000e+01 nan
-2.600000000000000000e+01 1.500000000000000000e+01 nan
-2.600000000000000000e+01 1.600000000000000000e+01 nan
-2.600000000000000000e+01 1.700000000000000000e+01 nan
-2.600000000000000000e+01 1.800000000000000000e+01 nan
-2.600000000000000000e+01 1.900000000000000000e+01 nan
-2.600000000000000000e+01 2.000000000000000000e+01 nan
-2.600000000000000000e+01 2.100000000000000000e+01 3.882092535662265753e+00
-2.600000000000000000e+01 2.200000000000000000e+01 3.859228347396496783e+00
-2.600000000000000000e+01 2.300000000000000000e+01 3.857267456265315531e+00
-2.600000000000000000e+01 2.400000000000000000e+01 3.860407714413228053e+00
-2.600000000000000000e+01 2.500000000000000000e+01 nan
-2.600000000000000000e+01 2.600000000000000000e+01 nan
-2.600000000000000000e+01 2.700000000000000000e+01 nan
-2.600000000000000000e+01 2.800000000000000000e+01 nan
-2.600000000000000000e+01 2.900000000000000000e+01 nan
-2.600000000000000000e+01 3.000000000000000000e+01 nan
-2.600000000000000000e+01 3.100000000000000000e+01 nan
-2.600000000000000000e+01 3.200000000000000000e+01 nan
-2.600000000000000000e+01 3.300000000000000000e+01 nan
-2.600000000000000000e+01 3.400000000000000000e+01 nan
-2.500000000000000000e+01 8.000000000000000000e+00 nan
-2.500000000000000000e+01 9.000000000000000000e+00 nan
-2.500000000000000000e+01 1.000000000000000000e+01 nan
-2.500000000000000000e+01 1.100000000000000000e+01 nan
-2.500000000000000000e+01 1.200000000000000000e+01 nan
-2.500000000000000000e+01 1.300000000000000000e+01 nan
-2.500000000000000000e+01 1.400000000000000000e+01 4.730043462550544753e+00
-2.500000000000000000e+01 1.500000000000000000e+01 4.628675054861702165e+00
-2.500000000000000000e+01 1.600000000000000000e+01 4.477787153888530547e+00
-2.500000000000000000e+01 1.700000000000000000e+01 4.258059559881015588e+00
-2.500000000000000000e+01 1.800000000000000000e+01 4.021001305956986904e+00
-2.500000000000000000e+01 1.900000000000000000e+01 3.902111937200312131e+00
-2.500000000000000000e+01 2.000000000000000000e+01 3.886101239175839606e+00
-2.500000000000000000e+01 2.100000000000000000e+01 3.900499084502296654e+00
-2.500000000000000000e+01 2.200000000000000000e+01 3.897990129451390562e+00
-2.500000000000000000e+01 2.300000000000000000e+01 3.902555325771258854e+00
-2.500000000000000000e+01 2.400000000000000000e+01 3.921811842727258579e+00
-2.500000000000000000e+01 2.500000000000000000e+01 nan
-2.500000000000000000e+01 2.600000000000000000e+01 nan
-2.500000000000000000e+01 2.700000000000000000e+01 nan
-2.500000000000000000e+01 2.800000000000000000e+01 nan
-2.500000000000000000e+01 2.900000000000000000e+01 nan
-2.500000000000000000e+01 3.000000000000000000e+01 nan
-2.500000000000000000e+01 3.100000000000000000e+01 nan
-2.500000000000000000e+01 3.200000000000000000e+01 nan
-2.500000000000000000e+01 3.300000000000000000e+01 nan
-2.500000000000000000e+01 3.400000000000000000e+01 nan
-2.400000000000000000e+01 8.000000000000000000e+00 nan
-2.400000000000000000e+01 9.000000000000000000e+00 5.177050751241562665e+00
-2.400000000000000000e+01 1.000000000000000000e+01 5.112544899382566399e+00
-2.400000000000000000e+01 1.100000000000000000e+01 4.960008130982424213e+00
-2.400000000000000000e+01 1.200000000000000000e+01 4.871910333093977030e+00
-2.400000000000000000e+01 1.300000000000000000e+01 4.755146849453934621e+00
-2.400000000000000000e+01 1.400000000000000000e+01 4.719799056330745479e+00
-2.400000000000000000e+01 1.500000000000000000e+01 4.715514095199162981e+00
-2.400000000000000000e+01 1.600000000000000000e+01 4.503247963539705800e+00
-2.400000000000000000e+01 1.700000000000000000e+01 4.209591255605263704e+00
-2.400000000000000000e+01 1.800000000000000000e+01 4.018896980914737682e+00
-2.400000000000000000e+01 1.900000000000000000e+01 3.955489118696566386e+00
-2.400000000000000000e+01 2.000000000000000000e+01 3.925036743386140170e+00
-2.400000000000000000e+01 2.100000000000000000e+01 3.892992724967782259e+00
-2.400000000000000000e+01 2.200000000000000000e+01 3.914471551158348994e+00
-2.400000000000000000e+01 2.300000000000000000e+01 3.959508399798747025e+00
-2.400000000000000000e+01 2.400000000000000000e+01 3.946208509504893325e+00
-2.400000000000000000e+01 2.500000000000000000e+01 nan
-2.400000000000000000e+01 2.600000000000000000e+01 nan
-2.400000000000000000e+01 2.700000000000000000e+01 nan
-2.400000000000000000e+01 2.800000000000000000e+01 nan
-2.400000000000000000e+01 2.900000000000000000e+01 nan
-2.400000000000000000e+01 3.000000000000000000e+01 nan
-2.400000000000000000e+01 3.100000000000000000e+01 nan
-2.400000000000000000e+01 3.200000000000000000e+01 nan
-2.400000000000000000e+01 3.300000000000000000e+01 nan
-2.400000000000000000e+01 3.400000000000000000e+01 nan
-2.300000000000000000e+01 8.000000000000000000e+00 5.024405844418271982e+00
-2.300000000000000000e+01 9.000000000000000000e+00 5.106036988109931229e+00
-2.300000000000000000e+01 1.000000000000000000e+01 5.038883107814763562e+00
-2.300000000000000000e+01 1.100000000000000000e+01 4.936711415251543222e+00
-2.300000000000000000e+01 1.200000000000000000e+01 4.886430783671290357e+00
-2.300000000000000000e+01 1.300000000000000000e+01 4.762320158495577438e+00
-2.300000000000000000e+01 1.400000000000000000e+01 4.739389509336523254e+00
-2.300000000000000000e+01 1.500000000000000000e+01 4.798567944871594548e+00
-2.300000000000000000e+01 1.600000000000000000e+01 4.598290209677228013e+00
-2.300000000000000000e+01 1.700000000000000000e+01 4.232829421178331941e+00
-2.300000000000000000e+01 1.800000000000000000e+01 4.040360363546404265e+00
-2.300000000000000000e+01 1.900000000000000000e+01 4.015589946978421310e+00
-2.300000000000000000e+01 2.000000000000000000e+01 3.974133175919001726e+00
-2.300000000000000000e+01 2.100000000000000000e+01 3.910419676798403188e+00
-2.300000000000000000e+01 2.200000000000000000e+01 3.973834343754980125e+00
-2.300000000000000000e+01 2.300000000000000000e+01 4.042729100126473796e+00
-2.300000000000000000e+01 2.400000000000000000e+01 4.051752532630650272e+00
-2.300000000000000000e+01 2.500000000000000000e+01 nan
-2.300000000000000000e+01 2.600000000000000000e+01 nan
-2.300000000000000000e+01 2.700000000000000000e+01 nan
-2.300000000000000000e+01 2.800000000000000000e+01 nan
-2.300000000000000000e+01 2.900000000000000000e+01 nan
-2.300000000000000000e+01 3.000000000000000000e+01 nan
-2.300000000000000000e+01 3.100000000000000000e+01 nan
-2.300000000000000000e+01 3.200000000000000000e+01 nan
-2.300000000000000000e+01 3.300000000000000000e+01 nan
-2.300000000000000000e+01 3.400000000000000000e+01 nan
-2.200000000000000000e+01 8.000000000000000000e+00 nan
-2.200000000000000000e+01 9.000000000000000000e+00 4.971633442925337931e+00
-2.200000000000000000e+01 1.000000000000000000e+01 4.955122038932364248e+00
-2.200000000000000000e+01 1.100000000000000000e+01 4.955359042921561930e+00
-2.200000000000000000e+01 1.200000000000000000e+01 4.932286985866119799e+00
-2.200000000000000000e+01 1.300000000000000000e+01 4.777995206699593211e+00
-2.200000000000000000e+01 1.400000000000000000e+01 4.752861887598309742e+00
-2.200000000000000000e+01 1.500000000000000000e+01 4.874465741060774349e+00
-2.200000000000000000e+01 1.600000000000000000e+01 4.724379304320203588e+00
-2.200000000000000000e+01 1.700000000000000000e+01 4.333087249693093668e+00
-2.200000000000000000e+01 1.800000000000000000e+01 4.043673987232252465e+00
-2.200000000000000000e+01 1.900000000000000000e+01 4.013129792665177220e+00
-2.200000000000000000e+01 2.000000000000000000e+01 3.998515423980736117e+00
-2.200000000000000000e+01 2.100000000000000000e+01 3.991932442460476516e+00
-2.200000000000000000e+01 2.200000000000000000e+01 4.074493332590649608e+00
-2.200000000000000000e+01 2.300000000000000000e+01 4.116814484332248725e+00
-2.200000000000000000e+01 2.400000000000000000e+01 4.131487716028099832e+00
-2.200000000000000000e+01 2.500000000000000000e+01 4.153055445775900800e+00
-2.200000000000000000e+01 2.600000000000000000e+01 nan
-2.200000000000000000e+01 2.700000000000000000e+01 nan
-2.200000000000000000e+01 2.800000000000000000e+01 nan
-2.200000000000000000e+01 2.900000000000000000e+01 nan
-2.200000000000000000e+01 3.000000000000000000e+01 nan
-2.200000000000000000e+01 3.100000000000000000e+01 nan
-2.200000000000000000e+01 3.200000000000000000e+01 nan
-2.200000000000000000e+01 3.300000000000000000e+01 nan
-2.200000000000000000e+01 3.400000000000000000e+01 nan
-2.100000000000000000e+01 8.000000000000000000e+00 nan
-2.100000000000000000e+01 9.000000000000000000e+00 4.828968395553562054e+00
-2.100000000000000000e+01 1.000000000000000000e+01 4.868149181151678384e+00
-2.100000000000000000e+01 1.100000000000000000e+01 4.975821980310929149e+00
-2.100000000000000000e+01 1.200000000000000000e+01 4.988101888225906499e+00
-2.100000000000000000e+01 1.300000000000000000e+01 4.835071030372377621e+00
-2.100000000000000000e+01 1.400000000000000000e+01 4.787733193043725244e+00
-2.100000000000000000e+01 1.500000000000000000e+01 4.886640549468520334e+00
-2.100000000000000000e+01 1.600000000000000000e+01 4.768612299469796589e+00
-2.100000000000000000e+01 1.700000000000000000e+01 4.389993490521019837e+00
-2.100000000000000000e+01 1.800000000000000000e+01 4.031406495220760888e+00
-2.100000000000000000e+01 1.900000000000000000e+01 3.986228064077597555e+00
-2.100000000000000000e+01 2.000000000000000000e+01 4.003627075981639472e+00
-2.100000000000000000e+01 2.100000000000000000e+01 4.008351089234905906e+00
-2.100000000000000000e+01 2.200000000000000000e+01 4.086980562765302416e+00
-2.100000000000000000e+01 2.300000000000000000e+01 4.128821197649347852e+00
-2.100000000000000000e+01 2.400000000000000000e+01 4.146612925706556929e+00
-2.100000000000000000e+01 2.500000000000000000e+01 4.153055445775900800e+00
-2.100000000000000000e+01 2.600000000000000000e+01 nan
-2.100000000000000000e+01 2.700000000000000000e+01 nan
-2.100000000000000000e+01 2.800000000000000000e+01 nan
-2.100000000000000000e+01 2.900000000000000000e+01 nan
-2.100000000000000000e+01 3.000000000000000000e+01 nan
-2.100000000000000000e+01 3.100000000000000000e+01 nan
-2.100000000000000000e+01 3.200000000000000000e+01 nan
-2.100000000000000000e+01 3.300000000000000000e+01 nan
-2.100000000000000000e+01 3.400000000000000000e+01 nan
-2.000000000000000000e+01 8.000000000000000000e+00 nan
-2.000000000000000000e+01 9.000000000000000000e+00 4.622117674254159425e+00
-2.000000000000000000e+01 1.000000000000000000e+01 4.752470834798733001e+00
-2.000000000000000000e+01 1.100000000000000000e+01 4.881981783592102886e+00
-2.000000000000000000e+01 1.200000000000000000e+01 5.024648977176139120e+00
-2.000000000000000000e+01 1.300000000000000000e+01 5.024648977176139120e+00
-2.000000000000000000e+01 1.400000000000000000e+01 4.945560066999521887e+00
-2.000000000000000000e+01 1.500000000000000000e+01 4.880814222124103985e+00
-2.000000000000000000e+01 1.600000000000000000e+01 4.809041456868770048e+00
-2.000000000000000000e+01 1.700000000000000000e+01 4.511115248247084430e+00
-2.000000000000000000e+01 1.800000000000000000e+01 nan
-2.000000000000000000e+01 1.900000000000000000e+01 nan
-2.000000000000000000e+01 2.000000000000000000e+01 nan
-2.000000000000000000e+01 2.100000000000000000e+01 nan
-2.000000000000000000e+01 2.200000000000000000e+01 nan
-2.000000000000000000e+01 2.300000000000000000e+01 nan
-2.000000000000000000e+01 2.400000000000000000e+01 nan
-2.000000000000000000e+01 2.500000000000000000e+01 nan
-2.000000000000000000e+01 2.600000000000000000e+01 nan
-2.000000000000000000e+01 2.700000000000000000e+01 nan
-2.000000000000000000e+01 2.800000000000000000e+01 nan
-2.000000000000000000e+01 2.900000000000000000e+01 nan
-2.000000000000000000e+01 3.000000000000000000e+01 nan
-2.000000000000000000e+01 3.100000000000000000e+01 nan
-2.000000000000000000e+01 3.200000000000000000e+01 nan
-2.000000000000000000e+01 3.300000000000000000e+01 nan
-2.000000000000000000e+01 3.400000000000000000e+01 nan
