Longitude[deg], Latitude[deg], Dust optical depth
8.500000000000000000e+01 3.500000000000000000e+01 nan
8.500000000000000000e+01 3.600000000000000000e+01 nan
8.500000000000000000e+01 3.700000000000000000e+01 nan
8.500000000000000000e+01 3.800000000000000000e+01 nan
8.500000000000000000e+01 3.900000000000000000e+01 nan
8.500000000000000000e+01 4.000000000000000000e+01 nan
8.500000000000000000e+01 4.100000000000000000e+01 nan
8.500000000000000000e+01 4.200000000000000000e+01 nan
8.500000000000000000e+01 4.300000000000000000e+01 nan
8.500000000000000000e+01 4.400000000000000000e+01 nan
8.500000000000000000e+01 4.500000000000000000e+01 nan
8.500000000000000000e+01 4.600000000000000000e+01 nan
8.500000000000000000e+01 4.700000000000000000e+01 nan
8.500000000000000000e+01 4.800000000000000000e+01 nan
8.500000000000000000e+01 4.900000000000000000e+01 nan
8.500000000000000000e+01 5.000000000000000000e+01 nan
8.500000000000000000e+01 5.100000000000000000e+01 nan
8.600000000000000000e+01 3.500000000000000000e+01 nan
8.600000000000000000e+01 3.600000000000000000e+01 nan
8.600000000000000000e+01 3.700000000000000000e+01 nan
8.600000000000000000e+01 3.800000000000000000e+01 nan
8.600000000000000000e+01 3.900000000000000000e+01 nan
8.600000000000000000e+01 4.000000000000000000e+01 nan
8.600000000000000000e+01 4.100000000000000000e+01 8.599256871365466015e-01
8.600000000000000000e+01 4.200000000000000000e+01 9.030157744507940620e-01
8.600000000000000000e+01 4.300000000000000000e+01 8.994469285886013132e-01
8.600000000000000000e+01 4.400000000000000000e+01 8.238419446018849790e-01
8.600000000000000000e+01 4.500000000000000000e+01 6.951323085575603633e-01
8.600000000000000000e+01 4.600000000000000000e+01 6.034334388455004916e-01
8.600000000000000000e+01 4.700000000000000000e+01 5.880997991320591201e-01
8.600000000000000000e+01 4.800000000000000000e+01 nan
8.600000000000000000e+01 4.900000000000000000e+01 nan
8.600000000000000000e+01 5.000000000000000000e+01 nan
8.600000000000000000e+01 5.100000000000000000e+01 nan
8.700000000000000000e+01 3.500000000000000000e+01 8.138500464379033739e-01
8.700000000000000000e+01 3.600000000000000000e+01 8.074333657996362046e-01
8.700000000000000000e+01 3.700000000000000000e+01 7.679765702268442906e-01
8.700000000000000000e+01 3.800000000000000000e+01 7.284840669034927663e-01
8.700000000000000000e+01 3.900000000000000000e+01 7.668546922530924403e-01
8.700000000000000000e+01 4.000000000000000000e+01 8.389966089855928066e-01
8.700000000000000000e+01 4.100000000000000000e+01 8.752802810232777064e-01
8.700000000000000000e+01 4.200000000000000000e+01 9.182108254514209644e-01
8.700000000000000000e+01 4.300000000000000000e+01 9.142213775646874652e-01
8.700000000000000000e+01 4.400000000000000000e+01 8.334477773794666255e-01
8.700000000000000000e+01 4.500000000000000000e+01 6.976852651258148574e-01
8.700000000000000000e+01 4.600000000000000000e+01 6.204102046239852175e-01
8.700000000000000000e+01 4.700000000000000000e+01 6.056769335858485093e-01
8.700000000000000000e+01 4.800000000000000000e+01 nan
8.700000000000000000e+01 4.900000000000000000e+01 nan
8.700000000000000000e+01 5.000000000000000000e+01 nan
8.700000000000000000e+01 5.100000000000000000e+01 nan
8.800000000000000000e+01 3.500000000000000000e+01 8.224402720062126138e-01
8.800000000000000000e+01 3.600000000000000000e+01 8.066401363838384686e-01
8.800000000000000000e+01 3.700000000000000000e+01 7.672424811351180596e-01
8.800000000000000000e+01 3.800000000000000000e+01 7.394280310250296306e-01
8.800000000000000000e+01 3.900000000000000000e+01 7.740448802598983713e-01
8.800000000000000000e+01 4.000000000000000000e+01 8.470424335408690553e-01
8.800000000000000000e+01 4.100000000000000000e+01 8.973235043022443902e-01
8.800000000000000000e+01 4.200000000000000000e+01 9.415175424923025727e-01
8.800000000000000000e+01 4.300000000000000000e+01 9.219737956745981400e-01
8.800000000000000000e+01 4.400000000000000000e+01 8.334477773794666255e-01
8.800000000000000000e+01 4.500000000000000000e+01 7.046309817507510065e-01
8.800000000000000000e+01 4.600000000000000000e+01 6.457102472257693071e-01
8.800000000000000000e+01 4.700000000000000000e+01 6.447006031036456308e-01
8.800000000000000000e+01 4.800000000000000000e+01 nan
8.800000000000000000e+01 4.900000000000000000e+01 nan
8.800000000000000000e+01 5.000000000000000000e+01 nan
8.800000000000000000e+01 5.100000000000000000e+01 nan
8.900000000000000000e+01 3.500000000000000000e+01 8.199773437530449849e-01
8.900000000000000000e+01 3.600000000000000000e+01 7.936212214276768817e-01
8.900000000000000000e+01 3.700000000000000000e+01 7.576325199601673388e-01
8.900000000000000000e+01 3.800000000000000000e+01 7.505354799870123106e-01
8.900000000000000000e+01 3.900000000000000000e+01 7.995825617634529925e-01
8.900000000000000000e+01 4.000000000000000000e+01 8.646252223282062666e-01
8.900000000000000000e+01 4.100000000000000000e+01 9.180376164851424825e-01
8.900000000000000000e+01 4.200000000000000000e+01 9.503412073568504592e-01
8.900000000000000000e+01 4.300000000000000000e+01 9.036389973251014451e-01
8.900000000000000000e+01 4.400000000000000000e+01 8.041014019696114401e-01
8.900000000000000000e+01 4.500000000000000000e+01 7.238819145617344519e-01
8.900000000000000000e+01 4.600000000000000000e+01 6.887883642813107388e-01
8.900000000000000000e+01 4.700000000000000000e+01 nan
8.900000000000000000e+01 4.800000000000000000e+01 nan
8.900000000000000000e+01 4.900000000000000000e+01 nan
8.900000000000000000e+01 5.000000000000000000e+01 nan
8.900000000000000000e+01 5.100000000000000000e+01 nan
9.000000000000000000e+01 3.500000000000000000e+01 7.919020136980692293e-01
9.000000000000000000e+01 3.600000000000000000e+01 7.835165149822688191e-01
9.000000000000000000e+01 3.700000000000000000e+01 7.691794777509222136e-01
9.000000000000000000e+01 3.800000000000000000e+01 7.689727735098756956e-01
9.000000000000000000e+01 3.900000000000000000e+01 8.007339243578737165e-01
9.000000000000000000e+01 4.000000000000000000e+01 8.529711079440801536e-01
9.000000000000000000e+01 4.100000000000000000e+01 9.116069482808577540e-01
9.000000000000000000e+01 4.200000000000000000e+01 9.401144493500732668e-01
9.000000000000000000e+01 4.300000000000000000e+01 8.649666380914194930e-01
9.000000000000000000e+01 4.400000000000000000e+01 7.686467986868048552e-01
9.000000000000000000e+01 4.500000000000000000e+01 7.273240301417072118e-01
9.000000000000000000e+01 4.600000000000000000e+01 7.020265504650937682e-01
9.000000000000000000e+01 4.700000000000000000e+01 nan
9.000000000000000000e+01 4.800000000000000000e+01 nan
9.000000000000000000e+01 4.900000000000000000e+01 nan
9.000000000000000000e+01 5.000000000000000000e+01 nan
9.000000000000000000e+01 5.100000000000000000e+01 nan
9.100000000000000000e+01 3.500000000000000000e+01 7.759709708742884571e-01
9.100000000000000000e+01 3.600000000000000000e+01 7.754026767298467515e-01
9.100000000000000000e+01 3.700000000000000000e+01 7.894301280366343709e-01
9.100000000000000000e+01 3.800000000000000000e+01 7.882857086278753922e-01
9.100000000000000000e+01 3.900000000000000000e+01 7.996582383623422885e-01
9.100000000000000000e+01 4.000000000000000000e+01 8.374158381607529344e-01
9.100000000000000000e+01 4.100000000000000000e+01 8.845785983301494015e-01
9.100000000000000000e+01 4.200000000000000000e+01 9.255003018340953735e-01
9.100000000000000000e+01 4.300000000000000000e+01 8.437176515053036452e-01
9.100000000000000000e+01 4.400000000000000000e+01 7.538626999330153566e-01
9.100000000000000000e+01 4.500000000000000000e+01 7.224076240326501308e-01
9.100000000000000000e+01 4.600000000000000000e+01 6.732660757181809785e-01
9.100000000000000000e+01 4.700000000000000000e+01 nan
9.100000000000000000e+01 4.800000000000000000e+01 nan
9.100000000000000000e+01 4.900000000000000000e+01 nan
9.100000000000000000e+01 5.000000000000000000e+01 nan
9.100000000000000000e+01 5.100000000000000000e+01 nan
9.200000000000000000e+01 3.500000000000000000e+01 nan
9.200000000000000000e+01 3.600000000000000000e+01 nan
9.200000000000000000e+01 3.700000000000000000e+01 nan
9.200000000000000000e+01 3.800000000000000000e+01 nan
9.200000000000000000e+01 3.900000000000000000e+01 nan
9.200000000000000000e+01 4.000000000000000000e+01 8.365759517990118965e-01
9.200000000000000000e+01 4.100000000000000000e+01 8.851311572718040255e-01
9.200000000000000000e+01 4.200000000000000000e+01 9.224685043566727138e-01
9.200000000000000000e+01 4.300000000000000000e+01 8.119995780309909872e-01
9.200000000000000000e+01 4.400000000000000000e+01 7.422064019202915253e-01
9.200000000000000000e+01 4.500000000000000000e+01 nan
9.200000000000000000e+01 4.600000000000000000e+01 nan
9.200000000000000000e+01 4.700000000000000000e+01 nan
9.200000000000000000e+01 4.800000000000000000e+01 nan
9.200000000000000000e+01 4.900000000000000000e+01 nan
9.200000000000000000e+01 5.000000000000000000e+01 nan
9.200000000000000000e+01 5.100000000000000000e+01 nan
