Longitude[deg], Latitude[deg], Dust optical depth
1.350000000000000000e+02 -8.100000000000000000e+01 nan
1.350000000000000000e+02 -8.000000000000000000e+01 nan
1.350000000000000000e+02 -7.900000000000000000e+01 nan
1.350000000000000000e+02 -7.800000000000000000e+01 nan
1.350000000000000000e+02 -7.700000000000000000e+01 nan
1.350000000000000000e+02 -7.600000000000000000e+01 nan
1.350000000000000000e+02 -7.500000000000000000e+01 nan
1.350000000000000000e+02 -7.400000000000000000e+01 nan
1.350000000000000000e+02 -7.300000000000000000e+01 nan
1.350000000000000000e+02 -7.200000000000000000e+01 nan
1.350000000000000000e+02 -7.100000000000000000e+01 nan
1.350000000000000000e+02 -7.000000000000000000e+01 nan
1.350000000000000000e+02 -6.900000000000000000e+01 nan
1.350000000000000000e+02 -6.800000000000000000e+01 nan
1.350000000000000000e+02 -6.700000000000000000e+01 nan
1.350000000000000000e+02 -6.600000000000000000e+01 nan
1.350000000000000000e+02 -6.500000000000000000e+01 nan
1.350000000000000000e+02 -6.400000000000000000e+01 nan
1.350000000000000000e+02 -6.300000000000000000e+01 nan
1.350000000000000000e+02 -6.200000000000000000e+01 nan
1.350000000000000000e+02 -6.100000000000000000e+01 nan
1.350000000000000000e+02 -6.000000000000000000e+01 nan
1.350000000000000000e+02 -5.900000000000000000e+01 nan
1.350000000000000000e+02 -5.800000000000000000e+01 nan
1.350000000000000000e+02 -5.700000000000000000e+01 nan
1.350000000000000000e+02 -5.600000000000000000e+01 nan
1.350000000000000000e+02 -5.500000000000000000e+01 nan
1.350000000000000000e+02 -5.400000000000000000e+01 nan
1.350000000000000000e+02 -5.300000000000000000e+01 nan
1.350000000000000000e+02 -5.200000000000000000e+01 nan
1.350000000000000000e+02 -5.100000000000000000e+01 nan
1.350000000000000000e+02 -5.000000000000000000e+01 nan
1.350000000000000000e+02 -4.900000000000000000e+01 nan
1.350000000000000000e+02 -4.800000000000000000e+01 nan
1.350000000000000000e+02 -4.700000000000000000e+01 nan
1.350000000000000000e+02 -4.600000000000000000e+01 nan
1.350000000000000000e+02 -4.500000000000000000e+01 nan
1.350000000000000000e+02 -4.400000000000000000e+01 nan
1.350000000000000000e+02 -4.300000000000000000e+01 nan
1.350000000000000000e+02 -4.200000000000000000e+01 nan
1.350000000000000000e+02 -4.100000000000000000e+01 nan
1.350000000000000000e+02 -4.000000000000000000e+01 nan
1.350000000000000000e+02 -3.900000000000000000e+01 nan
1.350000000000000000e+02 -3.800000000000000000e+01 nan
1.350000000000000000e+02 -3.700000000000000000e+01 nan
1.350000000000000000e+02 -3.600000000000000000e+01 nan
1.350000000000000000e+02 -3.500000000000000000e+01 nan
1.360000000000000000e+02 -8.100000000000000000e+01 nan
1.360000000000000000e+02 -8.000000000000000000e+01 nan
1.360000000000000000e+02 -7.900000000000000000e+01 nan
1.360000000000000000e+02 -7.800000000000000000e+01 nan
1.360000000000000000e+02 -7.700000000000000000e+01 nan
1.360000000000000000e+02 -7.600000000000000000e+01 nan
1.360000000000000000e+02 -7.500000000000000000e+01 nan
1.360000000000000000e+02 -7.400000000000000000e+01 nan
1.360000000000000000e+02 -7.300000000000000000e+01 nan
1.360000000000000000e+02 -7.200000000000000000e+01 nan
1.360000000000000000e+02 -7.100000000000000000e+01 nan
1.360000000000000000e+02 -7.000000000000000000e+01 nan
1.360000000000000000e+02 -6.900000000000000000e+01 nan
1.360000000000000000e+02 -6.800000000000000000e+01 nan
1.360000000000000000e+02 -6.700000000000000000e+01 nan
1.360000000000000000e+02 -6.600000000000000000e+01 nan
1.360000000000000000e+02 -6.500000000000000000e+01 nan
1.360000000000000000e+02 -6.400000000000000000e+01 nan
1.360000000000000000e+02 -6.300000000000000000e+01 nan
1.360000000000000000e+02 -6.200000000000000000e+01 nan
1.360000000000000000e+02 -6.100000000000000000e+01 nan
1.360000000000000000e+02 -6.000000000000000000e+01 nan
1.360000000000000000e+02 -5.900000000000000000e+01 nan
1.360000000000000000e+02 -5.800000000000000000e+01 nan
1.360000000000000000e+02 -5.700000000000000000e+01 nan
1.360000000000000000e+02 -5.600000000000000000e+01 nan
1.360000000000000000e+02 -5.500000000000000000e+01 nan
1.360000000000000000e+02 -5.400000000000000000e+01 nan
1.360000000000000000e+02 -5.300000000000000000e+01 nan
1.360000000000000000e+02 -5.200000000000000000e+01 nan
1.360000000000000000e+02 -5.100000000000000000e+01 nan
1.360000000000000000e+02 -5.000000000000000000e+01 nan
1.360000000000000000e+02 -4.900000000000000000e+01 nan
1.360000000000000000e+02 -4.800000000000000000e+01 nan
1.360000000000000000e+02 -4.700000000000000000e+01 nan
1.360000000000000000e+02 -4.600000000000000000e+01 nan
1.360000000000000000e+02 -4.500000000000000000e+01 nan
1.360000000000000000e+02 -4.400000000000000000e+01 nan
1.360000000000000000e+02 -4.300000000000000000e+01 nan
1.360000000000000000e+02 -4.200000000000000000e+01 nan
1.360000000000000000e+02 -4.100000000000000000e+01 nan
1.360000000000000000e+02 -4.000000000000000000e+01 nan
1.360000000000000000e+02 -3.900000000000000000e+01 nan
1.360000000000000000e+02 -3.800000000000000000e+01 nan
1.360000000000000000e+02 -3.700000000000000000e+01 nan
1.360000000000000000e+02 -3.600000000000000000e+01 nan
1.360000000000000000e+02 -3.500000000000000000e+01 nan
1.370000000000000000e+02 -8.100000000000000000e+01 nan
1.370000000000000000e+02 -8.000000000000000000e+01 nan
1.370000000000000000e+02 -7.900000000000000000e+01 nan
1.370000000000000000e+02 -7.800000000000000000e+01 nan
1.370000000000000000e+02 -7.700000000000000000e+01 nan
1.370000000000000000e+02 -7.600000000000000000e+01 nan
1.370000000000000000e+02 -7.500000000000000000e+01 nan
1.370000000000000000e+02 -7.400000000000000000e+01 nan
1.370000000000000000e+02 -7.300000000000000000e+01 nan
1.370000000000000000e+02 -7.200000000000000000e+01 nan
1.370000000000000000e+02 -7.100000000000000000e+01 nan
1.370000000000000000e+02 -7.000000000000000000e+01 nan
1.370000000000000000e+02 -6.900000000000000000e+01 nan
1.370000000000000000e+02 -6.800000000000000000e+01 nan
1.370000000000000000e+02 -6.700000000000000000e+01 nan
1.370000000000000000e+02 -6.600000000000000000e+01 nan
1.370000000000000000e+02 -6.500000000000000000e+01 nan
1.370000000000000000e+02 -6.400000000000000000e+01 nan
1.370000000000000000e+02 -6.300000000000000000e+01 nan
1.370000000000000000e+02 -6.200000000000000000e+01 nan
1.370000000000000000e+02 -6.100000000000000000e+01 nan
1.370000000000000000e+02 -6.000000000000000000e+01 nan
1.370000000000000000e+02 -5.900000000000000000e+01 nan
1.370000000000000000e+02 -5.800000000000000000e+01 nan
1.370000000000000000e+02 -5.700000000000000000e+01 nan
1.370000000000000000e+02 -5.600000000000000000e+01 nan
1.370000000000000000e+02 -5.500000000000000000e+01 nan
1.370000000000000000e+02 -5.400000000000000000e+01 nan
1.370000000000000000e+02 -5.300000000000000000e+01 nan
1.370000000000000000e+02 -5.200000000000000000e+01 nan
1.370000000000000000e+02 -5.100000000000000000e+01 nan
1.370000000000000000e+02 -5.000000000000000000e+01 nan
1.370000000000000000e+02 -4.900000000000000000e+01 nan
1.370000000000000000e+02 -4.800000000000000000e+01 nan
1.370000000000000000e+02 -4.700000000000000000e+01 nan
1.370000000000000000e+02 -4.600000000000000000e+01 nan
1.370000000000000000e+02 -4.500000000000000000e+01 nan
1.370000000000000000e+02 -4.400000000000000000e+01 nan
1.370000000000000000e+02 -4.300000000000000000e+01 nan
1.370000000000000000e+02 -4.200000000000000000e+01 nan
1.370000000000000000e+02 -4.100000000000000000e+01 nan
1.370000000000000000e+02 -4.000000000000000000e+01 nan
1.370000000000000000e+02 -3.900000000000000000e+01 nan
1.370000000000000000e+02 -3.800000000000000000e+01 nan
1.370000000000000000e+02 -3.700000000000000000e+01 nan
1.370000000000000000e+02 -3.600000000000000000e+01 nan
1.370000000000000000e+02 -3.500000000000000000e+01 nan
1.380000000000000000e+02 -8.100000000000000000e+01 nan
1.380000000000000000e+02 -8.000000000000000000e+01 nan
1.380000000000000000e+02 -7.900000000000000000e+01 nan
1.380000000000000000e+02 -7.800000000000000000e+01 nan
1.380000000000000000e+02 -7.700000000000000000e+01 nan
1.380000000000000000e+02 -7.600000000000000000e+01 nan
1.380000000000000000e+02 -7.500000000000000000e+01 nan
1.380000000000000000e+02 -7.400000000000000000e+01 nan
1.380000000000000000e+02 -7.300000000000000000e+01 nan
1.380000000000000000e+02 -7.200000000000000000e+01 nan
1.380000000000000000e+02 -7.100000000000000000e+01 nan
1.380000000000000000e+02 -7.000000000000000000e+01 nan
1.380000000000000000e+02 -6.900000000000000000e+01 nan
1.380000000000000000e+02 -6.800000000000000000e+01 nan
1.380000000000000000e+02 -6.700000000000000000e+01 nan
1.380000000000000000e+02 -6.600000000000000000e+01 nan
1.380000000000000000e+02 -6.500000000000000000e+01 nan
1.380000000000000000e+02 -6.400000000000000000e+01 nan
1.380000000000000000e+02 -6.300000000000000000e+01 nan
1.380000000000000000e+02 -6.200000000000000000e+01 nan
1.380000000000000000e+02 -6.100000000000000000e+01 nan
1.380000000000000000e+02 -6.000000000000000000e+01 nan
1.380000000000000000e+02 -5.900000000000000000e+01 nan
1.380000000000000000e+02 -5.800000000000000000e+01 nan
1.380000000000000000e+02 -5.700000000000000000e+01 nan
1.380000000000000000e+02 -5.600000000000000000e+01 nan
1.380000000000000000e+02 -5.500000000000000000e+01 nan
1.380000000000000000e+02 -5.400000000000000000e+01 nan
1.380000000000000000e+02 -5.300000000000000000e+01 nan
1.380000000000000000e+02 -5.200000000000000000e+01 nan
1.380000000000000000e+02 -5.100000000000000000e+01 nan
1.380000000000000000e+02 -5.000000000000000000e+01 nan
1.380000000000000000e+02 -4.900000000000000000e+01 nan
1.380000000000000000e+02 -4.800000000000000000e+01 nan
1.380000000000000000e+02 -4.700000000000000000e+01 nan
1.380000000000000000e+02 -4.600000000000000000e+01 nan
1.380000000000000000e+02 -4.500000000000000000e+01 nan
1.380000000000000000e+02 -4.400000000000000000e+01 nan
1.380000000000000000e+02 -4.300000000000000000e+01 nan
1.380000000000000000e+02 -4.200000000000000000e+01 nan
1.380000000000000000e+02 -4.100000000000000000e+01 nan
1.380000000000000000e+02 -4.000000000000000000e+01 nan
1.380000000000000000e+02 -3.900000000000000000e+01 nan
1.380000000000000000e+02 -3.800000000000000000e+01 nan
1.380000000000000000e+02 -3.700000000000000000e+01 nan
1.380000000000000000e+02 -3.600000000000000000e+01 nan
1.380000000000000000e+02 -3.500000000000000000e+01 nan
1.390000000000000000e+02 -8.100000000000000000e+01 nan
1.390000000000000000e+02 -8.000000000000000000e+01 nan
1.390000000000000000e+02 -7.900000000000000000e+01 nan
1.390000000000000000e+02 -7.800000000000000000e+01 nan
1.390000000000000000e+02 -7.700000000000000000e+01 nan
1.390000000000000000e+02 -7.600000000000000000e+01 nan
1.390000000000000000e+02 -7.500000000000000000e+01 nan
1.390000000000000000e+02 -7.400000000000000000e+01 nan
1.390000000000000000e+02 -7.300000000000000000e+01 nan
1.390000000000000000e+02 -7.200000000000000000e+01 nan
1.390000000000000000e+02 -7.100000000000000000e+01 nan
1.390000000000000000e+02 -7.000000000000000000e+01 nan
1.390000000000000000e+02 -6.900000000000000000e+01 nan
1.390000000000000000e+02 -6.800000000000000000e+01 nan
1.390000000000000000e+02 -6.700000000000000000e+01 nan
1.390000000000000000e+02 -6.600000000000000000e+01 nan
1.390000000000000000e+02 -6.500000000000000000e+01 nan
1.390000000000000000e+02 -6.400000000000000000e+01 nan
1.390000000000000000e+02 -6.300000000000000000e+01 nan
1.390000000000000000e+02 -6.200000000000000000e+01 nan
1.390000000000000000e+02 -6.100000000000000000e+01 nan
1.390000000000000000e+02 -6.000000000000000000e+01 nan
1.390000000000000000e+02 -5.900000000000000000e+01 nan
1.390000000000000000e+02 -5.800000000000000000e+01 nan
1.390000000000000000e+02 -5.700000000000000000e+01 nan
1.390000000000000000e+02 -5.600000000000000000e+01 nan
1.390000000000000000e+02 -5.500000000000000000e+01 nan
1.390000000000000000e+02 -5.400000000000000000e+01 nan
1.390000000000000000e+02 -5.300000000000000000e+01 nan
1.390000000000000000e+02 -5.200000000000000000e+01 nan
1.390000000000000000e+02 -5.100000000000000000e+01 nan
1.390000000000000000e+02 -5.000000000000000000e+01 nan
1.390000000000000000e+02 -4.900000000000000000e+01 nan
1.390000000000000000e+02 -4.800000000000000000e+01 nan
1.390000000000000000e+02 -4.700000000000000000e+01 nan
1.390000000000000000e+02 -4.600000000000000000e+01 nan
1.390000000000000000e+02 -4.500000000000000000e+01 nan
1.390000000000000000e+02 -4.400000000000000000e+01 nan
1.390000000000000000e+02 -4.300000000000000000e+01 nan
1.390000000000000000e+02 -4.200000000000000000e+01 nan
1.390000000000000000e+02 -4.100000000000000000e+01 nan
1.390000000000000000e+02 -4.000000000000000000e+01 nan
1.390000000000000000e+02 -3.900000000000000000e+01 nan
1.390000000000000000e+02 -3.800000000000000000e+01 nan
1.390000000000000000e+02 -3.700000000000000000e+01 nan
1.390000000000000000e+02 -3.600000000000000000e+01 nan
1.390000000000000000e+02 -3.500000000000000000e+01 nan
1.400000000000000000e+02 -8.100000000000000000e+01 nan
1.400000000000000000e+02 -8.000000000000000000e+01 nan
1.400000000000000000e+02 -7.900000000000000000e+01 nan
1.400000000000000000e+02 -7.800000000000000000e+01 nan
1.400000000000000000e+02 -7.700000000000000000e+01 nan
1.400000000000000000e+02 -7.600000000000000000e+01 nan
1.400000000000000000e+02 -7.500000000000000000e+01 nan
1.400000000000000000e+02 -7.400000000000000000e+01 nan
1.400000000000000000e+02 -7.300000000000000000e+01 nan
1.400000000000000000e+02 -7.200000000000000000e+01 nan
1.400000000000000000e+02 -7.100000000000000000e+01 nan
1.400000000000000000e+02 -7.000000000000000000e+01 nan
1.400000000000000000e+02 -6.900000000000000000e+01 nan
1.400000000000000000e+02 -6.800000000000000000e+01 nan
1.400000000000000000e+02 -6.700000000000000000e+01 nan
1.400000000000000000e+02 -6.600000000000000000e+01 nan
1.400000000000000000e+02 -6.500000000000000000e+01 nan
1.400000000000000000e+02 -6.400000000000000000e+01 nan
1.400000000000000000e+02 -6.300000000000000000e+01 nan
1.400000000000000000e+02 -6.200000000000000000e+01 nan
1.400000000000000000e+02 -6.100000000000000000e+01 nan
1.400000000000000000e+02 -6.000000000000000000e+01 nan
1.400000000000000000e+02 -5.900000000000000000e+01 nan
1.400000000000000000e+02 -5.800000000000000000e+01 nan
1.400000000000000000e+02 -5.700000000000000000e+01 nan
1.400000000000000000e+02 -5.600000000000000000e+01 nan
1.400000000000000000e+02 -5.500000000000000000e+01 nan
1.400000000000000000e+02 -5.400000000000000000e+01 nan
1.400000000000000000e+02 -5.300000000000000000e+01 nan
1.400000000000000000e+02 -5.200000000000000000e+01 nan
1.400000000000000000e+02 -5.100000000000000000e+01 nan
1.400000000000000000e+02 -5.000000000000000000e+01 nan
1.400000000000000000e+02 -4.900000000000000000e+01 nan
1.400000000000000000e+02 -4.800000000000000000e+01 nan
1.400000000000000000e+02 -4.700000000000000000e+01 nan
1.400000000000000000e+02 -4.600000000000000000e+01 nan
1.400000000000000000e+02 -4.500000000000000000e+01 nan
1.400000000000000000e+02 -4.400000000000000000e+01 nan
1.400000000000000000e+02 -4.300000000000000000e+01 nan
1.400000000000000000e+02 -4.200000000000000000e+01 nan
1.400000000000000000e+02 -4.100000000000000000e+01 nan
1.400000000000000000e+02 -4.000000000000000000e+01 nan
1.400000000000000000e+02 -3.900000000000000000e+01 nan
1.400000000000000000e+02 -3.800000000000000000e+01 nan
1.400000000000000000e+02 -3.700000000000000000e+01 nan
1.400000000000000000e+02 -3.600000000000000000e+01 nan
1.400000000000000000e+02 -3.500000000000000000e+01 nan
1.410000000000000000e+02 -8.100000000000000000e+01 nan
1.410000000000000000e+02 -8.000000000000000000e+01 nan
1.410000000000000000e+02 -7.900000000000000000e+01 nan
1.410000000000000000e+02 -7.800000000000000000e+01 nan
1.410000000000000000e+02 -7.700000000000000000e+01 nan
1.410000000000000000e+02 -7.600000000000000000e+01 nan
1.410000000000000000e+02 -7.500000000000000000e+01 nan
1.410000000000000000e+02 -7.400000000000000000e+01 nan
1.410000000000000000e+02 -7.300000000000000000e+01 nan
1.410000000000000000e+02 -7.200000000000000000e+01 nan
1.410000000000000000e+02 -7.100000000000000000e+01 nan
1.410000000000000000e+02 -7.000000000000000000e+01 nan
1.410000000000000000e+02 -6.900000000000000000e+01 nan
1.410000000000000000e+02 -6.800000000000000000e+01 nan
1.410000000000000000e+02 -6.700000000000000000e+01 nan
1.410000000000000000e+02 -6.600000000000000000e+01 nan
1.410000000000000000e+02 -6.500000000000000000e+01 nan
1.410000000000000000e+02 -6.400000000000000000e+01 nan
1.410000000000000000e+02 -6.300000000000000000e+01 nan
1.410000000000000000e+02 -6.200000000000000000e+01 nan
1.410000000000000000e+02 -6.100000000000000000e+01 nan
1.410000000000000000e+02 -6.000000000000000000e+01 nan
1.410000000000000000e+02 -5.900000000000000000e+01 nan
1.410000000000000000e+02 -5.800000000000000000e+01 nan
1.410000000000000000e+02 -5.700000000000000000e+01 nan
1.410000000000000000e+02 -5.600000000000000000e+01 nan
1.410000000000000000e+02 -5.500000000000000000e+01 nan
1.410000000000000000e+02 -5.400000000000000000e+01 nan
1.410000000000000000e+02 -5.300000000000000000e+01 nan
1.410000000000000000e+02 -5.200000000000000000e+01 nan
1.410000000000000000e+02 -5.100000000000000000e+01 nan
1.410000000000000000e+02 -5.000000000000000000e+01 nan
1.410000000000000000e+02 -4.900000000000000000e+01 nan
1.410000000000000000e+02 -4.800000000000000000e+01 nan
1.410000000000000000e+02 -4.700000000000000000e+01 nan
1.410000000000000000e+02 -4.600000000000000000e+01 nan
1.410000000000000000e+02 -4.500000000000000000e+01 nan
1.410000000000000000e+02 -4.400000000000000000e+01 nan
1.410000000000000000e+02 -4.300000000000000000e+01 nan
1.410000000000000000e+02 -4.200000000000000000e+01 nan
1.410000000000000000e+02 -4.100000000000000000e+01 nan
1.410000000000000000e+02 -4.000000000000000000e+01 nan
1.410000000000000000e+02 -3.900000000000000000e+01 nan
1.410000000000000000e+02 -3.800000000000000000e+01 nan
1.410000000000000000e+02 -3.700000000000000000e+01 nan
1.410000000000000000e+02 -3.600000000000000000e+01 nan
1.410000000000000000e+02 -3.500000000000000000e+01 nan
1.420000000000000000e+02 -8.100000000000000000e+01 nan
1.420000000000000000e+02 -8.000000000000000000e+01 nan
1.420000000000000000e+02 -7.900000000000000000e+01 nan
1.420000000000000000e+02 -7.800000000000000000e+01 nan
1.420000000000000000e+02 -7.700000000000000000e+01 nan
1.420000000000000000e+02 -7.600000000000000000e+01 nan
1.420000000000000000e+02 -7.500000000000000000e+01 nan
1.420000000000000000e+02 -7.400000000000000000e+01 nan
1.420000000000000000e+02 -7.300000000000000000e+01 nan
1.420000000000000000e+02 -7.200000000000000000e+01 nan
1.420000000000000000e+02 -7.100000000000000000e+01 nan
1.420000000000000000e+02 -7.000000000000000000e+01 nan
1.420000000000000000e+02 -6.900000000000000000e+01 nan
1.420000000000000000e+02 -6.800000000000000000e+01 nan
1.420000000000000000e+02 -6.700000000000000000e+01 nan
1.420000000000000000e+02 -6.600000000000000000e+01 nan
1.420000000000000000e+02 -6.500000000000000000e+01 nan
1.420000000000000000e+02 -6.400000000000000000e+01 nan
1.420000000000000000e+02 -6.300000000000000000e+01 nan
1.420000000000000000e+02 -6.200000000000000000e+01 nan
1.420000000000000000e+02 -6.100000000000000000e+01 nan
1.420000000000000000e+02 -6.000000000000000000e+01 nan
1.420000000000000000e+02 -5.900000000000000000e+01 nan
1.420000000000000000e+02 -5.800000000000000000e+01 nan
1.420000000000000000e+02 -5.700000000000000000e+01 nan
1.420000000000000000e+02 -5.600000000000000000e+01 nan
1.420000000000000000e+02 -5.500000000000000000e+01 nan
1.420000000000000000e+02 -5.400000000000000000e+01 nan
1.420000000000000000e+02 -5.300000000000000000e+01 nan
1.420000000000000000e+02 -5.200000000000000000e+01 nan
1.420000000000000000e+02 -5.100000000000000000e+01 nan
1.420000000000000000e+02 -5.000000000000000000e+01 nan
1.420000000000000000e+02 -4.900000000000000000e+01 nan
1.420000000000000000e+02 -4.800000000000000000e+01 nan
1.420000000000000000e+02 -4.700000000000000000e+01 nan
1.420000000000000000e+02 -4.600000000000000000e+01 nan
1.420000000000000000e+02 -4.500000000000000000e+01 nan
1.420000000000000000e+02 -4.400000000000000000e+01 nan
1.420000000000000000e+02 -4.300000000000000000e+01 nan
1.420000000000000000e+02 -4.200000000000000000e+01 nan
1.420000000000000000e+02 -4.100000000000000000e+01 nan
1.420000000000000000e+02 -4.000000000000000000e+01 nan
1.420000000000000000e+02 -3.900000000000000000e+01 nan
1.420000000000000000e+02 -3.800000000000000000e+01 nan
1.420000000000000000e+02 -3.700000000000000000e+01 nan
1.420000000000000000e+02 -3.600000000000000000e+01 nan
1.420000000000000000e+02 -3.500000000000000000e+01 nan
1.430000000000000000e+02 -8.100000000000000000e+01 nan
1.430000000000000000e+02 -8.000000000000000000e+01 nan
1.430000000000000000e+02 -7.900000000000000000e+01 nan
1.430000000000000000e+02 -7.800000000000000000e+01 nan
1.430000000000000000e+02 -7.700000000000000000e+01 nan
1.430000000000000000e+02 -7.600000000000000000e+01 nan
1.430000000000000000e+02 -7.500000000000000000e+01 nan
1.430000000000000000e+02 -7.400000000000000000e+01 nan
1.430000000000000000e+02 -7.300000000000000000e+01 nan
1.430000000000000000e+02 -7.200000000000000000e+01 nan
1.430000000000000000e+02 -7.100000000000000000e+01 nan
1.430000000000000000e+02 -7.000000000000000000e+01 nan
1.430000000000000000e+02 -6.900000000000000000e+01 nan
1.430000000000000000e+02 -6.800000000000000000e+01 nan
1.430000000000000000e+02 -6.700000000000000000e+01 nan
1.430000000000000000e+02 -6.600000000000000000e+01 nan
1.430000000000000000e+02 -6.500000000000000000e+01 nan
1.430000000000000000e+02 -6.400000000000000000e+01 nan
1.430000000000000000e+02 -6.300000000000000000e+01 nan
1.430000000000000000e+02 -6.200000000000000000e+01 nan
1.430000000000000000e+02 -6.100000000000000000e+01 nan
1.430000000000000000e+02 -6.000000000000000000e+01 nan
1.430000000000000000e+02 -5.900000000000000000e+01 nan
1.430000000000000000e+02 -5.800000000000000000e+01 nan
1.430000000000000000e+02 -5.700000000000000000e+01 nan
1.430000000000000000e+02 -5.600000000000000000e+01 nan
1.430000000000000000e+02 -5.500000000000000000e+01 nan
1.430000000000000000e+02 -5.400000000000000000e+01 nan
1.430000000000000000e+02 -5.300000000000000000e+01 nan
1.430000000000000000e+02 -5.200000000000000000e+01 nan
1.430000000000000000e+02 -5.100000000000000000e+01 nan
1.430000000000000000e+02 -5.000000000000000000e+01 nan
1.430000000000000000e+02 -4.900000000000000000e+01 nan
1.430000000000000000e+02 -4.800000000000000000e+01 nan
1.430000000000000000e+02 -4.700000000000000000e+01 nan
1.430000000000000000e+02 -4.600000000000000000e+01 nan
1.430000000000000000e+02 -4.500000000000000000e+01 nan
1.430000000000000000e+02 -4.400000000000000000e+01 nan
1.430000000000000000e+02 -4.300000000000000000e+01 nan
1.430000000000000000e+02 -4.200000000000000000e+01 nan
1.430000000000000000e+02 -4.100000000000000000e+01 nan
1.430000000000000000e+02 -4.000000000000000000e+01 nan
1.430000000000000000e+02 -3.900000000000000000e+01 nan
1.430000000000000000e+02 -3.800000000000000000e+01 nan
1.430000000000000000e+02 -3.700000000000000000e+01 nan
1.430000000000000000e+02 -3.600000000000000000e+01 nan
1.430000000000000000e+02 -3.500000000000000000e+01 nan
1.440000000000000000e+02 -8.100000000000000000e+01 nan
1.440000000000000000e+02 -8.000000000000000000e+01 nan
1.440000000000000000e+02 -7.900000000000000000e+01 nan
1.440000000000000000e+02 -7.800000000000000000e+01 nan
1.440000000000000000e+02 -7.700000000000000000e+01 nan
1.440000000000000000e+02 -7.600000000000000000e+01 nan
1.440000000000000000e+02 -7.500000000000000000e+01 nan
1.440000000000000000e+02 -7.400000000000000000e+01 nan
1.440000000000000000e+02 -7.300000000000000000e+01 nan
1.440000000000000000e+02 -7.200000000000000000e+01 nan
1.440000000000000000e+02 -7.100000000000000000e+01 nan
1.440000000000000000e+02 -7.000000000000000000e+01 nan
1.440000000000000000e+02 -6.900000000000000000e+01 nan
1.440000000000000000e+02 -6.800000000000000000e+01 nan
1.440000000000000000e+02 -6.700000000000000000e+01 nan
1.440000000000000000e+02 -6.600000000000000000e+01 nan
1.440000000000000000e+02 -6.500000000000000000e+01 nan
1.440000000000000000e+02 -6.400000000000000000e+01 nan
1.440000000000000000e+02 -6.300000000000000000e+01 nan
1.440000000000000000e+02 -6.200000000000000000e+01 nan
1.440000000000000000e+02 -6.100000000000000000e+01 nan
1.440000000000000000e+02 -6.000000000000000000e+01 nan
1.440000000000000000e+02 -5.900000000000000000e+01 nan
1.440000000000000000e+02 -5.800000000000000000e+01 nan
1.440000000000000000e+02 -5.700000000000000000e+01 nan
1.440000000000000000e+02 -5.600000000000000000e+01 nan
1.440000000000000000e+02 -5.500000000000000000e+01 nan
1.440000000000000000e+02 -5.400000000000000000e+01 nan
1.440000000000000000e+02 -5.300000000000000000e+01 nan
1.440000000000000000e+02 -5.200000000000000000e+01 nan
1.440000000000000000e+02 -5.100000000000000000e+01 nan
1.440000000000000000e+02 -5.000000000000000000e+01 nan
1.440000000000000000e+02 -4.900000000000000000e+01 nan
1.440000000000000000e+02 -4.800000000000000000e+01 nan
1.440000000000000000e+02 -4.700000000000000000e+01 nan
1.440000000000000000e+02 -4.600000000000000000e+01 nan
1.440000000000000000e+02 -4.500000000000000000e+01 nan
1.440000000000000000e+02 -4.400000000000000000e+01 nan
1.440000000000000000e+02 -4.300000000000000000e+01 nan
1.440000000000000000e+02 -4.200000000000000000e+01 nan
1.440000000000000000e+02 -4.100000000000000000e+01 nan
1.440000000000000000e+02 -4.000000000000000000e+01 nan
1.440000000000000000e+02 -3.900000000000000000e+01 nan
1.440000000000000000e+02 -3.800000000000000000e+01 nan
1.440000000000000000e+02 -3.700000000000000000e+01 nan
1.440000000000000000e+02 -3.600000000000000000e+01 nan
1.440000000000000000e+02 -3.500000000000000000e+01 nan
1.450000000000000000e+02 -8.100000000000000000e+01 nan
1.450000000000000000e+02 -8.000000000000000000e+01 nan
1.450000000000000000e+02 -7.900000000000000000e+01 nan
1.450000000000000000e+02 -7.800000000000000000e+01 nan
1.450000000000000000e+02 -7.700000000000000000e+01 nan
1.450000000000000000e+02 -7.600000000000000000e+01 nan
1.450000000000000000e+02 -7.500000000000000000e+01 nan
1.450000000000000000e+02 -7.400000000000000000e+01 nan
1.450000000000000000e+02 -7.300000000000000000e+01 nan
1.450000000000000000e+02 -7.200000000000000000e+01 nan
1.450000000000000000e+02 -7.100000000000000000e+01 nan
1.450000000000000000e+02 -7.000000000000000000e+01 nan
1.450000000000000000e+02 -6.900000000000000000e+01 nan
1.450000000000000000e+02 -6.800000000000000000e+01 nan
1.450000000000000000e+02 -6.700000000000000000e+01 nan
1.450000000000000000e+02 -6.600000000000000000e+01 nan
1.450000000000000000e+02 -6.500000000000000000e+01 nan
1.450000000000000000e+02 -6.400000000000000000e+01 nan
1.450000000000000000e+02 -6.300000000000000000e+01 nan
1.450000000000000000e+02 -6.200000000000000000e+01 nan
1.450000000000000000e+02 -6.100000000000000000e+01 nan
1.450000000000000000e+02 -6.000000000000000000e+01 nan
1.450000000000000000e+02 -5.900000000000000000e+01 nan
1.450000000000000000e+02 -5.800000000000000000e+01 nan
1.450000000000000000e+02 -5.700000000000000000e+01 nan
1.450000000000000000e+02 -5.600000000000000000e+01 nan
1.450000000000000000e+02 -5.500000000000000000e+01 nan
1.450000000000000000e+02 -5.400000000000000000e+01 nan
1.450000000000000000e+02 -5.300000000000000000e+01 nan
1.450000000000000000e+02 -5.200000000000000000e+01 nan
1.450000000000000000e+02 -5.100000000000000000e+01 nan
1.450000000000000000e+02 -5.000000000000000000e+01 nan
1.450000000000000000e+02 -4.900000000000000000e+01 nan
1.450000000000000000e+02 -4.800000000000000000e+01 nan
1.450000000000000000e+02 -4.700000000000000000e+01 nan
1.450000000000000000e+02 -4.600000000000000000e+01 nan
1.450000000000000000e+02 -4.500000000000000000e+01 nan
1.450000000000000000e+02 -4.400000000000000000e+01 nan
1.450000000000000000e+02 -4.300000000000000000e+01 nan
1.450000000000000000e+02 -4.200000000000000000e+01 nan
1.450000000000000000e+02 -4.100000000000000000e+01 nan
1.450000000000000000e+02 -4.000000000000000000e+01 nan
1.450000000000000000e+02 -3.900000000000000000e+01 nan
1.450000000000000000e+02 -3.800000000000000000e+01 nan
1.450000000000000000e+02 -3.700000000000000000e+01 nan
1.450000000000000000e+02 -3.600000000000000000e+01 nan
1.450000000000000000e+02 -3.500000000000000000e+01 nan
1.460000000000000000e+02 -8.100000000000000000e+01 nan
1.460000000000000000e+02 -8.000000000000000000e+01 nan
1.460000000000000000e+02 -7.900000000000000000e+01 nan
1.460000000000000000e+02 -7.800000000000000000e+01 nan
1.460000000000000000e+02 -7.700000000000000000e+01 nan
1.460000000000000000e+02 -7.600000000000000000e+01 nan
1.460000000000000000e+02 -7.500000000000000000e+01 nan
1.460000000000000000e+02 -7.400000000000000000e+01 nan
1.460000000000000000e+02 -7.300000000000000000e+01 nan
1.460000000000000000e+02 -7.200000000000000000e+01 nan
1.460000000000000000e+02 -7.100000000000000000e+01 nan
1.460000000000000000e+02 -7.000000000000000000e+01 nan
1.460000000000000000e+02 -6.900000000000000000e+01 nan
1.460000000000000000e+02 -6.800000000000000000e+01 nan
1.460000000000000000e+02 -6.700000000000000000e+01 nan
1.460000000000000000e+02 -6.600000000000000000e+01 nan
1.460000000000000000e+02 -6.500000000000000000e+01 nan
1.460000000000000000e+02 -6.400000000000000000e+01 nan
1.460000000000000000e+02 -6.300000000000000000e+01 nan
1.460000000000000000e+02 -6.200000000000000000e+01 nan
1.460000000000000000e+02 -6.100000000000000000e+01 nan
1.460000000000000000e+02 -6.000000000000000000e+01 nan
1.460000000000000000e+02 -5.900000000000000000e+01 nan
1.460000000000000000e+02 -5.800000000000000000e+01 nan
1.460000000000000000e+02 -5.700000000000000000e+01 nan
1.460000000000000000e+02 -5.600000000000000000e+01 nan
1.460000000000000000e+02 -5.500000000000000000e+01 nan
1.460000000000000000e+02 -5.400000000000000000e+01 nan
1.460000000000000000e+02 -5.300000000000000000e+01 nan
1.460000000000000000e+02 -5.200000000000000000e+01 nan
1.460000000000000000e+02 -5.100000000000000000e+01 nan
1.460000000000000000e+02 -5.000000000000000000e+01 nan
1.460000000000000000e+02 -4.900000000000000000e+01 nan
1.460000000000000000e+02 -4.800000000000000000e+01 nan
1.460000000000000000e+02 -4.700000000000000000e+01 nan
1.460000000000000000e+02 -4.600000000000000000e+01 nan
1.460000000000000000e+02 -4.500000000000000000e+01 nan
1.460000000000000000e+02 -4.400000000000000000e+01 nan
1.460000000000000000e+02 -4.300000000000000000e+01 nan
1.460000000000000000e+02 -4.200000000000000000e+01 nan
1.460000000000000000e+02 -4.100000000000000000e+01 nan
1.460000000000000000e+02 -4.000000000000000000e+01 nan
1.460000000000000000e+02 -3.900000000000000000e+01 nan
1.460000000000000000e+02 -3.800000000000000000e+01 nan
1.460000000000000000e+02 -3.700000000000000000e+01 nan
1.460000000000000000e+02 -3.600000000000000000e+01 nan
1.460000000000000000e+02 -3.500000000000000000e+01 nan
1.470000000000000000e+02 -8.100000000000000000e+01 nan
1.470000000000000000e+02 -8.000000000000000000e+01 nan
1.470000000000000000e+02 -7.900000000000000000e+01 nan
1.470000000000000000e+02 -7.800000000000000000e+01 nan
1.470000000000000000e+02 -7.700000000000000000e+01 nan
1.470000000000000000e+02 -7.600000000000000000e+01 nan
1.470000000000000000e+02 -7.500000000000000000e+01 nan
1.470000000000000000e+02 -7.400000000000000000e+01 nan
1.470000000000000000e+02 -7.300000000000000000e+01 nan
1.470000000000000000e+02 -7.200000000000000000e+01 nan
1.470000000000000000e+02 -7.100000000000000000e+01 nan
1.470000000000000000e+02 -7.000000000000000000e+01 nan
1.470000000000000000e+02 -6.900000000000000000e+01 nan
1.470000000000000000e+02 -6.800000000000000000e+01 nan
1.470000000000000000e+02 -6.700000000000000000e+01 nan
1.470000000000000000e+02 -6.600000000000000000e+01 nan
1.470000000000000000e+02 -6.500000000000000000e+01 nan
1.470000000000000000e+02 -6.400000000000000000e+01 nan
1.470000000000000000e+02 -6.300000000000000000e+01 nan
1.470000000000000000e+02 -6.200000000000000000e+01 nan
1.470000000000000000e+02 -6.100000000000000000e+01 nan
1.470000000000000000e+02 -6.000000000000000000e+01 nan
1.470000000000000000e+02 -5.900000000000000000e+01 nan
1.470000000000000000e+02 -5.800000000000000000e+01 nan
1.470000000000000000e+02 -5.700000000000000000e+01 nan
1.470000000000000000e+02 -5.600000000000000000e+01 nan
1.470000000000000000e+02 -5.500000000000000000e+01 nan
1.470000000000000000e+02 -5.400000000000000000e+01 nan
1.470000000000000000e+02 -5.300000000000000000e+01 nan
1.470000000000000000e+02 -5.200000000000000000e+01 nan
1.470000000000000000e+02 -5.100000000000000000e+01 nan
1.470000000000000000e+02 -5.000000000000000000e+01 nan
1.470000000000000000e+02 -4.900000000000000000e+01 nan
1.470000000000000000e+02 -4.800000000000000000e+01 nan
1.470000000000000000e+02 -4.700000000000000000e+01 nan
1.470000000000000000e+02 -4.600000000000000000e+01 nan
1.470000000000000000e+02 -4.500000000000000000e+01 nan
1.470000000000000000e+02 -4.400000000000000000e+01 nan
1.470000000000000000e+02 -4.300000000000000000e+01 nan
1.470000000000000000e+02 -4.200000000000000000e+01 nan
1.470000000000000000e+02 -4.100000000000000000e+01 nan
1.470000000000000000e+02 -4.000000000000000000e+01 nan
1.470000000000000000e+02 -3.900000000000000000e+01 nan
1.470000000000000000e+02 -3.800000000000000000e+01 nan
1.470000000000000000e+02 -3.700000000000000000e+01 nan
1.470000000000000000e+02 -3.600000000000000000e+01 nan
1.470000000000000000e+02 -3.500000000000000000e+01 nan
1.480000000000000000e+02 -8.100000000000000000e+01 nan
1.480000000000000000e+02 -8.000000000000000000e+01 nan
1.480000000000000000e+02 -7.900000000000000000e+01 nan
1.480000000000000000e+02 -7.800000000000000000e+01 nan
1.480000000000000000e+02 -7.700000000000000000e+01 nan
1.480000000000000000e+02 -7.600000000000000000e+01 nan
1.480000000000000000e+02 -7.500000000000000000e+01 nan
1.480000000000000000e+02 -7.400000000000000000e+01 nan
1.480000000000000000e+02 -7.300000000000000000e+01 nan
1.480000000000000000e+02 -7.200000000000000000e+01 nan
1.480000000000000000e+02 -7.100000000000000000e+01 nan
1.480000000000000000e+02 -7.000000000000000000e+01 nan
1.480000000000000000e+02 -6.900000000000000000e+01 nan
1.480000000000000000e+02 -6.800000000000000000e+01 nan
1.480000000000000000e+02 -6.700000000000000000e+01 nan
1.480000000000000000e+02 -6.600000000000000000e+01 nan
1.480000000000000000e+02 -6.500000000000000000e+01 nan
1.480000000000000000e+02 -6.400000000000000000e+01 nan
1.480000000000000000e+02 -6.300000000000000000e+01 nan
1.480000000000000000e+02 -6.200000000000000000e+01 nan
1.480000000000000000e+02 -6.100000000000000000e+01 nan
1.480000000000000000e+02 -6.000000000000000000e+01 nan
1.480000000000000000e+02 -5.900000000000000000e+01 nan
1.480000000000000000e+02 -5.800000000000000000e+01 nan
1.480000000000000000e+02 -5.700000000000000000e+01 nan
1.480000000000000000e+02 -5.600000000000000000e+01 nan
1.480000000000000000e+02 -5.500000000000000000e+01 nan
1.480000000000000000e+02 -5.400000000000000000e+01 nan
1.480000000000000000e+02 -5.300000000000000000e+01 nan
1.480000000000000000e+02 -5.200000000000000000e+01 nan
1.480000000000000000e+02 -5.100000000000000000e+01 nan
1.480000000000000000e+02 -5.000000000000000000e+01 nan
1.480000000000000000e+02 -4.900000000000000000e+01 nan
1.480000000000000000e+02 -4.800000000000000000e+01 nan
1.480000000000000000e+02 -4.700000000000000000e+01 nan
1.480000000000000000e+02 -4.600000000000000000e+01 nan
1.480000000000000000e+02 -4.500000000000000000e+01 nan
1.480000000000000000e+02 -4.400000000000000000e+01 nan
1.480000000000000000e+02 -4.300000000000000000e+01 nan
1.480000000000000000e+02 -4.200000000000000000e+01 nan
1.480000000000000000e+02 -4.100000000000000000e+01 nan
1.480000000000000000e+02 -4.000000000000000000e+01 nan
1.480000000000000000e+02 -3.900000000000000000e+01 nan
1.480000000000000000e+02 -3.800000000000000000e+01 nan
1.480000000000000000e+02 -3.700000000000000000e+01 nan
1.480000000000000000e+02 -3.600000000000000000e+01 nan
1.480000000000000000e+02 -3.500000000000000000e+01 nan
1.490000000000000000e+02 -8.100000000000000000e+01 nan
1.490000000000000000e+02 -8.000000000000000000e+01 nan
1.490000000000000000e+02 -7.900000000000000000e+01 nan
1.490000000000000000e+02 -7.800000000000000000e+01 nan
1.490000000000000000e+02 -7.700000000000000000e+01 nan
1.490000000000000000e+02 -7.600000000000000000e+01 nan
1.490000000000000000e+02 -7.500000000000000000e+01 nan
1.490000000000000000e+02 -7.400000000000000000e+01 nan
1.490000000000000000e+02 -7.300000000000000000e+01 nan
1.490000000000000000e+02 -7.200000000000000000e+01 nan
1.490000000000000000e+02 -7.100000000000000000e+01 nan
1.490000000000000000e+02 -7.000000000000000000e+01 nan
1.490000000000000000e+02 -6.900000000000000000e+01 nan
1.490000000000000000e+02 -6.800000000000000000e+01 nan
1.490000000000000000e+02 -6.700000000000000000e+01 nan
1.490000000000000000e+02 -6.600000000000000000e+01 nan
1.490000000000000000e+02 -6.500000000000000000e+01 nan
1.490000000000000000e+02 -6.400000000000000000e+01 nan
1.490000000000000000e+02 -6.300000000000000000e+01 nan
1.490000000000000000e+02 -6.200000000000000000e+01 nan
1.490000000000000000e+02 -6.100000000000000000e+01 nan
1.490000000000000000e+02 -6.000000000000000000e+01 nan
1.490000000000000000e+02 -5.900000000000000000e+01 nan
1.490000000000000000e+02 -5.800000000000000000e+01 nan
1.490000000000000000e+02 -5.700000000000000000e+01 nan
1.490000000000000000e+02 -5.600000000000000000e+01 nan
1.490000000000000000e+02 -5.500000000000000000e+01 nan
1.490000000000000000e+02 -5.400000000000000000e+01 nan
1.490000000000000000e+02 -5.300000000000000000e+01 nan
1.490000000000000000e+02 -5.200000000000000000e+01 nan
1.490000000000000000e+02 -5.100000000000000000e+01 nan
1.490000000000000000e+02 -5.000000000000000000e+01 nan
1.490000000000000000e+02 -4.900000000000000000e+01 nan
1.490000000000000000e+02 -4.800000000000000000e+01 nan
1.490000000000000000e+02 -4.700000000000000000e+01 nan
1.490000000000000000e+02 -4.600000000000000000e+01 nan
1.490000000000000000e+02 -4.500000000000000000e+01 nan
1.490000000000000000e+02 -4.400000000000000000e+01 nan
1.490000000000000000e+02 -4.300000000000000000e+01 nan
1.490000000000000000e+02 -4.200000000000000000e+01 nan
1.490000000000000000e+02 -4.100000000000000000e+01 nan
1.490000000000000000e+02 -4.000000000000000000e+01 nan
1.490000000000000000e+02 -3.900000000000000000e+01 nan
1.490000000000000000e+02 -3.800000000000000000e+01 nan
1.490000000000000000e+02 -3.700000000000000000e+01 nan
1.490000000000000000e+02 -3.600000000000000000e+01 nan
1.490000000000000000e+02 -3.500000000000000000e+01 nan
1.500000000000000000e+02 -8.100000000000000000e+01 nan
1.500000000000000000e+02 -8.000000000000000000e+01 nan
1.500000000000000000e+02 -7.900000000000000000e+01 nan
1.500000000000000000e+02 -7.800000000000000000e+01 nan
1.500000000000000000e+02 -7.700000000000000000e+01 nan
1.500000000000000000e+02 -7.600000000000000000e+01 nan
1.500000000000000000e+02 -7.500000000000000000e+01 nan
1.500000000000000000e+02 -7.400000000000000000e+01 nan
1.500000000000000000e+02 -7.300000000000000000e+01 nan
1.500000000000000000e+02 -7.200000000000000000e+01 nan
1.500000000000000000e+02 -7.100000000000000000e+01 nan
1.500000000000000000e+02 -7.000000000000000000e+01 nan
1.500000000000000000e+02 -6.900000000000000000e+01 nan
1.500000000000000000e+02 -6.800000000000000000e+01 nan
1.500000000000000000e+02 -6.700000000000000000e+01 nan
1.500000000000000000e+02 -6.600000000000000000e+01 nan
1.500000000000000000e+02 -6.500000000000000000e+01 nan
1.500000000000000000e+02 -6.400000000000000000e+01 nan
1.500000000000000000e+02 -6.300000000000000000e+01 nan
1.500000000000000000e+02 -6.200000000000000000e+01 nan
1.500000000000000000e+02 -6.100000000000000000e+01 nan
1.500000000000000000e+02 -6.000000000000000000e+01 6.751305561345799511e-01
1.500000000000000000e+02 -5.900000000000000000e+01 6.535503168200413882e-01
1.500000000000000000e+02 -5.800000000000000000e+01 5.840529028463409267e-01
1.500000000000000000e+02 -5.700000000000000000e+01 5.597458712350814602e-01
1.500000000000000000e+02 -5.600000000000000000e+01 5.228047691049093615e-01
1.500000000000000000e+02 -5.500000000000000000e+01 nan
1.500000000000000000e+02 -5.400000000000000000e+01 nan
1.500000000000000000e+02 -5.300000000000000000e+01 nan
1.500000000000000000e+02 -5.200000000000000000e+01 nan
1.500000000000000000e+02 -5.100000000000000000e+01 nan
1.500000000000000000e+02 -5.000000000000000000e+01 nan
1.500000000000000000e+02 -4.900000000000000000e+01 nan
1.500000000000000000e+02 -4.800000000000000000e+01 nan
1.500000000000000000e+02 -4.700000000000000000e+01 nan
1.500000000000000000e+02 -4.600000000000000000e+01 nan
1.500000000000000000e+02 -4.500000000000000000e+01 nan
1.500000000000000000e+02 -4.400000000000000000e+01 nan
1.500000000000000000e+02 -4.300000000000000000e+01 nan
1.500000000000000000e+02 -4.200000000000000000e+01 nan
1.500000000000000000e+02 -4.100000000000000000e+01 nan
1.500000000000000000e+02 -4.000000000000000000e+01 nan
1.500000000000000000e+02 -3.900000000000000000e+01 nan
1.500000000000000000e+02 -3.800000000000000000e+01 nan
1.500000000000000000e+02 -3.700000000000000000e+01 nan
1.500000000000000000e+02 -3.600000000000000000e+01 nan
1.500000000000000000e+02 -3.500000000000000000e+01 nan
1.510000000000000000e+02 -8.100000000000000000e+01 nan
1.510000000000000000e+02 -8.000000000000000000e+01 nan
1.510000000000000000e+02 -7.900000000000000000e+01 nan
1.510000000000000000e+02 -7.800000000000000000e+01 nan
1.510000000000000000e+02 -7.700000000000000000e+01 nan
1.510000000000000000e+02 -7.600000000000000000e+01 nan
1.510000000000000000e+02 -7.500000000000000000e+01 nan
1.510000000000000000e+02 -7.400000000000000000e+01 nan
1.510000000000000000e+02 -7.300000000000000000e+01 nan
1.510000000000000000e+02 -7.200000000000000000e+01 nan
1.510000000000000000e+02 -7.100000000000000000e+01 nan
1.510000000000000000e+02 -7.000000000000000000e+01 nan
1.510000000000000000e+02 -6.900000000000000000e+01 nan
1.510000000000000000e+02 -6.800000000000000000e+01 nan
1.510000000000000000e+02 -6.700000000000000000e+01 nan
1.510000000000000000e+02 -6.600000000000000000e+01 nan
1.510000000000000000e+02 -6.500000000000000000e+01 nan
1.510000000000000000e+02 -6.400000000000000000e+01 nan
1.510000000000000000e+02 -6.300000000000000000e+01 nan
1.510000000000000000e+02 -6.200000000000000000e+01 nan
1.510000000000000000e+02 -6.100000000000000000e+01 nan
1.510000000000000000e+02 -6.000000000000000000e+01 6.751305561345799511e-01
1.510000000000000000e+02 -5.900000000000000000e+01 6.535503168200413882e-01
1.510000000000000000e+02 -5.800000000000000000e+01 5.802240356859250658e-01
1.510000000000000000e+02 -5.700000000000000000e+01 5.351410681694499516e-01
1.510000000000000000e+02 -5.600000000000000000e+01 5.483539918631746835e-01
1.510000000000000000e+02 -5.500000000000000000e+01 7.176667672004386489e-01
1.510000000000000000e+02 -5.400000000000000000e+01 8.322640878439023782e-01
1.510000000000000000e+02 -5.300000000000000000e+01 8.717036335247277945e-01
1.510000000000000000e+02 -5.200000000000000000e+01 7.817725553581633680e-01
1.510000000000000000e+02 -5.100000000000000000e+01 7.119494545180327094e-01
1.510000000000000000e+02 -5.000000000000000000e+01 7.513856054219176794e-01
1.510000000000000000e+02 -4.900000000000000000e+01 7.537431083198821158e-01
1.510000000000000000e+02 -4.800000000000000000e+01 7.383265779146984675e-01
1.510000000000000000e+02 -4.700000000000000000e+01 7.543243520315631168e-01
1.510000000000000000e+02 -4.600000000000000000e+01 8.470919999348823781e-01
1.510000000000000000e+02 -4.500000000000000000e+01 8.684728669669766754e-01
1.510000000000000000e+02 -4.400000000000000000e+01 8.091966738916049895e-01
1.510000000000000000e+02 -4.300000000000000000e+01 8.508069768301512736e-01
1.510000000000000000e+02 -4.200000000000000000e+01 9.182488661972824096e-01
1.510000000000000000e+02 -4.100000000000000000e+01 7.223211529244636386e-01
1.510000000000000000e+02 -4.000000000000000000e+01 nan
1.510000000000000000e+02 -3.900000000000000000e+01 nan
1.510000000000000000e+02 -3.800000000000000000e+01 nan
1.510000000000000000e+02 -3.700000000000000000e+01 nan
1.510000000000000000e+02 -3.600000000000000000e+01 nan
1.510000000000000000e+02 -3.500000000000000000e+01 nan
1.520000000000000000e+02 -8.100000000000000000e+01 nan
1.520000000000000000e+02 -8.000000000000000000e+01 nan
1.520000000000000000e+02 -7.900000000000000000e+01 nan
1.520000000000000000e+02 -7.800000000000000000e+01 nan
1.520000000000000000e+02 -7.700000000000000000e+01 nan
1.520000000000000000e+02 -7.600000000000000000e+01 nan
1.520000000000000000e+02 -7.500000000000000000e+01 nan
1.520000000000000000e+02 -7.400000000000000000e+01 nan
1.520000000000000000e+02 -7.300000000000000000e+01 nan
1.520000000000000000e+02 -7.200000000000000000e+01 nan
1.520000000000000000e+02 -7.100000000000000000e+01 nan
1.520000000000000000e+02 -7.000000000000000000e+01 nan
1.520000000000000000e+02 -6.900000000000000000e+01 nan
1.520000000000000000e+02 -6.800000000000000000e+01 nan
1.520000000000000000e+02 -6.700000000000000000e+01 nan
1.520000000000000000e+02 -6.600000000000000000e+01 nan
1.520000000000000000e+02 -6.500000000000000000e+01 nan
1.520000000000000000e+02 -6.400000000000000000e+01 nan
1.520000000000000000e+02 -6.300000000000000000e+01 nan
1.520000000000000000e+02 -6.200000000000000000e+01 nan
1.520000000000000000e+02 -6.100000000000000000e+01 nan
1.520000000000000000e+02 -6.000000000000000000e+01 nan
1.520000000000000000e+02 -5.900000000000000000e+01 nan
1.520000000000000000e+02 -5.800000000000000000e+01 nan
1.520000000000000000e+02 -5.700000000000000000e+01 5.298799124062417709e-01
1.520000000000000000e+02 -5.600000000000000000e+01 5.913341183734376338e-01
1.520000000000000000e+02 -5.500000000000000000e+01 7.176667672004386489e-01
1.520000000000000000e+02 -5.400000000000000000e+01 8.322640878439023782e-01
1.520000000000000000e+02 -5.300000000000000000e+01 8.717036335247277945e-01
1.520000000000000000e+02 -5.200000000000000000e+01 7.817725553581633680e-01
1.520000000000000000e+02 -5.100000000000000000e+01 7.119494545180327094e-01
1.520000000000000000e+02 -5.000000000000000000e+01 7.513856054219176794e-01
1.520000000000000000e+02 -4.900000000000000000e+01 7.537431083198821158e-01
1.520000000000000000e+02 -4.800000000000000000e+01 7.383265779146984675e-01
1.520000000000000000e+02 -4.700000000000000000e+01 7.543243520315631168e-01
1.520000000000000000e+02 -4.600000000000000000e+01 8.470919999348823781e-01
1.520000000000000000e+02 -4.500000000000000000e+01 8.684728669669766754e-01
1.520000000000000000e+02 -4.400000000000000000e+01 8.087290266058737576e-01
1.520000000000000000e+02 -4.300000000000000000e+01 8.917315624716570799e-01
1.520000000000000000e+02 -4.200000000000000000e+01 8.286743599604798893e-01
1.520000000000000000e+02 -4.100000000000000000e+01 6.964220031681110923e-01
1.520000000000000000e+02 -4.000000000000000000e+01 7.802433842454974400e-01
1.520000000000000000e+02 -3.900000000000000000e+01 9.804581874577564804e-01
1.520000000000000000e+02 -3.800000000000000000e+01 1.011532432214718780e+00
1.520000000000000000e+02 -3.700000000000000000e+01 9.022529132130795437e-01
1.520000000000000000e+02 -3.600000000000000000e+01 8.189729405223501457e-01
1.520000000000000000e+02 -3.500000000000000000e+01 nan
1.530000000000000000e+02 -8.100000000000000000e+01 nan
1.530000000000000000e+02 -8.000000000000000000e+01 nan
1.530000000000000000e+02 -7.900000000000000000e+01 nan
1.530000000000000000e+02 -7.800000000000000000e+01 nan
1.530000000000000000e+02 -7.700000000000000000e+01 nan
1.530000000000000000e+02 -7.600000000000000000e+01 nan
1.530000000000000000e+02 -7.500000000000000000e+01 nan
1.530000000000000000e+02 -7.400000000000000000e+01 nan
1.530000000000000000e+02 -7.300000000000000000e+01 nan
1.530000000000000000e+02 -7.200000000000000000e+01 nan
1.530000000000000000e+02 -7.100000000000000000e+01 nan
1.530000000000000000e+02 -7.000000000000000000e+01 nan
1.530000000000000000e+02 -6.900000000000000000e+01 nan
1.530000000000000000e+02 -6.800000000000000000e+01 nan
1.530000000000000000e+02 -6.700000000000000000e+01 nan
1.530000000000000000e+02 -6.600000000000000000e+01 nan
1.530000000000000000e+02 -6.500000000000000000e+01 nan
1.530000000000000000e+02 -6.400000000000000000e+01 nan
1.530000000000000000e+02 -6.300000000000000000e+01 nan
1.530000000000000000e+02 -6.200000000000000000e+01 nan
1.530000000000000000e+02 -6.100000000000000000e+01 nan
1.530000000000000000e+02 -6.000000000000000000e+01 nan
1.530000000000000000e+02 -5.900000000000000000e+01 nan
1.530000000000000000e+02 -5.800000000000000000e+01 nan
1.530000000000000000e+02 -5.700000000000000000e+01 nan
1.530000000000000000e+02 -5.600000000000000000e+01 nan
1.530000000000000000e+02 -5.500000000000000000e+01 nan
1.530000000000000000e+02 -5.400000000000000000e+01 nan
1.530000000000000000e+02 -5.300000000000000000e+01 nan
1.530000000000000000e+02 -5.200000000000000000e+01 nan
1.530000000000000000e+02 -5.100000000000000000e+01 nan
1.530000000000000000e+02 -5.000000000000000000e+01 nan
1.530000000000000000e+02 -4.900000000000000000e+01 nan
1.530000000000000000e+02 -4.800000000000000000e+01 nan
1.530000000000000000e+02 -4.700000000000000000e+01 nan
1.530000000000000000e+02 -4.600000000000000000e+01 nan
1.530000000000000000e+02 -4.500000000000000000e+01 nan
1.530000000000000000e+02 -4.400000000000000000e+01 7.692040424500038442e-01
1.530000000000000000e+02 -4.300000000000000000e+01 9.165282359905131404e-01
1.530000000000000000e+02 -4.200000000000000000e+01 7.933155794389097348e-01
1.530000000000000000e+02 -4.100000000000000000e+01 6.600638643437305442e-01
1.530000000000000000e+02 -4.000000000000000000e+01 7.835540462294136033e-01
1.530000000000000000e+02 -3.900000000000000000e+01 9.804581874577564804e-01
1.530000000000000000e+02 -3.800000000000000000e+01 1.011532432214718780e+00
1.530000000000000000e+02 -3.700000000000000000e+01 9.022529132130795437e-01
1.530000000000000000e+02 -3.600000000000000000e+01 8.189729405223501457e-01
1.530000000000000000e+02 -3.500000000000000000e+01 nan
