Longitude[deg], Latitude[deg], Dust optical depth
-1.490000000000000000e+02 3.000000000000000000e+00 nan
-1.490000000000000000e+02 4.000000000000000000e+00 nan
-1.490000000000000000e+02 5.000000000000000000e+00 nan
-1.490000000000000000e+02 6.000000000000000000e+00 nan
-1.490000000000000000e+02 7.000000000000000000e+00 nan
-1.490000000000000000e+02 8.000000000000000000e+00 nan
-1.490000000000000000e+02 9.000000000000000000e+00 nan
-1.490000000000000000e+02 1.000000000000000000e+01 nan
-1.490000000000000000e+02 1.100000000000000000e+01 nan
-1.490000000000000000e+02 1.200000000000000000e+01 nan
-1.490000000000000000e+02 1.300000000000000000e+01 nan
-1.490000000000000000e+02 1.400000000000000000e+01 nan
-1.490000000000000000e+02 1.500000000000000000e+01 nan
-1.490000000000000000e+02 1.600000000000000000e+01 nan
-1.490000000000000000e+02 1.700000000000000000e+01 nan
-1.490000000000000000e+02 1.800000000000000000e+01 1.343604650212381957e+00
-1.490000000000000000e+02 1.900000000000000000e+01 1.320493698576766128e+00
-1.490000000000000000e+02 2.000000000000000000e+01 1.247344800446397395e+00
-1.490000000000000000e+02 2.100000000000000000e+01 1.268175749710426237e+00
-1.490000000000000000e+02 2.200000000000000000e+01 1.332243400724090643e+00
-1.490000000000000000e+02 2.300000000000000000e+01 1.346206889689314012e+00
-1.490000000000000000e+02 2.400000000000000000e+01 nan
-1.480000000000000000e+02 3.000000000000000000e+00 nan
-1.480000000000000000e+02 4.000000000000000000e+00 nan
-1.480000000000000000e+02 5.000000000000000000e+00 nan
-1.480000000000000000e+02 6.000000000000000000e+00 nan
-1.480000000000000000e+02 7.000000000000000000e+00 nan
-1.480000000000000000e+02 8.000000000000000000e+00 9.955383618765759612e-01
-1.480000000000000000e+02 9.000000000000000000e+00 1.064656118180592248e+00
-1.480000000000000000e+02 1.000000000000000000e+01 1.149170168632068778e+00
-1.480000000000000000e+02 1.100000000000000000e+01 1.243009616273505369e+00
-1.480000000000000000e+02 1.200000000000000000e+01 1.266619609759058518e+00
-1.480000000000000000e+02 1.300000000000000000e+01 1.314280583336531860e+00
-1.480000000000000000e+02 1.400000000000000000e+01 1.342884329052818071e+00
-1.480000000000000000e+02 1.500000000000000000e+01 1.320479891199126454e+00
-1.480000000000000000e+02 1.600000000000000000e+01 1.318150521088182758e+00
-1.480000000000000000e+02 1.700000000000000000e+01 1.303008187868543999e+00
-1.480000000000000000e+02 1.800000000000000000e+01 1.312343842329046550e+00
-1.480000000000000000e+02 1.900000000000000000e+01 1.326205162942523330e+00
-1.480000000000000000e+02 2.000000000000000000e+01 1.266000732729032352e+00
-1.480000000000000000e+02 2.100000000000000000e+01 1.268256064915511017e+00
-1.480000000000000000e+02 2.200000000000000000e+01 1.329207656362167089e+00
-1.480000000000000000e+02 2.300000000000000000e+01 1.350757271569442031e+00
-1.480000000000000000e+02 2.400000000000000000e+01 1.266443661265744147e+00
-1.470000000000000000e+02 3.000000000000000000e+00 1.175234616230626195e+00
-1.470000000000000000e+02 4.000000000000000000e+00 1.255496796566970108e+00
-1.470000000000000000e+02 5.000000000000000000e+00 1.169219197914907138e+00
-1.470000000000000000e+02 6.000000000000000000e+00 1.065208897182454262e+00
-1.470000000000000000e+02 7.000000000000000000e+00 9.779603869877490085e-01
-1.470000000000000000e+02 8.000000000000000000e+00 9.601286940197159003e-01
-1.470000000000000000e+02 9.000000000000000000e+00 1.054420750569843301e+00
-1.470000000000000000e+02 1.000000000000000000e+01 1.141749615428539144e+00
-1.470000000000000000e+02 1.100000000000000000e+01 1.235994059750751051e+00
-1.470000000000000000e+02 1.200000000000000000e+01 1.272504745451205288e+00
-1.470000000000000000e+02 1.300000000000000000e+01 1.303975982786805377e+00
-1.470000000000000000e+02 1.400000000000000000e+01 1.331145254076529838e+00
-1.470000000000000000e+02 1.500000000000000000e+01 1.312891961988225997e+00
-1.470000000000000000e+02 1.600000000000000000e+01 1.294085530814885088e+00
-1.470000000000000000e+02 1.700000000000000000e+01 1.292943665526481212e+00
-1.470000000000000000e+02 1.800000000000000000e+01 1.294271803586961367e+00
-1.470000000000000000e+02 1.900000000000000000e+01 1.321707406040893762e+00
-1.470000000000000000e+02 2.000000000000000000e+01 1.282483626209275807e+00
-1.470000000000000000e+02 2.100000000000000000e+01 1.267560217358891794e+00
-1.470000000000000000e+02 2.200000000000000000e+01 1.329784643989806669e+00
-1.470000000000000000e+02 2.300000000000000000e+01 1.351897547205135997e+00
-1.470000000000000000e+02 2.400000000000000000e+01 1.215840621749351813e+00
-1.460000000000000000e+02 3.000000000000000000e+00 1.255496796566970108e+00
-1.460000000000000000e+02 4.000000000000000000e+00 1.291907299392378805e+00
-1.460000000000000000e+02 5.000000000000000000e+00 1.214633966563925416e+00
-1.460000000000000000e+02 6.000000000000000000e+00 1.096291925765058961e+00
-1.460000000000000000e+02 7.000000000000000000e+00 9.907833070659687325e-01
-1.460000000000000000e+02 8.000000000000000000e+00 9.619221393269029585e-01
-1.460000000000000000e+02 9.000000000000000000e+00 1.052913489797742352e+00
-1.460000000000000000e+02 1.000000000000000000e+01 1.141017685111466173e+00
-1.460000000000000000e+02 1.100000000000000000e+01 1.251779102364741103e+00
-1.460000000000000000e+02 1.200000000000000000e+01 1.278233143437523811e+00
-1.460000000000000000e+02 1.300000000000000000e+01 1.299842234067238200e+00
-1.460000000000000000e+02 1.400000000000000000e+01 1.342613194918070629e+00
-1.460000000000000000e+02 1.500000000000000000e+01 1.300812248838054463e+00
-1.460000000000000000e+02 1.600000000000000000e+01 1.268488921086927679e+00
-1.460000000000000000e+02 1.700000000000000000e+01 1.275518352121379539e+00
-1.460000000000000000e+02 1.800000000000000000e+01 1.279884466096346429e+00
-1.460000000000000000e+02 1.900000000000000000e+01 1.315277813817272712e+00
-1.460000000000000000e+02 2.000000000000000000e+01 1.280098407337362687e+00
-1.460000000000000000e+02 2.100000000000000000e+01 1.252020403458096620e+00
-1.460000000000000000e+02 2.200000000000000000e+01 1.321758992241762520e+00
-1.460000000000000000e+02 2.300000000000000000e+01 1.338866060746614073e+00
-1.460000000000000000e+02 2.400000000000000000e+01 1.196258175852574546e+00
-1.450000000000000000e+02 3.000000000000000000e+00 1.324399422040294594e+00
-1.450000000000000000e+02 4.000000000000000000e+00 1.344948114648936377e+00
-1.450000000000000000e+02 5.000000000000000000e+00 1.258107032029994299e+00
-1.450000000000000000e+02 6.000000000000000000e+00 1.117006681782650945e+00
-1.450000000000000000e+02 7.000000000000000000e+00 9.983298862764242720e-01
-1.450000000000000000e+02 8.000000000000000000e+00 9.677231376700631271e-01
-1.450000000000000000e+02 9.000000000000000000e+00 1.051685838750059609e+00
-1.450000000000000000e+02 1.000000000000000000e+01 1.141341289408478676e+00
-1.450000000000000000e+02 1.100000000000000000e+01 1.266931054622127961e+00
-1.450000000000000000e+02 1.200000000000000000e+01 1.287279910726595533e+00
-1.450000000000000000e+02 1.300000000000000000e+01 1.302175773155088478e+00
-1.450000000000000000e+02 1.400000000000000000e+01 1.365024874106163688e+00
-1.450000000000000000e+02 1.500000000000000000e+01 1.292415144662438786e+00
-1.450000000000000000e+02 1.600000000000000000e+01 1.254912907121313870e+00
-1.450000000000000000e+02 1.700000000000000000e+01 1.267141239302555178e+00
-1.450000000000000000e+02 1.800000000000000000e+01 1.275411403132421295e+00
-1.450000000000000000e+02 1.900000000000000000e+01 1.308309087299327045e+00
-1.450000000000000000e+02 2.000000000000000000e+01 1.262854354060216622e+00
-1.450000000000000000e+02 2.100000000000000000e+01 1.229536442843577548e+00
-1.450000000000000000e+02 2.200000000000000000e+01 1.302940966735966821e+00
-1.450000000000000000e+02 2.300000000000000000e+01 1.324645841258519807e+00
-1.450000000000000000e+02 2.400000000000000000e+01 nan
-1.440000000000000000e+02 3.000000000000000000e+00 nan
-1.440000000000000000e+02 4.000000000000000000e+00 nan
-1.440000000000000000e+02 5.000000000000000000e+00 nan
-1.440000000000000000e+02 6.000000000000000000e+00 nan
-1.440000000000000000e+02 7.000000000000000000e+00 nan
-1.440000000000000000e+02 8.000000000000000000e+00 nan
-1.440000000000000000e+02 9.000000000000000000e+00 nan
-1.440000000000000000e+02 1.000000000000000000e+01 nan
-1.440000000000000000e+02 1.100000000000000000e+01 nan
-1.440000000000000000e+02 1.200000000000000000e+01 nan
-1.440000000000000000e+02 1.300000000000000000e+01 nan
-1.440000000000000000e+02 1.400000000000000000e+01 nan
-1.440000000000000000e+02 1.500000000000000000e+01 nan
-1.440000000000000000e+02 1.600000000000000000e+01 nan
-1.440000000000000000e+02 1.700000000000000000e+01 nan
-1.440000000000000000e+02 1.800000000000000000e+01 nan
-1.440000000000000000e+02 1.900000000000000000e+01 nan
-1.440000000000000000e+02 2.000000000000000000e+01 nan
-1.440000000000000000e+02 2.100000000000000000e+01 nan
-1.440000000000000000e+02 2.200000000000000000e+01 nan
-1.440000000000000000e+02 2.300000000000000000e+01 nan
-1.440000000000000000e+02 2.400000000000000000e+01 nan
