Longitude[deg], Latitude[deg], Dust optical depth
-2.000000000000000000e+01 0.000000000000000000e+00 nan
-2.000000000000000000e+01 1.000000000000000000e+00 nan
-2.000000000000000000e+01 2.000000000000000000e+00 nan
-2.000000000000000000e+01 3.000000000000000000e+00 nan
-2.000000000000000000e+01 4.000000000000000000e+00 nan
-2.000000000000000000e+01 5.000000000000000000e+00 nan
-2.000000000000000000e+01 6.000000000000000000e+00 nan
-2.000000000000000000e+01 7.000000000000000000e+00 nan
-2.000000000000000000e+01 8.000000000000000000e+00 nan
-2.000000000000000000e+01 9.000000000000000000e+00 nan
-2.000000000000000000e+01 1.000000000000000000e+01 nan
-2.000000000000000000e+01 1.100000000000000000e+01 nan
-2.000000000000000000e+01 1.200000000000000000e+01 nan
-2.000000000000000000e+01 1.300000000000000000e+01 nan
-2.000000000000000000e+01 1.400000000000000000e+01 nan
-2.000000000000000000e+01 1.500000000000000000e+01 nan
-2.000000000000000000e+01 1.600000000000000000e+01 nan
-2.000000000000000000e+01 1.700000000000000000e+01 nan
-2.000000000000000000e+01 1.800000000000000000e+01 nan
-2.000000000000000000e+01 1.900000000000000000e+01 nan
-2.000000000000000000e+01 2.000000000000000000e+01 nan
-2.000000000000000000e+01 2.100000000000000000e+01 nan
-1.900000000000000000e+01 0.000000000000000000e+00 nan
-1.900000000000000000e+01 1.000000000000000000e+00 nan
-1.900000000000000000e+01 2.000000000000000000e+00 nan
-1.900000000000000000e+01 3.000000000000000000e+00 nan
-1.900000000000000000e+01 4.000000000000000000e+00 nan
-1.900000000000000000e+01 5.000000000000000000e+00 nan
-1.900000000000000000e+01 6.000000000000000000e+00 nan
-1.900000000000000000e+01 7.000000000000000000e+00 nan
-1.900000000000000000e+01 8.000000000000000000e+00 nan
-1.900000000000000000e+01 9.000000000000000000e+00 nan
-1.900000000000000000e+01 1.000000000000000000e+01 nan
-1.900000000000000000e+01 1.100000000000000000e+01 nan
-1.900000000000000000e+01 1.200000000000000000e+01 3.538788558512609761e+00
-1.900000000000000000e+01 1.300000000000000000e+01 3.135270772376518966e+00
-1.900000000000000000e+01 1.400000000000000000e+01 3.009947235945813482e+00
-1.900000000000000000e+01 1.500000000000000000e+01 2.973672596099564469e+00
-1.900000000000000000e+01 1.600000000000000000e+01 2.886302045220165535e+00
-1.900000000000000000e+01 1.700000000000000000e+01 2.813283701858364960e+00
-1.900000000000000000e+01 1.800000000000000000e+01 2.932944527601621498e+00
-1.900000000000000000e+01 1.900000000000000000e+01 3.116419880217700999e+00
-1.900000000000000000e+01 2.000000000000000000e+01 3.145938996337182658e+00
-1.900000000000000000e+01 2.100000000000000000e+01 3.045965082971772819e+00
-1.800000000000000000e+01 0.000000000000000000e+00 nan
-1.800000000000000000e+01 1.000000000000000000e+00 3.954242781462394607e+00
-1.800000000000000000e+01 2.000000000000000000e+00 3.753273401070704729e+00
-1.800000000000000000e+01 3.000000000000000000e+00 3.768750241442756277e+00
-1.800000000000000000e+01 4.000000000000000000e+00 4.015552154842213284e+00
-1.800000000000000000e+01 5.000000000000000000e+00 3.993804654536645682e+00
-1.800000000000000000e+01 6.000000000000000000e+00 3.287888297204003774e+00
-1.800000000000000000e+01 7.000000000000000000e+00 2.959840020628465851e+00
-1.800000000000000000e+01 8.000000000000000000e+00 3.453878784983824612e+00
-1.800000000000000000e+01 9.000000000000000000e+00 3.990333282783798730e+00
-1.800000000000000000e+01 1.000000000000000000e+01 4.115410231656803752e+00
-1.800000000000000000e+01 1.100000000000000000e+01 3.848592914212516369e+00
-1.800000000000000000e+01 1.200000000000000000e+01 3.401827201243654564e+00
-1.800000000000000000e+01 1.300000000000000000e+01 3.041959075759272491e+00
-1.800000000000000000e+01 1.400000000000000000e+01 2.903100742897289699e+00
-1.800000000000000000e+01 1.500000000000000000e+01 2.900277833977909836e+00
-1.800000000000000000e+01 1.600000000000000000e+01 2.856358125467820752e+00
-1.800000000000000000e+01 1.700000000000000000e+01 2.820794335782057072e+00
-1.800000000000000000e+01 1.800000000000000000e+01 2.930594925150794339e+00
-1.800000000000000000e+01 1.900000000000000000e+01 3.087453309065617546e+00
-1.800000000000000000e+01 2.000000000000000000e+01 3.118617535368224392e+00
-1.800000000000000000e+01 2.100000000000000000e+01 3.028611623700991462e+00
-1.700000000000000000e+01 0.000000000000000000e+00 3.819110458891564974e+00
-1.700000000000000000e+01 1.000000000000000000e+00 3.845566638678676430e+00
-1.700000000000000000e+01 2.000000000000000000e+00 3.722448453290164050e+00
-1.700000000000000000e+01 3.000000000000000000e+00 3.601384132866483956e+00
-1.700000000000000000e+01 4.000000000000000000e+00 3.735212675541977223e+00
-1.700000000000000000e+01 5.000000000000000000e+00 3.772755926488164047e+00
-1.700000000000000000e+01 6.000000000000000000e+00 3.293243126630515771e+00
-1.700000000000000000e+01 7.000000000000000000e+00 2.851498371666439713e+00
-1.700000000000000000e+01 8.000000000000000000e+00 3.127233996915649961e+00
-1.700000000000000000e+01 9.000000000000000000e+00 3.815273655736189706e+00
-1.700000000000000000e+01 1.000000000000000000e+01 4.003905949781704443e+00
-1.700000000000000000e+01 1.100000000000000000e+01 3.710058323946651804e+00
-1.700000000000000000e+01 1.200000000000000000e+01 3.318320495341975374e+00
-1.700000000000000000e+01 1.300000000000000000e+01 3.018940746910172557e+00
-1.700000000000000000e+01 1.400000000000000000e+01 2.883348358326621064e+00
-1.700000000000000000e+01 1.500000000000000000e+01 2.899382124952826434e+00
-1.700000000000000000e+01 1.600000000000000000e+01 2.834770844284673963e+00
-1.700000000000000000e+01 1.700000000000000000e+01 2.815288012771834936e+00
-1.700000000000000000e+01 1.800000000000000000e+01 2.890424828427504256e+00
-1.700000000000000000e+01 1.900000000000000000e+01 2.979626457363590664e+00
-1.700000000000000000e+01 2.000000000000000000e+01 3.027539854322312429e+00
-1.700000000000000000e+01 2.100000000000000000e+01 2.925197923832972169e+00
-1.600000000000000000e+01 0.000000000000000000e+00 3.716365664834278437e+00
-1.600000000000000000e+01 1.000000000000000000e+00 3.751289269253616609e+00
-1.600000000000000000e+01 2.000000000000000000e+00 3.623846599381240541e+00
-1.600000000000000000e+01 3.000000000000000000e+00 3.487797030914419061e+00
-1.600000000000000000e+01 4.000000000000000000e+00 3.531711794506101842e+00
-1.600000000000000000e+01 5.000000000000000000e+00 3.523843794835374688e+00
-1.600000000000000000e+01 6.000000000000000000e+00 3.091064981717257965e+00
-1.600000000000000000e+01 7.000000000000000000e+00 2.661575110261011456e+00
-1.600000000000000000e+01 8.000000000000000000e+00 2.873706434488968675e+00
-1.600000000000000000e+01 9.000000000000000000e+00 3.580588876334644954e+00
-1.600000000000000000e+01 1.000000000000000000e+01 3.894107554839543628e+00
-1.600000000000000000e+01 1.100000000000000000e+01 3.602995187892332307e+00
-1.600000000000000000e+01 1.200000000000000000e+01 3.236560771001348424e+00
-1.600000000000000000e+01 1.300000000000000000e+01 3.012990730831604402e+00
-1.600000000000000000e+01 1.400000000000000000e+01 2.890955465580096639e+00
-1.600000000000000000e+01 1.500000000000000000e+01 2.907749419741400665e+00
-1.600000000000000000e+01 1.600000000000000000e+01 2.833723861550240031e+00
-1.600000000000000000e+01 1.700000000000000000e+01 2.790323611035816942e+00
-1.600000000000000000e+01 1.800000000000000000e+01 2.849362953064269899e+00
-1.600000000000000000e+01 1.900000000000000000e+01 2.957687469363532440e+00
-1.600000000000000000e+01 2.000000000000000000e+01 2.992144349325668973e+00
-1.600000000000000000e+01 2.100000000000000000e+01 2.917864573937363648e+00
-1.500000000000000000e+01 0.000000000000000000e+00 3.618779785195201271e+00
-1.500000000000000000e+01 1.000000000000000000e+00 3.658100212452870981e+00
-1.500000000000000000e+01 2.000000000000000000e+00 3.533732256539445338e+00
-1.500000000000000000e+01 3.000000000000000000e+00 3.374663560138382756e+00
-1.500000000000000000e+01 4.000000000000000000e+00 3.343824085815966018e+00
-1.500000000000000000e+01 5.000000000000000000e+00 3.188712675078586134e+00
-1.500000000000000000e+01 6.000000000000000000e+00 2.743785512437658447e+00
-1.500000000000000000e+01 7.000000000000000000e+00 2.456834719266525191e+00
-1.500000000000000000e+01 8.000000000000000000e+00 2.703176218880976922e+00
-1.500000000000000000e+01 9.000000000000000000e+00 3.359920320543916983e+00
-1.500000000000000000e+01 1.000000000000000000e+01 3.879354077611372187e+00
-1.500000000000000000e+01 1.100000000000000000e+01 3.547994585603226003e+00
-1.500000000000000000e+01 1.200000000000000000e+01 3.153990197820156105e+00
-1.500000000000000000e+01 1.300000000000000000e+01 3.032750874332992286e+00
-1.500000000000000000e+01 1.400000000000000000e+01 2.915916557521340824e+00
-1.500000000000000000e+01 1.500000000000000000e+01 2.904981133700666351e+00
-1.500000000000000000e+01 1.600000000000000000e+01 2.817897406434711094e+00
-1.500000000000000000e+01 1.700000000000000000e+01 2.772764927153303915e+00
-1.500000000000000000e+01 1.800000000000000000e+01 2.851471350674040117e+00
-1.500000000000000000e+01 1.900000000000000000e+01 2.959401602843154677e+00
-1.500000000000000000e+01 2.000000000000000000e+01 2.994039790556658254e+00
-1.500000000000000000e+01 2.100000000000000000e+01 nan
