Longitude[deg], Latitude[deg], Dust optical depth
2.000000000000000000e+01 1.200000000000000000e+01 nan
2.000000000000000000e+01 1.300000000000000000e+01 nan
2.000000000000000000e+01 1.400000000000000000e+01 nan
2.000000000000000000e+01 1.500000000000000000e+01 nan
2.000000000000000000e+01 1.600000000000000000e+01 nan
2.000000000000000000e+01 1.700000000000000000e+01 nan
2.000000000000000000e+01 1.800000000000000000e+01 nan
2.000000000000000000e+01 1.900000000000000000e+01 nan
2.000000000000000000e+01 2.000000000000000000e+01 nan
2.000000000000000000e+01 2.100000000000000000e+01 nan
2.000000000000000000e+01 2.200000000000000000e+01 nan
2.000000000000000000e+01 2.300000000000000000e+01 nan
2.000000000000000000e+01 2.400000000000000000e+01 nan
2.000000000000000000e+01 2.500000000000000000e+01 nan
2.000000000000000000e+01 2.600000000000000000e+01 nan
2.000000000000000000e+01 2.700000000000000000e+01 1.257597282781418802e+00
2.000000000000000000e+01 2.800000000000000000e+01 1.183617808617270839e+00
2.000000000000000000e+01 2.900000000000000000e+01 1.180756774814111454e+00
2.000000000000000000e+01 3.000000000000000000e+01 1.130562846756047124e+00
2.000000000000000000e+01 3.100000000000000000e+01 1.101759861898861104e+00
2.000000000000000000e+01 3.200000000000000000e+01 1.113349756597829865e+00
2.000000000000000000e+01 3.300000000000000000e+01 nan
2.100000000000000000e+01 1.200000000000000000e+01 nan
2.100000000000000000e+01 1.300000000000000000e+01 nan
2.100000000000000000e+01 1.400000000000000000e+01 nan
2.100000000000000000e+01 1.500000000000000000e+01 nan
2.100000000000000000e+01 1.600000000000000000e+01 1.339842384176055834e+00
2.100000000000000000e+01 1.700000000000000000e+01 1.357543757262301032e+00
2.100000000000000000e+01 1.800000000000000000e+01 1.385833708159973865e+00
2.100000000000000000e+01 1.900000000000000000e+01 1.363726118266584519e+00
2.100000000000000000e+01 2.000000000000000000e+01 1.306697317186894303e+00
2.100000000000000000e+01 2.100000000000000000e+01 1.261576865697316086e+00
2.100000000000000000e+01 2.200000000000000000e+01 1.226168046731365147e+00
2.100000000000000000e+01 2.300000000000000000e+01 1.207587204254838342e+00
2.100000000000000000e+01 2.400000000000000000e+01 1.216062463009554895e+00
2.100000000000000000e+01 2.500000000000000000e+01 1.193778162190427983e+00
2.100000000000000000e+01 2.600000000000000000e+01 1.237398024617897940e+00
2.100000000000000000e+01 2.700000000000000000e+01 1.262005325539639733e+00
2.100000000000000000e+01 2.800000000000000000e+01 1.184672483024154177e+00
2.100000000000000000e+01 2.900000000000000000e+01 1.161464804300510245e+00
2.100000000000000000e+01 3.000000000000000000e+01 1.130603973629977332e+00
2.100000000000000000e+01 3.100000000000000000e+01 1.096749408357786226e+00
2.100000000000000000e+01 3.200000000000000000e+01 1.114907371462436902e+00
2.100000000000000000e+01 3.300000000000000000e+01 1.170730899632105970e+00
2.200000000000000000e+01 1.200000000000000000e+01 1.532649052861612127e+00
2.200000000000000000e+01 1.300000000000000000e+01 1.453999155165772716e+00
2.200000000000000000e+01 1.400000000000000000e+01 1.390977855456496437e+00
2.200000000000000000e+01 1.500000000000000000e+01 1.362983216935920172e+00
2.200000000000000000e+01 1.600000000000000000e+01 1.333937342639986090e+00
2.200000000000000000e+01 1.700000000000000000e+01 1.329635171221403844e+00
2.200000000000000000e+01 1.800000000000000000e+01 1.375998564757282328e+00
2.200000000000000000e+01 1.900000000000000000e+01 1.351068007809530513e+00
2.200000000000000000e+01 2.000000000000000000e+01 1.288244020931349043e+00
2.200000000000000000e+01 2.100000000000000000e+01 1.265841929953029243e+00
2.200000000000000000e+01 2.200000000000000000e+01 1.228789795074802571e+00
2.200000000000000000e+01 2.300000000000000000e+01 1.223460943628368991e+00
2.200000000000000000e+01 2.400000000000000000e+01 1.244858687504499573e+00
2.200000000000000000e+01 2.500000000000000000e+01 1.223835075050007104e+00
2.200000000000000000e+01 2.600000000000000000e+01 1.236529543046810620e+00
2.200000000000000000e+01 2.700000000000000000e+01 1.250196416512096453e+00
2.200000000000000000e+01 2.800000000000000000e+01 1.174921529902262618e+00
2.200000000000000000e+01 2.900000000000000000e+01 1.130779725978998895e+00
2.200000000000000000e+01 3.000000000000000000e+01 1.128270200984238691e+00
2.200000000000000000e+01 3.100000000000000000e+01 1.098591363782250196e+00
2.200000000000000000e+01 3.200000000000000000e+01 1.109223448717156613e+00
2.200000000000000000e+01 3.300000000000000000e+01 1.123108073727003831e+00
2.300000000000000000e+01 1.200000000000000000e+01 1.528474318612307759e+00
2.300000000000000000e+01 1.300000000000000000e+01 1.450932687939378241e+00
2.300000000000000000e+01 1.400000000000000000e+01 1.393933337129553252e+00
2.300000000000000000e+01 1.500000000000000000e+01 1.342584091216445730e+00
2.300000000000000000e+01 1.600000000000000000e+01 1.331045960001736139e+00
2.300000000000000000e+01 1.700000000000000000e+01 1.330710380615484079e+00
2.300000000000000000e+01 1.800000000000000000e+01 1.375364550723935375e+00
2.300000000000000000e+01 1.900000000000000000e+01 1.342303719113935756e+00
2.300000000000000000e+01 2.000000000000000000e+01 1.278920295123024742e+00
2.300000000000000000e+01 2.100000000000000000e+01 1.261056559808086286e+00
2.300000000000000000e+01 2.200000000000000000e+01 1.232070211726218556e+00
2.300000000000000000e+01 2.300000000000000000e+01 1.232232446201372289e+00
2.300000000000000000e+01 2.400000000000000000e+01 1.253343675767160104e+00
2.300000000000000000e+01 2.500000000000000000e+01 1.239107211908352379e+00
2.300000000000000000e+01 2.600000000000000000e+01 1.248130801161580816e+00
2.300000000000000000e+01 2.700000000000000000e+01 1.244923523980932201e+00
2.300000000000000000e+01 2.800000000000000000e+01 1.161338357575745661e+00
2.300000000000000000e+01 2.900000000000000000e+01 1.113978175101807411e+00
2.300000000000000000e+01 3.000000000000000000e+01 1.138898794807974291e+00
2.300000000000000000e+01 3.100000000000000000e+01 1.116639582271702791e+00
2.300000000000000000e+01 3.200000000000000000e+01 1.112558003939788431e+00
2.300000000000000000e+01 3.300000000000000000e+01 1.119335409786151647e+00
2.400000000000000000e+01 1.200000000000000000e+01 1.520748799259264095e+00
2.400000000000000000e+01 1.300000000000000000e+01 1.448815975991621929e+00
2.400000000000000000e+01 1.400000000000000000e+01 1.397534114490065704e+00
2.400000000000000000e+01 1.500000000000000000e+01 1.329519110421975681e+00
2.400000000000000000e+01 1.600000000000000000e+01 1.327861231634109407e+00
2.400000000000000000e+01 1.700000000000000000e+01 1.337606539843371412e+00
2.400000000000000000e+01 1.800000000000000000e+01 1.375221613673938581e+00
2.400000000000000000e+01 1.900000000000000000e+01 1.343886506796428293e+00
2.400000000000000000e+01 2.000000000000000000e+01 1.277166835346613016e+00
2.400000000000000000e+01 2.100000000000000000e+01 1.246993284440304661e+00
2.400000000000000000e+01 2.200000000000000000e+01 1.234942621658365658e+00
2.400000000000000000e+01 2.300000000000000000e+01 1.233910125913043832e+00
2.400000000000000000e+01 2.400000000000000000e+01 1.252773588117624515e+00
2.400000000000000000e+01 2.500000000000000000e+01 1.248600226530917734e+00
2.400000000000000000e+01 2.600000000000000000e+01 1.268781873797092397e+00
2.400000000000000000e+01 2.700000000000000000e+01 1.256479151778012726e+00
2.400000000000000000e+01 2.800000000000000000e+01 1.161338357575745661e+00
2.400000000000000000e+01 2.900000000000000000e+01 1.132073821214002907e+00
2.400000000000000000e+01 3.000000000000000000e+01 1.155222174126335988e+00
2.400000000000000000e+01 3.100000000000000000e+01 1.130440840131069935e+00
2.400000000000000000e+01 3.200000000000000000e+01 1.124958215248742954e+00
2.400000000000000000e+01 3.300000000000000000e+01 nan
