Longitude[deg], Latitude[deg], Dust optical depth
5.100000000000000000e+01 3.400000000000000000e+01 nan
5.100000000000000000e+01 3.500000000000000000e+01 nan
5.100000000000000000e+01 3.600000000000000000e+01 nan
5.100000000000000000e+01 3.700000000000000000e+01 nan
5.100000000000000000e+01 3.800000000000000000e+01 nan
5.100000000000000000e+01 3.900000000000000000e+01 nan
5.100000000000000000e+01 4.000000000000000000e+01 nan
5.100000000000000000e+01 4.100000000000000000e+01 nan
5.100000000000000000e+01 4.200000000000000000e+01 nan
5.100000000000000000e+01 4.300000000000000000e+01 nan
5.100000000000000000e+01 4.400000000000000000e+01 nan
5.100000000000000000e+01 4.500000000000000000e+01 nan
5.100000000000000000e+01 4.600000000000000000e+01 nan
5.100000000000000000e+01 4.700000000000000000e+01 nan
5.100000000000000000e+01 4.800000000000000000e+01 nan
5.100000000000000000e+01 4.900000000000000000e+01 nan
5.100000000000000000e+01 5.000000000000000000e+01 nan
5.200000000000000000e+01 3.400000000000000000e+01 nan
5.200000000000000000e+01 3.500000000000000000e+01 nan
5.200000000000000000e+01 3.600000000000000000e+01 nan
5.200000000000000000e+01 3.700000000000000000e+01 nan
5.200000000000000000e+01 3.800000000000000000e+01 nan
5.200000000000000000e+01 3.900000000000000000e+01 nan
5.200000000000000000e+01 4.000000000000000000e+01 nan
5.200000000000000000e+01 4.100000000000000000e+01 nan
5.200000000000000000e+01 4.200000000000000000e+01 nan
5.200000000000000000e+01 4.300000000000000000e+01 nan
5.200000000000000000e+01 4.400000000000000000e+01 nan
5.200000000000000000e+01 4.500000000000000000e+01 4.554677667351015868e-01
5.200000000000000000e+01 4.600000000000000000e+01 3.957979929701035959e-01
5.200000000000000000e+01 4.700000000000000000e+01 3.357599287222710616e-01
5.200000000000000000e+01 4.800000000000000000e+01 2.942356148791141490e-01
5.200000000000000000e+01 4.900000000000000000e+01 nan
5.200000000000000000e+01 5.000000000000000000e+01 nan
5.300000000000000000e+01 3.400000000000000000e+01 nan
5.300000000000000000e+01 3.500000000000000000e+01 nan
5.300000000000000000e+01 3.600000000000000000e+01 nan
5.300000000000000000e+01 3.700000000000000000e+01 nan
5.300000000000000000e+01 3.800000000000000000e+01 nan
5.300000000000000000e+01 3.900000000000000000e+01 6.472925578286794490e-01
5.300000000000000000e+01 4.000000000000000000e+01 6.421627403069800621e-01
5.300000000000000000e+01 4.100000000000000000e+01 6.216158712300917655e-01
5.300000000000000000e+01 4.200000000000000000e+01 6.049292002777085786e-01
5.300000000000000000e+01 4.300000000000000000e+01 5.721434941627489001e-01
5.300000000000000000e+01 4.400000000000000000e+01 5.406885915107340068e-01
5.300000000000000000e+01 4.500000000000000000e+01 4.981811597997640728e-01
5.300000000000000000e+01 4.600000000000000000e+01 4.296334390354099586e-01
5.300000000000000000e+01 4.700000000000000000e+01 3.678506693691128704e-01
5.300000000000000000e+01 4.800000000000000000e+01 3.120336310684648229e-01
5.300000000000000000e+01 4.900000000000000000e+01 nan
5.300000000000000000e+01 5.000000000000000000e+01 nan
5.400000000000000000e+01 3.400000000000000000e+01 nan
5.400000000000000000e+01 3.500000000000000000e+01 1.391701090294727106e+00
5.400000000000000000e+01 3.600000000000000000e+01 1.330268252754300606e+00
5.400000000000000000e+01 3.700000000000000000e+01 1.045327187647423939e+00
5.400000000000000000e+01 3.800000000000000000e+01 8.153285701679412467e-01
5.400000000000000000e+01 3.900000000000000000e+01 6.735840368328761540e-01
5.400000000000000000e+01 4.000000000000000000e+01 6.300875595269609386e-01
5.400000000000000000e+01 4.100000000000000000e+01 6.156197874342913545e-01
5.400000000000000000e+01 4.200000000000000000e+01 5.936451175266707070e-01
5.400000000000000000e+01 4.300000000000000000e+01 5.754244393138846503e-01
5.400000000000000000e+01 4.400000000000000000e+01 5.425547052195058839e-01
5.400000000000000000e+01 4.500000000000000000e+01 4.922718666090640793e-01
5.400000000000000000e+01 4.600000000000000000e+01 4.344250367165538584e-01
5.400000000000000000e+01 4.700000000000000000e+01 3.853352795351540072e-01
5.400000000000000000e+01 4.800000000000000000e+01 3.396699037774408292e-01
5.400000000000000000e+01 4.900000000000000000e+01 nan
5.400000000000000000e+01 5.000000000000000000e+01 nan
5.500000000000000000e+01 3.400000000000000000e+01 1.369425608146243034e+00
5.500000000000000000e+01 3.500000000000000000e+01 1.329052915638560872e+00
5.500000000000000000e+01 3.600000000000000000e+01 1.198141191536734151e+00
5.500000000000000000e+01 3.700000000000000000e+01 8.330921466071968817e-01
5.500000000000000000e+01 3.800000000000000000e+01 7.162755619715056588e-01
5.500000000000000000e+01 3.900000000000000000e+01 6.508945988321520604e-01
5.500000000000000000e+01 4.000000000000000000e+01 6.225071268596206187e-01
5.500000000000000000e+01 4.100000000000000000e+01 6.101431960012400069e-01
5.500000000000000000e+01 4.200000000000000000e+01 5.912536918164327249e-01
5.500000000000000000e+01 4.300000000000000000e+01 5.770322541485991552e-01
5.500000000000000000e+01 4.400000000000000000e+01 5.452315886980011461e-01
5.500000000000000000e+01 4.500000000000000000e+01 4.921622675038376804e-01
5.500000000000000000e+01 4.600000000000000000e+01 4.418617734663400909e-01
5.500000000000000000e+01 4.700000000000000000e+01 4.020692365205363883e-01
5.500000000000000000e+01 4.800000000000000000e+01 nan
5.500000000000000000e+01 4.900000000000000000e+01 nan
5.500000000000000000e+01 5.000000000000000000e+01 nan
5.600000000000000000e+01 3.400000000000000000e+01 1.313143058394151685e+00
5.600000000000000000e+01 3.500000000000000000e+01 1.019529928579666400e+00
5.600000000000000000e+01 3.600000000000000000e+01 7.780192445882655461e-01
5.600000000000000000e+01 3.700000000000000000e+01 6.309230834977512803e-01
5.600000000000000000e+01 3.800000000000000000e+01 6.232586649788429689e-01
5.600000000000000000e+01 3.900000000000000000e+01 6.181488375439578853e-01
5.600000000000000000e+01 4.000000000000000000e+01 6.294104907843145469e-01
5.600000000000000000e+01 4.100000000000000000e+01 6.242359164308660668e-01
5.600000000000000000e+01 4.200000000000000000e+01 6.028024000234697422e-01
5.600000000000000000e+01 4.300000000000000000e+01 5.780338383384381329e-01
5.600000000000000000e+01 4.400000000000000000e+01 5.392911182128766745e-01
5.600000000000000000e+01 4.500000000000000000e+01 4.809149181312752930e-01
5.600000000000000000e+01 4.600000000000000000e+01 4.366873283485794288e-01
5.600000000000000000e+01 4.700000000000000000e+01 4.242230146765177401e-01
5.600000000000000000e+01 4.800000000000000000e+01 nan
5.600000000000000000e+01 4.900000000000000000e+01 nan
5.600000000000000000e+01 5.000000000000000000e+01 nan
5.700000000000000000e+01 3.400000000000000000e+01 nan
5.700000000000000000e+01 3.500000000000000000e+01 7.190668714558026142e-01
5.700000000000000000e+01 3.600000000000000000e+01 6.134440139345330723e-01
5.700000000000000000e+01 3.700000000000000000e+01 5.718846597821800604e-01
5.700000000000000000e+01 3.800000000000000000e+01 5.946969707050491216e-01
5.700000000000000000e+01 3.900000000000000000e+01 6.354853735701477824e-01
5.700000000000000000e+01 4.000000000000000000e+01 6.434084075773501832e-01
5.700000000000000000e+01 4.100000000000000000e+01 6.353750648721885330e-01
5.700000000000000000e+01 4.200000000000000000e+01 6.165305469137916106e-01
5.700000000000000000e+01 4.300000000000000000e+01 5.757152112830269397e-01
5.700000000000000000e+01 4.400000000000000000e+01 5.311970763229949544e-01
5.700000000000000000e+01 4.500000000000000000e+01 4.777771690770919455e-01
5.700000000000000000e+01 4.600000000000000000e+01 4.306095148466114186e-01
5.700000000000000000e+01 4.700000000000000000e+01 4.810859514327137099e-01
5.700000000000000000e+01 4.800000000000000000e+01 nan
5.700000000000000000e+01 4.900000000000000000e+01 nan
5.700000000000000000e+01 5.000000000000000000e+01 nan
5.800000000000000000e+01 3.400000000000000000e+01 nan
5.800000000000000000e+01 3.500000000000000000e+01 6.616446977063977775e-01
5.800000000000000000e+01 3.600000000000000000e+01 6.080618387968198535e-01
5.800000000000000000e+01 3.700000000000000000e+01 5.775282117448378161e-01
5.800000000000000000e+01 3.800000000000000000e+01 6.036419486117283739e-01
5.800000000000000000e+01 3.900000000000000000e+01 6.518632132408985758e-01
5.800000000000000000e+01 4.000000000000000000e+01 6.521844922726630633e-01
5.800000000000000000e+01 4.100000000000000000e+01 6.381517973716451797e-01
5.800000000000000000e+01 4.200000000000000000e+01 6.157584157090116861e-01
5.800000000000000000e+01 4.300000000000000000e+01 5.683697007917485333e-01
5.800000000000000000e+01 4.400000000000000000e+01 5.320271562663581033e-01
5.800000000000000000e+01 4.500000000000000000e+01 4.983054615675635568e-01
5.800000000000000000e+01 4.600000000000000000e+01 4.460393403221193376e-01
5.800000000000000000e+01 4.700000000000000000e+01 nan
5.800000000000000000e+01 4.800000000000000000e+01 nan
5.800000000000000000e+01 4.900000000000000000e+01 nan
5.800000000000000000e+01 5.000000000000000000e+01 nan
5.900000000000000000e+01 3.400000000000000000e+01 nan
5.900000000000000000e+01 3.500000000000000000e+01 nan
5.900000000000000000e+01 3.600000000000000000e+01 nan
5.900000000000000000e+01 3.700000000000000000e+01 nan
5.900000000000000000e+01 3.800000000000000000e+01 nan
5.900000000000000000e+01 3.900000000000000000e+01 nan
5.900000000000000000e+01 4.000000000000000000e+01 nan
5.900000000000000000e+01 4.100000000000000000e+01 nan
5.900000000000000000e+01 4.200000000000000000e+01 nan
5.900000000000000000e+01 4.300000000000000000e+01 nan
5.900000000000000000e+01 4.400000000000000000e+01 nan
5.900000000000000000e+01 4.500000000000000000e+01 nan
5.900000000000000000e+01 4.600000000000000000e+01 nan
5.900000000000000000e+01 4.700000000000000000e+01 nan
5.900000000000000000e+01 4.800000000000000000e+01 nan
5.900000000000000000e+01 4.900000000000000000e+01 nan
5.900000000000000000e+01 5.000000000000000000e+01 nan
