Longitude[deg], Latitude[deg], Dust optical depth
9.800000000000000000e+01 3.000000000000000000e+00 nan
9.800000000000000000e+01 4.000000000000000000e+00 nan
9.800000000000000000e+01 5.000000000000000000e+00 nan
9.800000000000000000e+01 6.000000000000000000e+00 nan
9.800000000000000000e+01 7.000000000000000000e+00 nan
9.800000000000000000e+01 8.000000000000000000e+00 nan
9.800000000000000000e+01 9.000000000000000000e+00 nan
9.800000000000000000e+01 1.000000000000000000e+01 nan
9.800000000000000000e+01 1.100000000000000000e+01 nan
9.800000000000000000e+01 1.200000000000000000e+01 nan
9.800000000000000000e+01 1.300000000000000000e+01 nan
9.800000000000000000e+01 1.400000000000000000e+01 nan
9.800000000000000000e+01 1.500000000000000000e+01 nan
9.800000000000000000e+01 1.600000000000000000e+01 nan
9.800000000000000000e+01 1.700000000000000000e+01 nan
9.800000000000000000e+01 1.800000000000000000e+01 nan
9.800000000000000000e+01 1.900000000000000000e+01 nan
9.800000000000000000e+01 2.000000000000000000e+01 nan
9.800000000000000000e+01 2.100000000000000000e+01 nan
9.800000000000000000e+01 2.200000000000000000e+01 nan
9.800000000000000000e+01 2.300000000000000000e+01 nan
9.800000000000000000e+01 2.400000000000000000e+01 nan
9.800000000000000000e+01 2.500000000000000000e+01 nan
9.800000000000000000e+01 2.600000000000000000e+01 nan
9.800000000000000000e+01 2.700000000000000000e+01 nan
9.800000000000000000e+01 2.800000000000000000e+01 nan
9.800000000000000000e+01 2.900000000000000000e+01 nan
9.900000000000000000e+01 3.000000000000000000e+00 nan
9.900000000000000000e+01 4.000000000000000000e+00 nan
9.900000000000000000e+01 5.000000000000000000e+00 nan
9.900000000000000000e+01 6.000000000000000000e+00 nan
9.900000000000000000e+01 7.000000000000000000e+00 nan
9.900000000000000000e+01 8.000000000000000000e+00 nan
9.900000000000000000e+01 9.000000000000000000e+00 nan
9.900000000000000000e+01 1.000000000000000000e+01 nan
9.900000000000000000e+01 1.100000000000000000e+01 nan
9.900000000000000000e+01 1.200000000000000000e+01 nan
9.900000000000000000e+01 1.300000000000000000e+01 nan
9.900000000000000000e+01 1.400000000000000000e+01 nan
9.900000000000000000e+01 1.500000000000000000e+01 nan
9.900000000000000000e+01 1.600000000000000000e+01 nan
9.900000000000000000e+01 1.700000000000000000e+01 nan
9.900000000000000000e+01 1.800000000000000000e+01 nan
9.900000000000000000e+01 1.900000000000000000e+01 nan
9.900000000000000000e+01 2.000000000000000000e+01 nan
9.900000000000000000e+01 2.100000000000000000e+01 nan
9.900000000000000000e+01 2.200000000000000000e+01 nan
9.900000000000000000e+01 2.300000000000000000e+01 nan
9.900000000000000000e+01 2.400000000000000000e+01 nan
9.900000000000000000e+01 2.500000000000000000e+01 nan
9.900000000000000000e+01 2.600000000000000000e+01 nan
9.900000000000000000e+01 2.700000000000000000e+01 nan
9.900000000000000000e+01 2.800000000000000000e+01 nan
9.900000000000000000e+01 2.900000000000000000e+01 nan
1.000000000000000000e+02 3.000000000000000000e+00 nan
1.000000000000000000e+02 4.000000000000000000e+00 nan
1.000000000000000000e+02 5.000000000000000000e+00 nan
1.000000000000000000e+02 6.000000000000000000e+00 nan
1.000000000000000000e+02 7.000000000000000000e+00 nan
1.000000000000000000e+02 8.000000000000000000e+00 nan
1.000000000000000000e+02 9.000000000000000000e+00 nan
1.000000000000000000e+02 1.000000000000000000e+01 nan
1.000000000000000000e+02 1.100000000000000000e+01 nan
1.000000000000000000e+02 1.200000000000000000e+01 nan
1.000000000000000000e+02 1.300000000000000000e+01 nan
1.000000000000000000e+02 1.400000000000000000e+01 nan
1.000000000000000000e+02 1.500000000000000000e+01 nan
1.000000000000000000e+02 1.600000000000000000e+01 6.256911454708830256e+00
1.000000000000000000e+02 1.700000000000000000e+01 6.186340183420997008e+00
1.000000000000000000e+02 1.800000000000000000e+01 6.006549294603785505e+00
1.000000000000000000e+02 1.900000000000000000e+01 5.899429400735693108e+00
1.000000000000000000e+02 2.000000000000000000e+01 5.949812789951030467e+00
1.000000000000000000e+02 2.100000000000000000e+01 6.047634000510362817e+00
1.000000000000000000e+02 2.200000000000000000e+01 nan
1.000000000000000000e+02 2.300000000000000000e+01 nan
1.000000000000000000e+02 2.400000000000000000e+01 nan
1.000000000000000000e+02 2.500000000000000000e+01 nan
1.000000000000000000e+02 2.600000000000000000e+01 nan
1.000000000000000000e+02 2.700000000000000000e+01 nan
1.000000000000000000e+02 2.800000000000000000e+01 nan
1.000000000000000000e+02 2.900000000000000000e+01 nan
1.010000000000000000e+02 3.000000000000000000e+00 nan
1.010000000000000000e+02 4.000000000000000000e+00 nan
1.010000000000000000e+02 5.000000000000000000e+00 nan
1.010000000000000000e+02 6.000000000000000000e+00 nan
1.010000000000000000e+02 7.000000000000000000e+00 nan
1.010000000000000000e+02 8.000000000000000000e+00 nan
1.010000000000000000e+02 9.000000000000000000e+00 5.783241058713300298e+00
1.010000000000000000e+02 1.000000000000000000e+01 5.894087616700364407e+00
1.010000000000000000e+02 1.100000000000000000e+01 5.995711251807631648e+00
1.010000000000000000e+02 1.200000000000000000e+01 6.045539493015322563e+00
1.010000000000000000e+02 1.300000000000000000e+01 6.072537316909414784e+00
1.010000000000000000e+02 1.400000000000000000e+01 6.030781457578785698e+00
1.010000000000000000e+02 1.500000000000000000e+01 6.004182988532977383e+00
1.010000000000000000e+02 1.600000000000000000e+01 6.121051801408349036e+00
1.010000000000000000e+02 1.700000000000000000e+01 6.113758348844670287e+00
1.010000000000000000e+02 1.800000000000000000e+01 5.955360166671273880e+00
1.010000000000000000e+02 1.900000000000000000e+01 5.855058873159345367e+00
1.010000000000000000e+02 2.000000000000000000e+01 5.872757346935147282e+00
1.010000000000000000e+02 2.100000000000000000e+01 5.929551151982734858e+00
1.010000000000000000e+02 2.200000000000000000e+01 nan
1.010000000000000000e+02 2.300000000000000000e+01 nan
1.010000000000000000e+02 2.400000000000000000e+01 nan
1.010000000000000000e+02 2.500000000000000000e+01 nan
1.010000000000000000e+02 2.600000000000000000e+01 nan
1.010000000000000000e+02 2.700000000000000000e+01 nan
1.010000000000000000e+02 2.800000000000000000e+01 nan
1.010000000000000000e+02 2.900000000000000000e+01 nan
1.020000000000000000e+02 3.000000000000000000e+00 nan
1.020000000000000000e+02 4.000000000000000000e+00 5.957293956784740274e+00
1.020000000000000000e+02 5.000000000000000000e+00 5.894045802317033456e+00
1.020000000000000000e+02 6.000000000000000000e+00 5.804570240277868720e+00
1.020000000000000000e+02 7.000000000000000000e+00 5.708850921539288414e+00
1.020000000000000000e+02 8.000000000000000000e+00 5.661620887897339749e+00
1.020000000000000000e+02 9.000000000000000000e+00 5.774234318993400450e+00
1.020000000000000000e+02 1.000000000000000000e+01 5.909771427895337936e+00
1.020000000000000000e+02 1.100000000000000000e+01 6.027116882587226776e+00
1.020000000000000000e+02 1.200000000000000000e+01 6.021691145075847018e+00
1.020000000000000000e+02 1.300000000000000000e+01 6.008763375459968969e+00
1.020000000000000000e+02 1.400000000000000000e+01 5.961393155832244162e+00
1.020000000000000000e+02 1.500000000000000000e+01 5.954835513098108990e+00
1.020000000000000000e+02 1.600000000000000000e+01 6.064594332345611072e+00
1.020000000000000000e+02 1.700000000000000000e+01 6.064594332345611072e+00
1.020000000000000000e+02 1.800000000000000000e+01 5.903283247796541566e+00
1.020000000000000000e+02 1.900000000000000000e+01 5.784640707094379941e+00
1.020000000000000000e+02 2.000000000000000000e+01 5.778521443984682371e+00
1.020000000000000000e+02 2.100000000000000000e+01 5.817224575788088714e+00
1.020000000000000000e+02 2.200000000000000000e+01 nan
1.020000000000000000e+02 2.300000000000000000e+01 nan
1.020000000000000000e+02 2.400000000000000000e+01 nan
1.020000000000000000e+02 2.500000000000000000e+01 nan
1.020000000000000000e+02 2.600000000000000000e+01 nan
1.020000000000000000e+02 2.700000000000000000e+01 nan
1.020000000000000000e+02 2.800000000000000000e+01 nan
1.020000000000000000e+02 2.900000000000000000e+01 nan
1.030000000000000000e+02 3.000000000000000000e+00 5.824295437087744887e+00
1.030000000000000000e+02 4.000000000000000000e+00 5.948379869920673357e+00
1.030000000000000000e+02 5.000000000000000000e+00 5.883088844419259722e+00
1.030000000000000000e+02 6.000000000000000000e+00 5.788496190955171095e+00
1.030000000000000000e+02 7.000000000000000000e+00 5.735971551988830797e+00
1.030000000000000000e+02 8.000000000000000000e+00 5.691115139984671778e+00
1.030000000000000000e+02 9.000000000000000000e+00 5.760930935114517482e+00
1.030000000000000000e+02 1.000000000000000000e+01 5.920273986550565581e+00
1.030000000000000000e+02 1.100000000000000000e+01 6.024567254716306941e+00
1.030000000000000000e+02 1.200000000000000000e+01 5.990652734628047149e+00
1.030000000000000000e+02 1.300000000000000000e+01 5.943452604020670549e+00
1.030000000000000000e+02 1.400000000000000000e+01 5.923066188852788905e+00
1.030000000000000000e+02 1.500000000000000000e+01 5.931932894230054210e+00
1.030000000000000000e+02 1.600000000000000000e+01 6.030808687116692823e+00
1.030000000000000000e+02 1.700000000000000000e+01 6.041925119291651214e+00
1.030000000000000000e+02 1.800000000000000000e+01 5.898614581260214429e+00
1.030000000000000000e+02 1.900000000000000000e+01 5.776809234798703230e+00
1.030000000000000000e+02 2.000000000000000000e+01 5.757660788230087867e+00
1.030000000000000000e+02 2.100000000000000000e+01 nan
1.030000000000000000e+02 2.200000000000000000e+01 nan
1.030000000000000000e+02 2.300000000000000000e+01 nan
1.030000000000000000e+02 2.400000000000000000e+01 nan
1.030000000000000000e+02 2.500000000000000000e+01 nan
1.030000000000000000e+02 2.600000000000000000e+01 nan
1.030000000000000000e+02 2.700000000000000000e+01 nan
1.030000000000000000e+02 2.800000000000000000e+01 nan
1.030000000000000000e+02 2.900000000000000000e+01 nan
1.040000000000000000e+02 3.000000000000000000e+00 5.750174684037992812e+00
1.040000000000000000e+02 4.000000000000000000e+00 5.954795836639269702e+00
1.040000000000000000e+02 5.000000000000000000e+00 5.902456014339990453e+00
1.040000000000000000e+02 6.000000000000000000e+00 5.813990218658963371e+00
1.040000000000000000e+02 7.000000000000000000e+00 5.828277172743850265e+00
1.040000000000000000e+02 8.000000000000000000e+00 5.800578729705375025e+00
1.040000000000000000e+02 9.000000000000000000e+00 5.792403801772255889e+00
1.040000000000000000e+02 1.000000000000000000e+01 5.939699912985755503e+00
1.040000000000000000e+02 1.100000000000000000e+01 6.012524100113783021e+00
1.040000000000000000e+02 1.200000000000000000e+01 5.965731752430621704e+00
1.040000000000000000e+02 1.300000000000000000e+01 5.950994682729680463e+00
1.040000000000000000e+02 1.400000000000000000e+01 5.958216126744807717e+00
1.040000000000000000e+02 1.500000000000000000e+01 5.975196585046364639e+00
1.040000000000000000e+02 1.600000000000000000e+01 6.051305586117202040e+00
1.040000000000000000e+02 1.700000000000000000e+01 6.062288541987266299e+00
1.040000000000000000e+02 1.800000000000000000e+01 5.939994074833107263e+00
1.040000000000000000e+02 1.900000000000000000e+01 5.824428278865975805e+00
1.040000000000000000e+02 2.000000000000000000e+01 5.797863961089912088e+00
1.040000000000000000e+02 2.100000000000000000e+01 nan
1.040000000000000000e+02 2.200000000000000000e+01 nan
1.040000000000000000e+02 2.300000000000000000e+01 nan
1.040000000000000000e+02 2.400000000000000000e+01 nan
1.040000000000000000e+02 2.500000000000000000e+01 nan
1.040000000000000000e+02 2.600000000000000000e+01 nan
1.040000000000000000e+02 2.700000000000000000e+01 nan
1.040000000000000000e+02 2.800000000000000000e+01 nan
1.040000000000000000e+02 2.900000000000000000e+01 nan
1.050000000000000000e+02 3.000000000000000000e+00 nan
1.050000000000000000e+02 4.000000000000000000e+00 5.971121893843246653e+00
1.050000000000000000e+02 5.000000000000000000e+00 5.937263999999487396e+00
1.050000000000000000e+02 6.000000000000000000e+00 5.868851774289192136e+00
1.050000000000000000e+02 7.000000000000000000e+00 5.904434850231479182e+00
1.050000000000000000e+02 8.000000000000000000e+00 5.885786311688814720e+00
1.050000000000000000e+02 9.000000000000000000e+00 5.828712811013266659e+00
1.050000000000000000e+02 1.000000000000000000e+01 5.952144830327319447e+00
1.050000000000000000e+02 1.100000000000000000e+01 6.006940472800612163e+00
1.050000000000000000e+02 1.200000000000000000e+01 5.960230495936419182e+00
1.050000000000000000e+02 1.300000000000000000e+01 5.961375217574448548e+00
1.050000000000000000e+02 1.400000000000000000e+01 5.976836015762420296e+00
1.050000000000000000e+02 1.500000000000000000e+01 6.018395836622744355e+00
1.050000000000000000e+02 1.600000000000000000e+01 6.084121760734682027e+00
1.050000000000000000e+02 1.700000000000000000e+01 6.091102861652444744e+00
1.050000000000000000e+02 1.800000000000000000e+01 5.977697154812614322e+00
1.050000000000000000e+02 1.900000000000000000e+01 5.857013473199034870e+00
1.050000000000000000e+02 2.000000000000000000e+01 5.853024450458202743e+00
1.050000000000000000e+02 2.100000000000000000e+01 nan
1.050000000000000000e+02 2.200000000000000000e+01 nan
1.050000000000000000e+02 2.300000000000000000e+01 nan
1.050000000000000000e+02 2.400000000000000000e+01 nan
1.050000000000000000e+02 2.500000000000000000e+01 nan
1.050000000000000000e+02 2.600000000000000000e+01 nan
1.050000000000000000e+02 2.700000000000000000e+01 nan
1.050000000000000000e+02 2.800000000000000000e+01 nan
1.050000000000000000e+02 2.900000000000000000e+01 nan
1.060000000000000000e+02 3.000000000000000000e+00 nan
1.060000000000000000e+02 4.000000000000000000e+00 5.996682269661457454e+00
1.060000000000000000e+02 5.000000000000000000e+00 5.982538143092423155e+00
1.060000000000000000e+02 6.000000000000000000e+00 5.913915092396085704e+00
1.060000000000000000e+02 7.000000000000000000e+00 5.903844530060726292e+00
1.060000000000000000e+02 8.000000000000000000e+00 5.842133237871843576e+00
1.060000000000000000e+02 9.000000000000000000e+00 5.792229890934317282e+00
1.060000000000000000e+02 1.000000000000000000e+01 5.934247946404796359e+00
1.060000000000000000e+02 1.100000000000000000e+01 nan
1.060000000000000000e+02 1.200000000000000000e+01 nan
1.060000000000000000e+02 1.300000000000000000e+01 nan
1.060000000000000000e+02 1.400000000000000000e+01 nan
1.060000000000000000e+02 1.500000000000000000e+01 nan
1.060000000000000000e+02 1.600000000000000000e+01 nan
1.060000000000000000e+02 1.700000000000000000e+01 nan
1.060000000000000000e+02 1.800000000000000000e+01 nan
1.060000000000000000e+02 1.900000000000000000e+01 nan
1.060000000000000000e+02 2.000000000000000000e+01 nan
1.060000000000000000e+02 2.100000000000000000e+01 nan
1.060000000000000000e+02 2.200000000000000000e+01 nan
1.060000000000000000e+02 2.300000000000000000e+01 nan
1.060000000000000000e+02 2.400000000000000000e+01 nan
1.060000000000000000e+02 2.500000000000000000e+01 nan
1.060000000000000000e+02 2.600000000000000000e+01 nan
1.060000000000000000e+02 2.700000000000000000e+01 nan
1.060000000000000000e+02 2.800000000000000000e+01 nan
1.060000000000000000e+02 2.900000000000000000e+01 nan
