0.000000000000000000e+00 0.000000000000000000e+00 0.000000000000000000e+00 0.000000000000000000e+00 0.000000000000000000e+00 0.000000000000000000e+00 0.000000000000000000e+00 0.000000000000000000e+00 0.000000000000000000e+00 0.000000000000000000e+00 0.000000000000000000e+00 0.000000000000000000e+00 0.000000000000000000e+00 0.000000000000000000e+00 0.000000000000000000e+00 0.000000000000000000e+00 0.000000000000000000e+00 0.000000000000000000e+00 0.000000000000000000e+00 0.000000000000000000e+00 0.000000000000000000e+00 0.000000000000000000e+00 0.000000000000000000e+00 0.000000000000000000e+00
0.000000000000000000e+00 0.000000000000000000e+00 0.000000000000000000e+00 0.000000000000000000e+00 0.000000000000000000e+00 0.000000000000000000e+00 0.000000000000000000e+00 0.000000000000000000e+00 0.000000000000000000e+00 0.000000000000000000e+00 0.000000000000000000e+00 0.000000000000000000e+00 0.000000000000000000e+00 0.000000000000000000e+00 0.000000000000000000e+00 0.000000000000000000e+00 0.000000000000000000e+00 0.000000000000000000e+00 0.000000000000000000e+00 0.000000000000000000e+00 0.000000000000000000e+00 0.000000000000000000e+00 0.000000000000000000e+00 0.000000000000000000e+00
2.020000000000000000e+02 1.470000000000000000e+02 9.600000000000000000e+01 1.450000000000000000e+02 1.010000000000000000e+02 5.640000000000000000e+02 2.200000000000000000e+02 2.570000000000000000e+02 1.410000000000000000e+02 3.570000000000000000e+02 9.200000000000000000e+01 1.070000000000000000e+02 9.500000000000000000e+01 1.960000000000000000e+02 1.450000000000000000e+02 1.380000000000000000e+02 2.420000000000000000e+02 1.160000000000000000e+02 8.700000000000000000e+01 2.940000000000000000e+02 2.900000000000000000e+02 1.560000000000000000e+02 2.820000000000000000e+02 2.110000000000000000e+02
3.850000000000000000e+02 3.940000000000000000e+02 3.050000000000000000e+02 3.290000000000000000e+02 2.610000000000000000e+02 8.790000000000000000e+02 5.870000000000000000e+02 5.290000000000000000e+02 3.010000000000000000e+02 5.340000000000000000e+02 3.550000000000000000e+02 2.690000000000000000e+02 5.000000000000000000e+02 4.620000000000000000e+02 5.270000000000000000e+02 4.650000000000000000e+02 1.960000000000000000e+02 1.890000000000000000e+02 3.330000000000000000e+02 7.230000000000000000e+02 7.610000000000000000e+02 6.040000000000000000e+02 9.340000000000000000e+02 7.610000000000000000e+02
5.840000000000000000e+02 9.120000000000000000e+02 4.570000000000000000e+02 5.290000000000000000e+02 5.440000000000000000e+02 9.750000000000000000e+02 6.000000000000000000e+02 6.100000000000000000e+02 3.980000000000000000e+02 6.060000000000000000e+02 6.380000000000000000e+02 4.420000000000000000e+02 6.780000000000000000e+02 5.180000000000000000e+02 7.270000000000000000e+02 5.080000000000000000e+02 1.400000000000000000e+01 2.300000000000000000e+01 5.580000000000000000e+02 7.720000000000000000e+02 8.320000000000000000e+02 9.140000000000000000e+02 1.062000000000000000e+03 9.910000000000000000e+02
5.670000000000000000e+02 8.620000000000000000e+02 5.680000000000000000e+02 6.450000000000000000e+02 9.270000000000000000e+02 9.640000000000000000e+02 4.910000000000000000e+02 7.650000000000000000e+02 3.910000000000000000e+02 5.570000000000000000e+02 7.590000000000000000e+02 5.670000000000000000e+02 7.240000000000000000e+02 4.800000000000000000e+02 6.750000000000000000e+02 5.170000000000000000e+02 0.000000000000000000e+00 2.020000000000000000e+02 6.910000000000000000e+02 1.157000000000000000e+03 9.700000000000000000e+02 1.040000000000000000e+03 1.190000000000000000e+03 9.930000000000000000e+02
7.860000000000000000e+02 1.159000000000000000e+03 7.260000000000000000e+02 8.460000000000000000e+02 8.300000000000000000e+02 7.530000000000000000e+02 5.080000000000000000e+02 6.640000000000000000e+02 5.160000000000000000e+02 5.540000000000000000e+02 6.650000000000000000e+02 6.270000000000000000e+02 6.100000000000000000e+02 4.280000000000000000e+02 6.020000000000000000e+02 1.014000000000000000e+03 3.010000000000000000e+02 7.950000000000000000e+02 1.402000000000000000e+03 1.547000000000000000e+03 1.173000000000000000e+03 1.180000000000000000e+03 1.302000000000000000e+03 1.414000000000000000e+03
9.250000000000000000e+02 9.620000000000000000e+02 8.510000000000000000e+02 6.310000000000000000e+02 1.038000000000000000e+03 7.610000000000000000e+02 5.320000000000000000e+02 7.490000000000000000e+02 5.250000000000000000e+02 5.550000000000000000e+02 5.040000000000000000e+02 7.130000000000000000e+02 4.400000000000000000e+02 4.920000000000000000e+02 5.440000000000000000e+02 1.089000000000000000e+03 7.100000000000000000e+02 1.226000000000000000e+03 1.338000000000000000e+03 1.414000000000000000e+03 1.139000000000000000e+03 1.082000000000000000e+03 1.450000000000000000e+03 1.297000000000000000e+03
7.590000000000000000e+02 9.320000000000000000e+02 9.180000000000000000e+02 5.590000000000000000e+02 1.160000000000000000e+03 9.910000000000000000e+02 6.590000000000000000e+02 7.530000000000000000e+02 4.800000000000000000e+02 4.930000000000000000e+02 6.510000000000000000e+02 7.350000000000000000e+02 5.550000000000000000e+02 4.540000000000000000e+02 6.770000000000000000e+02 8.450000000000000000e+02 3.820000000000000000e+02 1.000000000000000000e+03 1.481000000000000000e+03 1.165000000000000000e+03 1.147000000000000000e+03 8.860000000000000000e+02 1.344000000000000000e+03 9.200000000000000000e+02
5.880000000000000000e+02 1.063000000000000000e+03 7.440000000000000000e+02 4.760000000000000000e+02 8.990000000000000000e+02 7.440000000000000000e+02 6.340000000000000000e+02 8.080000000000000000e+02 2.920000000000000000e+02 4.390000000000000000e+02 5.250000000000000000e+02 8.040000000000000000e+02 4.900000000000000000e+02 3.960000000000000000e+02 6.650000000000000000e+02 7.310000000000000000e+02 7.580000000000000000e+02 1.094000000000000000e+03 1.198000000000000000e+03 8.820000000000000000e+02 1.177000000000000000e+03 6.800000000000000000e+02 1.069000000000000000e+03 8.340000000000000000e+02
4.800000000000000000e+01 5.500000000000000000e+01 3.800000000000000000e+01 2.300000000000000000e+01 5.400000000000000000e+01 3.700000000000000000e+01 4.000000000000000000e+01 5.600000000000000000e+01 1.400000000000000000e+01 1.800000000000000000e+01 2.200000000000000000e+01 3.700000000000000000e+01 1.000000000000000000e+01 1.900000000000000000e+01 3.100000000000000000e+01 5.200000000000000000e+01 3.700000000000000000e+01 4.400000000000000000e+01 7.100000000000000000e+01 4.100000000000000000e+01 7.800000000000000000e+01 2.800000000000000000e+01 7.500000000000000000e+01 5.000000000000000000e+01
0.000000000000000000e+00 0.000000000000000000e+00 0.000000000000000000e+00 0.000000000000000000e+00 0.000000000000000000e+00 0.000000000000000000e+00 0.000000000000000000e+00 0.000000000000000000e+00 0.000000000000000000e+00 0.000000000000000000e+00 0.000000000000000000e+00 0.000000000000000000e+00 0.000000000000000000e+00 0.000000000000000000e+00 0.000000000000000000e+00 0.000000000000000000e+00 0.000000000000000000e+00 0.000000000000000000e+00 0.000000000000000000e+00 0.000000000000000000e+00 0.000000000000000000e+00 0.000000000000000000e+00 0.000000000000000000e+00 0.000000000000000000e+00
0.000000000000000000e+00 0.000000000000000000e+00 0.000000000000000000e+00 0.000000000000000000e+00 0.000000000000000000e+00 0.000000000000000000e+00 0.000000000000000000e+00 0.000000000000000000e+00 0.000000000000000000e+00 0.000000000000000000e+00 0.000000000000000000e+00 0.000000000000000000e+00 0.000000000000000000e+00 0.000000000000000000e+00 0.000000000000000000e+00 0.000000000000000000e+00 0.000000000000000000e+00 0.000000000000000000e+00 0.000000000000000000e+00 0.000000000000000000e+00 0.000000000000000000e+00 0.000000000000000000e+00 0.000000000000000000e+00 0.000000000000000000e+00
