0.000000000000000000e+00 0.000000000000000000e+00 0.000000000000000000e+00 0.000000000000000000e+00 0.000000000000000000e+00 0.000000000000000000e+00 0.000000000000000000e+00 0.000000000000000000e+00 0.000000000000000000e+00 0.000000000000000000e+00 0.000000000000000000e+00 0.000000000000000000e+00 0.000000000000000000e+00 0.000000000000000000e+00 0.000000000000000000e+00 0.000000000000000000e+00 0.000000000000000000e+00 0.000000000000000000e+00 0.000000000000000000e+00 0.000000000000000000e+00 0.000000000000000000e+00 0.000000000000000000e+00 0.000000000000000000e+00 0.000000000000000000e+00
0.000000000000000000e+00 0.000000000000000000e+00 0.000000000000000000e+00 0.000000000000000000e+00 0.000000000000000000e+00 0.000000000000000000e+00 0.000000000000000000e+00 0.000000000000000000e+00 0.000000000000000000e+00 0.000000000000000000e+00 0.000000000000000000e+00 0.000000000000000000e+00 0.000000000000000000e+00 0.000000000000000000e+00 0.000000000000000000e+00 0.000000000000000000e+00 0.000000000000000000e+00 0.000000000000000000e+00 0.000000000000000000e+00 0.000000000000000000e+00 0.000000000000000000e+00 0.000000000000000000e+00 0.000000000000000000e+00 0.000000000000000000e+00
1.340000000000000000e+03 1.134000000000000000e+03 1.467000000000000000e+03 1.081000000000000000e+03 1.631000000000000000e+03 9.650000000000000000e+02 1.286000000000000000e+03 1.252000000000000000e+03 9.650000000000000000e+02 1.108000000000000000e+03 8.220000000000000000e+02 1.590000000000000000e+03 8.490000000000000000e+02 1.400000000000000000e+03 1.017000000000000000e+03 9.890000000000000000e+02 6.950000000000000000e+02 1.269000000000000000e+03 1.474000000000000000e+03 1.361000000000000000e+03 1.284000000000000000e+03 1.249000000000000000e+03 2.115000000000000000e+03 1.227000000000000000e+03
1.356000000000000000e+03 9.530000000000000000e+02 1.375000000000000000e+03 9.630000000000000000e+02 1.373000000000000000e+03 9.430000000000000000e+02 1.304000000000000000e+03 1.188000000000000000e+03 8.930000000000000000e+02 1.406000000000000000e+03 7.720000000000000000e+02 1.364000000000000000e+03 7.500000000000000000e+02 1.218000000000000000e+03 9.820000000000000000e+02 9.510000000000000000e+02 7.470000000000000000e+02 6.090000000000000000e+02 1.016000000000000000e+03 1.066000000000000000e+03 1.169000000000000000e+03 1.158000000000000000e+03 1.933000000000000000e+03 1.235000000000000000e+03
1.226000000000000000e+03 9.110000000000000000e+02 1.274000000000000000e+03 1.069000000000000000e+03 1.491000000000000000e+03 9.480000000000000000e+02 1.206000000000000000e+03 1.031000000000000000e+03 7.970000000000000000e+02 1.281000000000000000e+03 7.990000000000000000e+02 1.334000000000000000e+03 7.300000000000000000e+02 1.353000000000000000e+03 1.022000000000000000e+03 9.340000000000000000e+02 1.780000000000000000e+02 2.620000000000000000e+02 9.360000000000000000e+02 9.340000000000000000e+02 1.257000000000000000e+03 1.208000000000000000e+03 1.711000000000000000e+03 1.270000000000000000e+03
9.290000000000000000e+02 9.300000000000000000e+02 1.269000000000000000e+03 1.030000000000000000e+03 1.306000000000000000e+03 9.570000000000000000e+02 1.098000000000000000e+03 1.029000000000000000e+03 7.270000000000000000e+02 1.174000000000000000e+03 8.020000000000000000e+02 1.358000000000000000e+03 7.950000000000000000e+02 1.437000000000000000e+03 1.110000000000000000e+03 6.830000000000000000e+02 0.000000000000000000e+00 2.910000000000000000e+02 8.040000000000000000e+02 1.108000000000000000e+03 1.237000000000000000e+03 1.118000000000000000e+03 1.348000000000000000e+03 1.147000000000000000e+03
8.340000000000000000e+02 1.040000000000000000e+03 1.321000000000000000e+03 1.064000000000000000e+03 1.257000000000000000e+03 1.026000000000000000e+03 1.096000000000000000e+03 1.026000000000000000e+03 7.260000000000000000e+02 1.165000000000000000e+03 8.550000000000000000e+02 1.279000000000000000e+03 7.990000000000000000e+02 1.487000000000000000e+03 8.620000000000000000e+02 1.137000000000000000e+03 4.980000000000000000e+02 5.460000000000000000e+02 1.026000000000000000e+03 1.112000000000000000e+03 1.178000000000000000e+03 1.067000000000000000e+03 1.109000000000000000e+03 1.243000000000000000e+03
4.700000000000000000e+02 9.010000000000000000e+02 8.580000000000000000e+02 8.800000000000000000e+02 9.270000000000000000e+02 7.950000000000000000e+02 6.060000000000000000e+02 8.720000000000000000e+02 5.290000000000000000e+02 9.060000000000000000e+02 6.340000000000000000e+02 1.006000000000000000e+03 7.030000000000000000e+02 1.007000000000000000e+03 7.600000000000000000e+02 6.700000000000000000e+02 6.480000000000000000e+02 5.080000000000000000e+02 1.135000000000000000e+03 7.330000000000000000e+02 1.067000000000000000e+03 7.920000000000000000e+02 7.290000000000000000e+02 9.900000000000000000e+02
2.060000000000000000e+02 8.950000000000000000e+02 4.240000000000000000e+02 8.290000000000000000e+02 3.720000000000000000e+02 5.530000000000000000e+02 2.940000000000000000e+02 4.370000000000000000e+02 4.960000000000000000e+02 3.400000000000000000e+02 3.150000000000000000e+02 4.050000000000000000e+02 5.430000000000000000e+02 3.260000000000000000e+02 7.750000000000000000e+02 3.500000000000000000e+02 3.700000000000000000e+02 2.320000000000000000e+02 1.027000000000000000e+03 6.280000000000000000e+02 6.160000000000000000e+02 6.390000000000000000e+02 2.990000000000000000e+02 8.520000000000000000e+02
1.280000000000000000e+02 1.030000000000000000e+02 5.800000000000000000e+01 2.660000000000000000e+02 1.190000000000000000e+02 7.700000000000000000e+01 2.000000000000000000e+01 1.480000000000000000e+02 9.200000000000000000e+01 1.290000000000000000e+02 1.800000000000000000e+01 3.600000000000000000e+01 3.200000000000000000e+01 7.000000000000000000e+00 2.220000000000000000e+02 4.000000000000000000e+01 1.680000000000000000e+02 8.700000000000000000e+01 1.050000000000000000e+02 5.000000000000000000e+01 1.400000000000000000e+02 1.700000000000000000e+01 3.400000000000000000e+01 2.290000000000000000e+02
0.000000000000000000e+00 0.000000000000000000e+00 0.000000000000000000e+00 3.000000000000000000e+00 0.000000000000000000e+00 0.000000000000000000e+00 0.000000000000000000e+00 1.300000000000000000e+01 2.000000000000000000e+00 0.000000000000000000e+00 0.000000000000000000e+00 2.000000000000000000e+00 1.000000000000000000e+00 0.000000000000000000e+00 1.100000000000000000e+01 2.000000000000000000e+00 0.000000000000000000e+00 0.000000000000000000e+00 0.000000000000000000e+00 0.000000000000000000e+00 0.000000000000000000e+00 0.000000000000000000e+00 0.000000000000000000e+00 0.000000000000000000e+00
0.000000000000000000e+00 0.000000000000000000e+00 0.000000000000000000e+00 0.000000000000000000e+00 0.000000000000000000e+00 0.000000000000000000e+00 0.000000000000000000e+00 0.000000000000000000e+00 0.000000000000000000e+00 0.000000000000000000e+00 0.000000000000000000e+00 0.000000000000000000e+00 0.000000000000000000e+00 0.000000000000000000e+00 0.000000000000000000e+00 0.000000000000000000e+00 0.000000000000000000e+00 0.000000000000000000e+00 0.000000000000000000e+00 0.000000000000000000e+00 0.000000000000000000e+00 0.000000000000000000e+00 0.000000000000000000e+00 0.000000000000000000e+00
0.000000000000000000e+00 0.000000000000000000e+00 0.000000000000000000e+00 0.000000000000000000e+00 0.000000000000000000e+00 0.000000000000000000e+00 0.000000000000000000e+00 0.000000000000000000e+00 0.000000000000000000e+00 0.000000000000000000e+00 0.000000000000000000e+00 0.000000000000000000e+00 0.000000000000000000e+00 0.000000000000000000e+00 0.000000000000000000e+00 0.000000000000000000e+00 0.000000000000000000e+00 0.000000000000000000e+00 0.000000000000000000e+00 0.000000000000000000e+00 0.000000000000000000e+00 0.000000000000000000e+00 0.000000000000000000e+00 0.000000000000000000e+00
