Weighting Function, altitude [km]
-6.695624478953237594e-04 9.779999999999999805e-01
1.571672417397517894e-03 1.733000000000000096e+00
2.846902655358238277e-03 2.338999999999999968e+00
8.043962810716717704e-03 2.765000000000000124e+00
1.499065529331781478e-02 3.809000000000000163e+00
2.874288403455958416e-02 4.860000000000000320e+00
4.367035063287352109e-02 5.911999999999999922e+00
6.814243139527988158e-02 6.961000000000000298e+00
9.501355643604048051e-02 8.003000000000000114e+00
1.305675339984047889e-01 9.035999999999999588e+00
1.681860807117870615e-01 1.005899999999999928e+01
2.157039676996106436e-01 1.107000000000000028e+01
2.634890861235878456e-01 1.207399999999999984e+01
3.213250999943015329e-01 1.306900000000000084e+01
3.777694998349260813e-01 1.406000000000000050e+01
4.420602487619951226e-01 1.505000000000000071e+01
5.044741187454855336e-01 1.603999999999999915e+01
5.697612048719992162e-01 1.703399999999999892e+01
6.335560439114743536e-01 1.803500000000000014e+01
6.938264671741291023e-01 1.904100000000000037e+01
7.538331846765790045e-01 2.005699999999999861e+01
8.037509309092173426e-01 2.108299999999999841e+01
8.546801023032714051e-01 2.211899999999999977e+01
8.904183981366178280e-01 2.316799999999999926e+01
9.280399888688158905e-01 2.422899999999999920e+01
9.476891233213912136e-01 2.530399999999999849e+01
9.696795349486894144e-01 2.639300000000000068e+01
9.731503299803446749e-01 2.749699999999999989e+01
9.789814369944950245e-01 2.861899999999999977e+01
9.721596090919127908e-01 2.975799999999999912e+01
9.601901877070410096e-01 3.091700000000000159e+01
9.506568500929294396e-01 3.209700000000000131e+01
9.191463461832425352e-01 3.329999999999999716e+01
8.938625439186625998e-01 3.452600000000000335e+01
8.627507209598093141e-01 3.577700000000000102e+01
8.219970755457591816e-01 3.705400000000000205e+01
7.864023290999208049e-01 3.835600000000000165e+01
7.449291856964473935e-01 3.968299999999999983e+01
6.980251559638023240e-01 4.103699999999999903e+01
6.562795636197283899e-01 4.241799999999999926e+01
6.139497965256035528e-01 4.382900000000000063e+01
5.669055233511183234e-01 4.527000000000000313e+01
5.218497727407477305e-01 4.674399999999999977e+01
4.804444283803317450e-01 4.825399999999999778e+01
4.393938420822258162e-01 4.980799999999999983e+01
3.979804294944380705e-01 5.141599999999999682e+01
3.578951008123299471e-01 5.308899999999999864e+01
3.195118992258004775e-01 5.484300000000000352e+01
2.819049400117329407e-01 5.669299999999999784e+01
2.426238183480652066e-01 5.865999999999999659e+01
2.017805465471861626e-01 6.076200000000000045e+01
1.629203515086542764e-01 6.302199999999999847e+01
1.285074929568815194e-01 6.546800000000000352e+01
9.904727403126235841e-02 6.812999999999999545e+01
7.439813686383665858e-02 7.105800000000000693e+01
5.427960114704879352e-02 7.430400000000000205e+01
3.838471421251485327e-02 7.790000000000000568e+01
2.630501666980418138e-02 8.183799999999999386e+01
1.747255217654364312e-02 8.610099999999999909e+01
9.191765293438708406e-03 9.070499999999999829e+01
3.063921764479569324e-03 9.571800000000000352e+01
1.021307254826523108e-03 1.012069999999999936e+02
3.404357516088410180e-04 1.070999999999999943e+02
1.134785838696136681e-04 1.131889999999999930e+02
3.782619462320455604e-05 1.194159999999999968e+02
1.260873154106818535e-05 1.258990000000000009e+02
0.000000000000000000e+00 1.328100000000000023e+02
