Weighting Function, altitude [km]
2.602641679792866851e-06 0.000000000000000000e+00
7.330774068927726778e-05 2.000000000000000000e+00
4.764280188822636315e-04 4.000000000000000000e+00
2.274757026529157424e-03 6.000000000000000000e+00
8.443853227074058637e-03 8.000000000000000000e+00
2.512489600813022292e-02 1.000000000000000000e+01
6.153999450731753584e-02 1.200000000000000000e+01
1.272389913805471451e-01 1.400000000000000000e+01
2.274590855732883943e-01 1.600000000000000000e+01
3.593094039121145222e-01 1.800000000000000000e+01
5.110626635592272482e-01 2.000000000000000000e+01
6.647954123287530548e-01 2.200000000000000000e+01
8.010480120606565668e-01 2.400000000000000000e+01
9.037058775752129236e-01 2.600000000000000000e+01
9.633148032284363227e-01 2.800000000000000000e+01
9.780108272240193301e-01 3.000000000000000000e+01
9.525149847876891451e-01 3.200000000000000000e+01
8.958588240658036383e-01 3.400000000000000000e+01
8.186356576456361722e-01 3.600000000000000000e+01
7.307673763713923298e-01 3.800000000000000000e+01
6.402499361800148003e-01 4.000000000000000000e+01
5.527564419535138107e-01 4.200000000000000000e+01
4.717959042311042350e-01 4.400000000000000000e+01
3.991556868182229434e-01 4.600000000000000000e+01
3.354233359513574264e-01 4.800000000000000000e+01
2.804359695975964795e-01 5.000000000000000000e+01
2.336009806915529674e-01 5.200000000000000000e+01
1.941322027511754589e-01 5.400000000000000000e+01
1.613138530826735417e-01 5.600000000000000000e+01
1.157792224180200780e-01 5.800000000000000000e+01
5.671093043014215768e-02 6.000000000000000000e+01
1.890364347671405140e-02 6.200000000000000000e+01
6.301214492238017134e-03 6.400000000000000000e+01
2.100404830746005567e-03 6.600000000000000000e+01
7.001349435820018556e-04 6.800000000000000000e+01
2.333783145273339609e-04 7.000000000000000000e+01
7.779277150911132030e-05 7.200000000000000000e+01
2.593092383637044123e-05 7.400000000000000000e+01
8.643641278790147641e-06 7.600000000000000000e+01
2.881213759596715739e-06 7.800000000000000000e+01
0.000000000000000000e+00 8.000000000000000000e+01
